/*--------------------------------*- C++ -*----------------------------------*\
  =========                 |
  \\      /  F ield         | OpenFOAM: The Open Source CFD Toolbox
   \\    /   O peration     | Website:  https://openfoam.org
    \\  /    A nd           | Version:  7
     \\/     M anipulation  |
\*---------------------------------------------------------------------------*/
FoamFile
{
    version     2.0;
    format      ascii;
    class       volScalarField;
    location    "3.3";
    object      p;
}
// * * * * * * * * * * * * * * * * * * * * * * * * * * * * * * * * * * * * * //

dimensions      [1 -1 -2 0 0 0 0];

internalField   nonuniform List<scalar> 
11200
(
0.167149
0.275264
0.388887
0.483439
0.565919
0.625858
0.667109
0.704376
0.714547
0.717537
0.735385
0.747393
0.759801
0.798167
0.801397
0.78354
0.763441
0.751874
0.752656
0.745551
0.741301
0.73085
0.723299
0.721562
0.722891
0.72628
0.73724
0.73937
0.745323
0.822056
0.0567653
0.0594396
0.074004
0.117669
0.181317
0.276205
0.392616
0.5056
0.623776
0.715463
0.805223
0.837902
0.841567
0.824943
0.783376
0.735636
0.721234
0.734728
0.752939
0.75398
0.742536
0.729823
0.72959
0.735278
0.734743
0.733004
0.732793
0.734322
0.744731
0.832339
0.0588544
0.0586688
0.0586923
0.0580475
0.0582178
0.0581265
0.0662044
0.0919295
0.152581
0.261884
0.38758
0.532219
0.634585
0.702309
0.724453
0.747419
0.752919
0.752378
0.75064
0.748329
0.739202
0.729014
0.729009
0.7321
0.732816
0.743359
0.744197
0.742462
0.751761
0.836818
0.0580776
0.0581334
0.0583164
0.0588917
0.0599421
0.0609645
0.0615542
0.0618712
0.0619916
0.0614852
0.0631858
0.0917141
0.165405
0.284039
0.452992
0.632923
0.728428
0.757559
0.750333
0.735058
0.721049
0.721258
0.738762
0.744646
0.743899
0.745063
0.741494
0.738244
0.749594
0.839241
0.0586887
0.059426
0.0601042
0.0608658
0.0617442
0.0622107
0.0621381
0.0619858
0.0617081
0.0614586
0.0608723
0.0596438
0.0591384
0.0589856
0.0743835
0.146842
0.301052
0.4743
0.605435
0.659581
0.684852
0.710535
0.746455
0.746716
0.743696
0.751348
0.750445
0.743161
0.754887
0.842469
0.0616946
0.0620063
0.0621141
0.0621007
0.0620668
0.0617439
0.0612242
0.0604842
0.0597616
0.0592976
0.0586873
0.058267
0.0581357
0.0582398
0.0581938
0.0577647
0.0568788
0.079842
0.169122
0.340306
0.5166
0.63751
0.683591
0.732728
0.74156
0.749881
0.751182
0.740962
0.755273
0.846896
0.0619615
0.0618393
0.0616323
0.061442
0.0611584
0.0603379
0.0590529
0.057867
0.0571024
0.0570906
0.0572483
0.0572662
0.0574809
0.0577547
0.0576719
0.0576714
0.0577966
0.0586168
0.0607441
0.0627186
0.110249
0.217842
0.368285
0.557388
0.654348
0.711901
0.751274
0.748575
0.765769
0.848468
0.0613665
0.0612928
0.0611904
0.0608911
0.0603648
0.0593379
0.0578859
0.0566371
0.0564246
0.0566636
0.0570973
0.0573702
0.0575564
0.0576479
0.0575491
0.057706
0.0591857
0.0625936
0.0665155
0.0703836
0.0727851
0.0746099
0.0815847
0.136607
0.29096
0.47541
0.630673
0.685417
0.753346
0.865482
0.0611135
0.061104
0.0611327
0.061077
0.0603727
0.0591645
0.0579756
0.0569235
0.0568431
0.0573253
0.0587281
0.0614142
0.0626123
0.0620377
0.0623966
0.063601
0.0654994
0.0680062
0.0703837
0.0727001
0.0764594
0.0813141
0.0878288
0.0909939
0.0909579
0.115021
0.232891
0.434303
0.592714
0.81106
0.0610451
0.0610741
0.0612603
0.0615701
0.061746
0.0621348
0.0627914
0.0628901
0.0632859
0.0644106
0.0666105
0.0702908
0.0735954
0.0757519
0.0774473
0.0796103
0.0805246
0.0800495
0.079984
0.0800706
0.0808928
0.084526
0.0913464
0.0979495
0.104917
0.107723
0.105391
0.122902
0.194264
0.619176
0.0626022
0.0630684
0.0641007
0.0657774
0.0681301
0.0703313
0.0713848
0.0717098
0.0718243
0.0724438
0.0745714
0.0790387
0.0845823
0.0874345
0.0885036
0.0900763
0.0917712
0.0935436
0.0958964
0.0987659
0.0997502
0.0990109
0.0987533
0.101919
0.110491
0.1168
0.120714
0.123895
0.123789
0.327569
0.0764881
0.0773358
0.0785049
0.0801717
0.082297
0.0846278
0.0858194
0.0857665
0.0849315
0.0847939
0.0857984
0.0898532
0.0962786
0.0981269
0.0977495
0.0981171
0.100685
0.104553
0.108495
0.11278
0.116451
0.118231
0.118242
0.117618
0.118069
0.122897
0.129799
0.133022
0.135613
0.15355
0.093349
0.0942731
0.0955628
0.0977922
0.100666
0.103524
0.105651
0.105906
0.105213
0.104913
0.106182
0.11053
0.115347
0.115465
0.113846
0.114052
0.115418
0.117727
0.120361
0.124119
0.129154
0.134247
0.137158
0.13777
0.136886
0.137683
0.139743
0.14381
0.148033
0.152109
0.11841
0.11915
0.119979
0.120721
0.121689
0.123434
0.126608
0.127445
0.127594
0.128077
0.129542
0.133163
0.137287
0.138171
0.138703
0.140428
0.142751
0.142604
0.141937
0.142218
0.144558
0.149238
0.153724
0.156899
0.158112
0.159262
0.160829
0.16237
0.163832
0.167735
0.148828
0.148595
0.14893
0.149657
0.15058
0.15201
0.155109
0.157219
0.156885
0.154122
0.15351
0.155069
0.159509
0.16319
0.163205
0.162816
0.163561
0.165196
0.167091
0.169302
0.170049
0.170008
0.171338
0.174665
0.178341
0.179605
0.181968
0.182275
0.182656
0.185216
0.188009
0.185108
0.182981
0.183348
0.184054
0.184388
0.186712
0.19054
0.19095
0.190187
0.190174
0.191497
0.192849
0.192381
0.190731
0.190569
0.191601
0.193424
0.196166
0.199622
0.201592
0.201225
0.199339
0.198773
0.200574
0.202981
0.203733
0.205196
0.206879
0.207401
0.237859
0.237907
0.233455
0.228263
0.227942
0.229128
0.231954
0.235679
0.237645
0.237535
0.234928
0.232803
0.233022
0.234164
0.235654
0.235918
0.235248
0.23369
0.231973
0.231693
0.23225
0.232676
0.232084
0.23061
0.229317
0.229453
0.230088
0.23024
0.230623
0.231465
0.299059
0.300474
0.299143
0.289427
0.284889
0.284228
0.285042
0.288956
0.291387
0.291574
0.288467
0.283092
0.281071
0.280239
0.278735
0.275985
0.274389
0.274065
0.273516
0.272386
0.269706
0.26759
0.267762
0.268858
0.26879
0.267142
0.265451
0.264245
0.262078
0.259474
0.378729
0.378535
0.377849
0.371465
0.357924
0.353679
0.355816
0.361362
0.361417
0.357236
0.350204
0.346883
0.3468
0.345541
0.340126
0.335651
0.334048
0.33268
0.329786
0.326306
0.323305
0.320142
0.316276
0.312286
0.309139
0.306065
0.30179
0.297376
0.294361
0.288763
0.47649
0.47581
0.475997
0.471998
0.452822
0.441491
0.443093
0.449177
0.448535
0.442835
0.430874
0.424844
0.424725
0.422345
0.413555
0.405289
0.402095
0.399072
0.394024
0.387121
0.380166
0.374691
0.370057
0.364995
0.358259
0.352786
0.348455
0.344041
0.341314
0.333241
0.602263
0.599625
0.597667
0.592815
0.573737
0.55436
0.551665
0.556869
0.557489
0.549207
0.530244
0.521346
0.520766
0.517337
0.505872
0.49362
0.487162
0.481479
0.473877
0.46501
0.455524
0.446092
0.438261
0.431061
0.423177
0.414968
0.407553
0.398779
0.39016
0.377033
0.760076
0.754244
0.745667
0.736925
0.716008
0.693161
0.68731
0.692128
0.69157
0.678378
0.652861
0.641652
0.640153
0.633885
0.617184
0.6014
0.591487
0.582529
0.571233
0.557297
0.544125
0.531914
0.519533
0.50711
0.495635
0.482779
0.47003
0.458457
0.446545
0.427144
0.947788
0.938146
0.925373
0.910809
0.885303
0.860694
0.852941
0.856602
0.852622
0.831166
0.79919
0.789532
0.786519
0.774607
0.749866
0.73062
0.718144
0.705043
0.688381
0.669393
0.65031
0.633553
0.616921
0.600182
0.582876
0.566604
0.550161
0.5331
0.519107
0.494198
1.16959
1.15747
1.14353
1.12183
1.08721
1.05634
1.05171
1.05486
1.04505
1.01307
0.975031
0.967455
0.961535
0.938865
0.906522
0.88522
0.868488
0.850043
0.826642
0.800453
0.775676
0.753758
0.731559
0.70806
0.685374
0.662769
0.641091
0.618039
0.597342
0.565255
1.43903
1.42638
1.41086
1.38541
1.34087
1.30454
1.30284
1.2997
1.27955
1.23364
1.19289
1.18398
1.17079
1.13528
1.09621
1.07047
1.04568
1.01784
0.988277
0.954999
0.923504
0.894083
0.864812
0.834399
0.805067
0.775726
0.746473
0.718255
0.693322
0.65235
1.68589
1.67655
1.66695
1.6523
1.62425
1.6029
1.58596
1.56567
1.54221
1.50949
1.47229
1.44656
1.4192
1.38044
1.3395
1.30182
1.26519
1.22637
1.18635
1.14458
1.10366
1.06411
1.02466
0.985854
0.947226
0.909506
0.873092
0.835941
0.804134
0.75273
1.74626
1.74452
1.74152
1.73682
1.72985
1.724
1.71854
1.71128
1.70199
1.69006
1.67321
1.6577
1.64038
1.61548
1.58638
1.55447
1.51883
1.47919
1.43484
1.38687
1.33686
1.28565
1.23412
1.18129
1.12992
1.07914
1.0295
0.981173
0.939386
0.872282
1.70028
1.70408
1.70361
1.69704
1.69301
1.69606
1.69999
1.70137
1.69973
1.69541
1.68973
1.6848
1.67909
1.66917
1.65846
1.64918
1.63834
1.62297
1.60465
1.58076
1.55192
1.51647
1.47254
1.42221
1.36537
1.3046
1.24192
1.1763
1.11866
1.02776
1.40774
1.42647
1.45404
1.47776
1.48013
1.48705
1.50731
1.52979
1.5537
1.56907
1.5799
1.59959
1.61215
1.61283
1.61454
1.62
1.62319
1.62011
1.61186
1.60231
1.59215
1.58073
1.56582
1.54652
1.52491
1.49429
1.45295
1.39989
1.34351
1.23747
1.0837
1.09458
1.10563
1.11647
1.13036
1.14476
1.15995
1.17829
1.20236
1.22855
1.25297
1.28177
1.31623
1.34678
1.37755
1.40975
1.44375
1.47269
1.4962
1.51695
1.53104
1.53976
1.54252
1.53929
1.52985
1.51737
1.50185
1.48115
1.45711
1.40088
1.00379
1.00446
1.00542
1.0065
1.00793
1.00971
1.01186
1.0146
1.01842
1.02371
1.03022
1.03801
1.04901
1.06314
1.08025
1.10143
1.12702
1.15848
1.1931
1.23241
1.27302
1.31481
1.35438
1.3905
1.4202
1.43966
1.45447
1.4524
1.44575
1.41659
1.00004
1.00005
1.00006
1.00008
1.00011
1.00014
1.00018
1.00025
1.00034
1.00049
1.00071
1.00103
1.00153
1.00233
1.00355
1.00543
1.00831
1.01276
1.01937
1.02896
1.04289
1.06134
1.08671
1.11709
1.15467
1.19555
1.23822
1.27799
1.30999
1.33657
1
1
1
1
1
1
1
1
1
1
1.00001
1.00001
1.00001
1.00002
1.00004
1.00006
1.00012
1.00021
1.00039
1.00073
1.00137
1.00253
1.00466
1.00832
1.01455
1.02442
1.03925
1.06049
1.08524
1.13219
1
1
1
1
1
1
1
1
1
1
1
1
1
1
1
1
1
1
1
1.00001
1.00001
1.00003
1.00006
1.00013
1.00028
1.00063
1.00136
1.0029
1.00543
1.01451
1
1
1
1
1
1
1
1
1
1
1
1
1
1
1
1
1
1
1
1
1
1
1
1
1
1.00001
1.00001
1.00003
1.00008
1.00036
0.0577993
0.0574835
0.0588715
0.0583755
0.0580378
0.0611429
0.0618064
0.0613641
0.0610412
0.0609536
0.0623125
0.0758638
0.0925842
0.117595
0.149183
0.187477
0.237161
0.297731
0.377616
0.477532
0.603808
0.76161
0.953872
1.18342
1.45921
1.70137
1.74793
1.68141
1.37651
1.07156
1.0031
1.00004
1
1
1
0.0576861
0.0579804
0.0590633
0.0584933
0.0584133
0.0612429
0.0611507
0.0609935
0.0603664
0.060464
0.0643358
0.0789287
0.0960507
0.121692
0.154381
0.192394
0.243621
0.307337
0.387924
0.492744
0.620028
0.780689
0.977929
1.21867
1.50891
1.73043
1.75061
1.64862
1.3256
1.05178
1.00171
1.00002
1
1
1
0.0579656
0.0583167
0.0594721
0.0590179
0.0589813
0.0612778
0.0605955
0.0600045
0.0590342
0.0596165
0.0660437
0.079712
0.097427
0.122646
0.155562
0.194291
0.245357
0.314232
0.398837
0.510658
0.652474
0.821795
1.02223
1.26754
1.56397
1.75196
1.75462
1.63052
1.28623
1.03741
1.00101
1.00001
1
1
1
0.0582405
0.0592096
0.0600358
0.0593736
0.0599823
0.0614356
0.0601558
0.0587282
0.0579416
0.059276
0.0679194
0.0799192
0.099383
0.124307
0.157249
0.199181
0.25715
0.336584
0.437511
0.559229
0.710483
0.890173
1.10312
1.35819
1.62991
1.76679
1.75819
1.61334
1.23711
1.02434
1.00054
1
1
1
1
0.0596954
0.0607563
0.0602273
0.0594848
0.0607349
0.0613033
0.0599921
0.05795
0.0571279
0.0600177
0.0713762
0.0811144
0.103801
0.130595
0.166691
0.217019
0.283338
0.362818
0.461567
0.584954
0.738267
0.924242
1.14535
1.40867
1.67017
1.77413
1.75587
1.55893
1.18079
1.01537
1.00029
1
1
1
1
0.0619266
0.0619062
0.0600055
0.0595485
0.0612913
0.0612849
0.0600175
0.0575561
0.0566104
0.0609549
0.0748932
0.0878969
0.112162
0.14335
0.183479
0.232348
0.294763
0.372435
0.472774
0.598165
0.753885
0.946946
1.17645
1.44757
1.7016
1.77878
1.73674
1.49343
1.14255
1.01027
1.00016
1
1
1
1
0.0636807
0.0624551
0.059523
0.0597786
0.061974
0.0612674
0.059942
0.057342
0.0564782
0.0619462
0.0773513
0.0949825
0.11997
0.151012
0.190634
0.237134
0.298924
0.378896
0.479946
0.610314
0.769232
0.968857
1.20974
1.49713
1.73851
1.7832
1.72116
1.45689
1.11407
1.00648
1.00009
1
1
1
1
0.0648848
0.0626716
0.0591096
0.0606824
0.0634015
0.0614179
0.0598458
0.0572796
0.0566101
0.0642001
0.0790892
0.0982891
0.122474
0.153104
0.192662
0.240138
0.301736
0.389204
0.502619
0.649067
0.832407
1.04499
1.2949
1.57649
1.77071
1.78646
1.71562
1.41678
1.08159
1.00355
1.00004
1
1
1
1
0.0654502
0.0627518
0.0593395
0.0619753
0.0647882
0.0622115
0.0598644
0.0574042
0.0575028
0.0664024
0.0794169
0.0988481
0.122572
0.152718
0.192963
0.246537
0.326712
0.431115
0.559191
0.714095
0.899575
1.11873
1.3735
1.63548
1.78595
1.78817
1.69974
1.34108
1.05332
1.00192
1.00002
1
1
1
1
0.0654923
0.0626483
0.0599614
0.0626499
0.0651768
0.0625731
0.0598452
0.0576761
0.0579303
0.0669576
0.0788017
0.0982294
0.121348
0.152839
0.202368
0.274375
0.361395
0.46312
0.588317
0.743392
0.932904
1.15719
1.41601
1.67128
1.79311
1.78597
1.63346
1.27287
1.03713
1.00111
1.00001
1
1
1
1
0.0641245
0.0616063
0.0607036
0.0628496
0.0651189
0.0624355
0.0592023
0.057751
0.0579832
0.0669453
0.0782908
0.0982833
0.12457
0.169642
0.228554
0.294173
0.374903
0.476494
0.604603
0.762738
0.957437
1.19092
1.46089
1.71132
1.79906
1.77189
1.58843
1.2307
1.02571
1.00061
1.00001
1
1
1
1
0.0616375
0.0599227
0.0610394
0.0629413
0.0638257
0.0607963
0.0568044
0.0565972
0.0581578
0.0671179
0.0819257
0.106545
0.14037
0.185844
0.238871
0.30065
0.381377
0.486486
0.62095
0.789227
0.998157
1.24745
1.5318
1.75716
1.803
1.76321
1.55823
1.18599
1.01545
1.0003
1
1
1
1
1
0.0598354
0.058786
0.0605229
0.0621301
0.0611841
0.0580053
0.0549777
0.0556148
0.0597755
0.0702175
0.0908505
0.117741
0.149177
0.189703
0.241403
0.305224
0.391495
0.515829
0.673831
0.868994
1.09566
1.35016
1.61329
1.78737
1.80556
1.7636
1.5127
1.1313
1.00856
1.00014
1
1
1
1
1
0.0591802
0.0582239
0.0587835
0.0598228
0.060046
0.0568969
0.0544421
0.0565688
0.0645743
0.0754614
0.0968474
0.122228
0.151819
0.190721
0.243247
0.323159
0.439246
0.578437
0.742226
0.934899
1.15957
1.41142
1.65997
1.80133
1.80732
1.7432
1.41892
1.09093
1.0049
1.00007
1
1
1
1
1
0.0593501
0.0578997
0.0571652
0.0589066
0.059816
0.0568059
0.0544763
0.0575503
0.0682669
0.0783631
0.0991388
0.123533
0.154576
0.194996
0.268623
0.36788
0.479451
0.611202
0.773261
0.969456
1.20043
1.4583
1.70002
1.80978
1.80601
1.68419
1.35205
1.06559
1.00278
1.00003
1
1
1
1
1
0.0599771
0.0578313
0.056293
0.0588936
0.0599758
0.0570208
0.054781
0.0572523
0.0690096
0.0792375
0.100407
0.124536
0.163372
0.225076
0.303777
0.390656
0.495654
0.628434
0.796569
1.00111
1.24687
1.5217
1.74723
1.81629
1.79412
1.6468
1.30333
1.04447
1.00144
1.00001
1
1
1
1
1
0.061445
0.0578402
0.0562197
0.0598053
0.0602017
0.0572186
0.0547934
0.0557099
0.0683886
0.0796541
0.103626
0.137948
0.185966
0.248328
0.316528
0.399375
0.50739
0.649668
0.838159
1.07465
1.34134
1.61059
1.78694
1.81987
1.78893
1.61974
1.24376
1.02662
1.00069
1.00001
1
1
1
1
1
0.0623837
0.05843
0.057736
0.0620566
0.0604627
0.0569034
0.0544523
0.0551102
0.0677199
0.0838778
0.115388
0.15361
0.196157
0.252876
0.32158
0.409534
0.543779
0.725827
0.939088
1.18177
1.43716
1.67347
1.80926
1.82208
1.79227
1.57147
1.17395
1.01497
1.00031
1
1
1
1
1
1
0.0624885
0.0593602
0.0625554
0.0649598
0.0606879
0.0562404
0.0545701
0.0567414
0.0715644
0.0937238
0.121516
0.157525
0.198646
0.252622
0.332532
0.461789
0.621101
0.800259
1.00649
1.24285
1.49272
1.71494
1.82114
1.82379
1.7694
1.47001
1.1227
1.00845
1.00014
1
1
1
1
1
1
0.0622142
0.0601866
0.0666521
0.0670633
0.0607998
0.0555178
0.0550793
0.0615407
0.0751682
0.0982711
0.123317
0.156998
0.202011
0.26314
0.3838
0.518199
0.664151
0.838946
1.04959
1.29391
1.55153
1.75746
1.82668
1.82067
1.71043
1.39818
1.08751
1.00459
1.00006
1
1
1
1
1
1
0.0603654
0.0611209
0.0679839
0.067449
0.0603713
0.054536
0.055075
0.0646517
0.0762345
0.0991133
0.127126
0.159765
0.215636
0.315545
0.427065
0.545551
0.689919
0.873101
1.10368
1.37105
1.63269
1.79482
1.82859
1.80613
1.67092
1.34107
1.05793
1.00232
1.00003
1
1
1
1
1
1
0.0580983
0.0615539
0.0674497
0.0664013
0.0586735
0.0532428
0.0551747
0.0654788
0.0775254
0.0992474
0.133318
0.186799
0.2602
0.349493
0.445815
0.564033
0.728707
0.951995
1.21412
1.48107
1.7045
1.81717
1.8297
1.79659
1.64031
1.27028
1.03435
1.00106
1.00001
1
1
1
1
1
1
0.0573203
0.0616005
0.0648019
0.064077
0.0569116
0.0529481
0.0557863
0.0657617
0.0816851
0.110341
0.152396
0.218384
0.283257
0.361233
0.461923
0.616366
0.825909
1.06389
1.31395
1.556
1.74912
1.82994
1.83256
1.79909
1.58777
1.19242
1.01885
1.00045
1
1
1
1
1
1
1
0.0578594
0.0619021
0.0627569
0.0606236
0.0559328
0.0549608
0.0599156
0.0696922
0.093908
0.129577
0.17265
0.230105
0.289625
0.368908
0.51369
0.704238
0.906357
1.13256
1.37873
1.61552
1.78584
1.83626
1.83546
1.78254
1.48406
1.13274
1.00998
1.00019
1
1
1
1
1
1
1
0.0600512
0.0623871
0.0618385
0.0585014
0.056371
0.0602024
0.0661855
0.0776871
0.103561
0.137674
0.177709
0.229477
0.29493
0.412393
0.588435
0.760507
0.956722
1.19227
1.45499
1.68728
1.815
1.83811
1.83033
1.716
1.40307
1.09038
1.00504
1.00008
1
1
1
1
1
1
1
0.0614582
0.0623411
0.0618915
0.0581817
0.057173
0.0618664
0.0686762
0.0807306
0.10663
0.138112
0.179835
0.22747
0.329058
0.486771
0.636453
0.801809
1.01901
1.29062
1.56297
1.75235
1.83074
1.83754
1.81104
1.66783
1.33599
1.0574
1.00242
1.00003
1
1
1
1
1
1
1
0.0607139
0.060082
0.0624199
0.0582073
0.0566985
0.0608496
0.0680889
0.0808512
0.107873
0.136837
0.184597
0.274491
0.405666
0.531903
0.6734
0.876314
1.1434
1.4193
1.65067
1.79255
1.83808
1.83554
1.79397
1.62744
1.25869
1.03288
1.00104
1.00001
1
1
1
1
1
1
1
0.0573747
0.057483
0.0624219
0.0563593
0.0545664
0.0574881
0.0633595
0.0802482
0.10859
0.155468
0.226172
0.339065
0.444723
0.565097
0.750278
1.00094
1.25947
1.50701
1.709
1.82012
1.84152
1.83886
1.79252
1.56612
1.17788
1.01678
1.0004
1
1
1
1
1
1
1
1
0.055992
0.0569125
0.0619071
0.0527485
0.0504201
0.0566515
0.0631304
0.088772
0.13022
0.193728
0.271974
0.365879
0.465816
0.620768
0.861421
1.09721
1.34293
1.5828
1.76256
1.83739
1.84382
1.83918
1.774
1.45215
1.11335
1.00782
1.00015
1
1
1
1
1
1
1
1
0.0562782
0.0575747
0.0616218
0.0516481
0.0483794
0.057612
0.0727431
0.11043
0.154295
0.21706
0.287792
0.376054
0.503695
0.725742
0.948263
1.17842
1.43873
1.6717
1.80495
1.84352
1.84399
1.82733
1.68546
1.35458
1.07019
1.00354
1.00005
1
1
1
1
1
1
1
1
0.0587701
0.0621437
0.061358
0.0505292
0.0477579
0.060684
0.0836684
0.122876
0.163367
0.223395
0.299556
0.405013
0.609204
0.816534
1.02898
1.2941
1.56162
1.74603
1.82757
1.84443
1.83976
1.79922
1.62036
1.27814
1.0411
1.00155
1.00002
1
1
1
1
1
1
1
1
0.0685757
0.0667585
0.0589831
0.0487141
0.0476465
0.0617154
0.0890142
0.125912
0.17007
0.227332
0.331709
0.518628
0.709103
0.89781
1.15225
1.43232
1.65907
1.79219
1.8389
1.84289
1.83272
1.77286
1.56696
1.20151
1.0213
1.00058
1.00001
1
1
1
1
1
1
1
1
0.0759923
0.0683245
0.0542576
0.0460173
0.0487714
0.0627246
0.0949264
0.127398
0.187803
0.284891
0.432619
0.609974
0.778658
1.00293
1.29257
1.54263
1.72859
1.82204
1.84433
1.84361
1.83486
1.76314
1.49045
1.12602
1.0094
1.00019
1
1
1
1
1
1
1
1
1
0.0767705
0.0678612
0.0508294
0.0443571
0.0539001
0.0719351
0.109957
0.158033
0.241197
0.358578
0.502133
0.661844
0.858994
1.14334
1.41428
1.63783
1.7835
1.83883
1.84633
1.84665
1.8376
1.73664
1.36334
1.06882
1.00358
1.00006
1
1
1
1
1
1
1
1
1
0.0746628
0.0630869
0.0480555
0.0445086
0.0654871
0.091907
0.134412
0.193567
0.280963
0.403537
0.548799
0.731061
1.00592
1.2804
1.53344
1.72648
1.81757
1.84664
1.84833
1.84717
1.81679
1.61374
1.25392
1.03629
1.00135
1.00002
1
1
1
1
1
1
1
1
1
0.0699584
0.0562086
0.0472476
0.0458355
0.0742654
0.102871
0.145114
0.216041
0.314831
0.444269
0.623905
0.890861
1.16538
1.41839
1.65221
1.78772
1.83476
1.85097
1.84882
1.84119
1.76526
1.51777
1.17656
1.0181
1.0005
1.00001
1
1
1
1
1
1
1
1
1
0.0654261
0.0525186
0.0481055
0.0518361
0.0758495
0.102691
0.14687
0.23762
0.366201
0.539544
0.786099
1.06393
1.311
1.55539
1.73915
1.82121
1.84444
1.85176
1.84529
1.82232
1.72122
1.44099
1.11118
1.00779
1.00016
1
1
1
1
1
1
1
1
1
1
0.0636682
0.0519007
0.0543662
0.0595737
0.072887
0.0984238
0.174694
0.301382
0.470115
0.691726
0.950294
1.20137
1.4524
1.6661
1.79585
1.83758
1.84912
1.85157
1.84324
1.80953
1.68122
1.3342
1.05626
1.0027
1.00004
1
1
1
1
1
1
1
1
1
1
0.0634952
0.0515019
0.0575915
0.0629962
0.0712328
0.127386
0.258337
0.404179
0.589021
0.825598
1.08306
1.34854
1.59442
1.7498
1.8298
1.84445
1.85
1.85154
1.84726
1.81162
1.59688
1.20346
1.02333
1.00077
1.00001
1
1
1
1
1
1
1
1
1
1
0.062563
0.0487519
0.0554851
0.0628642
0.0864543
0.206023
0.337372
0.494208
0.711236
0.969722
1.25326
1.52986
1.71162
1.80298
1.84636
1.84695
1.84882
1.84995
1.84436
1.76124
1.44062
1.11481
1.00923
1.00022
1
1
1
1
1
1
1
1
1
1
1
0.0609881
0.0428591
0.0443246
0.0665086
0.144673
0.270269
0.401523
0.60646
0.875876
1.17789
1.46634
1.67464
1.78594
1.82779
1.85319
1.84759
1.84712
1.84531
1.82171
1.65817
1.32608
1.06391
1.00337
1.00006
1
1
1
1
1
1
1
1
1
1
1
0.0594355
0.03779
0.0407567
0.0895409
0.205518
0.330806
0.518837
0.7996
1.10346
1.39954
1.62693
1.76719
1.82266
1.83726
1.85614
1.84713
1.84589
1.83433
1.78347
1.58357
1.23308
1.02934
1.00104
1.00001
1
1
1
1
1
1
1
1
1
1
1
0.053135
0.0335615
0.0592806
0.143066
0.267527
0.435741
0.730537
1.03532
1.33112
1.57754
1.73777
1.82138
1.83729
1.84059
1.85776
1.84633
1.84784
1.82767
1.74741
1.48782
1.12828
1.01014
1.00025
1
1
1
1
1
1
1
1
1
1
1
1
0.0307564
0.0376566
0.0956336
0.201854
0.372818
0.661043
0.973651
1.27222
1.53553
1.7177
1.81111
1.84467
1.84136
1.84161
1.85887
1.84396
1.85066
1.83535
1.70314
1.31963
1.05358
1.00279
1.00005
1
1
1
1
1
1
1
1
1
1
1
1
0.0189026
0.0396507
0.135408
0.310158
0.583267
0.92241
1.23377
1.51109
1.70254
1.80321
1.8435
1.84961
1.84239
1.84199
1.85988
1.84292
1.84928
1.81928
1.55305
1.17726
1.01989
1.00066
1.00001
1
1
1
1
1
1
1
1
1
1
1
1
0.0131812
0.0791953
0.234478
0.514255
0.877887
1.21568
1.50605
1.69745
1.79774
1.83887
1.85297
1.85044
1.83991
1.84137
1.86088
1.84576
1.82995
1.71225
1.39065
1.093
1.00652
1.00014
1
1
1
1
1
1
1
1
1
1
1
1
1
0.0152719
0.148258
0.43815
0.84203
1.2258
1.52109
1.70554
1.79917
1.83639
1.85076
1.85459
1.84931
1.83731
1.84118
1.86286
1.84806
1.8012
1.61064
1.2647
1.03927
1.00164
1.00003
1
1
1
1
1
1
1
1
1
1
1
1
1
0.0280591
0.282911
0.800173
1.25698
1.56038
1.73192
1.80785
1.83733
1.84799
1.85363
1.85426
1.84531
1.83586
1.84373
1.86445
1.84336
1.77143
1.49807
1.13404
1.01066
1.00028
1
1
1
1
1
1
1
1
1
1
1
1
1
1
0.20765
0.728816
1.29483
1.61333
1.76432
1.82242
1.84073
1.84654
1.85061
1.854
1.85227
1.84171
1.83561
1.84922
1.86451
1.82177
1.69708
1.30745
1.04353
1.00181
1.00003
1
1
1
1
1
1
1
1
1
1
1
1
1
1
0.805035
1.36641
1.69509
1.80772
1.84044
1.84674
1.84662
1.84771
1.85073
1.85315
1.85013
1.83989
1.83718
1.85248
1.85938
1.78275
1.52893
1.14325
1.01038
1.00017
1
1
1
1
1
1
1
1
1
1
1
1
1
1
1
1.84809
1.84961
1.85156
1.85295
1.85206
1.84924
1.84674
1.84643
1.84933
1.85284
1.84883
1.84062
1.83958
1.85326
1.84117
1.69614
1.35457
1.04486
0.999604
0.999958
0.999999
1
1
1
1
1
1
1
1
1
1
1
1
1
1
1.84721
1.84895
1.85156
1.85342
1.85324
1.85066
1.84549
1.84363
1.8462
1.85372
1.85454
1.84897
1.83753
1.84305
1.83812
1.68094
1.31911
1.04521
1.00142
1.00001
1
1
1
1
1
1
1
1
1
1
1
1
1
1
1
1.84621
1.84757
1.85113
1.85343
1.85344
1.85164
1.84589
1.84286
1.8442
1.85268
1.85694
1.85758
1.84059
1.83607
1.8264
1.6162
1.20023
1.01396
1.0002
1
1
1
1
1
1
1
1
1
1
1
1
1
1
1
1
1.84583
1.84601
1.84893
1.85188
1.85292
1.85186
1.8465
1.84271
1.84318
1.85087
1.85838
1.86221
1.84364
1.81913
1.79846
1.53106
1.1313
1.00694
1.00008
1
1
1
1
1
1
1
1
1
1
1
1
1
1
1
1
1.84586
1.84567
1.8471
1.84898
1.85103
1.85112
1.84767
1.84336
1.84279
1.84828
1.85819
1.86346
1.84888
1.8059
1.75993
1.43818
1.08017
1.00273
1.00002
1
1
1
1
1
1
1
1
1
1
1
1
1
1
1
1
1.84669
1.84599
1.84632
1.84679
1.84883
1.85067
1.85022
1.84603
1.84278
1.84419
1.85413
1.86295
1.8528
1.80156
1.72363
1.34117
1.0436
1.00102
1.00001
1
1
1
1
1
1
1
1
1
1
1
1
1
1
1
1
1.84996
1.84799
1.84609
1.84569
1.84703
1.85066
1.85273
1.85066
1.844
1.84082
1.84773
1.86091
1.85364
1.79699
1.66076
1.23364
1.02005
1.00034
1
1
1
1
1
1
1
1
1
1
1
1
1
1
1
1
1
1.85314
1.85076
1.84739
1.84532
1.84601
1.85003
1.85425
1.8547
1.84767
1.83939
1.84194
1.85928
1.85182
1.77595
1.55373
1.15368
1.00893
1.00011
1
1
1
1
1
1
1
1
1
1
1
1
1
1
1
1
1
1.85442
1.85255
1.84934
1.84614
1.84553
1.84885
1.85491
1.85665
1.85194
1.83846
1.83631
1.85481
1.85297
1.76228
1.46652
1.09577
1.00361
1.00003
1
1
1
1
1
1
1
1
1
1
1
1
1
1
1
1
1
1.85452
1.85317
1.85074
1.84739
1.84576
1.84745
1.85389
1.85726
1.85515
1.83918
1.83034
1.84284
1.84829
1.7353
1.36071
1.04848
1.00125
1.00001
1
1
1
1
1
1
1
1
1
1
1
1
1
1
1
1
1
1.85339
1.85305
1.85116
1.84913
1.84609
1.84597
1.85042
1.85704
1.85643
1.84456
1.82875
1.83438
1.83011
1.64671
1.25455
1.02341
1.00042
1
1
1
1
1
1
1
1
1
1
1
1
1
1
1
1
1
1
1.84894
1.8506
1.85108
1.8506
1.84698
1.84512
1.84567
1.8526
1.85639
1.85168
1.83407
1.83118
1.81997
1.57174
1.17027
1.01043
1.00013
1
1
1
1
1
1
1
1
1
1
1
1
1
1
1
1
1
1
1.84467
1.84708
1.85034
1.85168
1.84895
1.84499
1.84261
1.84593
1.85373
1.85858
1.84548
1.82511
1.79773
1.47184
1.09355
1.00369
1.00004
1
1
1
1
1
1
1
1
1
1
1
1
1
1
1
1
1
1
1.84301
1.84471
1.84912
1.85235
1.85092
1.84633
1.84146
1.84091
1.85085
1.8621
1.85323
1.80962
1.72005
1.35286
1.0486
1.00127
1.00001
1
1
1
1
1
1
1
1
1
1
1
1
1
1
1
1
1
1
1.84291
1.844
1.84819
1.8525
1.85214
1.84921
1.84105
1.83807
1.84609
1.86394
1.85626
1.79835
1.65337
1.2582
1.02351
1.00041
1
1
1
1
1
1
1
1
1
1
1
1
1
1
1
1
1
1
1
1.84474
1.84445
1.84765
1.85149
1.85318
1.85312
1.84397
1.83632
1.84002
1.8613
1.85592
1.79316
1.5737
1.15699
1.00889
1.00011
1
1
1
1
1
1
1
1
1
1
1
1
1
1
1
1
1
1
1
1.85052
1.84824
1.8477
1.85017
1.85359
1.85443
1.84774
1.83631
1.83684
1.853
1.84565
1.74609
1.45521
1.08687
1.00328
1.00003
1
1
1
1
1
1
1
1
1
1
1
1
1
1
1
1
1
1
1
1.85531
1.85144
1.84829
1.84847
1.8528
1.85472
1.8519
1.84143
1.83717
1.85204
1.84138
1.69551
1.34182
1.04434
1.00106
1.00001
1
1
1
1
1
1
1
1
1
1
1
1
1
1
1
1
1
1
1
1.85728
1.85287
1.8482
1.84621
1.85002
1.85409
1.8542
1.84831
1.83928
1.84906
1.84092
1.63877
1.22194
1.01752
1.00028
1
1
1
1
1
1
1
1
1
1
1
1
1
1
1
1
1
1
1
1
1.85763
1.85338
1.84824
1.84495
1.84489
1.85
1.85396
1.85657
1.84024
1.82828
1.80682
1.52307
1.12708
1.00643
1.00007
1
1
1
1
1
1
1
1
1
1
1
1
1
1
1
1
1
1
1
1
1.85493
1.85252
1.84817
1.84521
1.84137
1.84355
1.85263
1.86196
1.8502
1.80952
1.74611
1.41265
1.06935
1.00216
1.00002
1
1
1
1
1
1
1
1
1
1
1
1
1
1
1
1
1
1
1
1
1.84808
1.84937
1.84826
1.84594
1.83976
1.8384
1.84762
1.8631
1.85664
1.80571
1.69072
1.29065
1.02892
1.00058
1
1
1
1
1
1
1
1
1
1
1
1
1
1
1
1
1
1
1
1
1
1.84304
1.84649
1.84938
1.84828
1.83967
1.83529
1.84105
1.86093
1.85609
1.79667
1.59524
1.16933
1.01068
1.00014
1
1
1
1
1
1
1
1
1
1
1
1
1
1
1
1
1
1
1
1
1
1.84094
1.84447
1.85101
1.85244
1.84502
1.83498
1.83806
1.85508
1.84881
1.74736
1.46693
1.09448
1.00368
1.00003
1
1
1
1
1
1
1
1
1
1
1
1
1
1
1
1
1
1
1
1
1
1.84061
1.84334
1.85085
1.85436
1.85099
1.84023
1.83879
1.85487
1.84859
1.70636
1.33758
1.04123
1.00095
1.00001
1
1
1
1
1
1
1
1
1
1
1
1
1
1
1
1
1
1
1
1
1
1.84232
1.84421
1.85112
1.85516
1.85453
1.84905
1.83931
1.84528
1.8439
1.62882
1.19919
1.01447
1.00022
1
1
1
1
1
1
1
1
1
1
1
1
1
1
1
1
1
1
1
1
1
1
1.84682
1.84777
1.85078
1.85474
1.85597
1.85954
1.84182
1.82431
1.79472
1.48983
1.10912
1.00482
1.00005
1
1
1
1
1
1
1
1
1
1
1
1
1
1
1
1
1
1
1
1
1
1
1.8496
1.84978
1.84785
1.84816
1.85596
1.86531
1.85714
1.81296
1.73225
1.36659
1.04941
1.00127
1.00001
1
1
1
1
1
1
1
1
1
1
1
1
1
1
1
1
1
1
1
1
1
1
1.85085
1.85001
1.84378
1.83846
1.84709
1.86595
1.86455
1.81473
1.65123
1.21515
1.01611
1.00027
1
1
1
1
1
1
1
1
1
1
1
1
1
1
1
1
1
1
1
1
1
1
1
1.85169
1.84807
1.84072
1.83407
1.83582
1.85903
1.86312
1.78356
1.50918
1.11092
1.00502
1.00005
1
1
1
1
1
1
1
1
1
1
1
1
1
1
1
1
1
1
1
1
1
1
1
1.85015
1.84629
1.83914
1.83643
1.83073
1.85195
1.85666
1.7258
1.36632
1.04919
1.00124
1.00001
1
1
1
1
1
1
1
1
1
1
1
1
1
1
1
1
1
1
1
1
1
1
1
1.84708
1.84315
1.83989
1.83971
1.83046
1.8504
1.85888
1.65426
1.21138
1.01523
1.00024
1
1
1
1
1
1
1
1
1
1
1
1
1
1
1
1
1
1
1
1
1
1
1
1
1.84527
1.84022
1.84174
1.84796
1.83391
1.83875
1.82222
1.48922
1.09787
1.00403
1.00004
1
1
1
1
1
1
1
1
1
1
1
1
1
1
1
1
1
1
1
1
1
1
1
1
1.84521
1.83909
1.84238
1.86363
1.86534
1.82435
1.73339
1.32938
1.04013
1.00091
1.00001
1
1
1
1
1
1
1
1
1
1
1
1
1
1
1
1
1
1
1
1
1
1
1
1
1.84472
1.83773
1.83645
1.87662
1.8908
1.83041
1.61454
1.17623
1.01084
1.00016
1
1
1
1
1
1
1
1
1
1
1
1
1
1
1
1
1
1
1
1
1
1
1
1
1
1.83967
1.83574
1.83216
1.8835
1.89617
1.80868
1.4344
1.07062
1.00235
1.00002
1
1
1
1
1
1
1
1
1
1
1
1
1
1
1
1
1
1
1
1
1
1
1
1
1
1.83079
1.83725
1.83771
1.88119
1.89359
1.68045
1.25763
1.02371
1.00044
1
1
1
1
1
1
1
1
1
1
1
1
1
1
1
1
1
1
1
1
1
1
1
1
1
1
1.82393
1.8491
1.86584
1.87361
1.85759
1.53608
1.12348
1.00557
1.00006
1
1
1
1
1
1
1
1
1
1
1
1
1
1
1
1
1
1
1
1
1
1
1
1
1
1
1.81814
1.86398
1.89854
1.86802
1.77477
1.33982
1.03808
1.00095
1.00001
1
1
1
1
1
1
1
1
1
1
1
1
1
1
1
1
1
1
1
1
1
1
1
1
1
1
1.81496
1.87378
1.9115
1.85542
1.60243
1.15976
1.00929
1.00013
1
1
1
1
1
1
1
1
1
1
1
1
1
1
1
1
1
1
1
1
1
1
1
1
1
1
1
1.82142
1.8875
1.91558
1.77791
1.4021
1.05909
1.00176
1.00002
1
1
1
1
1
1
1
1
1
1
1
1
1
1
1
1
1
1
1
1
1
1
1
1
1
1
1
1.88065
1.91664
1.91732
1.65801
1.2045
1.0136
1.00022
1
1
1
1
1
1
1
1
1
1
1
1
1
1
1
1
1
1
1
1
1
1
1
1
1
1
1
1
1.95049
1.92192
1.86787
1.42701
1.06476
1.0023
1.00002
1
1
1
1
1
1
1
1
1
1
1
1
1
1
1
1
1
1
1
1
1
1
1
1
1
1
1
1
2.04482
1.8283
1.67888
1.20617
1.01622
1.0003
1
1
1
1
1
1
1
1
1
1
1
1
1
1
1
1
1
1
1
1
1
1
1
1
1
1
1
1
1
2.13632
1.74821
1.43549
1.07413
1.00291
1.00004
1
1
1
1
1
1
1
1
1
1
1
1
1
1
1
1
1
1
1
1
1
1
1
1
1
1
1
1
1
2.16672
1.61679
1.202
1.0169
1.0004
1
1
1
1
1
1
1
1
1
1
1
1
1
1
1
1
1
1
1
1
1
1
1
1
1
1
1
1
1
1
2.03236
1.40017
1.08196
1.00389
1.00006
1
1
1
1
1
1
1
1
1
1
1
1
1
1
1
1
1
1
1
1
1
1
1
1
1
1
1
1
1
1
1.81576
1.23108
1.02327
1.00058
1.00001
1
1
1
1
1
1
1
1
1
1
1
1
1
1
1
1
1
1
1
1
1
1
1
1
1
1
1
1
1
1
1.534
1.08946
1.00442
1.00006
1
1
1
1
1
1
1
1
1
1
1
1
1
1
1
1
1
1
1
1
1
1
1
1
1
1
1
1
1
1
1
1.20256
1.01804
1.00031
1
1
1
1
1
1
1
1
1
1
1
1
1
1
1
1
1
1
1
1
1
1
1
1
1
1
1
1
1
1
1
1
1
1
1
1
1
1
1
1
1
1
1
1
1
1
1
1
1
1
1
1
1
1
1
1
1
1
1
1
1
1
1
1
1
1
1
1
1
1
1
1
1
1
1
1
1
1
1
1
1
1
1
1
1
1
1
1
1
1
1
1
1
1
1
1
1
1
1
1
1
1
1
1
1
1
1
1
1
1
1
1
1
1
1
1
1
1
1
1
1
1
1
1
1
1
1
1
1
1
1
1
1
1
1
1
1
1
1
1
1
1
1
1
1
1
1
1
1
1
1
1
1
1
1
1
1
1
1
1
1
1
1
1
1
1
1
1
1
1
1
1
1
1
1
1
1
1
1
1
1
1
1
1
1
1
1
1
1
1
1
1
1
1
1
1
1
1
1
1
1
1
1
1
1
1
1
1
1
1
1
1
1
1
1
1
1
1
1
1
1
1
1
1
1
1
1
1
1
1
1
1
1
1
1
1
1
1
1
1
1
1
1
1
1
1
1
1
1
1
1
1
1
1
1
1
1
1
1
1
1
1
1
1
1
1
1
1
1
1
1
1
1
1
1
1
1
1
1
1
1
1
1
1
1
1
1
1
1
1
1
1
1
1
1
1
1
1
1
1
1
1
1
1
1
1
1
1
1
1
1
1
1
1
1
1
1
1
1
1
1
1
1
1
1
1
1
1
1
1
1
1
1
1
1
1
1
1
1
1
1
1
1
1
1
1
1
1
1
1
1
1
1
1
1
1
1
1
1
1
1
1
1
1
1
1
1
1
1
1
1
1
1
1
1
1
1
1
1
1
1
1
1
1
1
1
1
1
1
1
1
1
1
1
1
1
1
1
1
1
1
1
1
1
1
1
1
1
1
1
1
1
1
1
1
1
1
1
1
1
1
1
1
1
1
1
1
1
1
1
1
1
1
1
1
1
1
1
1
1
1
1
1
1
1
1
1
1
1
1
1
1
1
1
1
1
1
1
1
1
1
1
1
1
1
1
1
1
1
1
1
1
1
1
1
1
1
1
1
1
1
1
1
1
1
1
1
1
1
1
1
1
1
1
1
1
1
1
1
1
1
1
1
1
1
1
1
1
1
1
1
1
1
1
1
1
1
1
1
1
1
1
1
1
1
1
1
1
1
1
1
1
1
1
1
1
1
1
1
1
1
1
1
1
1
1
1
1
1
1
1
1
1
1
1
1
1
1
1
1
1
1
1
1
1
1
1
1
1
1
1
1
1
1
1
1
1
1
1
1
1
1
1
1
1
1
1
1
1
1
1
1
1
1
1
1
1
1
1
1
1
1
1
1
1
1
1
1
1
1
1
1
1
1
1
1
1
1
1
1
1
1
1
1
1
1
1
1
1
1
1
1
1
1
1
1
1
1
1
1
1
1
1
1
1
1
1
1
1
1
1
1
1
1
1
1
1
1
1
1
1
1
1
1
1
1
1
1
1
1
1
1
1
1
1
1
1
1
1
1
1
1
1
1
1
1
1
1
1
1
1
1
1
1
1
1
1
1
1
1
1
1
1
1
1
1
1
1
1
1
1
1
1
1
1
1
1
1
1
1
1
1
1
1
1
1
1
1
1
1
1
1
1
1
1
1
1
1
1
1
1
1
1
1
1
1
1
1
1
1
1
1
1
1
1
1
1
1
1
1
1
1
1
1
1
1
1
1
1
1
1
1
1
1
1
1
1
1
1
1
1
1
1
1
1
1
1
1
1
1
1
1
1
1
1
1
1
1
1
1
1
1
1
1
1
1
1
1
1
1
1
1
1
1
1
1
1
1
1
1
1
1
1
1
1
1
1
1
1
1
1
1
1
1
1
1
1
1
1
1
1
1
1
1
1
1
1
1
1
1
1
1
1
1
1
1
1
1
1
1
1
1
1
1
1
1
1
1
1
1
1
1
1
1
1
1
1
1
1
1
1
1
1
1
1
1
1
1
1
1
1
1
1
1
1
1
1
1
1
1
1
1
1
1
1
1
1
1
1
1
1
1
1
1
1
1
1
1
1
1
1
1
1
1
1
1
1
1
1
1
1
1
1
1
1
1
1
1
1
1
1
1
1
1
1
1
1
1
1
1
1
1
1
1
1
1
1
1
1
1
1
1
1
1
1
1
1
1
1
1
1
1
1
1
1
1
1
1
1
1
1
1
1
1
1
1
1
1
1
1
1
1
1
1
1
1
1
1
1
1
1
1
1
1
1
1
1
1
1
1
1
1
1
1
1
1
1
1
1
1
1
1
1
1
1
1
1
1
1
1
1
1
1
1
1
1
1
1
1
1
1
1
1
1
1
1
1
1
1
1
1
1
1
1
1
1
1
1
1
1
1
1
1
1
1
1
1
1
1
1
1
1
1
1
1
1
1
1
1
1
1
1
1
1
1
1
1
1
1
1
1
1
1
1
1
1
1
1
1
1
1
1
1
1
1
1
1
1
1
1
1
1
1
1
1
1
1
1
1
1
1
1
1
1
1
1
1
1
1
1
1
1
1
1
1
1
1
1
1
1
1
1
1
1
1
1
1
1
1
1
1
1
1
1
1
1
1
1
1
1
1
1
1
1
1
1
1
1
1
1
1
1
1
1
1
1
1
1
1
1
1
1
1
1
1
1
1
1
1
1
1
1
1
1
1
1
1
1
1
1
1
1
1
1
1
1
1
1
1
1
1
1
1
1
1
1
1
1
1
1
1
1
1
1
1
1
1
1
1
1
1
1
1
1
1
1
1
1
1
1
1
1
1
1
1
1
1
1
1
1
1
1
1
1
1
1
1
1
1
1
1
1
1
1
1
1
1
1
1
1
1
1
1
1
1
1
1
1
1
1
1
1
1
1
1
1
1
1
1
1
1
1
1
1
1
1
1
1
1
1
1
1
1
1
1
1
1
1
1
1
1
1
1
1
1
1
1
1
1
1
1
1
1
1
1
1
1
1
1
1
1
1
1
1
1
1
1
1
1
1
1
1
1
1
1
1
1
1
1
1
1
1
1
1
1
1
1
1
1
1
1
1
1
1
1
1
1
1
1
1
1
1
1
1
1
1
1
1
1
1
1
1
1
1
1
1
1
1
1
1
1
1
1
1
1
1
1
1
1
1
1
1
1
1
1
1
1
1
1
1
1
1
1
1
1
1
1
1
1
1
1
1
1
1
1
1
1
1
1
1
1
1
1
1
1
1
1
1
1
1
1
1
1
1
1
1
1
1
1
1
1
1
1
1
1
1
1
1
1
1
1
1
1
1
1
1
1
1
1
1
1
1
1
1
1
1
1
1
1
1
1
1
1
1
1
1
1
1
1
1
1
1
1
1
1
1
1
1
1
1
1
1
1
1
1
1
1
1
1
1
1
1
1
1
1
1
1
1
1
1
1
1
1
1
1
1
1
1
1
1
1
1
1
1
1
1
1
1
1
1
1
1
1
1
1
1
1
1
1
1
1
1
1
1
1
1
1
1
1
1
1
1
1
1
1
1
1
1
1
1
1
1
1
1
1
1
1
1
1
1
1
1
1
1
1
1
1
1
1
1
1
1
1
1
1
1
1
1
1
1
1
1
1
1
1
1
1
1
1
1
1
1
1
1
1
1
1
1
1
1
1
1
1
1
1
1
1
1
1
1
1
1
1
1
1
1
1
1
1
1
1
1
1
1
1
1
1
1
1
1
1
1
1
1
1
1
1
1
1
1
1
1
1
1
1
1
1
1
1
1
1
1
1
1
1
1
1
1
1
1
1
1
1
1
1
1
1
1
1
1
1
1
1
1
1
1
1
1
1
1
1
1
1
1
1
1
1
1
1
1
1
1
1
1
1
1
1
1
1
1
1
1
1
1
1
1
1
1
1
1
1
1
1
1
1
1
1
1
1
1
1
1
1
1
1
1
1
1
1
1
1
1
1
1
1
1
1
1
1
1
1
1
1
1
1
1
1
1
1
1
1
1
1
1
1
1
1
1
1
1
1
1
1
1
1
1
1
1
1
1
1
1
1
1
1
1
1
1
1
1
1
1
1
1
1
1
1
1
1
1
1
1
1
1
1
1
1
1
1
1
1
1
1
1
1
1
1
1
1
1
1
1
1
1
1
1
1
1
1
1
1
1
1
1
1
1
1
1
1
1
1
1
1
1
1
1
1
1
1
1
1
1
1
1
1
1
1
1
1
1
1
1
1
1
1
1
1
1
1
1
1
1
1
1
1
1
1
1
1
1
1
1
1
1
1
1
1
1
1
1
1
1
1
1
1
1
1
1
1
1
1
1
1
1
1
1
1
1
1
1
1
1
1
1
1
1
1
1
1
1
1
1
1
1
1
1
1
1
1
1
1
1
1
1
1
1
1
1
1
1
1
1
1
1
1
1
1
1
1
1
1
1
1
1
1
1
1
1
1
1
1
1
1
1
1
1
1
1
1
1
1
1
1
1
1
1
1
1
1
1
1
1
1
1
1
1
1
1
1
1
1
1
1
1
1
1
1
1
1
1
1
1
1
1
1
1
1
1
1
1
1
1
1
1
1
1
1
1
1
1
1
1
1
1
1
1
1
1
1
1
1
1
1
1
1
1
1
1
1
1
1
1
1
1
1
1
1
1
1
1
1
1
1
1
1
1
1
1
1
1
1
1
1
1
1
1
1
1
1
1
1
1
1
1
1
1
1
1
1
1
1
1
1
1
1
1
1
1
1
1
1
1
1
1
1
1
1
1
1
1
1
1
1
1
1
1
1
1
1
1
1
1
1
1
1
1
1
1
1
1
1
1
1.67713
0.999472
1
1
1
1
1
1
1
1
1
1
1
1
1
1
1
1
1
1
1
1
1
1
1
1
1
1
1
1
1
1
1
1
1
3.3002
1.05265
1
1
1
1
1
1
1
1
1
1
1
1
1
1
1
1
1
1
1
1
1
1
1
1
1
1
1
1
1
1
1
1
1
5.56057
1.4916
0.999616
1
1
1
1
1
1
1
1
1
1
1
1
1
1
1
1
1
1
1
1
1
1
1
1
1
1
1
1
1
1
1
1
8.43997
3.62391
1.11096
0.999955
1
1
1
1
1
1
1
1
1
1
1
1
1
1
1
1
1
1
1
1
1
1
1
1
1
1
1
1
1
1
1
8.8987
6.41291
3.50628
1.10335
0.999945
1
1
1
1
1
1
1
1
1
1
1
1
1
1
1
1
1
1
1
1
1
1
1
1
1
1
1
1
1
1
7.29941
6.16621
6.407
3.34382
1.08059
1
1
1
1
1
1
1
1
1
1
1
1
1
1
1
1
1
1
1
1
1
1
1
1
1
1
1
1
1
1
6.13922
5.99928
6.57469
5.95061
2.4125
0.999121
1
1
1
1
1
1
1
1
1
1
1
1
1
1
1
1
1
1
1
1
1
1
1
1
1
1
1
1
1
5.70074
5.84355
6.28315
6.05231
4.71449
1.54706
0.999553
1
1
1
1
1
1
1
1
1
1
1
1
1
1
1
1
1
1
1
1
1
1
1
1
1
1
1
1
5.71111
5.78693
5.82662
5.83942
6.03267
3.6118
1.13041
1
1
1
1
1
1
1
1
1
1
1
1
1
1
1
1
1
1
1
1
1
1
1
1
1
1
1
1
5.69174
5.74292
5.69991
5.82517
6.01059
5.30183
2.16871
0.999085
1
1
1
1
1
1
1
1
1
1
1
1
1
1
1
1
1
1
1
1
1
1
1
1
1
1
1
5.70901
5.75516
5.75643
5.81132
5.9003
5.60019
3.82362
1.21607
0.999851
1
1
1
1
1
1
1
1
1
1
1
1
1
1
1
1
1
1
1
1
1
1
1
1
1
1
5.74457
5.78857
5.80654
5.82821
5.81515
5.68173
5.32425
2.27332
0.999718
1
1
1
1
1
1
1
1
1
1
1
1
1
1
1
1
1
1
1
1
1
1
1
1
1
1
5.79435
5.83064
5.82802
5.81986
5.75985
5.74504
5.80214
4.14526
1.29873
0.999797
1
1
1
1
1
1
1
1
1
1
1
1
1
1
1
1
1
1
1
1
1
1
1
1
1
5.83879
5.86401
5.83559
5.81669
5.76278
5.75818
5.78165
5.13625
2.2756
1.00178
1
1
1
1
1
1
1
1
1
1
1
1
1
1
1
1
1
1
1
1
1
1
1
1
1
5.86711
5.88078
5.83754
5.82277
5.7998
5.80581
5.82895
5.70416
3.93514
1.21256
1
1
1
1
1
1
1
1
1
1
1
1
1
1
1
1
1
1
1
1
1
1
1
1
1
5.87448
5.87672
5.85018
5.85041
5.84886
5.81521
5.83711
5.84644
5.27042
2.18385
0.999234
1
1
1
1
1
1
1
1
1
1
1
1
1
1
1
1
1
1
1
1
1
1
1
1
5.86979
5.86428
5.86619
5.87554
5.87157
5.83172
5.84623
5.87797
5.57573
3.61593
1.15133
1
1
1
1
1
1
1
1
1
1
1
1
1
1
1
1
1
1
1
1
1
1
1
1
5.85514
5.84934
5.8715
5.8819
5.87692
5.85336
5.86766
5.89302
5.7496
5.02309
1.83725
0.999198
1
1
1
1
1
1
1
1
1
1
1
1
1
1
1
1
1
1
1
1
1
1
1
5.84387
5.83928
5.86662
5.87318
5.86177
5.85234
5.8667
5.89948
5.87482
5.79269
3.41134
1.09247
1
1
1
1
1
1
1
1
1
1
1
1
1
1
1
1
1
1
1
1
1
1
1
5.83675
5.83813
5.86197
5.86124
5.84673
5.84837
5.86269
5.88807
5.88667
5.81267
4.69768
1.64233
0.999353
1
1
1
1
1
1
1
1
1
1
1
1
1
1
1
1
1
1
1
1
1
1
5.8363
5.84399
5.85881
5.85278
5.83771
5.84385
5.86043
5.88105
5.85849
5.79664
5.51811
2.75652
1.02738
1
1
1
1
1
1
1
1
1
1
1
1
1
1
1
1
1
1
1
1
1
1
5.83775
5.84811
5.8568
5.84628
5.83416
5.83945
5.85485
5.86348
5.83988
5.81811
5.93703
4.47206
1.36723
0.999591
1
1
1
1
1
1
1
1
1
1
1
1
1
1
1
1
1
1
1
1
1
5.83638
5.84952
5.85742
5.84376
5.83683
5.83908
5.84976
5.85728
5.83363
5.82882
5.95267
5.2988
2.35681
1.00657
1
1
1
1
1
1
1
1
1
1
1
1
1
1
1
1
1
1
1
1
1
5.84037
5.84998
5.85829
5.84338
5.84256
5.84195
5.84701
5.85523
5.82868
5.8094
5.88838
5.64433
3.64754
1.15265
1
1
1
1
1
1
1
1
1
1
1
1
1
1
1
1
1
1
1
1
1
5.84806
5.84944
5.85755
5.84175
5.84594
5.84362
5.8478
5.85651
5.83101
5.80607
5.85493
5.86183
5.06209
1.76733
0.999197
1
1
1
1
1
1
1
1
1
1
1
1
1
1
1
1
1
1
1
1
5.85559
5.8506
5.8571
5.84352
5.84976
5.84595
5.84853
5.86038
5.83567
5.81724
5.86451
5.92452
5.61267
3.04722
1.05081
1
1
1
1
1
1
1
1
1
1
1
1
1
1
1
1
1
1
1
1
5.86098
5.85334
5.85872
5.84961
5.85415
5.84897
5.84781
5.86225
5.84412
5.83254
5.87085
5.92672
5.7247
4.2678
1.36372
0.999603
1
1
1
1
1
1
1
1
1
1
1
1
1
1
1
1
1
1
1
5.86244
5.85628
5.86142
5.8549
5.85565
5.85198
5.84858
5.8604
5.84721
5.84545
5.87313
5.90986
5.78131
5.35996
2.19417
1.00317
1
1
1
1
1
1
1
1
1
1
1
1
1
1
1
1
1
1
1
5.85926
5.85745
5.86384
5.85755
5.85687
5.85538
5.85148
5.86031
5.84759
5.84979
5.87082
5.88591
5.82794
5.81193
3.59993
1.12391
1
1
1
1
1
1
1
1
1
1
1
1
1
1
1
1
1
1
1
5.85354
5.85615
5.86392
5.85595
5.85577
5.85599
5.85605
5.86152
5.84857
5.84833
5.86131
5.87806
5.84445
5.80352
4.6838
1.59713
0.99934
1
1
1
1
1
1
1
1
1
1
1
1
1
1
1
1
1
1
5.85114
5.85261
5.86179
5.85276
5.85285
5.85433
5.85888
5.86253
5.85084
5.84842
5.85778
5.87728
5.84632
5.78775
5.46315
2.57205
1.01769
1
1
1
1
1
1
1
1
1
1
1
1
1
1
1
1
1
1
5.85361
5.8489
5.85795
5.85024
5.85074
5.85205
5.85737
5.86109
5.85214
5.84696
5.85466
5.87477
5.84555
5.79703
5.86554
3.88901
1.1973
1
1
1
1
1
1
1
1
1
1
1
1
1
1
1
1
1
1
5.85672
5.84739
5.8527
5.84854
5.8492
5.84964
5.85339
5.85742
5.85075
5.84108
5.84761
5.86444
5.84354
5.8088
5.90522
4.9254
1.75218
0.999161
1
1
1
1
1
1
1
1
1
1
1
1
1
1
1
1
1
5.85609
5.84632
5.84837
5.84761
5.84814
5.84738
5.84918
5.85076
5.84502
5.83173
5.83516
5.84873
5.83399
5.79291
5.84402
5.50277
2.83744
1.03324
1
1
1
1
1
1
1
1
1
1
1
1
1
1
1
1
1
5.8507
5.84416
5.84571
5.84607
5.84708
5.84498
5.84453
5.8427
5.83583
5.82093
5.81984
5.83087
5.81942
5.76309
5.7707
5.75446
3.93638
1.24083
0.999998
1
1
1
1
1
1
1
1
1
1
1
1
1
1
1
1
5.84394
5.84242
5.84374
5.84141
5.84261
5.83895
5.83562
5.83215
5.82265
5.80691
5.80262
5.81055
5.80249
5.75185
5.74404
5.82535
4.94005
1.78189
0.999778
1
1
1
1
1
1
1
1
1
1
1
1
1
1
1
1
5.84043
5.83779
5.83929
5.83314
5.83192
5.82739
5.81998
5.81742
5.8054
5.78961
5.7829
5.7877
5.7816
5.74235
5.72651
5.80493
5.4657
2.82219
1.03467
1
1
1
1
1
1
1
1
1
1
1
1
1
1
1
1
5.83478
5.82837
5.82961
5.81955
5.81534
5.81066
5.80058
5.79788
5.78428
5.76821
5.76076
5.76294
5.75649
5.71876
5.68596
5.73597
5.60056
3.82551
1.22207
1
1
1
1
1
1
1
1
1
1
1
1
1
1
1
1
5.82487
5.81404
5.814
5.80137
5.79417
5.7888
5.77634
5.77357
5.75985
5.74349
5.73512
5.73383
5.72646
5.68907
5.64381
5.65668
5.65975
4.65222
1.66115
0.999639
1
1
1
1
1
1
1
1
1
1
1
1
1
1
1
5.80988
5.79527
5.79357
5.7796
5.76988
5.76288
5.74888
5.74598
5.73286
5.71701
5.70638
5.70185
5.69549
5.66481
5.62049
5.62145
5.66662
5.31894
2.48454
1.0171
1
1
1
1
1
1
1
1
1
1
1
1
1
1
1
5.78977
5.77275
5.76962
5.75498
5.74351
5.73511
5.72099
5.71687
5.70489
5.68998
5.67678
5.67069
5.66643
5.64381
5.60261
5.60492
5.64776
5.42606
3.45453
1.13328
1
1
1
1
1
1
1
1
1
1
1
1
1
1
1
5.76467
5.74699
5.74315
5.72799
5.71491
5.70643
5.69357
5.68842
5.67799
5.66302
5.6469
5.64013
5.64035
5.62465
5.59203
5.57588
5.60589
5.4742
4.18472
1.42594
0.999497
1
1
1
1
1
1
1
1
1
1
1
1
1
1
5.73564
5.71878
5.71508
5.69953
5.68572
5.67886
5.66726
5.66191
5.65263
5.63619
5.61837
5.61054
5.61345
5.59973
5.57176
5.54508
5.55215
5.49475
4.91493
1.98743
1.00361
1
1
1
1
1
1
1
1
1
1
1
1
1
1
5.70501
5.6899
5.68689
5.6712
5.65766
5.65256
5.64167
5.63738
5.62877
5.61163
5.59307
5.58306
5.58544
5.57306
5.54678
5.51753
5.52362
5.50253
5.27867
2.82628
1.04449
1
1
1
1
1
1
1
1
1
1
1
1
1
1
5.67516
5.66204
5.65986
5.64419
5.63107
5.62744
5.61717
5.61429
5.60591
5.58821
5.56899
5.55726
5.55874
5.54868
5.52611
5.49582
5.50289
5.50088
5.28754
3.59274
1.19986
1
1
1
1
1
1
1
1
1
1
1
1
1
1
5.64762
5.6363
5.63505
5.62023
5.60796
5.6045
5.59383
5.59018
5.58242
5.56486
5.54719
5.53416
5.53407
5.52805
5.50781
5.47798
5.47907
5.47881
5.32879
4.22019
1.49878
0.999861
1
1
1
1
1
1
1
1
1
1
1
1
1
5.62106
5.61138
5.61118
5.59751
5.586
5.58189
5.57098
5.56639
5.55883
5.5417
5.52564
5.51052
5.5085
5.5065
5.48822
5.46002
5.45546
5.44888
5.3432
4.90179
2.07426
1.00644
1
1
1
1
1
1
1
1
1
1
1
1
1
5.59772
5.58836
5.5879
5.57454
5.56402
5.55895
5.5482
5.54341
5.53709
5.52047
5.50544
5.48952
5.48452
5.48382
5.46595
5.43806
5.43066
5.42508
5.35258
5.06768
2.78527
1.05076
0.999952
1
1
1
1
1
1
1
1
1
1
1
1
5.572
5.56272
5.56309
5.55086
5.54077
5.53594
5.52787
5.51738
5.5134
5.49949
5.48637
5.47027
5.46247
5.46072
5.44408
5.41666
5.40256
5.4066
5.3814
5.16899
3.39561
1.1903
1.00012
1
1
1
1
1
1
1
1
1
1
1
1
5.54917
5.54245
5.54278
5.53191
5.52366
5.51532
5.50436
5.49287
5.49415
5.48083
5.46666
5.45033
5.4409
5.43618
5.41929
5.39126
5.37453
5.38912
5.38252
5.20361
4.09711
1.34743
0.988559
0.999915
1
1
1
1
1
1
1
1
1
1
1
2.16222
3.61705
4.37996
4.84699
5.12981
5.28024
5.37114
5.41616
5.44004
5.44989
5.45061
5.43887
5.42448
5.41934
5.4083
5.3825
5.35265
5.35484
5.36795
5.25847
4.76558
2.28431
1.05389
1.0003
1
1
1
1
1
1
1
1
1
1
1
0.583292
1.96879
2.90128
3.60155
4.18457
4.59829
4.90178
5.09746
5.24152
5.32549
5.37524
5.40222
5.40093
5.39481
5.39174
5.37758
5.34578
5.31542
5.33315
5.31491
5.05506
3.29038
1.28801
1.00495
1.00002
1
1
1
1
1
1
1
1
1
1
0.238998
1.09788
1.83373
2.50169
3.09117
3.68245
4.15485
4.52163
4.80599
5.01512
5.17375
5.2739
5.3303
5.35394
5.35985
5.36306
5.34116
5.30624
5.27863
5.33244
5.25358
4.37377
1.91688
1.03847
1.00029
1
1
1
1
1
1
1
1
1
1
0.235322
0.654955
1.14751
1.77062
2.31343
2.81359
3.32984
3.83662
4.19018
4.54976
4.7962
5.00929
5.15717
5.24436
5.29714
5.32603
5.32794
5.3018
5.25596
5.30409
5.3087
5.09463
2.95054
1.19863
1.00309
1.00001
1
1
1
1
1
1
1
1
1
0.312405
0.535083
0.729419
1.17063
1.74388
2.21033
2.6506
3.13157
3.59849
3.96431
4.31147
4.62598
4.85003
5.03622
5.16313
5.24286
5.28581
5.29146
5.2499
5.25371
5.30914
5.16113
3.75652
1.55296
1.01625
1.0001
1
1
1
1
1
1
1
1
1
0.455299
0.506942
0.557899
0.790749
1.23144
1.73229
2.16278
2.5357
3.04403
3.41047
3.82854
4.14459
4.46875
4.73471
4.92354
5.08776
5.19276
5.24806
5.23564
5.23352
5.28502
5.15777
4.65534
2.32244
1.07959
1.00074
1
1
1
1
1
1
1
1
1
0.592673
0.476848
0.483452
0.691874
0.873682
1.28876
1.75794
2.136
2.51751
2.96129
3.32734
3.69107
4.06658
4.34826
4.62846
4.85573
5.02318
5.14906
5.19274
5.22291
5.26216
5.15889
4.9874
3.10794
1.2717
1.00487
1.00002
1
1
1
1
1
1
1
1
0.608896
0.464774
0.43403
0.631265
0.78086
0.965441
1.35198
1.79865
2.10945
2.56199
2.90161
3.30656
3.63864
3.97225
4.30882
4.54475
4.79814
4.97671
5.10009
5.18988
5.24662
5.15984
5.01605
3.97973
1.67978
1.02309
1.00014
1
1
1
1
1
1
1
1
0.586136
0.457177
0.430386
0.561583
0.710811
0.8745
1.05695
1.45944
1.8188
2.1543
2.54769
2.91505
3.23855
3.63133
3.9343
4.24532
4.51326
4.75024
4.9515
5.11088
5.21927
5.17151
5.04489
4.66513
2.39916
1.093
1.00091
1
1
1
1
1
1
1
1
0.547542
0.462593
0.443093
0.489079
0.616394
0.817731
0.961345
1.18563
1.57128
1.8413
2.23373
2.55802
2.92718
3.26917
3.57487
3.96079
4.21041
4.50897
4.73892
4.97413
5.15062
5.14298
5.06072
4.80229
3.18446
1.28355
1.00508
1.00002
1
1
1
1
1
1
1
0.539755
0.490505
0.475596
0.468993
0.509436
0.713414
0.894205
1.03941
1.35469
1.66048
1.95112
2.28007
2.64541
2.93873
3.30522
3.62611
3.95558
4.22111
4.5023
4.79045
5.03496
5.07908
5.08748
4.93065
3.78928
1.62679
1.01934
1.00011
1
1
1
1
1
1
1
0.549521
0.531465
0.509922
0.475152
0.468782
0.575602
0.778338
0.946776
1.14181
1.48039
1.74271
2.04625
2.36435
2.68146
3.04053
3.29395
3.69287
3.9477
4.27855
4.56571
4.86191
4.98149
5.06461
5.00435
4.47261
2.24761
1.07431
1.00063
1
1
1
1
1
1
1
0.560005
0.559889
0.532414
0.483715
0.468259
0.502339
0.642799
0.859609
1.00202
1.27106
1.54124
1.82972
2.09316
2.44478
2.74434
3.07822
3.37726
3.72086
4.01662
4.34167
4.65991
4.82543
4.99673
5.0237
4.77383
2.89352
1.20959
1.00313
1.00001
1
1
1
1
1
1
0.557886
0.562708
0.542661
0.495368
0.474326
0.499549
0.559109
0.769182
0.934286
1.09691
1.36779
1.63296
1.91169
2.2088
2.49324
2.88075
3.1217
3.49495
3.75612
4.1318
4.4217
4.64509
4.88108
4.99743
4.84152
3.67192
1.49197
1.01199
1.00006
1
1
1
1
1
1
0.547279
0.555782
0.542621
0.511135
0.491115
0.511027
0.529722
0.679034
0.878488
1.02796
1.25243
1.48977
1.76473
2.02085
2.31377
2.64516
2.95145
3.22322
3.55876
3.89835
4.19711
4.46611
4.72863
4.92012
4.86263
4.13702
1.9618
1.04263
1.00029
1
1
1
1
1
1
0.521729
0.533162
0.536219
0.515895
0.50903
0.509602
0.511328
0.581325
0.789824
0.957656
1.13333
1.35273
1.62258
1.87043
2.15226
2.3759
2.76188
3.0054
3.37389
3.6716
4.01409
4.25061
4.53647
4.80577
4.83784
4.43235
2.4627
1.11736
1.00123
1
1
1
1
1
1
0.506064
0.506604
0.519184
0.515914
0.515676
0.505342
0.505102
0.552766
0.668159
0.861704
1.00802
1.21749
1.43227
1.70642
1.97221
2.22233
2.52857
2.84447
3.14184
3.48881
3.81442
4.03496
4.37063
4.67739
4.81672
4.63806
3.11302
1.27576
1.00463
1.00002
1
1
1
1
1
0.506109
0.501621
0.512893
0.517182
0.516042
0.505502
0.511257
0.56251
0.609532
0.774049
0.937138
1.10552
1.31116
1.55444
1.81072
2.11028
2.3191
2.68203
2.92911
3.3146
3.57949
3.87267
4.20406
4.5155
4.75958
4.70678
3.763
1.59745
1.01645
1.00008
1
1
1
1
1
0.513884
0.50495
0.513695
0.51921
0.510691
0.499458
0.5135
0.566484
0.608811
0.722908
0.883632
1.04713
1.23689
1.44196
1.67609
1.98053
2.21128
2.48678
2.78682
3.11089
3.39319
3.71402
3.99474
4.32482
4.67187
4.69069
4.01595
2.00065
1.05025
1.00035
1
1
1
1
1
0.526089
0.518483
0.517021
0.517537
0.501053
0.4854
0.501911
0.548191
0.590495
0.672502
0.831323
0.985005
1.16894
1.35344
1.56087
1.79456
2.09386
2.30009
2.65384
2.92083
3.25508
3.51643
3.79643
4.17307
4.56056
4.66643
4.29245
2.42327
1.1144
1.0012
1
1
1
1
1
0.527061
0.52644
0.519598
0.517042
0.499791
0.482416
0.483008
0.510934
0.552564
0.616531
0.742246
0.901644
1.06619
1.25454
1.44848
1.6357
1.9414
2.19143
2.49235
2.78746
3.10424
3.32434
3.66463
4.01284
4.39565
4.61651
4.50254
3.06599
1.26262
1.00405
1.00002
1
1
1
1
0.520863
0.525271
0.518955
0.519622
0.502222
0.485101
0.480334
0.493716
0.528297
0.59769
0.67123
0.818353
0.979282
1.1617
1.36255
1.57046
1.79566
2.08887
2.31296
2.65951
2.91642
3.1951
3.53167
3.80837
4.20915
4.53105
4.50416
3.50927
1.52433
1.01391
1.00007
1
1
1
1
0.506372
0.519657
0.516948
0.522253
0.509841
0.495866
0.485141
0.493521
0.518814
0.590905
0.661904
0.780257
0.929549
1.0938
1.28441
1.50213
1.69367
1.97973
2.20997
2.51929
2.7602
3.07484
3.36156
3.64633
4.05099
4.42423
4.46117
3.73363
1.8079
1.03482
1.00022
1
1
1
1
0.488844
0.506881
0.511534
0.520645
0.520198
0.511535
0.495043
0.492793
0.506562
0.574176
0.6453
0.744559
0.883964
1.03462
1.20545
1.41259
1.60192
1.8217
2.11629
2.3543
2.64867
2.92942
3.19072
3.54014
3.86434
4.29318
4.40724
4.0502
2.23818
1.08088
1.0007
1
1
1
1
0.485141
0.492982
0.502881
0.515887
0.525598
0.518114
0.501725
0.487774
0.492479
0.537508
0.607745
0.696634
0.826358
0.968551
1.12143
1.29546
1.509
1.70579
2.0125
2.24488
2.53992
2.75838
3.07844
3.41903
3.66766
4.12652
4.36925
4.22726
2.69797
1.18081
1.00226
1.00001
1
1
1
0.488985
0.489484
0.496459
0.510006
0.524503
0.517206
0.504965
0.486354
0.489875
0.510436
0.561065
0.650885
0.757324
0.90099
1.05728
1.22777
1.43394
1.63706
1.87298
2.14902
2.40748
2.64107
2.9753
3.25022
3.5538
3.98313
4.32294
4.24064
3.0055
1.32441
1.00643
1.00003
1
1
1
0.500628
0.492952
0.494935
0.503293
0.518805
0.515116
0.506601
0.488675
0.491319
0.510168
0.546828
0.63324
0.72908
0.856803
1.00746
1.17043
1.36069
1.5842
1.7685
2.05465
2.26288
2.54788
2.85157
3.0965
3.45899
3.84491
4.24447
4.21763
3.41817
1.54573
1.01575
1.00008
1
1
1
0.513878
0.501414
0.494119
0.496253
0.507821
0.511764
0.506126
0.493044
0.494198
0.509831
0.536097
0.617086
0.706355
0.81734
0.957
1.11425
1.2809
1.50366
1.70813
1.93975
2.16735
2.44862
2.69908
3.01259
3.33765
3.66242
4.13281
4.1913
3.71166
1.85956
1.039
1.00025
1
1
1
0.51618
0.505547
0.493954
0.492155
0.498058
0.504579
0.500639
0.492542
0.494629
0.503606
0.518641
0.588929
0.67741
0.775654
0.903104
1.04577
1.19825
1.39526
1.64293
1.83003
2.08548
2.32013
2.59141
2.9295
3.18269
3.51182
3.99453
4.16767
3.78554
2.14013
1.08064
1.00072
1
1
1
0.510647
0.505681
0.495927
0.491317
0.496058
0.500541
0.497551
0.49322
0.493054
0.494932
0.501995
0.547123
0.636929
0.736753
0.853594
0.996112
1.15871
1.3291
1.56097
1.76104
2.00449
2.20581
2.51049
2.81934
3.06682
3.41893
3.85681
4.12364
3.88882
2.48304
1.1501
1.00181
1.00001
1
1
0.496949
0.502241
0.499167
0.492733
0.496185
0.500104
0.497654
0.495037
0.492841
0.49351
0.501371
0.541353
0.606528
0.707244
0.820805
0.958549
1.11736
1.28648
1.47019
1.69111
1.89763
2.13375
2.42629
2.67369
2.98906
3.3045
3.70683
4.05615
3.97396
2.86344
1.27715
1.00489
1.00002
1
1
0.483661
0.496154
0.502216
0.497667
0.498664
0.501223
0.499042
0.497591
0.493758
0.492075
0.500855
0.539961
0.585789
0.677478
0.787339
0.917401
1.0685
1.24797
1.40893
1.624
1.80522
2.06276
2.31583
2.57783
2.90698
3.14793
3.53618
3.97641
3.96761
3.06416
1.42782
1.0113
1.00005
1
1
0.481337
0.492027
0.503779
0.501384
0.499347
0.50135
0.499433
0.497788
0.492234
0.486273
0.494293
0.529389
0.564565
0.647201
0.753797
0.869693
0.999706
1.16779
1.34819
1.53321
1.74017
1.98517
2.21048
2.51002
2.80082
3.04825
3.42656
3.88513
3.94824
3.30563
1.63499
1.0234
1.00013
1
1
0.483872
0.491286
0.503331
0.501519
0.497703
0.499476
0.498852
0.496844
0.487647
0.479529
0.485522
0.510507
0.543048
0.610416
0.714094
0.826626
0.952875
1.10502
1.28741
1.4543
1.67666
1.88311
2.14195
2.43486
2.66612
2.98466
3.33086
3.78842
3.90613
3.5314
1.89958
1.04924
1.00035
1
1
0.492482
0.492511
0.50073
0.499874
0.494236
0.49573
0.497502
0.495907
0.48699
0.479018
0.484414
0.505082
0.533813
0.596877
0.689165
0.803255
0.931734
1.07451
1.24097
1.40347
1.61663
1.81019
2.07547
2.33142
2.58384
2.9054
3.19577
3.66828
3.86195
3.57946
2.11643
1.08838
1.00086
1
1
0.500958
0.495418
0.49555
0.495535
0.489559
0.491798
0.496943
0.495738
0.487961
0.480104
0.485247
0.501793
0.526095
0.588366
0.66819
0.775852
0.903099
1.04568
1.19932
1.36091
1.53491
1.75477
2.00584
2.22366
2.52778
2.78556
3.07468
3.5339
3.81787
3.6302
2.40053
1.15077
1.00195
1.00001
1
0.502024
0.496192
0.48932
0.489938
0.487242
0.490345
0.496848
0.495871
0.490061
0.482971
0.485477
0.495288
0.514571
0.574079
0.644692
0.745391
0.864993
1.00521
1.14294
1.31416
1.47292
1.69865
1.9108
2.15932
2.46218
2.69438
3.00753
3.41784
3.76112
3.67461
2.65809
1.24972
1.00443
1.00002
1
0.499916
0.4948
0.485121
0.487024
0.486998
0.489935
0.496473
0.495795
0.491767
0.485737
0.484225
0.485476
0.49613
0.54846
0.613974
0.704079
0.813263
0.945555
1.08702
1.24915
1.42703
1.63901
1.83833
2.10142
2.35966
2.62678
2.93057
3.30382
3.69481
3.66697
2.81486
1.36375
1.00918
1.00004
1
0.493315
0.49109
0.484295
0.486575
0.487308
0.489668
0.495225
0.494857
0.491896
0.487872
0.484017
0.482147
0.488673
0.530867
0.594527
0.681818
0.790876
0.915973
1.05251
1.1959
1.38134
1.56371
1.7884
2.04022
2.25312
2.55279
2.80912
3.16304
3.61918
3.64994
3.03573
1.51172
1.01741
1.00009
1
0.486232
0.487128
0.484855
0.487035
0.489276
0.489491
0.492958
0.492977
0.491394
0.48953
0.484996
0.482145
0.488953
0.52801
0.584574
0.66951
0.775024
0.891797
1.02388
1.15651
1.33992
1.51463
1.7364
1.95224
2.20138
2.48518
2.71477
3.06367
3.53496
3.6241
3.18143
1.70403
1.03285
1.00021
1
0.484127
0.484584
0.486994
0.489384
0.491971
0.488952
0.489711
0.48991
0.489538
0.4894
0.484652
0.479466
0.486173
0.522147
0.572226
0.652425
0.753703
0.865532
0.992365
1.12252
1.27649
1.46929
1.68126
1.87557
2.15006
2.41295
2.66773
2.99223
3.44396
3.59129
3.23638
1.87479
1.05749
1.00047
1
0.484137
0.483761
0.489727
0.490994
0.492443
0.487492
0.485298
0.485564
0.486614
0.487714
0.481637
0.473585
0.479606
0.508254
0.552169
0.627858
0.719253
0.828743
0.940351
1.08432
1.22753
1.42315
1.60477
1.82767
2.0874
2.31042
2.60436
2.90025
3.33814
3.55156
3.32018
2.05257
1.09127
1.00097
1
0.486115
0.484262
0.490475
0.490457
0.491132
0.484349
0.481331
0.483637
0.484536
0.485374
0.478417
0.472007
0.476328
0.497427
0.527509
0.59672
0.68258
0.791163
0.905041
1.04232
1.19229
1.37508
1.55195
1.78044
1.99941
2.2358
2.51651
2.77529
3.21776
3.50236
3.35709
2.27823
1.14449
1.00197
1.00001
0.487053
0.484468
0.489732
0.488606
0.488003
0.481544
0.480351
0.483224
0.484289
0.484343
0.477794
0.472369
0.477015
0.498163
0.52345
0.588257
0.671986
0.775036
0.885898
1.00473
1.16029
1.31943
1.51248
1.73186
1.92903
2.19713
2.42259
2.70733
3.12144
3.44839
3.35848
2.43192
1.21573
1.00389
1.00002
0.485892
0.483903
0.487394
0.485204
0.484588
0.480868
0.480174
0.482908
0.484241
0.483869
0.477743
0.472319
0.47824
0.498225
0.52068
0.581498
0.661067
0.757201
0.865636
0.975026
1.12502
1.28377
1.47179
1.66072
1.88725
2.1539
2.37803
2.65987
3.0418
3.39783
3.35263
2.55288
1.29427
1.00704
1.00003
0.484054
0.483974
0.483702
0.481511
0.482249
0.480868
0.480272
0.482328
0.483922
0.483247
0.476719
0.470424
0.476822
0.493585
0.512792
0.569985
0.645191
0.735212
0.842581
0.953397
1.0841
1.24741
1.42951
1.60413
1.84074
2.08035
2.32478
2.58959
2.94032
3.34493
3.3427
2.73188
1.39859
1.01223
1.00006
0.481929
0.483113
0.481068
0.479388
0.481375
0.481276
0.480016
0.481091
0.482728
0.481562
0.474726
0.46879
0.473704
0.483351
0.497197
0.548164
0.616647
0.700953
0.799317
0.921571
1.0518
1.21279
1.37109
1.56663
1.79101
1.98601
2.25139
2.48559
2.82947
3.27425
3.32182
2.84779
1.52504
1.02113
1.00013
0.479718
0.481269
0.47914
0.47783
0.480992
0.480749
0.478907
0.478931
0.480353
0.47905
0.47386
0.468815
0.47339
0.47913
0.488277
0.536064
0.595684
0.674173
0.764233
0.880596
1.01863
1.17407
1.33103
1.52775
1.72111
1.94374
2.19575
2.42867
2.76053
3.19832
3.28882
2.88303
1.64497
1.0344
1.00025
0.478288
0.479631
0.477543
0.476399
0.480067
0.478913
0.476507
0.475522
0.476596
0.476858
0.473791
0.469648
0.474307
0.479228
0.488714
0.535569
0.589248
0.665393
0.755099
0.858158
0.987408
1.13612
1.29844
1.48911
1.66742
1.90981
2.14679
2.38931
2.69731
3.12528
3.25425
2.93427
1.76404
1.05221
1.00046
0.47639
0.477634
0.476124
0.475239
0.478776
0.477237
0.474252
0.472651
0.473327
0.474549
0.473642
0.471947
0.475516
0.477996
0.486506
0.53033
0.57879
0.652092
0.741231
0.83962
0.960966
1.10374
1.26197
1.43478
1.62898
1.86097
2.08733
2.33026
2.61536
3.04562
3.2236
3.00734
1.89994
1.07774
1.00086
0.48762
0.476993
0.474884
0.474443
0.477997
0.476372
0.47311
0.471179
0.471994
0.472805
0.473689
0.474058
0.47539
0.476027
0.484276
0.525805
0.570918
0.642238
0.730939
0.830147
0.947884
1.08587
1.24163
1.39027
1.60391
1.82526
2.04133
2.28242
2.54534
2.98086
3.19978
3.04336
2.00915
1.09861
1.0012
0.50129
0.47683
0.474031
0.474095
0.477419
0.475982
0.472866
0.470728
0.471515
0.471875
0.473698
0.474858
0.47483
0.473619
0.481801
0.521686
0.564158
0.634702
0.722632
0.82433
0.94102
1.07578
1.22944
1.37743
1.58739
1.8015
1.99806
2.25242
2.50726
2.94
3.18302
3.04898
2.08488
1.11584
1.0015
0.525399
0.478038
0.47317
0.473881
0.476414
0.475543
0.472569
0.470207
0.470752
0.470997
0.47346
0.474807
0.472898
0.469691
0.47715
0.513828
0.55569
0.62697
0.713595
0.817564
0.933861
1.06261
1.21563
1.37568
1.56944
1.76664
1.95768
2.22261
2.49308
2.91465
3.16692
3.0444
2.11277
1.13621
1.00198
0.545427
0.482323
0.472472
0.472846
0.474923
0.474946
0.472024
0.46937
0.469832
0.47036
0.473114
0.474372
0.470739
0.465818
0.471063
0.501818
0.544073
0.612387
0.699463
0.807126
0.923087
1.04984
1.19964
1.36779
1.55219
1.7211
1.95347
2.18236
2.47184
2.88603
3.14558
3.0256
2.13622
1.15513
1.00258
0.569384
0.489201
0.472441
0.471524
0.473189
0.473886
0.471034
0.468509
0.468732
0.469614
0.472568
0.473764
0.469823
0.464668
0.469491
0.49674
0.533908
0.599706
0.682236
0.787837
0.906765
1.03604
1.17184
1.34843
1.53182
1.70655
1.95361
2.16202
2.43683
2.84171
3.11822
3.01552
2.19727
1.17905
1.00334
0.592355
0.501995
0.47395
0.469699
0.471598
0.47296
0.470387
0.467832
0.467744
0.469092
0.472165
0.473367
0.469279
0.464816
0.469662
0.496004
0.528351
0.595314
0.674024
0.768874
0.886438
1.02162
1.14949
1.3273
1.50525
1.70273
1.93934
2.15391
2.40947
2.79531
3.09558
3.01683
2.2674
1.21064
1.00444
0.617672
0.521489
0.474621
0.468848
0.47011
0.472492
0.470124
0.467317
0.466827
0.468493
0.471835
0.47309
0.468912
0.465644
0.47064
0.496814
0.526882
0.59156
0.6674
0.756964
0.86774
1.00369
1.14463
1.30926
1.47667
1.69047
1.91175
2.12617
2.37345
2.75132
3.06953
3.01625
2.31889
1.24457
1.00592
0.649058
0.545377
0.47913
0.470218
0.468894
0.472165
0.470025
0.467264
0.466466
0.468256
0.471719
0.473037
0.469014
0.466513
0.473265
0.499136
0.528233
0.592291
0.665897
0.756212
0.861739
0.991087
1.13565
1.29255
1.45425
1.663
1.87388
2.08103
2.331
2.69728
3.03605
3.00041
2.40064
1.28887
1.00799
0.672789
0.570866
0.492478
0.468444
0.467904
0.47159
0.46969
0.467225
0.466227
0.468212
0.471475
0.47267
0.468602
0.466044
0.473772
0.498305
0.527205
0.591592
0.665824
0.757982
0.860986
0.983737
1.11301
1.26809
1.43583
1.62534
1.83223
2.04869
2.28853
2.64026
3.0033
2.98415
2.45598
1.34237
1.01112
0.683052
0.591153
0.512795
0.467891
0.466748
0.470463
0.468794
0.46646
0.465423
0.467439
0.470025
0.47049
0.465169
0.461522
0.469552
0.49032
0.517048
0.582093
0.657865
0.751793
0.852408
0.967334
1.095
1.23621
1.409
1.59496
1.78582
2.01856
2.25205
2.59101
2.96974
2.97393
2.48714
1.39624
1.01546
0.682816
0.612091
0.541643
0.471954
0.466583
0.468163
0.466525
0.463536
0.463334
0.46528
0.467097
0.46641
0.459444
0.454634
0.462225
0.478986
0.502235
0.56559
0.638196
0.732511
0.830535
0.943493
1.075
1.21666
1.38191
1.55759
1.75861
1.98689
2.2122
2.53793
2.92925
2.96029
2.53701
1.46128
1.02151
0.687476
0.632517
0.56701
0.48214
0.464938
0.464801
0.463127
0.460652
0.459869
0.462413
0.464259
0.463358
0.45751
0.453704
0.458279
0.473071
0.493203
0.554336
0.619386
0.70699
0.801409
0.913926
1.04205
1.19451
1.35665
1.52676
1.73775
1.9517
2.16225
2.4731
2.87124
2.93687
2.57995
1.53583
1.03031
0.701181
0.655839
0.593231
0.500864
0.465254
0.46358
0.462125
0.460353
0.459173
0.460847
0.46299
0.46172
0.457086
0.454353
0.457644
0.470662
0.490886
0.552856
0.615885
0.699551
0.789761
0.898292
1.02399
1.16953
1.32294
1.50325
1.70046
1.89626
2.11529
2.41199
2.81256
2.90399
2.62143
1.61684
1.04225
0.746841
0.688421
0.621376
0.523736
0.46836
0.462839
0.461506
0.460016
0.458903
0.459609
0.461777
0.460261
0.456469
0.453928
0.456588
0.467657
0.489415
0.551689
0.613222
0.695846
0.782774
0.888013
1.00841
1.1427
1.29308
1.468
1.64706
1.84104
2.06652
2.34726
2.75692
2.87472
2.65272
1.70409
1.0594
0.791454
0.731131
0.658098
0.558985
0.478329
0.461235
0.459997
0.458692
0.457365
0.457107
0.458661
0.456237
0.452342
0.448881
0.450644
0.459406
0.482434
0.543333
0.600894
0.68232
0.766856
0.868447
0.984995
1.11215
1.25991
1.42063
1.5928
1.79692
2.0053
2.28072
2.68672
2.83518
2.65736
1.79347
1.08264
0.814785
0.776039
0.698466
0.595075
0.495497
0.461421
0.458047
0.455999
0.454291
0.453393
0.453157
0.450277
0.44699
0.442863
0.444514
0.449904
0.470986
0.526551
0.577878
0.656327
0.739768
0.841237
0.955667
1.08276
1.22602
1.37923
1.55851
1.75586
1.95335
2.21384
2.61146
2.79365
2.66158
1.88045
1.1144
0.79528
0.794651
0.724752
0.644364
0.53294
0.46602
0.454632
0.45293
0.451034
0.449294
0.448147
0.446187
0.444178
0.440692
0.44216
0.445203
0.463914
0.516518
0.5629
0.640194
0.72
0.816993
0.929544
1.05335
1.19065
1.3432
1.52049
1.71011
1.90959
2.15041
2.52913
2.75098
2.66065
1.97112
1.15525
0.759939
0.794202
0.751959
0.700394
0.580259
0.477967
0.45194
0.448591
0.446709
0.444651
0.443291
0.442369
0.441151
0.437931
0.438916
0.440349
0.458625
0.510249
0.554537
0.630563
0.706675
0.79719
0.90508
1.02302
1.15423
1.30434
1.47341
1.65844
1.85187
2.08187
2.44716
2.70256
2.64976
2.05599
1.20993
0.730801
0.775961
0.764159
0.725758
0.632912
0.512712
0.453
0.443601
0.440641
0.437859
0.436508
0.436172
0.435109
0.432044
0.433492
0.433834
0.450525
0.500153
0.543337
0.617327
0.68918
0.775541
0.877655
0.990099
1.11749
1.26221
1.42481
1.6054
1.79225
2.00825
2.35449
2.65149
2.62161
2.12791
1.27685
0.724311
0.748108
0.764493
0.74009
0.69335
0.562962
0.46147
0.435719
0.431483
0.429084
0.428675
0.428619
0.427935
0.425192
0.426845
0.427836
0.445943
0.488043
0.52876
0.600592
0.668074
0.75282
0.849942
0.9562
1.07959
1.21801
1.37227
1.54518
1.7305
1.94257
2.26664
2.58982
2.5865
2.18897
1.35908
0.730789
0.72663
0.752091
0.733296
0.708024
0.623629
0.493135
0.432309
0.424164
0.421142
0.420746
0.421558
0.422374
0.420407
0.420274
0.42106
0.440907
0.474546
0.512294
0.582058
0.645652
0.72935
0.822444
0.92392
1.04257
1.17546
1.32369
1.49086
1.66894
1.86749
2.17583
2.52466
2.54855
2.22801
1.45424
0.738313
0.722407
0.733737
0.733153
0.722993
0.688102
0.548925
0.440627
0.41462
0.412709
0.412843
0.415446
0.417065
0.415574
0.41433
0.415576
0.434334
0.461984
0.49607
0.563366
0.62215
0.702664
0.791426
0.888394
1.0021
1.12842
1.27278
1.43718
1.61354
1.80047
2.07853
2.44111
2.50096
2.25743
1.55856
0.73444
0.719894
0.718352
0.729843
0.719813
0.692062
0.612661
0.477961
0.411271
0.404496
0.40625
0.408834
0.410276
0.409065
0.407805
0.409917
0.424916
0.448461
0.482631
0.546467
0.600787
0.678057
0.761862
0.854787
0.964523
1.08484
1.22252
1.37778
1.54457
1.72838
1.99443
2.36105
2.45279
2.26672
1.67361
0.724989
0.716603
0.710543
0.721983
0.715272
0.704751
0.675166
0.540493
0.423502
0.393517
0.397986
0.40015
0.401449
0.39971
0.399122
0.402509
0.414262
0.43523
0.469075
0.528866
0.580291
0.653409
0.733163
0.82227
0.926601
1.04315
1.1748
1.32398
1.4839
1.65412
1.89655
2.26483
2.39542
2.26284
1.792
0.71753
0.715515
0.707471
0.712294
0.707241
0.700104
0.676204
0.611416
0.476413
0.39519
0.385386
0.388766
0.390502
0.38938
0.390402
0.393812
0.402722
0.419099
0.453323
0.510977
0.560068
0.629498
0.702684
0.789597
0.886915
0.996836
1.12028
1.26128
1.41988
1.59031
1.81605
2.16602
2.32891
2.24216
1.9053
0.716942
0.715815
0.706929
0.702894
0.697968
0.693381
0.685836
0.672385
0.553668
0.420608
0.377911
0.3766
0.378357
0.378704
0.381385
0.384933
0.392144
0.405457
0.438593
0.491558
0.539023
0.606775
0.6758
0.759486
0.850751
0.954894
1.0723
1.20581
1.35507
1.51588
1.73075
2.07189
2.26805
2.21522
2.01699
0.729354
0.723381
0.714506
0.702312
0.696734
0.696422
0.701071
0.697245
0.639382
0.491572
0.385456
0.365822
0.367853
0.370198
0.372737
0.374809
0.37836
0.391066
0.427292
0.470401
0.516322
0.582238
0.646843
0.726207
0.812575
0.911803
1.02444
1.1542
1.2999
1.45116
1.64328
1.96217
2.19535
2.17312
2.1135
0.73557
0.73175
0.726716
0.710324
0.701238
0.69715
0.696644
0.685979
0.661635
0.599824
0.436307
0.368325
0.361154
0.364952
0.36601
0.365984
0.365573
0.376896
0.41814
0.452746
0.495262
0.557651
0.619894
0.694776
0.776039
0.870307
0.974846
1.0957
1.23479
1.38441
1.56695
1.8622
2.11788
2.12673
2.18544
0.746523
0.745547
0.7404
0.72211
0.710834
0.701604
0.691626
0.678023
0.673516
0.657051
0.526282
0.392986
0.359824
0.355317
0.355611
0.353052
0.354654
0.373097
0.407214
0.436315
0.478997
0.541586
0.597631
0.669343
0.747799
0.836521
0.936841
1.0523
1.18331
1.32417
1.49718
1.77752
2.0521
2.09185
2.2413
0.818985
0.806435
0.795612
0.78799
0.770873
0.75669
0.736373
0.710164
0.696445
0.694509
0.657698
0.529078
0.406903
0.35684
0.346709
0.344092
0.348177
0.364354
0.38823
0.414961
0.45604
0.515001
0.563574
0.629463
0.702919
0.78328
0.877455
0.9855
1.10738
1.23589
1.38975
1.64082
1.92808
2.01779
2.2327
)
;

boundaryField
{
    inlet
    {
        type            fixedValue;
        value           uniform 1;
    }
    outlet
    {
        type            zeroGradient;
    }
    airfoil
    {
        type            zeroGradient;
    }
    top
    {
        type            symmetryPlane;
    }
    bottom
    {
        type            symmetryPlane;
    }
    defaultFaces
    {
        type            empty;
    }
}


// ************************************************************************* //
