/*--------------------------------*- C++ -*----------------------------------*\
  =========                 |
  \\      /  F ield         | OpenFOAM: The Open Source CFD Toolbox
   \\    /   O peration     | Website:  https://openfoam.org
    \\  /    A nd           | Version:  7
     \\/     M anipulation  |
\*---------------------------------------------------------------------------*/
FoamFile
{
    version     2.0;
    format      ascii;
    class       volScalarField;
    location    "5.8";
    object      T;
}
// * * * * * * * * * * * * * * * * * * * * * * * * * * * * * * * * * * * * * //

dimensions      [0 0 0 1 0 0 0];

internalField   nonuniform List<scalar> 
8400
(
0.980932
1.17141
1.24324
1.29509
1.32306
1.33872
1.35889
1.35445
1.35156
1.3438
1.33283
1.33385
1.34178
1.34292
1.34707
1.35624
1.35411
1.34478
1.3287
1.30864
1.29086
1.28129
1.27922
1.28122
1.28106
1.28018
1.27892
1.27935
1.2776
1.27551
0.499509
0.50304
0.545923
0.647507
0.80833
0.962164
1.09239
1.2197
1.3093
1.39173
1.46401
1.50589
1.54533
1.55145
1.54884
1.53346
1.51014
1.4767
1.44819
1.42309
1.40574
1.40781
1.41767
1.43197
1.43136
1.4248
1.41136
1.39851
1.39097
1.38942
0.478021
0.472037
0.465975
0.460591
0.454725
0.448111
0.439354
0.469612
0.566405
0.751217
0.978756
1.16628
1.2865
1.39578
1.48564
1.51209
1.53611
1.53523
1.53228
1.52307
1.52007
1.51369
1.51444
1.51503
1.5168
1.51995
1.51589
1.5029
1.48894
1.47612
0.444812
0.443399
0.441315
0.438719
0.436722
0.434648
0.431723
0.429141
0.428843
0.429659
0.431543
0.431993
0.453847
0.584307
0.801774
1.03303
1.20554
1.37588
1.51088
1.56066
1.57207
1.56527
1.55713
1.54562
1.53518
1.53743
1.53575
1.52613
1.51611
1.50321
0.432416
0.432317
0.432107
0.431464
0.431119
0.43101
0.430058
0.428502
0.428575
0.430833
0.437646
0.44328
0.442258
0.442447
0.445623
0.453265
0.465509
0.601432
0.85519
1.11164
1.268
1.37338
1.43874
1.45812
1.47531
1.49293
1.49258
1.48354
1.48614
1.47748
0.430283
0.430476
0.430881
0.431193
0.432181
0.434764
0.438224
0.440234
0.443179
0.450257
0.460323
0.470668
0.473837
0.474205
0.475281
0.479946
0.488063
0.489959
0.489562
0.490898
0.557748
0.752207
0.944906
1.10413
1.20679
1.25985
1.29785
1.33786
1.37437
1.38684
0.443674
0.445279
0.447593
0.451166
0.456783
0.463143
0.468555
0.473699
0.479206
0.484903
0.488248
0.492603
0.496413
0.496472
0.496563
0.498078
0.504107
0.50628
0.509244
0.517984
0.528238
0.538022
0.541673
0.57693
0.683525
0.831299
0.954436
1.08171
1.13052
1.19674
0.486562
0.487309
0.487632
0.488662
0.491491
0.495666
0.500065
0.505097
0.506156
0.504886
0.504639
0.506906
0.512482
0.515553
0.519285
0.526449
0.537258
0.546667
0.553443
0.559505
0.564693
0.566493
0.567788
0.566162
0.566621
0.568612
0.582429
0.672813
0.768878
0.963575
0.522273
0.520194
0.517162
0.516588
0.517369
0.520686
0.527815
0.535891
0.537993
0.538922
0.541505
0.54683
0.554138
0.561975
0.569055
0.574485
0.579762
0.582515
0.58274
0.582854
0.582485
0.579879
0.579905
0.582798
0.590182
0.598747
0.605176
0.60893
0.609014
0.6488
0.569109
0.567138
0.56391
0.563032
0.563937
0.567664
0.575569
0.585201
0.591129
0.59168
0.591429
0.591991
0.594606
0.597706
0.59787
0.597451
0.597708
0.598225
0.596936
0.596654
0.599332
0.606269
0.614082
0.620737
0.627473
0.630205
0.631181
0.630753
0.630988
0.632482
0.619309
0.618484
0.613036
0.609427
0.609272
0.610336
0.614733
0.622484
0.62678
0.626341
0.62383
0.62143
0.621703
0.62305
0.624005
0.625484
0.628482
0.632366
0.636308
0.640217
0.64409
0.648979
0.652257
0.653094
0.652054
0.649839
0.647097
0.647423
0.650089
0.656784
0.669601
0.670389
0.66849
0.661017
0.657038
0.657113
0.659069
0.664547
0.669845
0.671029
0.670077
0.668933
0.66937
0.67096
0.672302
0.673272
0.675627
0.678294
0.678401
0.677702
0.676395
0.675486
0.673992
0.671955
0.669152
0.66976
0.67254
0.676606
0.679633
0.681524
0.719908
0.72157
0.722101
0.719454
0.711236
0.707
0.707322
0.70978
0.713839
0.71531
0.714292
0.711976
0.711105
0.710653
0.709386
0.706835
0.705908
0.705899
0.705704
0.704607
0.703181
0.703115
0.703769
0.705223
0.707347
0.710009
0.71121
0.711396
0.710677
0.708081
0.77235
0.774673
0.775783
0.775542
0.771093
0.762255
0.758085
0.758437
0.761381
0.763122
0.762007
0.757909
0.756493
0.756476
0.75535
0.75156
0.750361
0.750379
0.750012
0.748801
0.74722
0.745784
0.745019
0.743815
0.741828
0.739299
0.736399
0.732883
0.729226
0.726342
0.827911
0.830377
0.831353
0.831263
0.830081
0.823389
0.813873
0.81116
0.813028
0.813962
0.812572
0.807042
0.80302
0.803046
0.80234
0.797867
0.792886
0.791307
0.789903
0.787707
0.784411
0.780913
0.777748
0.77476
0.771886
0.768522
0.766335
0.7642
0.763245
0.762226
0.888083
0.888138
0.887178
0.886898
0.886431
0.882998
0.875076
0.867945
0.86603
0.866966
0.866019
0.859968
0.851595
0.85023
0.849792
0.846664
0.840681
0.836286
0.833302
0.830128
0.82651
0.822387
0.818308
0.815019
0.811901
0.808483
0.805062
0.801821
0.798342
0.791284
0.945905
0.944158
0.946134
0.946596
0.944587
0.941647
0.936165
0.927484
0.920272
0.919317
0.919171
0.91554
0.904737
0.90022
0.899299
0.896391
0.889908
0.883698
0.879043
0.874595
0.870192
0.864977
0.859408
0.854453
0.849398
0.844005
0.838882
0.833236
0.828027
0.820428
1.01711
1.00752
1.00086
0.999524
1.0019
1.00276
0.998278
0.988478
0.977514
0.973399
0.973883
0.971124
0.959611
0.952213
0.950392
0.947395
0.94077
0.93313
0.926517
0.920646
0.915319
0.909388
0.902595
0.895804
0.889832
0.883694
0.877305
0.870943
0.865421
0.856359
1.08674
1.07564
1.0638
1.06212
1.06426
1.06383
1.05794
1.04935
1.03691
1.03216
1.03146
1.02733
1.01558
1.00644
1.00329
0.999268
0.99219
0.983542
0.975547
0.968189
0.961214
0.954547
0.946917
0.93884
0.931342
0.924036
0.91641
0.908617
0.901763
0.890378
1.15049
1.14587
1.13692
1.13147
1.12943
1.12616
1.11989
1.1127
1.10385
1.09565
1.09066
1.08472
1.07474
1.06581
1.05921
1.05174
1.04351
1.03479
1.0254
1.01695
1.0088
1.0005
0.992048
0.983033
0.974242
0.965587
0.957094
0.948162
0.940067
0.927185
1.18375
1.18321
1.18159
1.17887
1.17603
1.17316
1.16999
1.16638
1.16222
1.15639
1.15023
1.14467
1.13718
1.12769
1.11898
1.11009
1.10022
1.09056
1.08004
1.0692
1.05942
1.04919
1.03897
1.02871
1.01842
1.00847
0.998563
0.988448
0.979557
0.964907
1.18374
1.184
1.1838
1.18304
1.18279
1.18279
1.18232
1.1821
1.18167
1.18041
1.17897
1.17766
1.17529
1.17184
1.16782
1.16243
1.1551
1.14683
1.13771
1.12715
1.11583
1.1041
1.0916
1.07906
1.06668
1.0544
1.0426
1.03066
1.02024
1.00361
1.15493
1.15925
1.16498
1.17015
1.17172
1.17005
1.16939
1.17184
1.17484
1.17695
1.17686
1.1762
1.17694
1.17739
1.17695
1.1756
1.17447
1.17333
1.1716
1.16828
1.1628
1.15524
1.14574
1.13457
1.12182
1.10786
1.09349
1.07874
1.06568
1.04535
1.07445
1.08174
1.08962
1.09585
1.10285
1.10952
1.11457
1.12069
1.12896
1.13871
1.14231
1.1454
1.15164
1.16136
1.16386
1.165
1.16727
1.16978
1.17027
1.17015
1.16977
1.16906
1.16779
1.16546
1.16121
1.15416
1.1442
1.1314
1.11794
1.09423
1.01018
1.01191
1.01444
1.0174
1.02074
1.02498
1.02954
1.03463
1.04076
1.04867
1.05738
1.0663
1.07576
1.0874
1.09955
1.10956
1.11977
1.12983
1.14012
1.14768
1.15371
1.15804
1.16125
1.16336
1.16321
1.16273
1.16154
1.15895
1.1546
1.14029
1.00028
1.00034
1.00045
1.0006
1.0008
1.00111
1.0015
1.00202
1.00274
1.00381
1.00545
1.00762
1.01051
1.01426
1.01997
1.02687
1.03566
1.04626
1.05894
1.07333
1.08782
1.10319
1.11647
1.13013
1.14012
1.14709
1.15299
1.15582
1.15555
1.15384
1
1
1
1.00001
1.00001
1.00001
1.00002
1.00002
1.00004
1.00006
1.0001
1.00016
1.00026
1.00043
1.00075
1.00128
1.00217
1.00366
1.00604
1.01005
1.01576
1.02442
1.03596
1.05023
1.0678
1.08584
1.10313
1.11969
1.1321
1.14331
1
1
1
1
1
1
1
1
1
1
1
1
1
1
1.00001
1.00001
1.00003
1.00005
1.00012
1.00025
1.00053
1.00113
1.00232
1.00465
1.00889
1.01617
1.02718
1.04298
1.06051
1.09226
1
1
1
1
1
1
1
1
1
1
1
1
1
1
1
1
1
1
1
1
1
1.00001
1.00003
1.00008
1.00022
1.00059
1.00148
1.00365
1.00745
1.02336
1
1
1
1
1
1
1
1
1
1
1
1
1
1
1
1
1
1
1
1
1
1
1
1
1
1.00001
1.00002
1.00007
1.00019
1.00158
0.522756
0.510082
0.484938
0.446607
0.43246
0.430981
0.442477
0.485261
0.522631
0.568625
0.617622
0.667611
0.717878
0.770394
0.827036
0.891112
0.960923
1.02824
1.09539
1.15583
1.1846
1.18278
1.14964
1.06717
1.00824
1.00022
1
1
1
1
0.523748
0.509355
0.481831
0.442393
0.430759
0.433901
0.447929
0.491817
0.529039
0.57489
0.623582
0.672566
0.72388
0.780486
0.847166
0.917704
0.982588
1.04508
1.11002
1.1662
1.18671
1.18023
1.14001
1.0531
1.00474
1.00009
1
1
1
1
0.530032
0.513844
0.482036
0.441436
0.430077
0.435535
0.449374
0.492471
0.529506
0.575143
0.624421
0.673947
0.732517
0.801978
0.869999
0.932513
0.992447
1.05459
1.12119
1.17437
1.18782
1.17842
1.13054
1.03993
1.00268
1.00004
1
1
1
1
0.53428
0.517838
0.482949
0.440827
0.427784
0.435393
0.449464
0.491168
0.528295
0.573414
0.62723
0.692092
0.760517
0.823162
0.88192
0.940295
1.0004
1.06574
1.13557
1.18273
1.18854
1.17827
1.11444
1.02703
1.00136
1.00002
1
1
1
1
0.537465
0.520535
0.483337
0.439321
0.424807
0.434614
0.449578
0.492509
0.533802
0.588862
0.65289
0.715275
0.772942
0.830174
0.888578
0.950102
1.01886
1.08842
1.15318
1.18809
1.18902
1.17161
1.09511
1.01784
1.00069
1.00001
1
1
1
1
0.539592
0.521321
0.48149
0.435439
0.421698
0.434561
0.457178
0.508275
0.556629
0.611231
0.66585
0.721916
0.776884
0.83433
0.899182
0.973476
1.04296
1.10757
1.1645
1.18987
1.1888
1.15773
1.07849
1.01159
1.00034
1
1
1
1
1
0.54014
0.519391
0.476474
0.430727
0.420074
0.438669
0.472357
0.524201
0.56795
0.617276
0.669006
0.723387
0.779957
0.847204
0.926843
0.99516
1.05713
1.1198
1.17244
1.19077
1.1856
1.14847
1.06357
1.00694
1.00016
1
1
1
1
1
0.538158
0.513744
0.472722
0.428375
0.420046
0.445069
0.480371
0.529542
0.571108
0.618215
0.670604
0.725711
0.798896
0.879839
0.946727
1.00693
1.06845
1.13398
1.18137
1.1917
1.18277
1.13875
1.04736
1.00386
1.00007
1
1
1
1
1
0.536727
0.511914
0.470799
0.427566
0.421196
0.447399
0.481529
0.529864
0.572452
0.618452
0.680774
0.75838
0.833047
0.89739
0.957584
1.01935
1.08801
1.15314
1.18898
1.19238
1.18182
1.12192
1.03211
1.00193
1.00003
1
1
1
1
1
0.537613
0.512116
0.468937
0.425947
0.420703
0.447395
0.478941
0.527922
0.577178
0.642979
0.71493
0.783639
0.846348
0.906753
0.970922
1.04424
1.1117
1.16758
1.1929
1.19302
1.1762
1.09986
1.02041
1.0009
1.00001
1
1
1
1
1
0.540959
0.515178
0.465513
0.421913
0.415711
0.446063
0.48097
0.539545
0.607234
0.670263
0.730152
0.791624
0.853045
0.918496
0.996811
1.066
1.12711
1.17672
1.19461
1.19291
1.16084
1.08119
1.01278
1.00042
1
1
1
1
1
1
0.545498
0.518893
0.459193
0.416497
0.412974
0.448739
0.500544
0.564932
0.620697
0.67854
0.735498
0.795571
0.863495
0.946775
1.01859
1.08141
1.14104
1.18504
1.19519
1.18913
1.14986
1.06448
1.00736
1.00018
1
1
1
1
1
1
0.54986
0.519303
0.451943
0.411414
0.414097
0.458693
0.512308
0.572415
0.62434
0.679711
0.739301
0.809313
0.897773
0.971951
1.03441
1.0985
1.15798
1.19171
1.19517
1.18508
1.13852
1.04657
1.00386
1.00007
1
1
1
1
1
1
0.552803
0.517027
0.448439
0.408676
0.422889
0.464772
0.515711
0.574286
0.627363
0.681771
0.761089
0.8511
0.924671
0.988361
1.05338
1.122
1.17307
1.19526
1.19497
1.18176
1.11878
1.0303
1.00183
1.00003
1
1
1
1
1
1
0.553735
0.515748
0.447714
0.40796
0.428105
0.466759
0.517928
0.577997
0.640277
0.719063
0.801444
0.874061
0.939379
1.00737
1.08044
1.1408
1.18389
1.19676
1.19614
1.17454
1.09402
1.01818
1.00079
1.00001
1
1
1
1
1
1
0.55297
0.515828
0.450808
0.410474
0.430596
0.475024
0.532139
0.604658
0.678401
0.748699
0.817395
0.885315
0.956101
1.03595
1.10145
1.15596
1.19163
1.19736
1.19483
1.15655
1.07287
1.01033
1.00033
1
1
1
1
1
1
1
0.551857
0.516213
0.456752
0.415628
0.433098
0.489366
0.558905
0.629056
0.69652
0.761382
0.827315
0.899006
0.986578
1.06058
1.12032
1.17091
1.19574
1.19744
1.18789
1.14102
1.05383
1.00534
1.00013
1
1
1
1
1
1
1
0.552513
0.515939
0.459741
0.418214
0.443179
0.506679
0.576173
0.640697
0.70453
0.770175
0.843966
0.936876
1.01692
1.08171
1.14134
1.18262
1.19776
1.1971
1.18146
1.12527
1.03606
1.00257
1.00005
1
1
1
1
1
1
1
0.558308
0.516425
0.460355
0.41896
0.455091
0.518172
0.58089
0.646925
0.712241
0.792324
0.887562
0.97046
1.03846
1.10487
1.16048
1.19071
1.19905
1.19541
1.17493
1.10288
1.022
1.00112
1.00002
1
1
1
1
1
1
1
0.565332
0.514775
0.455982
0.421702
0.461354
0.518567
0.579835
0.660245
0.749092
0.839824
0.920095
0.990852
1.06162
1.12946
1.17563
1.1967
1.19975
1.19634
1.16528
1.077
1.01174
1.00041
1
1
1
1
1
1
1
1
0.570975
0.501118
0.441065
0.424946
0.459994
0.520163
0.59805
0.705612
0.790545
0.865478
0.938273
1.01369
1.09262
1.14978
1.18763
1.19991
1.20045
1.19496
1.14244
1.05246
1.00537
1.00014
1
1
1
1
1
1
1
1
0.57418
0.487965
0.426262
0.426184
0.459531
0.537568
0.647242
0.737914
0.810846
0.882533
0.960917
1.05058
1.11979
1.16739
1.19487
1.20072
1.19987
1.18125
1.11765
1.03323
1.00236
1.00005
1
1
1
1
1
1
1
1
0.58124
0.478343
0.412243
0.425485
0.484187
0.584386
0.675173
0.752347
0.825997
0.90933
1.00585
1.08539
1.14252
1.18132
1.19812
1.20015
1.19623
1.16779
1.09593
1.01987
1.00101
1.00001
1
1
1
1
1
1
1
1
0.589691
0.47051
0.403194
0.42509
0.521524
0.612912
0.687102
0.766009
0.859385
0.959864
1.04465
1.11117
1.16275
1.19072
1.19989
1.19859
1.19062
1.15622
1.07267
1.01033
1.00035
1
1
1
1
1
1
1
1
1
0.593734
0.467128
0.40039
0.445527
0.548699
0.62098
0.697151
0.80562
0.915171
0.999946
1.07204
1.13597
1.17978
1.19701
1.20052
1.19903
1.18762
1.13837
1.04642
1.0044
1.00011
1
1
1
1
1
1
1
1
1
0.59214
0.467518
0.409854
0.478434
0.555874
0.631951
0.737634
0.866201
0.953915
1.02922
1.10174
1.16144
1.19189
1.20039
1.20101
1.20045
1.18361
1.10644
1.02471
1.00152
1.00003
1
1
1
1
1
1
1
1
1
0.591778
0.470999
0.43634
0.49925
0.558323
0.66435
0.807624
0.906318
0.984791
1.0648
1.13615
1.17991
1.19842
1.20156
1.20144
1.19765
1.15898
1.07492
1.01216
1.0005
1.00001
1
1
1
1
1
1
1
1
1
0.588454
0.461437
0.449278
0.504684
0.600431
0.742363
0.848969
0.939199
1.02695
1.10743
1.16197
1.19134
1.20112
1.20186
1.20077
1.18652
1.13446
1.05104
1.00557
1.00016
1
1
1
1
1
1
1
1
1
1
0.563606
0.440696
0.44784
0.513264
0.657867
0.78722
0.885282
0.985693
1.07589
1.13997
1.17992
1.19797
1.20232
1.20159
1.19762
1.1765
1.11476
1.03115
1.00218
1.00004
1
1
1
1
1
1
1
1
1
1
0.551733
0.439042
0.439864
0.562603
0.720003
0.825599
0.933373
1.04164
1.11573
1.16501
1.19246
1.20135
1.20265
1.20067
1.19382
1.16563
1.08581
1.0146
1.00066
1.00001
1
1
1
1
1
1
1
1
1
1
0.535192
0.440251
0.476929
0.634842
0.757439
0.874275
1.0009
1.08814
1.1489
1.18391
1.19895
1.20252
1.20265
1.20153
1.19295
1.14222
1.04871
1.00515
1.00016
1
1
1
1
1
1
1
1
1
1
1
0.525207
0.438542
0.539204
0.688172
0.816975
0.952371
1.0565
1.12777
1.17633
1.19422
1.20125
1.20255
1.20265
1.20134
1.17966
1.10129
1.02359
1.00158
1.00003
1
1
1
1
1
1
1
1
1
1
1
0.527418
0.479872
0.607245
0.743459
0.892594
1.01973
1.1054
1.16237
1.19345
1.19821
1.2017
1.2021
1.20123
1.19227
1.14877
1.0681
1.01085
1.00044
1.00001
1
1
1
1
1
1
1
1
1
1
1
0.530617
0.532368
0.666388
0.83176
0.980626
1.07928
1.14858
1.18583
1.20137
1.19919
1.20166
1.20165
1.19813
1.17971
1.12521
1.04295
1.00402
1.00011
1
1
1
1
1
1
1
1
1
1
1
1
0.368224
0.547896
0.750578
0.929886
1.05328
1.13233
1.17884
1.19845
1.20331
1.1995
1.20224
1.20149
1.19431
1.16874
1.0974
1.01967
1.00108
1.00002
1
1
1
1
1
1
1
1
1
1
1
1
0.107294
0.577918
0.858403
1.02191
1.1163
1.17119
1.1953
1.20316
1.2036
1.19921
1.20331
1.20208
1.19205
1.14843
1.05417
1.0061
1.00021
1
1
1
1
1
1
1
1
1
1
1
1
1
0.204742
0.720324
0.965982
1.09883
1.16443
1.19243
1.20162
1.20416
1.2035
1.1988
1.20385
1.20165
1.18374
1.10171
1.02182
1.00142
1.00003
1
1
1
1
1
1
1
1
1
1
1
1
1
0.373013
0.817359
1.06503
1.15879
1.19107
1.20083
1.20315
1.20427
1.20357
1.1982
1.20367
1.19288
1.1449
1.05705
1.00736
1.00026
1
1
1
1
1
1
1
1
1
1
1
1
1
1
0.68277
1.00199
1.15099
1.19183
1.20092
1.20258
1.20347
1.20456
1.20392
1.19769
1.20051
1.17592
1.10692
1.02703
1.00172
1.00003
1
1
1
1
1
1
1
1
1
1
1
1
1
1
0.996406
1.14878
1.19355
1.20197
1.20268
1.20278
1.20368
1.20525
1.20405
1.19736
1.19353
1.15479
1.06403
1.00706
1.00018
1
1
1
1
1
1
1
1
1
1
1
1
1
1
1
1.20217
1.20317
1.20355
1.20354
1.20276
1.20271
1.20428
1.2057
1.20346
1.19562
1.18397
1.11411
1.01827
0.999779
0.999976
1
1
1
1
1
1
1
1
1
1
1
1
1
1
1
1.20206
1.20289
1.20345
1.20367
1.20263
1.20242
1.20407
1.2058
1.20423
1.19433
1.17752
1.0984
1.01861
1.00076
1.00001
1
1
1
1
1
1
1
1
1
1
1
1
1
1
1
1.20211
1.20272
1.20346
1.2038
1.20298
1.20256
1.20361
1.20555
1.20391
1.19049
1.16395
1.07194
1.00691
1.0001
1
1
1
1
1
1
1
1
1
1
1
1
1
1
1
1
1.20222
1.20238
1.20336
1.20392
1.2034
1.2027
1.20301
1.20539
1.2039
1.18852
1.14968
1.04845
1.00294
1.00004
1
1
1
1
1
1
1
1
1
1
1
1
1
1
1
1
1.20228
1.20215
1.20304
1.20406
1.20408
1.20289
1.2022
1.20468
1.20422
1.18797
1.12351
1.02703
1.00105
1.00001
1
1
1
1
1
1
1
1
1
1
1
1
1
1
1
1
1.20227
1.20207
1.20268
1.2041
1.20455
1.20367
1.20103
1.20235
1.20329
1.1794
1.09721
1.01514
1.00037
1
1
1
1
1
1
1
1
1
1
1
1
1
1
1
1
1
1.20239
1.202
1.20219
1.20364
1.20459
1.20447
1.2003
1.19992
1.19966
1.16545
1.07317
1.00699
1.00011
1
1
1
1
1
1
1
1
1
1
1
1
1
1
1
1
1
1.20244
1.20196
1.20191
1.2031
1.20456
1.20543
1.20044
1.19835
1.19691
1.15064
1.049
1.00288
1.00003
1
1
1
1
1
1
1
1
1
1
1
1
1
1
1
1
1
1.20242
1.20197
1.20185
1.20258
1.20441
1.20609
1.20288
1.19829
1.19529
1.12585
1.02768
1.00105
1.00001
1
1
1
1
1
1
1
1
1
1
1
1
1
1
1
1
1
1.20243
1.20225
1.20197
1.20202
1.20371
1.20628
1.20518
1.19793
1.18341
1.09514
1.01387
1.00033
1
1
1
1
1
1
1
1
1
1
1
1
1
1
1
1
1
1
1.20237
1.2026
1.20214
1.20176
1.20268
1.20621
1.20683
1.19594
1.16412
1.06941
1.00623
1.00009
1
1
1
1
1
1
1
1
1
1
1
1
1
1
1
1
1
1
1.20227
1.2027
1.20271
1.2016
1.20144
1.20603
1.20774
1.19527
1.14575
1.04493
1.00239
1.00002
1
1
1
1
1
1
1
1
1
1
1
1
1
1
1
1
1
1
1.20201
1.20248
1.20288
1.20189
1.20038
1.20477
1.20808
1.19322
1.12063
1.02359
1.00077
1.00001
1
1
1
1
1
1
1
1
1
1
1
1
1
1
1
1
1
1
1.2018
1.20196
1.20265
1.20262
1.20012
1.20426
1.20678
1.17686
1.09066
1.01137
1.00023
1
1
1
1
1
1
1
1
1
1
1
1
1
1
1
1
1
1
1
1.20175
1.20125
1.20256
1.20351
1.20116
1.20497
1.20547
1.16151
1.06361
1.00477
1.00006
1
1
1
1
1
1
1
1
1
1
1
1
1
1
1
1
1
1
1
1.20192
1.2006
1.20143
1.2046
1.20466
1.20619
1.20444
1.13993
1.03549
1.00155
1.00001
1
1
1
1
1
1
1
1
1
1
1
1
1
1
1
1
1
1
1
1.20194
1.20018
1.19995
1.20496
1.20868
1.20376
1.19112
1.10713
1.0172
1.00045
1
1
1
1
1
1
1
1
1
1
1
1
1
1
1
1
1
1
1
1
1.20193
1.19972
1.19879
1.2062
1.21142
1.20184
1.17281
1.07904
1.00782
1.00012
1
1
1
1
1
1
1
1
1
1
1
1
1
1
1
1
1
1
1
1
1.20107
1.19947
1.19847
1.20821
1.21274
1.20174
1.1542
1.0485
1.00262
1.00003
1
1
1
1
1
1
1
1
1
1
1
1
1
1
1
1
1
1
1
1
1.19975
1.19936
1.19855
1.2095
1.21336
1.19636
1.12506
1.02407
1.00077
1.00001
1
1
1
1
1
1
1
1
1
1
1
1
1
1
1
1
1
1
1
1
1.19851
1.20001
1.20074
1.21042
1.21373
1.18052
1.09206
1.01106
1.00021
1
1
1
1
1
1
1
1
1
1
1
1
1
1
1
1
1
1
1
1
1
1.19694
1.2015
1.20462
1.21152
1.21434
1.16461
1.05864
1.00381
1.00004
1
1
1
1
1
1
1
1
1
1
1
1
1
1
1
1
1
1
1
1
1
1.19532
1.20294
1.20877
1.21052
1.20844
1.13532
1.029
1.00105
1.00001
1
1
1
1
1
1
1
1
1
1
1
1
1
1
1
1
1
1
1
1
1
1.19449
1.20449
1.21333
1.20683
1.19059
1.1007
1.01353
1.00028
1
1
1
1
1
1
1
1
1
1
1
1
1
1
1
1
1
1
1
1
1
1
1.19433
1.20749
1.21648
1.20604
1.17145
1.06658
1.00476
1.00006
1
1
1
1
1
1
1
1
1
1
1
1
1
1
1
1
1
1
1
1
1
1
1.19509
1.21099
1.21792
1.20526
1.14318
1.03246
1.00124
1.00001
1
1
1
1
1
1
1
1
1
1
1
1
1
1
1
1
1
1
1
1
1
1
1.20079
1.21294
1.21793
1.18973
1.10417
1.0143
1.00032
1
1
1
1
1
1
1
1
1
1
1
1
1
1
1
1
1
1
1
1
1
1
1
1.20698
1.21333
1.21767
1.17246
1.0676
1.00495
1.00006
1
1
1
1
1
1
1
1
1
1
1
1
1
1
1
1
1
1
1
1
1
1
1
1.21519
1.21432
1.21522
1.14364
1.03172
1.00122
1.00001
1
1
1
1
1
1
1
1
1
1
1
1
1
1
1
1
1
1
1
1
1
1
1
1.22846
1.20681
1.19501
1.0989
1.01315
1.00029
1
1
1
1
1
1
1
1
1
1
1
1
1
1
1
1
1
1
1
1
1
1
1
1
1.24287
1.19224
1.17069
1.06304
1.00468
1.00006
1
1
1
1
1
1
1
1
1
1
1
1
1
1
1
1
1
1
1
1
1
1
1
1
1.25431
1.18344
1.13093
1.02878
1.00118
1.00001
1
1
1
1
1
1
1
1
1
1
1
1
1
1
1
1
1
1
1
1
1
1
1
1
1.25874
1.16757
1.08835
1.01195
1.00031
1
1
1
1
1
1
1
1
1
1
1
1
1
1
1
1
1
1
1
1
1
1
1
1
1
1.25736
1.14435
1.05554
1.00451
1.00007
1
1
1
1
1
1
1
1
1
1
1
1
1
1
1
1
1
1
1
1
1
1
1
1
1
1.24865
1.11706
1.02796
1.00128
1.00001
1
1
1
1
1
1
1
1
1
1
1
1
1
1
1
1
1
1
1
1
1
1
1
1
1
1.21768
1.08627
1.01339
1.00037
1
1
1
1
1
1
1
1
1
1
1
1
1
1
1
1
1
1
1
1
1
1
1
1
1
1
1.18336
1.05991
1.00518
1.00008
1
1
1
1
1
1
1
1
1
1
1
1
1
1
1
1
1
1
1
1
1
1
1
1
1
1
1.14623
1.03189
1.00145
1.00001
1
1
1
1
1
1
1
1
1
1
1
1
1
1
1
1
1
1
1
1
1
1
1
1
1
1
1.09592
1.01176
1.00025
1
1
1
1
1
1
1
1
1
1
1
1
1
1
1
1
1
1
1
1
1
1
1
1
1
1
1
1.03692
1.00258
1.00002
1
1
1
1
1
1
1
1
1
1
1
1
1
1
1
1
1
1
1
1
1
1
1
1
1
1
1
1
1
1
1
1
1
1
1
1
1
1
1
1
1
1
1
1
1
1
1
1
1
1
1
1
1
1
1
1
1
1
1
1
1
1
1
1
1
1
1
1
1
1
1
1
1
1
1
1
1
1
1
1
1
1
1
1
1
1
1
1
1
1
1
1
1
1
1
1
1
1
1
1
1
1
1
1
1
1
1
1
1
1
1
1
1
1
1
1
1
1
1
1
1
1
1
1
1
1
1
1
1
1
1
1
1
1
1
1
1
1
1
1
1
1
1
1
1
1
1
1
1
1
1
1
1
1
1
1
1
1
1
1
1
1
1
1
1
1
1
1
1
1
1
1
1
1
1
1
1
1
1
1
1
1
1
1
1
1
1
1
1
1
1
1
1
1
1
1
1
1
1
1
1
1
1
1
1
1
1
1
1
1
1
1
1
1
1
1
1
1
1
1
1
1
1
1
1
1
1
1
1
1
1
1
1
1
1
1
1
1
1
1
1
1
1
1
1
1
1
1
1
1
1
1
1
1
1
1
1
1
1
1
1
1
1
1
1
1
1
1
1
1
1
1
1
1
1
1
1
1
1
1
1
1
1
1
1
1
1
1
1
1
1
1
1
1
1
1
1
1
1
1
1
1
1
1
1
1
1
1
1
1
1
1
1
1
1
1
1
1
1
1
1
1
1
1
1
1
1
1
1
1
1
1
1
1
1
1
1
1
1
1
1
1
1
1
1
1
1
1
1
1
1
1
1
1
1
1
1
1
1
1
1
1
1
1
1
1
1
1
1
1
1
1
1
1
1
1
1
1
1
1
1
1
1
1
1
1
1
1
1
1
1
1
1
1
1
1
1
1
1
1
1
1
1
1
1
1
1
1
1
1
1
1
1
1
1
1
1
1
1
1
1
1
1
1
1
1
1
1
1
1
1
1
1
1
1
1
1
1
1
1
1
1
1
1
1
1
1
1
1
1
1
1
1
1
1
1
1
1
1
1
1
1
1
1
1
1
1
1
1
1
1
1
1
1
1
1
1
1
1
1
1
1
1
1
1
1
1
1
1
1
1
1
1
1
1
1
1
1
1
1
1
1
1
1
1
1
1
1
1
1
1
1
1
1
1
1
1
1
1
1
1
1
1
1
1
1
1
1
1
1
1
1
1
1
1
1
1
1
1
1
1
1
1
1
1
1
1
1
1
1
1
1
1
1
1
1
1
1
1
1
1
1
1
1
1
1
1
1
1
1
1
1
1
1
1
1
1
1
1
1
1
1
1
1
1
1
1
1
1
1
1
1
1
1
1
1
1
1
1
1
1
1
1
1
1
1
1
1
1
1
1
1
1
1
1
1
1
1
1
1
1
1
1
1
1
1
1
1
1
1
1
1
1
1
1
1
1
1
1
1
1
1
1
1
1
1
1
1
1
1
1
1
1
1
1
1
1
1
1
1
1
1
1
1
1
1
1
1
1
1
1
1
1
1
1
1
1
1
1
1
1
1
1
1
1
1
1
1
1
1
1
1
1
1
1
1
1
1
1
1
1
1
1
1
1
1
1
1
1
1
1
1
1
1
1
1
1
1
1
1
1
1
1
1
1
1
1
1
1
1
1
1
1
1
1
1
1
1
1
1
1
1
1
1
1
1
1
1
1
1
1
1
1
1
1
1
1
1
1
1
1
1
1
1
1
1
1
1
1
1
1
1
1
1
1
1
1
1
1
1
1
1
1
1
1
1
1
1
1
1
1
1
1
1
1
1
1
1
1
1
1
1
1
1
1
1
1
1
1
1
1
1
1
1
1
1
1
1
1
1
1
1
1
1
1
1
1
1
1
1
1
1
1
1
1
1
1
1
1
1
1
1
1
1
1
1
1
1
1
1
1
1
1
1
1
1
1
1
1
1
1
1
1
1
1
1
1
1
1
1
1
1
1
1
1
1
1
1
1
1
1
1
1
1
1
1
1
1
1
1
1
1
1
1
1
1
1
1
1
1
1
1
1
1
1
1
1
1
1
1
1
1
1
1
1
1
1
1
1
1
1
1
1
1
1
1
1
1
1
1
1
1
1
1
1
1
1
1
1
1
1
1
1
1
1
1
1
1
1
1
1
1
1
1
1
1
1
1
1
1
1
1
1
1
1
1
1
1
1
1
1
1
1
1
1
1
1
1
1
1
1
1
1
1
1
1
1
1
1
1
1
1
1
1
1
1
1
1
1
1
1
1
1
1
1
1
1
1
1
1
1
1
1
1
1
1
1
1
1
1
1
1
1
1
1
1
1
1
1
1
1
1
1
1
1
1
1
1
1
1
1
1
1
1
1
1
1
1
1
1
1
1
1
1
1
1
1
1
1
1
1
1
1
1
1
1
1
1
1
1
1
1
1
1
1
1
1
1
1
1
1
1
1
1
1
1
1
1
1
1
1
1
1
1
1
1
1
1
1
1
1
1
1
1
1
1
1
1
1
1
1
1
1
1
1
1
1
1
1
1
1
1
1
1
1
1
1
1
1
1
1
1
1
1
1
1
1
1
1
1
1
1
1
1
1
1
1
1
1
1
1
1
1
1
1
1
1
1
1
1
1
1
1
1
1
1
1
1
1
1
1
1
1
1
1
1
1
1
1
1
1
1
1
1
1
1
1
1
1
1
1
1
1
1
1
1
1
1
1
1
1
1
1
1
1
1
1
1
1
1
1
1
1
1
1
1
1
1
1
1
1
1
1
1
1
1
1
1
1
1
1
1
1
1
1
1
1
1
1
1
1
1
1
1
1
1
1
1
1
1
1
1
1
1
1
1
1
1
1
1
1
1
1
1
1
1
1
1
1
1
1
1
1
1
1
1
1
1
1
1
1
1
1
1
1
1
1
1
1
1
1
1
1
1
1
1
1
1
1
1
1
1
1
1
1
1
1
1
1
1
1
1
1
1
1
1
1
1
1
1
1
1
1
1
1
1
1
1
1
1
1
1
1
1
1
1
1
1
1
1
1
1
1
1
1
1
1
1
1
1
1
1
1
1
1
1
1
1
1
1
1
1
1
1
1
1
1
1
1
1
1
1
1
1
1
1
1
1
1
1
1
1
1
1
1
1
1
1
1
1
1
1
1
1
1
1
1
1
1
1
1
1
1
1
1
1
1
1
1
1
1
1
1
1
1
1
1
1
1
1
1
1
1
1
1
1
1
1
1
1
1
1
1
1
1
1
1
1
1
1
1
1
1
1
1
1
1
1
1
1
1
1
1
1
1
1
1
1
1
1
1
1
1
1
1
1
1
1
1
1
1
1
1
1
1
1
1
1
1
1
1
1
1
1
1
1
1
1
1
1
1
1
1
1
1
1
1
1
1
1
1
1
1
1
1
1
1
1
1
1
1
1
1
1
1
1
1
1
1
1
1
1
1
1
1
1
1
1
1
1
1
1
1
1
1
1
1
1
1
1
1
1
1
1
1
1
1
1
1
1
1
1
1
1
1
1
1
1
1
1
1
1
1
1
1
1
1
1
1
1
1
1
1
1
1
1
1
1
1
1
1
1
1
1
1
1
1
1
1
1
1
1
1
1
1
1
1
1
1
1
1
1
1
1
1
1
1
1
1
1
1
1
1
1
1
1
1
1
1
1
1
1
1
1
1
1
1
1
1
1
1
1
1
1
1
1
1
1
1
1
1
1
1
1
1
1
1
1
1
1
1
1
1
1
1
1
1
1
1
1
1
1
1
1
1
1
1
1
1
1
1
1
1
1
1
1
1
1
1
1
1
1
1
1
1
1
1
1
1
1
1
1
1
1
1
1
1
1
1
1
1
1
1
1
1
1
1
1
1
1
1
1
1
1
1
1
1
1
1
1
1
1
1
1
1
1
1
1
1
1
1
1
1
1
1
1
1
1
1
1
1
1
1
1
1
1
1
1
1
1
1
1
1
1
1
1
1
1
1
1
1
1
1
1
1
1
1
1
1
1
1
1
1
1
1
1
1
1
1
1
1
1
1
1
1
1
1
1
1
1
1
1
1
1
1
1
1
1
1
1
1
1
1
1
1
1
1
1
1
1
1
1
1
1
1
1
1
1
1
1
1
1
1
1
1
1
1
1.10736
1
1
1
1
1
1
1
1
1
1
1
1
1
1
1
1
1
1
1
1
1
1
1
1
1
1
1
1
1
1.29029
0.99962
1
1
1
1
1
1
1
1
1
1
1
1
1
1
1
1
1
1
1
1
1
1
1
1
1
1
1
1
1.47851
1.0316
1
1
1
1
1
1
1
1
1
1
1
1
1
1
1
1
1
1
1
1
1
1
1
1
1
1
1
1
1.67887
1.13763
1
1
1
1
1
1
1
1
1
1
1
1
1
1
1
1
1
1
1
1
1
1
1
1
1
1
1
1
1.86274
1.35079
0.999572
1
1
1
1
1
1
1
1
1
1
1
1
1
1
1
1
1
1
1
1
1
1
1
1
1
1
1
2.01169
1.60407
1.04843
0.999937
1
1
1
1
1
1
1
1
1
1
1
1
1
1
1
1
1
1
1
1
1
1
1
1
1
1
2.1047
1.86915
1.48042
1.00216
1
1
1
1
1
1
1
1
1
1
1
1
1
1
1
1
1
1
1
1
1
1
1
1
1
1
2.04301
1.91332
1.96373
1.32299
0.999653
1
1
1
1
1
1
1
1
1
1
1
1
1
1
1
1
1
1
1
1
1
1
1
1
1
1.94367
1.9016
2.03185
1.82673
1.10936
0.999855
1
1
1
1
1
1
1
1
1
1
1
1
1
1
1
1
1
1
1
1
1
1
1
1
1.87822
1.88633
2.00601
2.03842
1.53668
1.00442
1
1
1
1
1
1
1
1
1
1
1
1
1
1
1
1
1
1
1
1
1
1
1
1
1.84911
1.88218
1.97908
2.02789
1.87021
1.18627
0.999747
1
1
1
1
1
1
1
1
1
1
1
1
1
1
1
1
1
1
1
1
1
1
1
1.8421
1.87392
1.94532
1.98588
2.00981
1.57375
1.01227
1
1
1
1
1
1
1
1
1
1
1
1
1
1
1
1
1
1
1
1
1
1
1
1.83747
1.86506
1.91795
1.97186
2.01089
1.82738
1.18689
0.999749
1
1
1
1
1
1
1
1
1
1
1
1
1
1
1
1
1
1
1
1
1
1
1.83817
1.86403
1.90475
1.96161
2.00315
1.92996
1.46932
1.00444
1
1
1
1
1
1
1
1
1
1
1
1
1
1
1
1
1
1
1
1
1
1
1.84238
1.86668
1.90648
1.95759
1.99377
1.97201
1.75644
1.1273
0.999836
1
1
1
1
1
1
1
1
1
1
1
1
1
1
1
1
1
1
1
1
1
1.84886
1.87119
1.91061
1.95511
1.97962
1.97106
1.88626
1.40828
1.00083
1
1
1
1
1
1
1
1
1
1
1
1
1
1
1
1
1
1
1
1
1
1.8572
1.8775
1.9146
1.95287
1.96806
1.96628
1.92173
1.63525
1.056
1
1
1
1
1
1
1
1
1
1
1
1
1
1
1
1
1
1
1
1
1
1.86559
1.88387
1.91761
1.95389
1.96493
1.96041
1.93583
1.79744
1.24444
0.999642
1
1
1
1
1
1
1
1
1
1
1
1
1
1
1
1
1
1
1
1
1.87258
1.88927
1.91912
1.95512
1.9653
1.96203
1.94853
1.89364
1.52605
1.01566
1
1
1
1
1
1
1
1
1
1
1
1
1
1
1
1
1
1
1
1
1.87793
1.89328
1.92061
1.95666
1.9687
1.96602
1.9554
1.91164
1.71003
1.13456
0.999873
1
1
1
1
1
1
1
1
1
1
1
1
1
1
1
1
1
1
1
1.88072
1.89379
1.92145
1.95696
1.97302
1.96932
1.95692
1.92326
1.82364
1.34601
1.00011
1
1
1
1
1
1
1
1
1
1
1
1
1
1
1
1
1
1
1
1.88226
1.89323
1.92135
1.95634
1.97452
1.97189
1.95918
1.93176
1.89124
1.60862
1.04371
1
1
1
1
1
1
1
1
1
1
1
1
1
1
1
1
1
1
1
1.88252
1.89238
1.92159
1.95613
1.97441
1.97345
1.96001
1.93448
1.91341
1.7644
1.22195
0.999671
1
1
1
1
1
1
1
1
1
1
1
1
1
1
1
1
1
1
1.88234
1.8924
1.92245
1.95572
1.97364
1.97323
1.96166
1.93972
1.92139
1.84808
1.4382
1.00529
1
1
1
1
1
1
1
1
1
1
1
1
1
1
1
1
1
1
1.88209
1.8928
1.92284
1.95476
1.9722
1.97259
1.96445
1.94679
1.93004
1.90199
1.6848
1.08756
1
1
1
1
1
1
1
1
1
1
1
1
1
1
1
1
1
1
1.8823
1.893
1.92263
1.95275
1.9696
1.97156
1.96527
1.94685
1.92905
1.91862
1.811
1.3088
0.999877
1
1
1
1
1
1
1
1
1
1
1
1
1
1
1
1
1
1.88316
1.89329
1.92198
1.95033
1.96655
1.97008
1.96491
1.94702
1.92913
1.92115
1.86564
1.51934
1.01705
1
1
1
1
1
1
1
1
1
1
1
1
1
1
1
1
1
1.88448
1.89364
1.92072
1.94812
1.96417
1.96868
1.96443
1.94792
1.93018
1.92084
1.90848
1.75023
1.14645
0.999763
1
1
1
1
1
1
1
1
1
1
1
1
1
1
1
1
1.88647
1.89418
1.91946
1.94656
1.96295
1.96792
1.96448
1.94928
1.93056
1.9222
1.92268
1.8522
1.39892
1.00288
1
1
1
1
1
1
1
1
1
1
1
1
1
1
1
1
1.88829
1.89503
1.91823
1.94532
1.96221
1.9671
1.96417
1.95045
1.93132
1.92162
1.92394
1.88665
1.59953
1.04175
1
1
1
1
1
1
1
1
1
1
1
1
1
1
1
1
1.88915
1.89558
1.91681
1.9437
1.9613
1.96591
1.96362
1.95121
1.93195
1.92075
1.92101
1.90787
1.79453
1.20963
0.99965
1
1
1
1
1
1
1
1
1
1
1
1
1
1
1
1.88927
1.89578
1.91564
1.94221
1.96037
1.9651
1.96333
1.95169
1.93237
1.91991
1.92083
1.91995
1.88054
1.47546
1.0095
1
1
1
1
1
1
1
1
1
1
1
1
1
1
1
1.88917
1.89611
1.91553
1.94151
1.95967
1.96448
1.96296
1.95206
1.93288
1.91975
1.92
1.92358
1.90011
1.6609
1.07652
0.999914
1
1
1
1
1
1
1
1
1
1
1
1
1
1
1.88943
1.89665
1.91564
1.94117
1.9591
1.96395
1.96246
1.95245
1.93398
1.9202
1.91903
1.92315
1.91143
1.82618
1.26745
1.00005
1
1
1
1
1
1
1
1
1
1
1
1
1
1
1.89063
1.89748
1.91596
1.94096
1.95859
1.96346
1.96194
1.95279
1.93548
1.92114
1.91795
1.92156
1.91566
1.90216
1.53455
1.01953
1
1
1
1
1
1
1
1
1
1
1
1
1
1
1.89223
1.89854
1.91642
1.94066
1.95795
1.96289
1.96146
1.95315
1.93696
1.92218
1.91659
1.92004
1.92079
1.90855
1.70109
1.11389
0.999838
0.999999
1
1
1
1
1
1
1
1
1
1
1
1
1.89337
1.89949
1.91671
1.94012
1.95708
1.96225
1.96088
1.95348
1.93851
1.92303
1.91626
1.91966
1.92323
1.91408
1.84336
1.3186
1.00107
1
1
1
1
1
1
1
1
1
1
1
1
1
1.89396
1.89998
1.91669
1.93937
1.95607
1.96177
1.96039
1.95382
1.94005
1.92425
1.91655
1.91942
1.92299
1.91589
1.91447
1.57746
1.03126
0.999954
1
1
1
1
1
1
1
1
1
1
1
1
1.89395
1.89981
1.9162
1.93813
1.95517
1.96178
1.96041
1.95429
1.94207
1.92649
1.91796
1.91857
1.92185
1.91803
1.91962
1.72804
1.14863
1.0003
1
1
1
1
1
1
1
1
1
1
1
1
1.89537
1.90362
1.92155
1.94266
1.95768
1.9625
1.9607
1.95405
1.9413
1.92579
1.91785
1.91813
1.92227
1.92084
1.91878
1.85166
1.32738
0.988006
0.99988
1
1
1
1
1
1
1
1
1
1
1
1.54088
1.74899
1.8302
1.89053
1.92886
1.95118
1.95676
1.95345
1.94655
1.93457
1.92285
1.91763
1.92172
1.92437
1.91733
1.92431
1.6589
1.11863
1.00176
1.00001
1
1
1
1
1
1
1
1
1
1
1.16506
1.53575
1.68407
1.78028
1.85378
1.90552
1.93257
1.94289
1.94171
1.93424
1.92523
1.91932
1.9202
1.92435
1.91868
1.92493
1.88724
1.44697
1.03253
1.00027
1
1
1
1
1
1
1
1
1
1
0.883414
1.33564
1.53639
1.65294
1.75188
1.82343
1.88001
1.90992
1.92333
1.92463
1.92102
1.91703
1.91745
1.92167
1.92182
1.92117
1.94178
1.76605
1.21613
1.00595
1.00003
1
1
1
1
1
1
1
1
1
0.879275
1.17391
1.38513
1.531
1.64325
1.73477
1.80113
1.85692
1.88508
1.90117
1.90591
1.90781
1.91064
1.91597
1.92248
1.92035
1.9358
1.89995
1.51326
1.05233
1.00053
1
1
1
1
1
1
1
1
1
0.932197
1.10789
1.24471
1.40511
1.52869
1.64558
1.72182
1.78716
1.83619
1.86105
1.87967
1.88834
1.89577
1.90559
1.91687
1.91968
1.93009
1.92799
1.77143
1.23366
1.00698
1.00004
1
1
1
1
1
1
1
1
1.00893
1.07894
1.16313
1.30034
1.42021
1.54523
1.64801
1.71178
1.77833
1.81542
1.84297
1.85907
1.87388
1.88627
1.9039
1.9178
1.92693
1.92353
1.90539
1.54526
1.06109
1.00065
1
1
1
1
1
1
1
1
1.00884
1.02494
1.10081
1.23291
1.3489
1.44025
1.56659
1.65111
1.7094
1.76848
1.79729
1.82626
1.84388
1.86089
1.8837
1.90586
1.92409
1.91836
1.92014
1.76145
1.24365
1.00724
1.00003
1
1
1
1
1
1
1
1.02508
0.984883
1.03135
1.16033
1.29225
1.38542
1.47731
1.58596
1.65134
1.71545
1.75531
1.78763
1.80967
1.83341
1.85527
1.88518
1.91464
1.91093
1.91672
1.88274
1.50528
1.05093
1.00049
1
1
1
1
1
1
1
1.07972
0.983544
0.97143
1.06909
1.22218
1.34318
1.41152
1.51682
1.60292
1.65487
1.71494
1.74319
1.77702
1.80058
1.82558
1.86021
1.89366
1.89989
1.91033
1.91415
1.72259
1.19414
1.00454
1.00002
1
1
1
1
1
1
1.1207
0.987184
0.95321
1.03458
1.13045
1.28668
1.37907
1.44489
1.54803
1.6097
1.66897
1.7055
1.74153
1.76602
1.79898
1.82854
1.86447
1.88299
1.90227
1.91055
1.87054
1.46826
1.03664
1.00027
1
1
1
1
1
1
1.1373
0.99629
0.941217
1.02195
1.08661
1.21292
1.3366
1.40246
1.48717
1.56824
1.61646
1.67231
1.69994
1.73536
1.76862
1.79764
1.83548
1.85793
1.88437
1.9011
1.89395
1.66003
1.14496
1.00255
1.00001
1
1
1
1
1
1.15103
1.00503
0.935478
1.0014
1.06581
1.13837
1.28169
1.37372
1.42865
1.52276
1.57779
1.63532
1.66552
1.70499
1.73534
1.77391
1.80327
1.82892
1.86158
1.88664
1.88676
1.79444
1.33231
1.01514
1.00009
1
1
1
1
1
1.14941
1.01202
0.939634
0.976287
1.0441
1.11974
1.21357
1.33102
1.39761
1.46958
1.54189
1.58938
1.63807
1.66831
1.70571
1.74677
1.77139
1.80335
1.83503
1.86692
1.87758
1.86372
1.57498
1.07803
1.00081
1
1
1
1
1
1.14464
1.02128
0.952027
0.961808
1.02214
1.11094
1.16166
1.27906
1.37029
1.42174
1.50542
1.55286
1.60855
1.63498
1.67899
1.71385
1.74808
1.7767
1.80934
1.84425
1.86834
1.86831
1.70378
1.21954
1.00576
1.00002
1
1
1
1
1.13575
1.03501
0.974126
0.960766
0.998197
1.09445
1.15387
1.22143
1.33187
1.39679
1.46184
1.52189
1.57068
1.61062
1.64895
1.68372
1.7249
1.74863
1.7873
1.8189
1.85348
1.85995
1.7875
1.39128
1.026
1.00016
1
1
1
1
1.12315
1.04927
0.993745
0.961558
0.973899
1.06637
1.14449
1.19058
1.28675
1.37172
1.42159
1.49252
1.53369
1.58596
1.61709
1.65998
1.69614
1.72606
1.76364
1.79705
1.83427
1.84949
1.83722
1.58212
1.09584
1.00121
1
1
1
1
1.11286
1.06061
1.00318
0.959898
0.956193
1.02413
1.12169
1.18343
1.23814
1.33859
1.39825
1.45815
1.50597
1.55719
1.59369
1.63565
1.66273
1.70451
1.73767
1.77796
1.81163
1.83907
1.83723
1.70488
1.23203
1.00672
1.00003
1
1
1
1.10932
1.07193
1.00882
0.960362
0.953671
0.994986
1.08909
1.17085
1.21668
1.29835
1.37406
1.42144
1.48124
1.52156
1.57179
1.60633
1.63935
1.67907
1.71619
1.75645
1.78961
1.82314
1.83022
1.75487
1.39472
1.02731
1.00017
1
1
1
1.10771
1.07788
1.0156
0.963923
0.956302
0.989116
1.04427
1.14537
1.20765
1.25593
1.34538
1.39855
1.45556
1.49581
1.54868
1.58113
1.62003
1.64928
1.69715
1.72911
1.7684
1.80294
1.81966
1.78762
1.53181
1.08388
1.00095
1
1
1
1.10387
1.07716
1.0202
0.973173
0.964036
0.99025
1.01728
1.10775
1.19131
1.23834
1.30995
1.37558
1.42293
1.47529
1.51822
1.55989
1.5967
1.62762
1.67552
1.70709
1.74648
1.7794
1.80881
1.80003
1.63213
1.18493
1.00456
1.00002
1
1
1.10076
1.07498
1.01979
0.980861
0.97679
0.993736
1.01503
1.06691
1.16542
1.2281
1.27232
1.3514
1.40055
1.45542
1.49084
1.53883
1.56763
1.60957
1.64837
1.6918
1.72178
1.75892
1.79431
1.79837
1.71711
1.3209
1.01694
1.00009
1
1
1.09944
1.0713
1.01884
0.985324
0.983925
0.993391
1.01278
1.05568
1.12981
1.21066
1.25672
1.32262
1.37971
1.42828
1.47246
1.51488
1.54542
1.58989
1.62487
1.6741
1.7028
1.74142
1.77561
1.79155
1.74757
1.46828
1.05388
1.00048
1
1
1.09846
1.06949
1.02017
0.987407
0.983185
0.989684
1.00876
1.05639
1.09565
1.18534
1.24625
1.28978
1.35883
1.40484
1.4549
1.48654
1.52808
1.56355
1.60765
1.65095
1.68882
1.7213
1.75317
1.78019
1.75406
1.55852
1.12539
1.00203
1.00001
1
1.09728
1.06965
1.02412
0.990224
0.980589
0.984247
1.00285
1.05288
1.0881
1.15081
1.22975
1.27445
1.33548
1.38497
1.43467
1.46747
1.51096
1.54169
1.59001
1.62434
1.67331
1.70212
1.73748
1.76955
1.75752
1.62078
1.21964
1.0073
1.00003
1
1.09648
1.07094
1.02986
0.994399
0.980498
0.977663
0.994136
1.04283
1.08415
1.12357
1.20702
1.26322
1.30567
1.3649
1.40883
1.45133
1.48638
1.52533
1.56797
1.60676
1.65492
1.68803
1.72332
1.75572
1.75601
1.68167
1.3291
1.02132
1.00013
1
1.09466
1.07202
1.03614
1.00056
0.982475
0.973211
0.986312
1.02729
1.07497
1.11761
1.17438
1.24733
1.29013
1.34609
1.38881
1.43507
1.46158
1.50902
1.54541
1.59241
1.63112
1.67394
1.70419
1.73626
1.75051
1.70971
1.45438
1.05758
1.00056
1
1.09105
1.07191
1.04147
1.00691
0.986439
0.973157
0.983779
1.01044
1.06099
1.11293
1.15146
1.22637
1.27813
1.32117
1.37033
1.41417
1.44745
1.48885
1.52863
1.57556
1.61142
1.65821
1.68535
1.71915
1.74257
1.71539
1.53063
1.12269
1.00207
1.00001
1.08732
1.07083
1.04284
1.01134
0.992827
0.97532
0.984251
1.00214
1.04081
1.10257
1.14513
1.19607
1.26297
1.30536
1.35509
1.39145
1.4337
1.46405
1.51258
1.55258
1.59756
1.6381
1.67118
1.70401
1.734
1.71624
1.57639
1.19809
1.00637
1.00003
1.08312
1.06872
1.04204
1.0146
0.999277
0.982258
0.987749
1.00235
1.02081
1.08448
1.13802
1.17676
1.24408
1.29202
1.33539
1.37394
1.41754
1.44965
1.49576
1.5331
1.58321
1.61628
1.65705
1.68503
1.72121
1.71497
1.62904
1.28499
1.01611
1.00009
1.07924
1.06562
1.04029
1.01535
1.00039
0.990987
0.992532
1.00439
1.01566
1.05878
1.12557
1.17052
1.21786
1.27723
1.31597
1.35882
1.39436
1.43684
1.47386
1.51883
1.56523
1.60271
1.64107
1.66677
1.70511
1.71215
1.65877
1.38872
1.03999
1.00034
1.07774
1.06317
1.03752
1.0151
1.00029
0.994367
0.994133
1.00352
1.01402
1.04345
1.10723
1.16275
1.2025
1.26166
1.30276
1.34452
1.37622
1.42286
1.45796
1.50508
1.54252
1.59064
1.62233
1.65581
1.69
1.70644
1.66752
1.46048
1.08444
1.00114
1.07773
1.06217
1.03486
1.01359
0.999153
0.995108
0.993776
1.00021
1.01105
1.04246
1.08079
1.14928
1.1947
1.2405
1.28847
1.32447
1.36247
1.40294
1.44522
1.48798
1.52666
1.57656
1.60869
1.64449
1.67326
1.69977
1.67201
1.50572
1.13778
1.00325
1.07878
1.06245
1.03418
1.01282
0.998533
0.995374
0.992068
0.996838
1.00837
1.04091
1.06834
1.12862
1.185
1.22493
1.27555
1.30893
1.35055
1.3844
1.43186
1.46747
1.51464
1.55747
1.59798
1.62971
1.65441
1.69034
1.67543
1.56226
1.20698
1.00792
1.08023
1.06388
1.03394
1.01313
0.999012
0.995964
0.990589
0.993271
1.0047
1.03668
1.06721
1.10468
1.17099
1.2137
1.25751
1.29613
1.33385
1.37113
1.41681
1.45415
1.50219
1.53859
1.58628
1.6133
1.64299
1.67907
1.6747
1.59704
1.29305
1.01976
1.07984
1.06449
1.03395
1.01382
1.00049
0.997473
0.990809
0.989316
0.999693
1.02891
1.06311
1.0978
1.15006
1.20259
1.24059
1.28428
1.3154
1.35899
1.3969
1.44203
1.48509
1.52639
1.57244
1.60255
1.6338
1.66601
1.67125
1.60937
1.35849
1.04254
1.07777
1.06379
1.03354
1.01498
1.00277
0.999981
0.992631
0.988573
0.997175
1.0213
1.05567
1.09601
1.13306
1.18983
1.22802
1.27212
1.30456
1.34642
1.3829
1.42986
1.46652
1.5151
1.55326
1.59204
1.62076
1.64885
1.66536
1.62029
1.40799
1.07385
1.07464
1.06204
1.03281
1.01552
1.00521
1.00304
0.99532
0.988789
0.996925
1.01461
1.04473
1.09041
1.1266
1.17271
1.21587
1.2538
1.29372
1.32801
1.37088
1.4138
1.45435
1.5025
1.53855
1.57978
1.60252
1.63275
1.65926
1.62836
1.47012
1.12426
1.07182
1.05935
1.03215
1.0151
1.00599
1.00464
0.998454
0.989961
0.996663
1.00932
1.02955
1.0785
1.12045
1.15798
1.20536
1.23948
1.28323
1.31645
1.36004
1.39565
1.44295
1.48372
1.52775
1.56406
1.58969
1.62167
1.65119
1.63362
1.50961
1.18955
1.07088
1.05613
1.0304
1.01392
1.00586
1.00461
1.00043
0.992617
0.996781
1.00864
1.02334
1.06211
1.11117
1.14843
1.19111
1.22786
1.26843
1.30705
1.34637
1.38443
1.43124
1.46833
1.51639
1.54826
1.58108
1.60944
1.64102
1.63283
1.5268
1.25546
1.07064
1.05606
1.03053
1.01227
1.00501
1.00347
1.00042
0.995894
0.997296
1.00794
1.02078
1.0496
1.09793
1.13941
1.17618
1.21651
1.25056
1.29577
1.33174
1.37354
1.41614
1.45796
1.50182
1.53753
1.57077
1.59478
1.62933
1.62943
1.5467
1.3203
1.08988
1.05474
1.02785
1.0095
1.00337
1.00183
1.00027
0.997355
0.99838
1.00749
1.0197
1.04946
1.08947
1.13438
1.16906
1.21055
1.24316
1.28925
1.32461
1.36644
1.40458
1.451
1.48862
1.53052
1.56267
1.58642
1.6213
1.62597
1.56293
1.37114
1.10342
1.05295
1.02549
1.00766
1.00179
1.00053
1.00023
0.997842
0.99914
1.00663
1.01863
1.05076
1.0855
1.1304
1.16484
1.2075
1.24039
1.28377
1.31993
1.36196
1.39633
1.44585
1.48353
1.52633
1.5574
1.58247
1.61558
1.62343
1.56959
1.4069
1.11478
1.05063
1.0231
1.00607
1.00008
0.999302
0.999912
0.998139
0.999142
1.00499
1.01641
1.05074
1.08273
1.12654
1.1606
1.20267
1.23685
1.27546
1.31488
1.35612
1.39114
1.43971
1.47969
1.52164
1.55132
1.57618
1.60777
1.62081
1.57482
1.43942
1.12703
1.04853
1.02085
1.0047
0.998931
0.997679
0.999471
0.998438
0.998574
1.00283
1.01385
1.04838
1.07916
1.12271
1.15705
1.19267
1.23172
1.26921
1.30974
1.35001
1.38918
1.43375
1.47287
1.51569
1.54269
1.57095
1.60281
1.61854
1.57988
1.47167
1.13455
1.04672
1.01855
1.00334
0.998414
0.996901
0.999459
0.99872
0.997694
1.00136
1.0113
1.04319
1.07378
1.11745
1.15405
1.18722
1.22656
1.26164
1.30361
1.34268
1.38469
1.42821
1.46714
1.50909
1.53825
1.56714
1.59652
1.61459
1.58158
1.50542
1.14104
1.04514
1.01609
1.00186
0.998162
0.996915
0.999494
0.998894
0.996934
1.00127
1.0113
1.03801
1.06759
1.10907
1.15006
1.1831
1.22219
1.25336
1.29741
1.3321
1.37705
1.42013
1.4619
1.503
1.53514
1.56046
1.58731
1.60926
1.5816
1.54225
1.14871
1.04515
1.01408
1.00055
0.998024
0.997023
0.999749
0.999334
0.996377
1.00147
1.0119
1.03677
1.06341
1.10145
1.14479
1.17743
1.2181
1.2504
1.29249
1.32671
1.37046
1.40836
1.45495
1.49511
1.52903
1.55305
1.58067
1.60454
1.58095
1.57804
1.15073
1.04515
1.0126
1.00025
0.998443
0.997438
1.00067
1.00072
0.996427
1.00105
1.01151
1.0356
1.06092
1.09504
1.13882
1.17217
1.21087
1.24628
1.28629
1.32271
1.36512
1.4015
1.44813
1.48421
1.52144
1.54656
1.57327
1.60111
1.58139
1.60789
1.15497
1.04548
1.01112
1.0002
0.999143
0.998625
1.00203
1.00249
0.997662
1.00069
1.01069
1.03411
1.05855
1.09014
1.13077
1.16672
1.20037
1.23952
1.27349
1.31455
1.35783
1.39583
1.44156
1.47627
1.51385
1.5387
1.565
1.59581
1.58522
1.64012
1.15793
1.04645
1.01003
0.999637
0.99892
1.00005
1.00335
1.0038
0.998346
0.999619
1.01039
1.03288
1.05564
1.087
1.12179
1.16165
1.19472
1.23475
1.26517
1.30678
1.34481
1.38802
1.43164
1.46939
1.50612
1.52948
1.55539
1.5873
1.59314
1.67335
1.15602
1.0472
1.00814
0.998883
0.998186
1.00028
1.00394
1.00396
0.997419
0.996025
1.00695
1.02962
1.0515
1.08347
1.11329
1.15603
1.1893
1.22938
1.26122
1.30115
1.33641
1.38079
1.41729
1.46093
1.49564
1.52054
1.54488
1.57747
1.6037
1.70315
1.15808
1.05017
1.00836
0.997298
0.996786
1.0002
1.00382
1.00376
0.997081
0.994771
1.00244
1.02283
1.04528
1.07887
1.10762
1.14712
1.18201
1.21789
1.25448
1.29007
1.32981
1.37379
1.40942
1.45299
1.48319
1.51388
1.53646
1.568
1.61746
1.73442
1.1585
1.05455
1.0102
0.995005
0.994667
0.99984
1.00374
1.00412
0.997689
0.995254
1.0021
1.01584
1.03804
1.07292
1.10313
1.13749
1.17652
1.20983
1.24891
1.28137
1.32204
1.36094
1.40236
1.44178
1.47617
1.50723
1.52675
1.55972
1.62799
1.76863
1.15646
1.05754
1.01402
0.994037
0.992822
0.998441
1.00378
1.00552
0.9999
0.997351
1.00306
1.01377
1.03241
1.06663
1.09782
1.12948
1.16732
1.20241
1.2401
1.27501
1.31439
1.35088
1.39465
1.42925
1.46922
1.49721
1.51742
1.54837
1.63375
1.80127
1.15729
1.06093
1.01865
0.994504
0.992493
0.996474
1.00319
1.00576
1.00045
0.998084
1.00362
1.01214
1.02834
1.0617
1.09177
1.12462
1.15751
1.19547
1.22938
1.26698
1.30275
1.34291
1.3832
1.42166
1.45992
1.48632
1.50996
1.5402
1.63853
1.83246
1.16531
1.06841
1.02495
0.996356
0.992859
0.995851
1.00126
1.00439
0.999787
0.996997
1.00251
1.00857
1.0225
1.05618
1.0852
1.11945
1.1514
1.18612
1.22079
1.25708
1.29317
1.33378
1.3715
1.4131
1.44754
1.47829
1.50013
1.53558
1.65318
1.86388
1.17469
1.07662
1.03204
1.00043
0.99423
0.995983
0.999614
1.00247
0.999383
0.995245
1.00017
1.00491
1.01637
1.04824
1.07835
1.11207
1.14514
1.17681
1.21202
1.24667
1.2844
1.32196
1.3618
1.40135
1.43712
1.4689
1.48831
1.52768
1.65955
1.89279
1.18677
1.08879
1.04179
1.00679
0.995626
0.995968
0.999273
1.00223
0.999641
0.99514
0.998801
1.00164
1.01244
1.04156
1.07118
1.10504
1.13685
1.16936
1.20131
1.23605
1.27373
1.31118
1.35101
1.38842
1.42601
1.45621
1.47743
1.5197
1.6693
1.91899
1.19485
1.10048
1.05231
1.01355
0.996887
0.996103
0.999282
1.00244
1.00067
0.995549
0.997438
0.997995
1.00978
1.03617
1.06224
1.09792
1.12868
1.16101
1.19182
1.2256
1.26176
1.30004
1.3388
1.37623
1.41228
1.4428
1.46656
1.51516
1.68177
1.94248
1.2012
1.11288
1.06602
1.0234
0.999202
0.996135
0.999271
1.00233
1.00152
0.995408
0.994821
0.994531
1.00766
1.03133
1.05316
1.0879
1.1194
1.15135
1.18266
1.21575
1.25118
1.28841
1.32628
1.36427
1.39954
1.43067
1.45446
1.51082
1.69395
1.96505
1.2006
1.12563
1.08177
1.03469
1.00297
0.99566
0.999125
1.00179
1.00141
0.994648
0.992087
0.991979
1.00495
1.02621
1.04584
1.07818
1.10911
1.14067
1.17265
1.20597
1.24096
1.27709
1.31411
1.35127
1.38665
1.41857
1.4445
1.51129
1.70344
1.97681
1.19587
1.13509
1.09528
1.05238
1.01235
0.996083
0.99811
1.00066
1.00089
0.993795
0.989559
0.989813
1.0008
1.01931
1.03964
1.07085
1.09887
1.13041
1.16214
1.19534
1.22991
1.26529
1.30196
1.33868
1.37388
1.40509
1.43352
1.51641
1.71744
1.99123
1.18728
1.14342
1.10629
1.07242
1.02765
0.998814
0.996172
0.998743
0.999518
0.992019
0.986516
0.987135
0.996488
1.01176
1.03253
1.06393
1.08997
1.12041
1.15155
1.1843
1.21795
1.2526
1.28876
1.32511
1.35979
1.39143
1.42353
1.52399
1.72676
1.99665
1.17729
1.14161
1.10865
1.08625
1.0529
1.00809
0.996228
0.99695
0.997462
0.990727
0.984794
0.985809
0.993997
1.00455
1.02563
1.05629
1.08097
1.11078
1.14072
1.17271
1.20569
1.23968
1.27528
1.31115
1.3453
1.37672
1.41417
1.53723
1.73251
1.9884
1.1695
1.1354
1.11037
1.10075
1.07838
1.02464
0.998365
0.995817
0.995439
0.990064
0.984091
0.985501
0.992282
0.998847
1.01842
1.04751
1.07172
1.10121
1.12972
1.16084
1.19321
1.22659
1.26155
1.29638
1.32959
1.36158
1.4046
1.55935
1.74267
1.9827
1.16934
1.1295
1.11267
1.1065
1.09371
1.04957
1.00535
0.994736
0.993577
0.989501
0.983355
0.985326
0.990042
0.992969
1.01115
1.03845
1.06129
1.09103
1.11897
1.14923
1.18094
1.21347
1.24753
1.28173
1.31451
1.34729
1.4032
1.58764
1.74259
1.96884
1.17162
1.12556
1.11305
1.1082
1.10656
1.07553
1.02053
0.995563
0.991149
0.988552
0.982678
0.984667
0.986687
0.988135
1.00528
1.0286
1.05121
1.08075
1.10772
1.13794
1.1689
1.20065
1.23339
1.26656
1.29838
1.33419
1.41001
1.61909
1.74232
1.94466
1.17689
1.12643
1.1128
1.10992
1.11113
1.09781
1.04838
1.00177
0.99056
0.987902
0.983149
0.982809
0.983189
0.982459
0.999146
1.01975
1.0411
1.07021
1.09602
1.12558
1.15561
1.18674
1.21869
1.25084
1.28211
1.32177
1.42591
1.64831
1.73643
1.91353
1.18649
1.13116
1.11319
1.11003
1.11021
1.11047
1.07818
1.01844
0.992257
0.987842
0.983295
0.980405
0.978809
0.977881
0.994571
1.01103
1.03212
1.06113
1.08541
1.1142
1.14313
1.17343
1.20488
1.23598
1.26739
1.31074
1.45345
1.67991
1.72762
1.87861
1.18996
1.14086
1.11735
1.1111
1.11138
1.11646
1.1097
1.06762
1.01477
0.991219
0.981965
0.975432
0.973158
0.972491
0.985786
0.996688
1.01774
1.04497
1.06772
1.09561
1.12257
1.15133
1.18117
1.21117
1.24561
1.32244
1.52485
1.70161
1.70744
1.80781
)
;

boundaryField
{
    inlet
    {
        type            fixedValue;
        value           uniform 1;
    }
    outlet
    {
        type            inletOutlet;
        inletValue      uniform 1;
        value           nonuniform List<scalar> 
60
(
1.18998
1.14086
1.11734
1.11108
1.11136
1.11644
1.10969
1.06761
1.01474
0.991177
0.981917
0.97539
0.97312
0.972455
0.985746
0.996659
1.01772
1.04495
1.0677
1.09558
1.12254
1.15129
1.18113
1.21113
1.24555
1.32221
1.52442
1.70136
1.70733
1.80792
1.27558
1.3895
1.47614
1.50316
1.47739
1.38672
1.19657
0.963349
0.648681
0.632453
0.656823
0.681501
0.708079
0.726352
0.76223
0.791277
0.820434
0.856358
0.890378
0.927187
0.964907
1.00361
1.04535
1.09423
1.14029
1.15384
1.14331
1.09226
1.02336
1.00158
)
;
    }
    airfoil
    {
        type            zeroGradient;
    }
    top
    {
        type            symmetryPlane;
    }
    bottom
    {
        type            symmetryPlane;
    }
    defaultFaces
    {
        type            empty;
    }
}


// ************************************************************************* //
