/*--------------------------------*- C++ -*----------------------------------*\
  =========                 |
  \\      /  F ield         | OpenFOAM: The Open Source CFD Toolbox
   \\    /   O peration     | Website:  https://openfoam.org
    \\  /    A nd           | Version:  7
     \\/     M anipulation  |
\*---------------------------------------------------------------------------*/
FoamFile
{
    version     2.0;
    format      ascii;
    class       volScalarField;
    location    "3.9";
    object      T;
}
// * * * * * * * * * * * * * * * * * * * * * * * * * * * * * * * * * * * * * //

dimensions      [0 0 0 1 0 0 0];

internalField   nonuniform List<scalar> 
11200
(
1.06983
1.23912
1.32619
1.3764
1.39789
1.42255
1.42038
1.41415
1.40602
1.38812
1.38442
1.38912
1.39481
1.40702
1.40141
1.38964
1.37712
1.36992
1.36146
1.35047
1.33912
1.32618
1.32125
1.31762
1.30867
1.29385
1.2811
1.2796
1.28059
1.29398
0.564724
0.578986
0.655663
0.83439
1.02588
1.17306
1.31278
1.40046
1.47635
1.5247
1.56141
1.556
1.54314
1.51805
1.48909
1.4665
1.45815
1.46186
1.45953
1.44687
1.43135
1.42046
1.42162
1.41885
1.40749
1.38975
1.37528
1.37439
1.37446
1.38099
0.541333
0.530783
0.519616
0.507352
0.499391
0.490765
0.543364
0.686615
0.881333
1.11015
1.28026
1.38769
1.45388
1.48817
1.5047
1.50878
1.50814
1.50395
1.50022
1.49076
1.4825
1.4807
1.47808
1.47442
1.46795
1.45795
1.44844
1.44334
1.43769
1.43645
0.502039
0.495702
0.489915
0.485145
0.482157
0.480829
0.479133
0.476684
0.474194
0.470178
0.511685
0.703236
0.93961
1.16239
1.3435
1.4666
1.51802
1.51616
1.5112
1.49761
1.49037
1.49678
1.49476
1.49108
1.48624
1.48064
1.47539
1.4674
1.45938
1.45225
0.479099
0.477396
0.475998
0.474331
0.472943
0.472594
0.472082
0.470938
0.46859
0.46628
0.462799
0.457739
0.454888
0.460877
0.621115
0.932048
1.18498
1.35127
1.43593
1.46631
1.47961
1.50305
1.49679
1.49154
1.4874
1.48433
1.48116
1.47012
1.45933
1.44981
0.47214
0.471136
0.47003
0.468387
0.466222
0.464651
0.463098
0.461293
0.459622
0.457803
0.455272
0.452961
0.452218
0.452516
0.453149
0.45363
0.480414
0.70467
1.01392
1.25624
1.3876
1.42728
1.44745
1.46206
1.45729
1.45449
1.44991
1.44035
1.43262
1.42077
0.465719
0.464395
0.462906
0.461527
0.460275
0.458158
0.455056
0.452698
0.451317
0.451226
0.451037
0.450706
0.450445
0.450649
0.451305
0.452618
0.454193
0.456803
0.460102
0.578858
0.865875
1.06803
1.24125
1.32626
1.36557
1.39001
1.39226
1.38304
1.37704
1.35675
0.461146
0.46022
0.459138
0.457865
0.456095
0.453514
0.450394
0.448318
0.448276
0.449051
0.450317
0.450746
0.45052
0.450011
0.450474
0.452147
0.457648
0.465104
0.472235
0.477092
0.481197
0.502288
0.692126
0.938486
1.13067
1.22127
1.25403
1.27997
1.29761
1.27225
0.45816
0.457595
0.456929
0.455687
0.453429
0.451065
0.448767
0.447221
0.447111
0.448193
0.45286
0.459775
0.460962
0.460233
0.461545
0.465578
0.470505
0.475405
0.478744
0.481436
0.488003
0.49879
0.508431
0.512321
0.623939
0.841476
1.00388
1.11385
1.14247
1.17536
0.455581
0.455643
0.455457
0.454178
0.451823
0.451939
0.452671
0.453015
0.454583
0.459012
0.468047
0.478222
0.482396
0.484866
0.488529
0.493342
0.495995
0.498546
0.497981
0.498292
0.500521
0.506809
0.516446
0.527662
0.53299
0.534166
0.582974
0.753523
0.881027
1.06316
0.458823
0.459764
0.461665
0.465166
0.469779
0.473294
0.475467
0.476245
0.477199
0.47997
0.485918
0.494862
0.500771
0.503579
0.50606
0.510538
0.516118
0.520786
0.52573
0.530802
0.533383
0.532326
0.53189
0.537158
0.546786
0.555376
0.556673
0.555968
0.560983
0.792954
0.48587
0.487284
0.489163
0.491426
0.494056
0.496753
0.49948
0.499911
0.499735
0.500561
0.503518
0.510574
0.518073
0.521223
0.52222
0.525141
0.530506
0.536311
0.542058
0.548864
0.554911
0.558284
0.558779
0.558927
0.560587
0.565358
0.571158
0.574892
0.575983
0.578879
0.513269
0.513956
0.515157
0.517296
0.520595
0.524282
0.528941
0.531293
0.530658
0.530595
0.533025
0.539144
0.546178
0.546673
0.545948
0.546437
0.548674
0.552083
0.55519
0.560249
0.568098
0.57602
0.578577
0.579164
0.579683
0.580277
0.583261
0.590176
0.593195
0.596497
0.54893
0.549263
0.549644
0.550193
0.55153
0.55392
0.558835
0.561387
0.562066
0.562918
0.564544
0.568204
0.572613
0.57456
0.576265
0.579827
0.584129
0.584416
0.58337
0.583026
0.585374
0.592217
0.598064
0.600589
0.602017
0.603647
0.604449
0.606136
0.60987
0.61335
0.585023
0.584918
0.584455
0.584384
0.584808
0.585962
0.589264
0.594039
0.594687
0.592586
0.591696
0.592535
0.596014
0.601274
0.604079
0.605524
0.607825
0.609965
0.612483
0.615574
0.616928
0.617304
0.619277
0.622718
0.623881
0.624264
0.624911
0.624743
0.625548
0.629042
0.625432
0.62564
0.622161
0.619296
0.619126
0.619564
0.621506
0.625683
0.629286
0.630577
0.63004
0.62973
0.630704
0.632565
0.63271
0.632744
0.633899
0.636343
0.639714
0.643771
0.646505
0.646572
0.645465
0.645111
0.645876
0.646641
0.647443
0.648448
0.648482
0.648778
0.667613
0.668577
0.667778
0.663003
0.661023
0.661365
0.662942
0.665769
0.668635
0.669504
0.66891
0.667877
0.66812
0.669479
0.671608
0.673516
0.673768
0.673026
0.671553
0.671396
0.672222
0.672931
0.672753
0.671186
0.670208
0.670348
0.670157
0.670187
0.670239
0.669505
0.713096
0.714196
0.714456
0.71157
0.705788
0.704532
0.70478
0.706743
0.70923
0.709867
0.709049
0.706353
0.705388
0.705291
0.704999
0.70415
0.703401
0.703363
0.703576
0.703466
0.702652
0.70166
0.701439
0.700872
0.699409
0.697584
0.696504
0.695027
0.693367
0.691153
0.762877
0.763217
0.76317
0.762298
0.756502
0.751091
0.750757
0.753183
0.75415
0.753605
0.751793
0.749552
0.749202
0.748733
0.746828
0.745097
0.744411
0.74377
0.742285
0.740717
0.739378
0.737352
0.734371
0.730932
0.727999
0.72484
0.721796
0.718526
0.716199
0.713216
0.815917
0.816044
0.815762
0.815256
0.809631
0.801229
0.800059
0.802691
0.803296
0.80179
0.797032
0.794342
0.79435
0.793519
0.790061
0.786568
0.78449
0.782759
0.780595
0.777363
0.773863
0.77051
0.766896
0.763001
0.758788
0.755524
0.752382
0.749451
0.746621
0.741067
0.873066
0.871931
0.870822
0.869779
0.864362
0.855624
0.853111
0.855076
0.855609
0.852753
0.845933
0.84239
0.842203
0.840984
0.836667
0.83168
0.828665
0.825585
0.822383
0.818612
0.814049
0.809273
0.804513
0.799391
0.793999
0.789677
0.785223
0.780417
0.775776
0.767706
0.933235
0.93167
0.928877
0.926488
0.920062
0.911551
0.908587
0.910338
0.910466
0.906399
0.897853
0.894035
0.893593
0.891279
0.885159
0.879262
0.875425
0.871764
0.866938
0.861496
0.855635
0.849541
0.843351
0.836923
0.830687
0.824135
0.818008
0.811352
0.80515
0.796006
0.994505
0.992421
0.989022
0.985015
0.977162
0.969313
0.966439
0.967919
0.967506
0.962065
0.952046
0.948488
0.947748
0.944151
0.935615
0.929504
0.925217
0.920507
0.91441
0.907239
0.8999
0.892841
0.885339
0.877495
0.869948
0.862337
0.855075
0.847577
0.840677
0.829198
1.05732
1.05508
1.05172
1.04687
1.03875
1.03018
1.02656
1.02778
1.02679
1.0203
1.00894
1.00525
1.00409
0.99893
0.988953
0.982137
0.97724
0.971246
0.963748
0.954972
0.946558
0.938055
0.929401
0.920277
0.911151
0.902553
0.893494
0.884044
0.875724
0.862198
1.12391
1.12168
1.1186
1.11424
1.10694
1.09654
1.09182
1.09216
1.09026
1.0828
1.07011
1.06577
1.06326
1.05636
1.04577
1.03775
1.03118
1.02345
1.01469
1.00474
0.994683
0.98507
0.974931
0.964653
0.954529
0.944248
0.934176
0.923544
0.913866
0.898438
1.17664
1.17533
1.17394
1.17114
1.16728
1.16329
1.15891
1.15509
1.15149
1.14604
1.13722
1.13107
1.12584
1.11803
1.1082
1.09883
1.08957
1.07975
1.06907
1.05785
1.04608
1.03441
1.02283
1.01085
0.999389
0.987866
0.97633
0.964466
0.953746
0.936154
1.18826
1.18818
1.18817
1.188
1.1873
1.18632
1.18552
1.1849
1.18417
1.18297
1.18074
1.17782
1.17451
1.1701
1.16443
1.15776
1.14982
1.14033
1.12948
1.11724
1.10417
1.09028
1.07617
1.06216
1.04813
1.03451
1.02114
1.00737
0.995225
0.975453
1.1748
1.17714
1.18006
1.18179
1.18216
1.18148
1.18074
1.18178
1.18251
1.18239
1.18256
1.18283
1.18266
1.18203
1.18124
1.18016
1.17852
1.176
1.17196
1.16596
1.15762
1.14718
1.13452
1.12016
1.10483
1.08875
1.07266
1.05617
1.04135
1.01787
1.11183
1.11519
1.11946
1.12702
1.13658
1.13885
1.13893
1.14147
1.14702
1.15487
1.15975
1.16094
1.16393
1.16905
1.1714
1.17325
1.17485
1.17469
1.17417
1.17317
1.17138
1.16857
1.16441
1.15897
1.15108
1.14057
1.12744
1.11153
1.09565
1.06842
1.02605
1.02847
1.03106
1.03407
1.0388
1.04466
1.0492
1.05373
1.05933
1.06728
1.07622
1.08352
1.09155
1.10274
1.11264
1.12196
1.13189
1.14011
1.14876
1.15498
1.15844
1.16143
1.16144
1.15978
1.15697
1.15352
1.14908
1.14292
1.13552
1.11677
1.00116
1.00133
1.00158
1.00188
1.00226
1.00288
1.00362
1.00451
1.00556
1.00699
1.00916
1.01198
1.01527
1.01991
1.0261
1.03346
1.04278
1.05409
1.0668
1.08147
1.09579
1.10952
1.12216
1.13172
1.13846
1.14226
1.14255
1.14118
1.13851
1.13149
1.00001
1.00001
1.00002
1.00002
1.00003
1.00004
1.00005
1.00007
1.0001
1.00014
1.0002
1.00031
1.00046
1.0007
1.00111
1.00178
1.00285
1.0046
1.0074
1.01178
1.01845
1.02765
1.03994
1.05478
1.07067
1.08643
1.1002
1.11144
1.11909
1.12242
1
1
1
1
1
1
1
1
1
1
1
1
1
1.00001
1.00001
1.00002
1.00004
1.00007
1.00015
1.00031
1.00065
1.00134
1.00275
1.00539
1.01004
1.01743
1.02799
1.0417
1.05595
1.07782
1
1
1
1
1
1
1
1
1
1
1
1
1
1
1
1
1
1
1
1
1.00001
1.00001
1.00004
1.0001
1.00027
1.00068
1.00163
1.00369
1.00706
1.0186
1
1
1
1
1
1
1
1
1
1
1
1
1
1
1
1
1
1
1
1
1
1
1
1
1
1.00001
1.00002
1.00007
1.00018
1.00107
0.588047
0.578311
0.552795
0.511854
0.482277
0.473025
0.46691
0.462113
0.458522
0.455625
0.458253
0.484846
0.512653
0.54846
0.584661
0.624085
0.666444
0.711917
0.76157
0.814749
0.87274
0.933021
0.995343
1.05959
1.1275
1.17912
1.18849
1.17253
1.10681
1.02278
1.00095
1.00001
1
1
1
0.587471
0.578546
0.549417
0.508155
0.48032
0.471418
0.465812
0.461638
0.456969
0.454733
0.462573
0.490904
0.518662
0.554527
0.589397
0.628426
0.671427
0.717705
0.768003
0.822091
0.879035
0.939225
1.00199
1.06813
1.13842
1.18476
1.18879
1.16934
1.09612
1.01614
1.0005
1
1
1
1
0.5904
0.581795
0.552464
0.51091
0.481692
0.471109
0.4646
0.460062
0.454498
0.452879
0.465279
0.492471
0.519982
0.555182
0.590769
0.629415
0.673896
0.723394
0.777035
0.834433
0.894434
0.955209
1.0171
1.08346
1.1516
1.18864
1.18913
1.16765
1.083
1.01098
1.00028
1
1
1
1
0.5915
0.583886
0.553237
0.511656
0.483967
0.471265
0.464099
0.457702
0.452596
0.452131
0.466773
0.492111
0.521527
0.55507
0.59413
0.635087
0.687512
0.742493
0.797975
0.855446
0.91517
0.976351
1.03888
1.10407
1.16377
1.19076
1.18944
1.15803
1.06663
1.00719
1.00015
1
1
1
1
0.59322
0.585887
0.553028
0.511562
0.486597
0.471822
0.46433
0.456961
0.451853
0.453379
0.471811
0.491261
0.525861
0.561647
0.606292
0.654598
0.703154
0.753908
0.807115
0.8639
0.923919
0.985781
1.04886
1.11402
1.17058
1.19177
1.18727
1.14393
1.05458
1.00492
1.00009
1
1
1
1
0.596676
0.586511
0.550607
0.511023
0.488594
0.472943
0.465021
0.456935
0.451491
0.456988
0.480494
0.498945
0.537028
0.579092
0.621122
0.663412
0.708455
0.758601
0.812187
0.868922
0.929171
0.991853
1.05604
1.12261
1.17696
1.19255
1.18401
1.13577
1.04518
1.00319
1.00005
1
1
1
1
0.599499
0.586254
0.546959
0.510016
0.490627
0.475248
0.466414
0.456934
0.451398
0.460387
0.486669
0.513732
0.550178
0.588396
0.625641
0.666465
0.711748
0.761594
0.816274
0.873896
0.934922
0.99859
1.06484
1.13455
1.18457
1.19318
1.18265
1.12798
1.03426
1.00185
1.00002
1
1
1
1
0.600693
0.584602
0.543038
0.509658
0.49365
0.478334
0.468171
0.456817
0.452029
0.464516
0.491676
0.5215
0.553347
0.590407
0.627952
0.668402
0.717058
0.773044
0.833036
0.896374
0.959779
1.02335
1.08824
1.15181
1.19036
1.19363
1.18243
1.11318
1.02379
1.00103
1.00001
1
1
1
1
0.601159
0.581903
0.540784
0.509914
0.495624
0.479791
0.468968
0.457195
0.45374
0.468875
0.493889
0.523357
0.55382
0.59004
0.630694
0.67987
0.738473
0.797074
0.856388
0.917139
0.979175
1.04184
1.10479
1.16231
1.19302
1.19398
1.17456
1.0947
1.01674
1.00059
1.00001
1
1
1
1
0.601219
0.579088
0.540633
0.509891
0.495959
0.480077
0.469112
0.458116
0.454637
0.471225
0.494043
0.523303
0.553915
0.592551
0.646136
0.700477
0.753119
0.807723
0.865318
0.926027
0.988552
1.05136
1.11428
1.16962
1.19444
1.19344
1.16307
1.08145
1.01182
1.00033
1
1
1
1
1
0.599171
0.577193
0.543662
0.510441
0.495637
0.478938
0.46669
0.458369
0.454695
0.471609
0.491871
0.522604
0.558473
0.612089
0.661217
0.70831
0.758413
0.812818
0.870949
0.931705
0.995337
1.05975
1.12493
1.17812
1.19561
1.19092
1.15606
1.06922
1.00763
1.00017
1
1
1
1
1
0.594938
0.576232
0.546829
0.511869
0.492046
0.473194
0.459527
0.455333
0.454557
0.471064
0.4928
0.529068
0.576612
0.62176
0.665788
0.711383
0.762178
0.817058
0.877778
0.9423
1.00856
1.07588
1.14192
1.18685
1.19638
1.18962
1.14898
1.05388
1.00458
1.00009
1
1
1
1
1
0.593073
0.576049
0.547358
0.511174
0.48664
0.467089
0.455165
0.452087
0.455034
0.472049
0.506217
0.546553
0.582958
0.62387
0.668371
0.715277
0.773661
0.839843
0.90551
0.972036
1.03741
1.10042
1.15773
1.19246
1.19679
1.1899
1.13487
1.03959
1.00266
1.00004
1
1
1
1
1
0.593486
0.576574
0.544948
0.507605
0.483681
0.464897
0.454422
0.453882
0.463396
0.483359
0.517795
0.552418
0.585316
0.626307
0.677025
0.738919
0.802793
0.864779
0.926756
0.989548
1.05265
1.11319
1.16676
1.19554
1.19719
1.18542
1.11645
1.02856
1.00148
1.00002
1
1
1
1
1
0.597325
0.578349
0.542601
0.506101
0.482664
0.464811
0.455515
0.458618
0.47324
0.491712
0.523329
0.555635
0.591603
0.637701
0.702724
0.76013
0.816229
0.875012
0.936257
0.999304
1.06275
1.12362
1.17522
1.19723
1.19722
1.17437
1.10154
1.02009
1.0008
1.00001
1
1
1
1
1
0.602499
0.580076
0.541394
0.505982
0.482542
0.465516
0.456617
0.459398
0.476266
0.494513
0.527813
0.560387
0.606464
0.663325
0.716357
0.768313
0.822838
0.880754
0.943354
1.00815
1.07451
1.13822
1.18455
1.19817
1.19524
1.16712
1.08701
1.01322
1.00042
1
1
1
1
1
1
0.606903
0.581049
0.540749
0.507932
0.483063
0.465608
0.456733
0.457754
0.475925
0.496846
0.534907
0.577066
0.625444
0.674152
0.721352
0.772031
0.829478
0.892394
0.96098
1.03163
1.0987
1.15675
1.19142
1.19872
1.19315
1.16001
1.06972
1.0082
1.0002
1
1
1
1
1
1
0.609514
0.583604
0.542797
0.511991
0.483898
0.464601
0.456887
0.456793
0.47314
0.503771
0.54824
0.592396
0.631801
0.677434
0.725621
0.78583
0.854629
0.926072
0.994326
1.05959
1.119
1.16855
1.19557
1.19904
1.19326
1.1483
1.05296
1.00474
1.00009
1
1
1
1
1
1
0.61023
0.586101
0.551032
0.517535
0.484851
0.464084
0.457923
0.46099
0.478093
0.517782
0.553792
0.596304
0.6333
0.680722
0.747335
0.816862
0.882615
0.946955
1.01119
1.07363
1.13063
1.17713
1.19838
1.19958
1.19199
1.13004
1.03801
1.00253
1.00004
1
1
1
1
1
1
0.609163
0.588388
0.560739
0.522918
0.485481
0.463685
0.458237
0.469138
0.486896
0.52589
0.554706
0.595451
0.639336
0.70061
0.773733
0.834129
0.894985
0.958382
1.02293
1.08595
1.14355
1.18595
1.19983
1.1997
1.18104
1.11274
1.02618
1.00132
1.00002
1
1
1
1
1
1
0.60357
0.590714
0.566169
0.524642
0.485548
0.461435
0.458206
0.472956
0.490139
0.527373
0.559609
0.599312
0.65831
0.728724
0.787012
0.843552
0.904698
0.969244
1.03774
1.10508
1.16092
1.1928
1.2002
1.19794
1.17144
1.09549
1.01727
1.00068
1.00001
1
1
1
1
1
1
0.599173
0.593073
0.567352
0.524922
0.482702
0.460069
0.458702
0.474201
0.493095
0.526674
0.570626
0.627264
0.688975
0.741565
0.794888
0.855439
0.924779
0.998334
1.06875
1.13
1.17445
1.19667
1.2001
1.19472
1.16337
1.07749
1.01074
1.00032
1
1
1
1
1
1
1
0.59792
0.595834
0.566323
0.522805
0.478363
0.460021
0.459494
0.474435
0.503081
0.539432
0.591988
0.652164
0.699156
0.750355
0.8134
0.888544
0.960138
1.02869
1.09171
1.145
1.18304
1.19912
1.20008
1.19365
1.15283
1.05901
1.00604
1.00014
1
1
1
1
1
1
1
0.601701
0.598717
0.561161
0.511429
0.47624
0.467615
0.468432
0.481279
0.521039
0.563752
0.610826
0.660127
0.703586
0.764115
0.846584
0.914579
0.980128
1.04548
1.10627
1.15714
1.19059
1.20062
1.20102
1.19344
1.13382
1.04087
1.00299
1.00006
1
1
1
1
1
1
1
0.614521
0.600272
0.554133
0.501321
0.477692
0.478796
0.48038
0.496197
0.536784
0.576235
0.614864
0.660635
0.713093
0.79658
0.866986
0.929133
0.994581
1.06143
1.12358
1.17169
1.19626
1.20134
1.20105
1.183
1.11302
1.0268
1.00146
1.00002
1
1
1
1
1
1
1
0.621325
0.599444
0.547642
0.497346
0.47901
0.481111
0.484987
0.501362
0.540787
0.578766
0.616502
0.663451
0.746029
0.820255
0.880846
0.944293
1.01562
1.08725
1.14699
1.18387
1.19908
1.20136
1.19888
1.17006
1.09353
1.01719
1.00071
1.00001
1
1
1
1
1
1
1
0.619969
0.591121
0.543398
0.494362
0.477752
0.47668
0.482488
0.501616
0.53942
0.57717
0.623027
0.706185
0.781173
0.838695
0.901106
0.978727
1.05313
1.11693
1.16423
1.19092
1.20042
1.20061
1.19432
1.16025
1.07483
1.01017
1.0003
1
1
1
1
1
1
1
1
0.613443
0.58407
0.540841
0.487637
0.469141
0.46668
0.470521
0.501362
0.540716
0.589977
0.667556
0.744493
0.798024
0.859207
0.941746
1.01395
1.07913
1.13488
1.1755
1.19593
1.201
1.20035
1.19157
1.14848
1.05483
1.00536
1.00012
1
1
1
1
1
1
1
1
0.612636
0.583155
0.53929
0.480818
0.460726
0.464381
0.471843
0.521767
0.574744
0.635629
0.699239
0.755931
0.812454
0.89285
0.969883
1.03576
1.09812
1.15088
1.18606
1.19947
1.20137
1.20122
1.19089
1.12709
1.03536
1.00239
1.00004
1
1
1
1
1
1
1
1
0.615755
0.586949
0.539
0.476133
0.453705
0.465936
0.497558
0.550983
0.600977
0.654789
0.707278
0.763225
0.836512
0.922447
0.990942
1.05673
1.12078
1.16916
1.19409
1.20093
1.20164
1.20102
1.17931
1.10146
1.02099
1.00102
1.00001
1
1
1
1
1
1
1
1
0.628776
0.602621
0.538785
0.471
0.451843
0.476688
0.517044
0.561075
0.608879
0.66131
0.713243
0.78409
0.878166
0.948755
1.01671
1.08893
1.1475
1.18294
1.19801
1.20127
1.20157
1.19706
1.16036
1.07874
1.01224
1.00044
1.00001
1
1
1
1
1
1
1
1
0.655888
0.613137
0.531557
0.46698
0.452651
0.482323
0.522538
0.5647
0.609682
0.66444
0.737126
0.841024
0.911196
0.978905
1.05659
1.1205
1.16616
1.19098
1.19989
1.2013
1.20044
1.19038
1.14701
1.05951
1.00652
1.00017
1
1
1
1
1
1
1
1
1
0.670088
0.614914
0.519451
0.46508
0.46133
0.488738
0.527152
0.571068
0.636272
0.706358
0.800709
0.876915
0.941112
1.01847
1.0885
1.14241
1.17937
1.19641
1.20084
1.2011
1.19918
1.18535
1.13208
1.03976
1.00302
1.00006
1
1
1
1
1
1
1
1
1
0.671233
0.611624
0.509367
0.465587
0.48246
0.505441
0.547958
0.614431
0.684441
0.758795
0.833344
0.899812
0.973647
1.0517
1.11419
1.16183
1.19009
1.19971
1.20126
1.20165
1.20033
1.18232
1.10564
1.02206
1.00112
1.00002
1
1
1
1
1
1
1
1
1
0.665832
0.595255
0.500738
0.467157
0.4997
0.530082
0.584637
0.641414
0.71058
0.784813
0.853828
0.929211
1.01465
1.08324
1.14104
1.17951
1.19664
1.2013
1.20188
1.20182
1.19986
1.166
1.0752
1.01089
1.00039
1.00001
1
1
1
1
1
1
1
1
1
0.660188
0.580972
0.498045
0.465699
0.505268
0.544514
0.599806
0.655478
0.727248
0.806419
0.886042
0.981182
1.05451
1.11703
1.1657
1.19103
1.19971
1.20211
1.20219
1.2014
1.19049
1.13772
1.05104
1.00529
1.00014
1
1
1
1
1
1
1
1
1
1
0.65877
0.576738
0.500467
0.468751
0.49936
0.547051
0.601235
0.677873
0.762429
0.849605
0.947891
1.02852
1.09198
1.14695
1.18217
1.19728
1.20112
1.20239
1.20161
1.1989
1.17901
1.11791
1.03361
1.00233
1.00004
1
1
1
1
1
1
1
1
1
1
0.659932
0.579554
0.513246
0.474145
0.488186
0.544103
0.630201
0.733392
0.82784
0.915997
0.998317
1.06606
1.12542
1.16845
1.19288
1.20038
1.20163
1.20232
1.20052
1.19507
1.17001
1.09659
1.0183
1.00086
1.00001
1
1
1
1
1
1
1
1
1
1
0.661056
0.580643
0.517399
0.475564
0.48894
0.598714
0.708254
0.79754
0.878703
0.962169
1.03612
1.1024
1.15407
1.18449
1.19931
1.20141
1.20157
1.20211
1.20098
1.19423
1.15737
1.06384
1.00766
1.00024
1
1
1
1
1
1
1
1
1
1
1
0.654265
0.565286
0.508456
0.474637
0.538558
0.671056
0.762863
0.837161
0.920192
1.00523
1.08022
1.14131
1.17729
1.19451
1.20213
1.20153
1.20124
1.20176
1.20167
1.19169
1.12527
1.03513
1.00276
1.00006
1
1
1
1
1
1
1
1
1
1
1
0.649711
0.532718
0.471125
0.499807
0.627037
0.714946
0.793085
0.884178
0.978795
1.06125
1.12839
1.17024
1.19147
1.19891
1.20286
1.2014
1.20111
1.20096
1.19905
1.16936
1.091
1.01858
1.00096
1.00002
1
1
1
1
1
1
1
1
1
1
1
0.653229
0.50778
0.460662
0.560341
0.672251
0.756861
0.850307
0.955346
1.04429
1.11434
1.16123
1.18781
1.19809
1.20039
1.20303
1.2011
1.20133
1.19942
1.19043
1.14882
1.06644
1.00905
1.0003
1
1
1
1
1
1
1
1
1
1
1
1
0.650941
0.482662
0.516055
0.637144
0.71991
0.818549
0.938732
1.02881
1.09882
1.15156
1.18286
1.19784
1.20051
1.20072
1.20311
1.20085
1.20202
1.19811
1.18233
1.13002
1.0413
1.00335
1.00008
1
1
1
1
1
1
1
1
1
1
1
1
0.613763
0.488891
0.581865
0.679488
0.793942
0.919322
1.01385
1.08707
1.14298
1.17892
1.19637
1.20196
1.20096
1.20062
1.20346
1.20094
1.20227
1.19935
1.17516
1.09634
1.01796
1.0009
1.00002
1
1
1
1
1
1
1
1
1
1
1
1
0.581252
0.504343
0.628511
0.761385
0.897275
1.00326
1.07926
1.13798
1.17644
1.19537
1.20205
1.20265
1.20081
1.20054
1.20383
1.20169
1.20188
1.19806
1.15113
1.05437
1.00604
1.0002
1
1
1
1
1
1
1
1
1
1
1
1
1
0.518639
0.58652
0.72854
0.878532
0.994949
1.07717
1.13845
1.17572
1.19469
1.20176
1.20347
1.20258
1.20029
1.20053
1.20414
1.20227
1.19789
1.17726
1.10716
1.02728
1.0019
1.00004
1
1
1
1
1
1
1
1
1
1
1
1
1
0.413637
0.654025
0.850117
0.991502
1.08322
1.14315
1.17772
1.19476
1.20172
1.20348
1.20359
1.20199
1.20014
1.20084
1.2045
1.20182
1.19189
1.15383
1.07483
1.01236
1.0005
1.00001
1
1
1
1
1
1
1
1
1
1
1
1
1
0.264225
0.715849
0.974351
1.09159
1.15166
1.18306
1.1967
1.20158
1.20331
1.20369
1.20337
1.20165
1.20007
1.20151
1.20466
1.1979
1.18492
1.13064
1.0425
1.0036
1.00009
1
1
1
1
1
1
1
1
1
1
1
1
1
1
0.565025
0.928237
1.10118
1.16377
1.18942
1.19948
1.20241
1.20284
1.20335
1.20356
1.20322
1.2016
1.20008
1.20207
1.20432
1.1938
1.1729
1.08907
1.01415
1.00058
1.00001
1
1
1
1
1
1
1
1
1
1
1
1
1
1
0.936001
1.11257
1.17872
1.19738
1.20264
1.2035
1.20314
1.20258
1.20304
1.20358
1.20325
1.2014
1.2002
1.20236
1.20346
1.1887
1.13838
1.04243
1.00308
1.00005
1
1
1
1
1
1
1
1
1
1
1
1
1
1
1
1.20269
1.20345
1.2041
1.20458
1.20448
1.20361
1.20258
1.20237
1.2031
1.20398
1.20326
1.20119
1.19993
1.20221
1.19991
1.17372
1.09519
1.01295
0.99987
0.999988
1
1
1
1
1
1
1
1
1
1
1
1
1
1
1
1.20239
1.20306
1.20377
1.20438
1.20453
1.20376
1.20267
1.20221
1.20276
1.20419
1.20381
1.20213
1.19873
1.19915
1.19889
1.16948
1.08779
1.0136
1.00041
1
1
1
1
1
1
1
1
1
1
1
1
1
1
1
1
1.20236
1.20292
1.20362
1.20422
1.20443
1.20386
1.20284
1.20221
1.20242
1.20388
1.20383
1.2028
1.19819
1.19681
1.19648
1.15928
1.05963
1.00427
1.00006
1
1
1
1
1
1
1
1
1
1
1
1
1
1
1
1
1.2027
1.20295
1.20349
1.20388
1.20417
1.20399
1.20322
1.20242
1.20215
1.20306
1.20353
1.2033
1.19894
1.19508
1.19482
1.14071
1.03935
1.00207
1.00002
1
1
1
1
1
1
1
1
1
1
1
1
1
1
1
1
1.20346
1.20334
1.2035
1.20363
1.20389
1.20416
1.20388
1.20303
1.20206
1.20192
1.20276
1.20351
1.20056
1.19437
1.18866
1.11431
1.02374
1.00081
1.00001
1
1
1
1
1
1
1
1
1
1
1
1
1
1
1
1
1.2041
1.20378
1.20358
1.20351
1.20368
1.20422
1.20449
1.20378
1.20207
1.20098
1.20195
1.20364
1.20208
1.193
1.1757
1.09137
1.01279
1.00029
1
1
1
1
1
1
1
1
1
1
1
1
1
1
1
1
1
1.20443
1.20398
1.20358
1.20338
1.20351
1.20427
1.20479
1.20436
1.20226
1.20051
1.20125
1.20442
1.20301
1.19165
1.16031
1.06785
1.006
1.0001
1
1
1
1
1
1
1
1
1
1
1
1
1
1
1
1
1
1.20451
1.20406
1.20359
1.20332
1.20335
1.20421
1.20488
1.20461
1.20254
1.20022
1.20049
1.20456
1.20331
1.1912
1.14356
1.04643
1.00273
1.00003
1
1
1
1
1
1
1
1
1
1
1
1
1
1
1
1
1
1.20415
1.20389
1.20352
1.20329
1.20328
1.20399
1.20482
1.20467
1.20286
1.20005
1.19973
1.20296
1.20256
1.18565
1.1232
1.02783
1.00107
1.00001
1
1
1
1
1
1
1
1
1
1
1
1
1
1
1
1
1
1.20328
1.20345
1.2034
1.2034
1.20332
1.20359
1.20416
1.20442
1.20323
1.20063
1.19952
1.20176
1.20026
1.1729
1.09839
1.01473
1.00037
1
1
1
1
1
1
1
1
1
1
1
1
1
1
1
1
1
1
1.20267
1.20317
1.20339
1.20373
1.20356
1.20334
1.20325
1.20377
1.20351
1.20185
1.20002
1.20118
1.19925
1.16204
1.07339
1.00722
1.00012
1
1
1
1
1
1
1
1
1
1
1
1
1
1
1
1
1
1
1.20242
1.20309
1.2036
1.20408
1.204
1.20325
1.20258
1.20299
1.20349
1.20352
1.20078
1.19943
1.19705
1.14683
1.04736
1.00295
1.00004
1
1
1
1
1
1
1
1
1
1
1
1
1
1
1
1
1
1
1.20242
1.20311
1.20376
1.20449
1.2045
1.20332
1.20235
1.20211
1.20356
1.20469
1.20177
1.19528
1.187
1.12296
1.02789
1.00109
1.00001
1
1
1
1
1
1
1
1
1
1
1
1
1
1
1
1
1
1
1.20295
1.2033
1.20395
1.20469
1.20481
1.20374
1.20221
1.20171
1.20327
1.20512
1.20305
1.19291
1.17646
1.10057
1.01562
1.00039
1
1
1
1
1
1
1
1
1
1
1
1
1
1
1
1
1
1
1
1.20361
1.20355
1.20411
1.20471
1.20488
1.20409
1.2024
1.20154
1.20276
1.20519
1.2035
1.19219
1.16561
1.07221
1.00683
1.00012
1
1
1
1
1
1
1
1
1
1
1
1
1
1
1
1
1
1
1
1.20399
1.20381
1.20412
1.20446
1.2048
1.20441
1.20284
1.20175
1.2023
1.20465
1.2028
1.18766
1.14529
1.04503
1.00271
1.00003
1
1
1
1
1
1
1
1
1
1
1
1
1
1
1
1
1
1
1
1.20419
1.2039
1.20388
1.2038
1.2043
1.2046
1.20352
1.20225
1.20201
1.20437
1.202
1.18015
1.12027
1.02674
1.001
1.00001
1
1
1
1
1
1
1
1
1
1
1
1
1
1
1
1
1
1
1
1.20407
1.20369
1.20328
1.20305
1.20364
1.20455
1.2043
1.20277
1.20154
1.2038
1.20193
1.1746
1.09275
1.0127
1.00029
1
1
1
1
1
1
1
1
1
1
1
1
1
1
1
1
1
1
1
1
1.2035
1.20325
1.20292
1.20272
1.20301
1.20429
1.20453
1.20363
1.20033
1.19964
1.19943
1.16068
1.0622
1.00512
1.00008
1
1
1
1
1
1
1
1
1
1
1
1
1
1
1
1
1
1
1
1
1.20292
1.20307
1.20283
1.20264
1.20257
1.20367
1.20453
1.20484
1.2001
1.19543
1.19198
1.13708
1.03946
1.00201
1.00002
1
1
1
1
1
1
1
1
1
1
1
1
1
1
1
1
1
1
1
1
1.20252
1.20305
1.20303
1.20308
1.20248
1.20278
1.20425
1.20534
1.20253
1.19381
1.18507
1.1135
1.0207
1.00063
1.00001
1
1
1
1
1
1
1
1
1
1
1
1
1
1
1
1
1
1
1
1
1.20231
1.20331
1.20399
1.20426
1.20304
1.20242
1.2036
1.20536
1.20372
1.19346
1.17304
1.07869
1.00853
1.00017
1
1
1
1
1
1
1
1
1
1
1
1
1
1
1
1
1
1
1
1
1
1.20227
1.20352
1.20451
1.20496
1.20378
1.20269
1.20315
1.20547
1.20364
1.18852
1.14866
1.05072
1.00343
1.00004
1
1
1
1
1
1
1
1
1
1
1
1
1
1
1
1
1
1
1
1
1
1.20257
1.2036
1.20467
1.20524
1.2045
1.20296
1.20279
1.20568
1.20382
1.18366
1.12383
1.02818
1.00106
1.00001
1
1
1
1
1
1
1
1
1
1
1
1
1
1
1
1
1
1
1
1
1
1.20304
1.20358
1.20462
1.20528
1.20511
1.20317
1.20187
1.20425
1.20387
1.17838
1.09023
1.01161
1.00027
1
1
1
1
1
1
1
1
1
1
1
1
1
1
1
1
1
1
1
1
1
1
1.20342
1.20319
1.20368
1.2047
1.20519
1.20436
1.20079
1.20022
1.19925
1.1555
1.05841
1.00451
1.00007
1
1
1
1
1
1
1
1
1
1
1
1
1
1
1
1
1
1
1
1
1
1
1.20362
1.2027
1.20234
1.20277
1.20426
1.20573
1.20181
1.19743
1.19289
1.13217
1.03345
1.00143
1.00001
1
1
1
1
1
1
1
1
1
1
1
1
1
1
1
1
1
1
1
1
1
1
1.20384
1.20254
1.20148
1.20112
1.20298
1.20611
1.2046
1.19652
1.18443
1.09914
1.01377
1.00035
1
1
1
1
1
1
1
1
1
1
1
1
1
1
1
1
1
1
1
1
1
1
1
1.20389
1.2026
1.2012
1.20056
1.20209
1.20614
1.2058
1.1946
1.16229
1.06213
1.00511
1.00008
1
1
1
1
1
1
1
1
1
1
1
1
1
1
1
1
1
1
1
1
1
1
1
1.20387
1.20284
1.20157
1.2009
1.20206
1.20646
1.20599
1.18742
1.1343
1.03537
1.0016
1.00002
1
1
1
1
1
1
1
1
1
1
1
1
1
1
1
1
1
1
1
1
1
1
1
1.20305
1.20297
1.20262
1.20259
1.20238
1.20661
1.2068
1.18209
1.09856
1.01395
1.00035
1
1
1
1
1
1
1
1
1
1
1
1
1
1
1
1
1
1
1
1
1
1
1
1
1.20242
1.2027
1.20358
1.20431
1.20243
1.20472
1.20618
1.16093
1.05866
1.0045
1.00007
1
1
1
1
1
1
1
1
1
1
1
1
1
1
1
1
1
1
1
1
1
1
1
1
1.20166
1.20196
1.20406
1.20696
1.20574
1.20238
1.19573
1.12821
1.03096
1.00128
1.00001
1
1
1
1
1
1
1
1
1
1
1
1
1
1
1
1
1
1
1
1
1
1
1
1
1.20095
1.20096
1.20287
1.20848
1.21031
1.20146
1.18111
1.09268
1.01144
1.00026
1
1
1
1
1
1
1
1
1
1
1
1
1
1
1
1
1
1
1
1
1
1
1
1
1
1.20064
1.20047
1.20077
1.2093
1.21142
1.20059
1.15554
1.04965
1.0031
1.00004
1
1
1
1
1
1
1
1
1
1
1
1
1
1
1
1
1
1
1
1
1
1
1
1
1
1.20049
1.20039
1.19972
1.209
1.21153
1.18876
1.11675
1.02227
1.00075
1.00001
1
1
1
1
1
1
1
1
1
1
1
1
1
1
1
1
1
1
1
1
1
1
1
1
1
1.19992
1.20117
1.2003
1.20838
1.21044
1.17265
1.07646
1.00706
1.00013
1
1
1
1
1
1
1
1
1
1
1
1
1
1
1
1
1
1
1
1
1
1
1
1
1
1
1.19833
1.20262
1.20507
1.20772
1.2074
1.14289
1.03429
1.00157
1.00002
1
1
1
1
1
1
1
1
1
1
1
1
1
1
1
1
1
1
1
1
1
1
1
1
1
1
1.19726
1.20466
1.21217
1.20301
1.18731
1.09369
1.01172
1.00028
1
1
1
1
1
1
1
1
1
1
1
1
1
1
1
1
1
1
1
1
1
1
1
1
1
1
1
1.1978
1.20976
1.21621
1.20041
1.15712
1.04973
1.00311
1.00004
1
1
1
1
1
1
1
1
1
1
1
1
1
1
1
1
1
1
1
1
1
1
1
1
1
1
1
1.20423
1.21374
1.21759
1.19402
1.11172
1.01694
1.00049
1
1
1
1
1
1
1
1
1
1
1
1
1
1
1
1
1
1
1
1
1
1
1
1
1
1
1
1
1.20996
1.21399
1.21736
1.16774
1.05588
1.00396
1.00006
1
1
1
1
1
1
1
1
1
1
1
1
1
1
1
1
1
1
1
1
1
1
1
1
1
1
1
1
1.21821
1.2097
1.20051
1.11484
1.02042
1.00068
1.00001
1
1
1
1
1
1
1
1
1
1
1
1
1
1
1
1
1
1
1
1
1
1
1
1
1
1
1
1
1.23966
1.19381
1.17108
1.06268
1.00515
1.00009
1
1
1
1
1
1
1
1
1
1
1
1
1
1
1
1
1
1
1
1
1
1
1
1
1
1
1
1
1
1.25507
1.17824
1.11294
1.0207
1.0008
1.00001
1
1
1
1
1
1
1
1
1
1
1
1
1
1
1
1
1
1
1
1
1
1
1
1
1
1
1
1
1
1.25863
1.14871
1.05725
1.00528
1.00012
1
1
1
1
1
1
1
1
1
1
1
1
1
1
1
1
1
1
1
1
1
1
1
1
1
1
1
1
1
1
1.23495
1.10556
1.02394
1.00114
1.00002
1
1
1
1
1
1
1
1
1
1
1
1
1
1
1
1
1
1
1
1
1
1
1
1
1
1
1
1
1
1
1.1938
1.06422
1.00675
1.00017
1
1
1
1
1
1
1
1
1
1
1
1
1
1
1
1
1
1
1
1
1
1
1
1
1
1
1
1
1
1
1
1.13268
1.02644
1.00132
1.00002
1
1
1
1
1
1
1
1
1
1
1
1
1
1
1
1
1
1
1
1
1
1
1
1
1
1
1
1
1
1
1
1.05481
1.00542
1.00009
1
1
1
1
1
1
1
1
1
1
1
1
1
1
1
1
1
1
1
1
1
1
1
1
1
1
1
1
1
1
1
1
1
1
1
1
1
1
1
1
1
1
1
1
1
1
1
1
1
1
1
1
1
1
1
1
1
1
1
1
1
1
1
1
1
1
1
1
1
1
1
1
1
1
1
1
1
1
1
1
1
1
1
1
1
1
1
1
1
1
1
1
1
1
1
1
1
1
1
1
1
1
1
1
1
1
1
1
1
1
1
1
1
1
1
1
1
1
1
1
1
1
1
1
1
1
1
1
1
1
1
1
1
1
1
1
1
1
1
1
1
1
1
1
1
1
1
1
1
1
1
1
1
1
1
1
1
1
1
1
1
1
1
1
1
1
1
1
1
1
1
1
1
1
1
1
1
1
1
1
1
1
1
1
1
1
1
1
1
1
1
1
1
1
1
1
1
1
1
1
1
1
1
1
1
1
1
1
1
1
1
1
1
1
1
1
1
1
1
1
1
1
1
1
1
1
1
1
1
1
1
1
1
1
1
1
1
1
1
1
1
1
1
1
1
1
1
1
1
1
1
1
1
1
1
1
1
1
1
1
1
1
1
1
1
1
1
1
1
1
1
1
1
1
1
1
1
1
1
1
1
1
1
1
1
1
1
1
1
1
1
1
1
1
1
1
1
1
1
1
1
1
1
1
1
1
1
1
1
1
1
1
1
1
1
1
1
1
1
1
1
1
1
1
1
1
1
1
1
1
1
1
1
1
1
1
1
1
1
1
1
1
1
1
1
1
1
1
1
1
1
1
1
1
1
1
1
1
1
1
1
1
1
1
1
1
1
1
1
1
1
1
1
1
1
1
1
1
1
1
1
1
1
1
1
1
1
1
1
1
1
1
1
1
1
1
1
1
1
1
1
1
1
1
1
1
1
1
1
1
1
1
1
1
1
1
1
1
1
1
1
1
1
1
1
1
1
1
1
1
1
1
1
1
1
1
1
1
1
1
1
1
1
1
1
1
1
1
1
1
1
1
1
1
1
1
1
1
1
1
1
1
1
1
1
1
1
1
1
1
1
1
1
1
1
1
1
1
1
1
1
1
1
1
1
1
1
1
1
1
1
1
1
1
1
1
1
1
1
1
1
1
1
1
1
1
1
1
1
1
1
1
1
1
1
1
1
1
1
1
1
1
1
1
1
1
1
1
1
1
1
1
1
1
1
1
1
1
1
1
1
1
1
1
1
1
1
1
1
1
1
1
1
1
1
1
1
1
1
1
1
1
1
1
1
1
1
1
1
1
1
1
1
1
1
1
1
1
1
1
1
1
1
1
1
1
1
1
1
1
1
1
1
1
1
1
1
1
1
1
1
1
1
1
1
1
1
1
1
1
1
1
1
1
1
1
1
1
1
1
1
1
1
1
1
1
1
1
1
1
1
1
1
1
1
1
1
1
1
1
1
1
1
1
1
1
1
1
1
1
1
1
1
1
1
1
1
1
1
1
1
1
1
1
1
1
1
1
1
1
1
1
1
1
1
1
1
1
1
1
1
1
1
1
1
1
1
1
1
1
1
1
1
1
1
1
1
1
1
1
1
1
1
1
1
1
1
1
1
1
1
1
1
1
1
1
1
1
1
1
1
1
1
1
1
1
1
1
1
1
1
1
1
1
1
1
1
1
1
1
1
1
1
1
1
1
1
1
1
1
1
1
1
1
1
1
1
1
1
1
1
1
1
1
1
1
1
1
1
1
1
1
1
1
1
1
1
1
1
1
1
1
1
1
1
1
1
1
1
1
1
1
1
1
1
1
1
1
1
1
1
1
1
1
1
1
1
1
1
1
1
1
1
1
1
1
1
1
1
1
1
1
1
1
1
1
1
1
1
1
1
1
1
1
1
1
1
1
1
1
1
1
1
1
1
1
1
1
1
1
1
1
1
1
1
1
1
1
1
1
1
1
1
1
1
1
1
1
1
1
1
1
1
1
1
1
1
1
1
1
1
1
1
1
1
1
1
1
1
1
1
1
1
1
1
1
1
1
1
1
1
1
1
1
1
1
1
1
1
1
1
1
1
1
1
1
1
1
1
1
1
1
1
1
1
1
1
1
1
1
1
1
1
1
1
1
1
1
1
1
1
1
1
1
1
1
1
1
1
1
1
1
1
1
1
1
1
1
1
1
1
1
1
1
1
1
1
1
1
1
1
1
1
1
1
1
1
1
1
1
1
1
1
1
1
1
1
1
1
1
1
1
1
1
1
1
1
1
1
1
1
1
1
1
1
1
1
1
1
1
1
1
1
1
1
1
1
1
1
1
1
1
1
1
1
1
1
1
1
1
1
1
1
1
1
1
1
1
1
1
1
1
1
1
1
1
1
1
1
1
1
1
1
1
1
1
1
1
1
1
1
1
1
1
1
1
1
1
1
1
1
1
1
1
1
1
1
1
1
1
1
1
1
1
1
1
1
1
1
1
1
1
1
1
1
1
1
1
1
1
1
1
1
1
1
1
1
1
1
1
1
1
1
1
1
1
1
1
1
1
1
1
1
1
1
1
1
1
1
1
1
1
1
1
1
1
1
1
1
1
1
1
1
1
1
1
1
1
1
1
1
1
1
1
1
1
1
1
1
1
1
1
1
1
1
1
1
1
1
1
1
1
1
1
1
1
1
1
1
1
1
1
1
1
1
1
1
1
1
1
1
1
1
1
1
1
1
1
1
1
1
1
1
1
1
1
1
1
1
1
1
1
1
1
1
1
1
1
1
1
1
1
1
1
1
1
1
1
1
1
1
1
1
1
1
1
1
1
1
1
1
1
1
1
1
1
1
1
1
1
1
1
1
1
1
1
1
1
1
1
1
1
1
1
1
1
1
1
1
1
1
1
1
1
1
1
1
1
1
1
1
1
1
1
1
1
1
1
1
1
1
1
1
1
1
1
1
1
1
1
1
1
1
1
1
1
1
1
1
1
1
1
1
1
1
1
1
1
1
1
1
1
1
1
1
1
1
1
1
1
1
1
1
1
1
1
1
1
1
1
1
1
1
1
1
1
1
1
1
1
1
1
1
1
1
1
1
1
1
1
1
1
1
1
1
1
1
1
1
1
1
1
1
1
1
1
1
1
1
1
1
1
1
1
1
1
1
1
1
1
1
1
1
1
1
1
1
1
1
1
1
1
1
1
1
1
1
1
1
1
1
1
1
1
1
1
1
1
1
1
1
1
1
1
1
1
1
1
1
1
1
1
1
1
1
1
1
1
1
1
1
1
1
1
1
1
1
1
1
1
1
1
1
1
1
1
1
1
1
1
1
1
1
1
1
1
1
1
1
1
1
1
1
1
1
1
1
1
1
1
1
1
1
1
1
1
1
1
1
1
1
1
1
1
1
1
1
1
1
1
1
1
1
1
1
1
1
1
1
1
1
1
1
1
1
1
1
1
1
1
1
1
1
1
1
1
1
1
1
1
1
1
1
1
1
1
1
1
1
1
1
1
1
1
1
1
1
1
1
1
1
1
1
1
1
1
1
1
1
1
1
1
1
1
1
1
1
1
1
1
1
1
1
1
1
1
1
1
1
1
1
1
1
1
1
1
1
1
1
1
1
1
1
1
1
1
1
1
1
1
1
1
1
1
1
1
1
1
1
1
1
1
1
1
1
1
1
1
1
1
1
1
1
1
1
1
1
1
1
1
1
1
1
1
1
1
1
1
1
1
1
1
1
1
1
1
1
1
1
1
1
1
1
1
1
1
1
1
1
1
1
1
1
1
1
1
1
1
1
1
1
1
1
1
1
1
1
1
1
1
1
1
1
1
1
1
1
1
1
1
1
1
1
1
1
1
1
1
1
1
1
1
1
1
1
1
1
1
1
1
1
1
1
1
1
1
1
1
1
1
1
1
1
1
1
1
1
1
1
1
1
1
1
1
1
1
1
1
1
1
1
1
1
1
1
1
1
1
1
1
1
1
1
1
1
1
1
1
1
1
1
1
1
1
1
1
1
1
1
1
1
1
1
1
1
1
1
1
1
1
1
1
1
1
1
1
1
1
1
1
1
1
1
1
1
1
1
1
1
1
1
1
1
1
1
1
1
1
1
1
1
1
1
1
1
1
1
1
1
1
1
1
1
1
1
1
1
1
1
1
1
1
1
1
1
1
1
1
1
1
1
1
1
1
1
1
1
1
1
1
1
1
1
1
1
1
1
1
1
1
1
1
1
1
1
1
1
1
1
1
1
1
1
1
1
1
1
1
1
1
1
1
1
1
1
1
1
1
1
1
1
1
1
1
1
1
1
1
1
1
1
1
1
1
1
1
1
1
1
1
1
1
1
1
1
1
1
1
1
1
1
1
1
1
1
1
1
1
1
1
1
1
1
1
1
1
1
1
1
1
1
1
1
1
1
1
1
1
1
1
1
1
1
1
1
1
1
1
1
1
1
1
1
1
1
1
1
1
1
1
1
1
1
1
1
1
1
1
1
1
1
1
1
1
1
1
1
1
1
1
1
1
1
1
1
1
1
1
1
1
1
1
1
1
1
1
1
1
1
1
1
1
1
1
1
1
1
1
1
1
1
1
1
1
1
1
1
1
1
1
1
1
1
1
1
1
1
1
1
1
1
1
1
1
1
1
1
1
1
1
1
1
1
1
1
1
1
1
1
1
1
1
1
1
1
1
1
1
1
1
1
1
1
1
1
1
1
1
1
1
1
1
1
1
1
1
1
1
1
1
1
1
1
1
1
1
1
1
1
1
1
1
1
1
1
1
1
1
1
1
1
1
1
1
1
1
1
1
1
1
1
1
1
1
1
1
1
1
1
1
1
1
1.1648
0.999858
1
1
1
1
1
1
1
1
1
1
1
1
1
1
1
1
1
1
1
1
1
1
1
1
1
1
1
1
1
1
1
1
1
1.43668
1.0211
1
1
1
1
1
1
1
1
1
1
1
1
1
1
1
1
1
1
1
1
1
1
1
1
1
1
1
1
1
1
1
1
1
1.73004
1.17789
0.999851
1
1
1
1
1
1
1
1
1
1
1
1
1
1
1
1
1
1
1
1
1
1
1
1
1
1
1
1
1
1
1
1
1.97301
1.57582
1.04562
0.999983
1
1
1
1
1
1
1
1
1
1
1
1
1
1
1
1
1
1
1
1
1
1
1
1
1
1
1
1
1
1
1
2.08146
1.90052
1.65012
1.04625
0.999975
1
1
1
1
1
1
1
1
1
1
1
1
1
1
1
1
1
1
1
1
1
1
1
1
1
1
1
1
1
1
1.98008
1.89981
2.00785
1.6387
1.03368
1
1
1
1
1
1
1
1
1
1
1
1
1
1
1
1
1
1
1
1
1
1
1
1
1
1
1
1
1
1
1.8947
1.90459
1.9986
1.99804
1.47061
0.999656
1
1
1
1
1
1
1
1
1
1
1
1
1
1
1
1
1
1
1
1
1
1
1
1
1
1
1
1
1
1.8657
1.89825
1.96801
1.98574
1.85898
1.24141
0.999777
1
1
1
1
1
1
1
1
1
1
1
1
1
1
1
1
1
1
1
1
1
1
1
1
1
1
1
1
1.86875
1.89006
1.92276
1.95725
1.98446
1.6334
1.04466
1
1
1
1
1
1
1
1
1
1
1
1
1
1
1
1
1
1
1
1
1
1
1
1
1
1
1
1
1.86978
1.88706
1.91117
1.9527
1.99166
1.917
1.37533
0.999657
1
1
1
1
1
1
1
1
1
1
1
1
1
1
1
1
1
1
1
1
1
1
1
1
1
1
1
1.87264
1.88895
1.91729
1.95594
1.98229
1.95227
1.72488
1.1164
0.999988
1
1
1
1
1
1
1
1
1
1
1
1
1
1
1
1
1
1
1
1
1
1
1
1
1
1
1.87729
1.89289
1.92219
1.95505
1.96733
1.95035
1.86793
1.40332
1.00014
1
1
1
1
1
1
1
1
1
1
1
1
1
1
1
1
1
1
1
1
1
1
1
1
1
1
1.88339
1.89807
1.92459
1.95182
1.95638
1.94972
1.92687
1.70355
1.10591
0.999883
1
1
1
1
1
1
1
1
1
1
1
1
1
1
1
1
1
1
1
1
1
1
1
1
1
1.88961
1.90259
1.92576
1.95139
1.95577
1.95356
1.94827
1.86228
1.41765
1.00137
1
1
1
1
1
1
1
1
1
1
1
1
1
1
1
1
1
1
1
1
1
1
1
1
1
1.89427
1.90554
1.92613
1.95169
1.95915
1.95899
1.9554
1.90162
1.66911
1.09194
1
1
1
1
1
1
1
1
1
1
1
1
1
1
1
1
1
1
1
1
1
1
1
1
1
1.8963
1.90479
1.9254
1.95146
1.9635
1.96374
1.95494
1.91824
1.83978
1.35798
0.999631
1
1
1
1
1
1
1
1
1
1
1
1
1
1
1
1
1
1
1
1
1
1
1
1
1.89677
1.90424
1.92597
1.95103
1.96434
1.96388
1.95337
1.93144
1.90934
1.66655
1.07374
1
1
1
1
1
1
1
1
1
1
1
1
1
1
1
1
1
1
1
1
1
1
1
1
1.89664
1.90436
1.9261
1.94996
1.96305
1.96229
1.95232
1.93364
1.91684
1.81601
1.31788
0.999657
1
1
1
1
1
1
1
1
1
1
1
1
1
1
1
1
1
1
1
1
1
1
1
1.89667
1.90536
1.92623
1.94829
1.96042
1.95992
1.95228
1.93615
1.92229
1.89315
1.58253
1.03195
1
1
1
1
1
1
1
1
1
1
1
1
1
1
1
1
1
1
1
1
1
1
1
1.89697
1.90646
1.9266
1.9473
1.95789
1.95859
1.95311
1.93822
1.92597
1.92439
1.80959
1.24204
0.99972
1
1
1
1
1
1
1
1
1
1
1
1
1
1
1
1
1
1
1
1
1
1
1.89763
1.90716
1.92624
1.94642
1.95597
1.95738
1.9538
1.93907
1.92543
1.92668
1.88312
1.53193
1.01542
1
1
1
1
1
1
1
1
1
1
1
1
1
1
1
1
1
1
1
1
1
1
1.89912
1.90807
1.92596
1.94554
1.95483
1.95669
1.95344
1.93926
1.92585
1.92361
1.9053
1.73405
1.14113
0.999838
1
1
1
1
1
1
1
1
1
1
1
1
1
1
1
1
1
1
1
1
1
1.9011
1.90901
1.92547
1.94464
1.95396
1.95601
1.95264
1.93909
1.92608
1.92296
1.91784
1.87674
1.41288
1.00161
1
1
1
1
1
1
1
1
1
1
1
1
1
1
1
1
1
1
1
1
1
1.90287
1.90984
1.92506
1.94369
1.95308
1.95515
1.95192
1.9392
1.92663
1.92406
1.92424
1.90971
1.68089
1.07408
1
1
1
1
1
1
1
1
1
1
1
1
1
1
1
1
1
1
1
1
1
1.90391
1.91063
1.92516
1.94271
1.95216
1.95432
1.95115
1.93954
1.92757
1.9235
1.92471
1.91144
1.82008
1.28985
0.99966
1
1
1
1
1
1
1
1
1
1
1
1
1
1
1
1
1
1
1
1
1.90426
1.91126
1.92526
1.94185
1.9514
1.95375
1.95099
1.93992
1.92837
1.9241
1.92363
1.91362
1.90154
1.53964
1.01746
1
1
1
1
1
1
1
1
1
1
1
1
1
1
1
1
1
1
1
1
1.90455
1.91168
1.92539
1.94099
1.95082
1.95343
1.95111
1.94076
1.92929
1.92427
1.9219
1.91759
1.92779
1.77083
1.15572
0.999812
1
1
1
1
1
1
1
1
1
1
1
1
1
1
1
1
1
1
1
1.90524
1.91177
1.92543
1.94043
1.95046
1.95323
1.95132
1.94175
1.92988
1.92421
1.92167
1.91822
1.92455
1.86518
1.41457
1.00222
1
1
1
1
1
1
1
1
1
1
1
1
1
1
1
1
1
1
1
1.90625
1.91194
1.92528
1.93994
1.95003
1.95291
1.95123
1.9424
1.93052
1.92463
1.92236
1.9177
1.91862
1.90768
1.6257
1.04775
1
1
1
1
1
1
1
1
1
1
1
1
1
1
1
1
1
1
1
1.90733
1.91234
1.92499
1.93944
1.94937
1.9523
1.95073
1.94271
1.93134
1.92535
1.92344
1.91921
1.91999
1.93082
1.81232
1.22578
0.999715
1
1
1
1
1
1
1
1
1
1
1
1
1
1
1
1
1
1
1.90824
1.91289
1.92486
1.93898
1.94862
1.95156
1.95
1.9427
1.93206
1.926
1.92407
1.92192
1.92275
1.93254
1.88756
1.49251
1.00913
1
1
1
1
1
1
1
1
1
1
1
1
1
1
1
1
1
1
1.90896
1.91354
1.92486
1.93858
1.94795
1.9509
1.94939
1.94252
1.93258
1.92637
1.92408
1.92244
1.92261
1.93047
1.91208
1.67896
1.08262
1
1
1
1
1
1
1
1
1
1
1
1
1
1
1
1
1
1
1.90953
1.91414
1.92487
1.93807
1.94733
1.95042
1.94912
1.94245
1.93299
1.9266
1.92389
1.92223
1.92188
1.92619
1.92469
1.83111
1.27613
0.999647
1
1
1
1
1
1
1
1
1
1
1
1
1
1
1
1
1
1.90993
1.9145
1.92489
1.93751
1.94677
1.95011
1.94915
1.94262
1.93342
1.92682
1.92376
1.92222
1.92152
1.92612
1.93062
1.90346
1.53827
1.01627
1
1
1
1
1
1
1
1
1
1
1
1
1
1
1
1
1
1.91042
1.91451
1.92483
1.937
1.94629
1.94979
1.94915
1.94302
1.93409
1.92718
1.92373
1.92254
1.92172
1.92602
1.9323
1.91437
1.70943
1.11092
0.999919
1
1
1
1
1
1
1
1
1
1
1
1
1
1
1
1
1.91111
1.9145
1.92457
1.93665
1.94589
1.94943
1.94898
1.94337
1.93468
1.92743
1.92368
1.92291
1.92244
1.92586
1.93162
1.92129
1.83705
1.304
1.00002
1
1
1
1
1
1
1
1
1
1
1
1
1
1
1
1
1.91168
1.91465
1.92425
1.93638
1.94554
1.94902
1.94866
1.94351
1.93508
1.92754
1.92367
1.92294
1.92266
1.92527
1.92921
1.92359
1.91379
1.56103
1.02062
1
1
1
1
1
1
1
1
1
1
1
1
1
1
1
1
1.91203
1.91515
1.92426
1.93617
1.94523
1.94861
1.94833
1.9436
1.93536
1.92759
1.92365
1.92285
1.92252
1.92414
1.92731
1.92542
1.92213
1.72544
1.12511
0.999867
1
1
1
1
1
1
1
1
1
1
1
1
1
1
1
1.91235
1.91583
1.92442
1.93598
1.94488
1.94819
1.9481
1.94376
1.93572
1.9278
1.92375
1.92272
1.92228
1.92335
1.92665
1.92675
1.91903
1.82623
1.30705
1.00033
1
1
1
1
1
1
1
1
1
1
1
1
1
1
1
1.9129
1.91652
1.92467
1.93569
1.9445
1.94801
1.94761
1.94369
1.93585
1.9279
1.92374
1.92244
1.92197
1.9227
1.92574
1.92631
1.9185
1.90492
1.54233
1.0183
1
1
1
1
1
1
1
1
1
1
1
1
1
1
1
1.91361
1.91691
1.92487
1.93532
1.94408
1.94734
1.94691
1.94348
1.93575
1.92777
1.92352
1.92182
1.92119
1.92169
1.9243
1.92435
1.91825
1.92497
1.72238
1.11429
0.999883
1
1
1
1
1
1
1
1
1
1
1
1
1
1
1.91422
1.91688
1.92477
1.93481
1.94323
1.9463
1.94595
1.94293
1.93543
1.92737
1.92301
1.92086
1.91988
1.92009
1.92242
1.9227
1.91734
1.91975
1.80429
1.28312
1.00028
1
1
1
1
1
1
1
1
1
1
1
1
1
1
1.91454
1.91671
1.92431
1.93407
1.94199
1.94507
1.94472
1.94196
1.93471
1.92662
1.92212
1.91952
1.91813
1.91792
1.92003
1.92114
1.91653
1.91253
1.87411
1.4769
1.0105
1
1
1
1
1
1
1
1
1
1
1
1
1
1
1.91451
1.91641
1.92359
1.933
1.94043
1.94355
1.94318
1.94051
1.93355
1.92553
1.92073
1.91775
1.91616
1.91562
1.91727
1.91902
1.91555
1.91011
1.91206
1.67892
1.07736
0.999986
1
1
1
1
1
1
1
1
1
1
1
1
1
1.91433
1.91585
1.92251
1.93151
1.93855
1.94176
1.94139
1.93874
1.93206
1.92417
1.91898
1.91574
1.91402
1.91328
1.91447
1.91646
1.91404
1.90843
1.91466
1.7725
1.22437
1.00004
1
1
1
1
1
1
1
1
1
1
1
1
1
1.91366
1.91483
1.92105
1.92963
1.9364
1.93975
1.93943
1.93683
1.9304
1.92259
1.91704
1.91363
1.91188
1.91086
1.91151
1.91383
1.91253
1.90648
1.90682
1.82868
1.38781
1.00397
0.999996
1
1
1
1
1
1
1
1
1
1
1
1
1.91224
1.91329
1.9192
1.92737
1.93409
1.93759
1.93732
1.93469
1.92856
1.92079
1.91494
1.91143
1.90969
1.9085
1.90865
1.91108
1.91088
1.90488
1.90049
1.8805
1.57628
1.03376
1
1
1
1
1
1
1
1
1
1
1
1
1
1.91065
1.91163
1.91734
1.92514
1.93176
1.93534
1.93503
1.9324
1.92656
1.91885
1.91286
1.90947
1.90781
1.90641
1.90594
1.90806
1.90873
1.90386
1.89766
1.89784
1.71214
1.13358
0.999907
0.999999
1
1
1
1
1
1
1
1
1
1
1
1.9083
1.9087
1.91394
1.92143
1.9283
1.93261
1.93283
1.93045
1.92466
1.91691
1.91082
1.90765
1.90594
1.90478
1.90384
1.90481
1.90624
1.90289
1.89571
1.89699
1.77389
1.27891
1.00209
1
1
1
1
1
1
1
1
1
1
1
1
1.9073
1.90945
1.91581
1.923
1.92885
1.93126
1.9303
1.9272
1.92146
1.91403
1.90829
1.90542
1.90399
1.90291
1.90167
1.90156
1.90357
1.90081
1.89333
1.8887
1.8276
1.41349
0.992539
0.999942
1
1
1
1
1
1
1
1
1
1
1
1.4837
1.71025
1.79308
1.84469
1.88039
1.90282
1.91531
1.92001
1.91837
1.91328
1.90778
1.9045
1.90274
1.90166
1.9001
1.89889
1.89983
1.89953
1.89325
1.88452
1.87446
1.63862
1.11561
1.0015
1.00001
1
1
1
1
1
1
1
1
1
1
1.0275
1.44095
1.60018
1.69944
1.77078
1.82152
1.8612
1.88485
1.8988
1.90261
1.90191
1.90035
1.90003
1.89944
1.89878
1.89719
1.89619
1.89721
1.8941
1.88398
1.88128
1.78751
1.34638
1.01672
1.0001
1
1
1
1
1
1
1
1
1
1
0.984059
1.27573
1.4074
1.5256
1.62813
1.71048
1.76798
1.81989
1.84989
1.87175
1.88167
1.88706
1.89115
1.89412
1.89558
1.8953
1.89405
1.89384
1.89289
1.88433
1.87653
1.87056
1.61607
1.10307
1.00144
1.00001
1
1
1
1
1
1
1
1
1
1.023
1.16021
1.26373
1.37589
1.47732
1.58489
1.66298
1.72913
1.77963
1.81789
1.84163
1.8601
1.8705
1.88028
1.88733
1.89122
1.89129
1.89061
1.89019
1.88571
1.8761
1.87673
1.73901
1.2766
1.01072
1.00006
1
1
1
1
1
1
1
1
1
1.05982
1.07479
1.14645
1.26782
1.36354
1.45902
1.56232
1.62964
1.70298
1.74818
1.79078
1.81681
1.83796
1.85597
1.86917
1.88065
1.886
1.8872
1.88631
1.88509
1.87722
1.8739
1.82286
1.4814
1.04843
1.00046
1
1
1
1
1
1
1
1
1
1.11452
1.04191
1.03867
1.16284
1.27902
1.35668
1.46339
1.54795
1.61809
1.67901
1.7296
1.76474
1.79857
1.81972
1.84263
1.86036
1.87397
1.88079
1.88211
1.8826
1.87936
1.87448
1.8624
1.68347
1.17699
1.00396
1.00002
1
1
1
1
1
1
1
1
1.18987
1.04317
0.971464
1.05355
1.18881
1.28651
1.36023
1.4663
1.53432
1.61123
1.66073
1.71317
1.74882
1.77946
1.80853
1.83093
1.85372
1.86759
1.87543
1.87773
1.87938
1.87458
1.86491
1.76199
1.35229
1.02066
1.00014
1
1
1
1
1
1
1
1
1.21488
1.05892
0.97659
1.00897
1.08742
1.22084
1.29489
1.383
1.46406
1.5381
1.59918
1.65664
1.69486
1.73941
1.76606
1.79978
1.82382
1.84789
1.8626
1.87025
1.87652
1.87508
1.8604
1.82265
1.53985
1.07508
1.00088
1
1
1
1
1
1
1
1
1.21218
1.08265
1.00125
1.01001
1.021
1.13683
1.24418
1.31696
1.40352
1.46874
1.54454
1.59654
1.6494
1.69247
1.72728
1.76295
1.79198
1.82152
1.84276
1.85867
1.86995
1.87247
1.85608
1.85288
1.70334
1.21412
1.00564
1.00002
1
1
1
1
1
1
1
1.19578
1.09287
1.02913
1.00499
0.996721
1.05233
1.1854
1.26371
1.34702
1.41392
1.49005
1.54514
1.60441
1.64129
1.69117
1.71987
1.7611
1.78837
1.81969
1.84114
1.85833
1.86616
1.85253
1.85334
1.76208
1.37452
1.02447
1.00017
1
1
1
1
1
1
1
1.16306
1.09346
1.04324
0.995487
0.989411
1.0353
1.1036
1.20276
1.2866
1.36465
1.42665
1.49735
1.55263
1.60022
1.64873
1.68572
1.72376
1.75808
1.7916
1.81863
1.84274
1.85599
1.84877
1.84862
1.81128
1.53272
1.07492
1.00085
1
1
1
1
1
1
1
1.13823
1.09461
1.04307
0.993327
0.987824
1.03433
1.0717
1.14706
1.22607
1.31771
1.37909
1.45225
1.50322
1.56372
1.6002
1.65379
1.68403
1.72928
1.75836
1.79534
1.82218
1.8401
1.84175
1.84055
1.8359
1.68895
1.20055
1.00478
1.00002
1
1
1
1
1
1
1.13601
1.09625
1.03988
0.989325
0.983617
1.02693
1.0635
1.12014
1.18195
1.26691
1.34199
1.40292
1.46396
1.52288
1.56447
1.61617
1.65535
1.69397
1.73017
1.76864
1.79828
1.82063
1.83069
1.83539
1.8366
1.74247
1.34592
1.01938
1.00011
1
1
1
1
1
1
1.13753
1.09951
1.03986
0.988871
0.975589
1.0072
1.04522
1.09663
1.15321
1.21825
1.30626
1.36555
1.42889
1.47628
1.53429
1.56946
1.62557
1.65773
1.70473
1.73778
1.77694
1.7971
1.81499
1.82928
1.83146
1.78205
1.48393
1.05596
1.00054
1
1
1
1
1
1
1.14343
1.10705
1.04346
0.991503
0.973085
0.98469
1.01308
1.06504
1.12727
1.17923
1.26272
1.32887
1.39131
1.44139
1.50084
1.53823
1.59016
1.63131
1.67326
1.71165
1.75369
1.77277
1.79714
1.81856
1.82284
1.81199
1.63161
1.14531
1.0025
1.00001
1
1
1
1
1
1.14502
1.11247
1.05492
1.00152
0.976284
0.974578
0.982523
1.03021
1.09845
1.1537
1.20759
1.28916
1.35016
1.41095
1.45891
1.51468
1.54829
1.60457
1.6387
1.68837
1.72456
1.75435
1.77625
1.80162
1.81647
1.8152
1.69302
1.27141
1.0101
1.00005
1
1
1
1
1
1.13929
1.11136
1.06446
1.01615
0.985835
0.973936
0.977339
1.0094
1.06881
1.13702
1.18568
1.25755
1.31696
1.38072
1.42581
1.48763
1.52413
1.57333
1.61441
1.66082
1.69831
1.7356
1.75218
1.78241
1.80754
1.81242
1.73978
1.39021
1.0298
1.00021
1
1
1
1
1
1.12433
1.10478
1.06466
1.02554
0.994758
0.975207
0.976693
0.993555
1.03433
1.11583
1.17057
1.22621
1.28799
1.34634
1.39961
1.44938
1.50264
1.53676
1.59189
1.62983
1.67744
1.7104
1.73262
1.76425
1.79405
1.80411
1.78425
1.52973
1.077
1.00085
1
1
1
1
1
1.10708
1.09407
1.06158
1.02739
0.997518
0.977416
0.977226
0.990796
1.00743
1.0743
1.14691
1.19342
1.26144
1.31391
1.37446
1.41145
1.47606
1.51445
1.56535
1.6072
1.65474
1.68233
1.71558
1.74214
1.7751
1.79521
1.7889
1.62889
1.1682
1.00337
1.00001
1
1
1
1
1.10209
1.08646
1.05546
1.02621
0.997691
0.981446
0.980787
0.992848
1.00525
1.03561
1.11462
1.16892
1.22724
1.28605
1.34336
1.39207
1.43815
1.49314
1.53149
1.58648
1.62615
1.66254
1.69543
1.71862
1.75722
1.78742
1.78533
1.67293
1.27022
1.01091
1.00005
1
1
1
1
1.10322
1.0852
1.05094
1.02174
0.996167
0.984161
0.98297
0.992604
1.00445
1.0333
1.08806
1.14963
1.20152
1.26398
1.31639
1.37437
1.40927
1.46988
1.5096
1.56298
1.6021
1.64423
1.66936
1.70174
1.73857
1.77567
1.77689
1.72277
1.37953
1.02769
1.00019
1
1
1
1
1.10968
1.08749
1.04972
1.01635
0.993246
0.983653
0.98128
0.987149
0.998567
1.0296
1.06624
1.13258
1.18276
1.24255
1.29241
1.35204
1.3943
1.43764
1.49057
1.53271
1.58296
1.62119
1.64809
1.68668
1.71463
1.75655
1.77151
1.74789
1.50354
1.06958
1.0007
1
1
1
1
1.11714
1.09358
1.04918
1.01532
0.992405
0.981753
0.976057
0.977837
0.986715
1.01901
1.04551
1.10614
1.16377
1.21153
1.26791
1.316
1.37488
1.41016
1.4699
1.51098
1.56321
1.59483
1.63307
1.66767
1.69482
1.73792
1.76636
1.75176
1.57387
1.139
1.00252
1.00001
1
1
1
1.11688
1.09504
1.04923
1.01548
0.99365
0.982635
0.974647
0.972184
0.976996
1.00808
1.03526
1.07253
1.14079
1.1904
1.24371
1.29094
1.3507
1.39462
1.44115
1.49262
1.53764
1.57559
1.61664
1.64396
1.68038
1.71996
1.75821
1.75014
1.6224
1.21506
1.00673
1.00003
1
1
1
1.11046
1.09259
1.04899
1.01508
0.997516
0.986322
0.976413
0.971883
0.974545
1.00204
1.03066
1.06513
1.12057
1.17409
1.22394
1.27357
1.32577
1.37973
1.41618
1.47401
1.51174
1.55882
1.59438
1.62735
1.66439
1.69664
1.74544
1.74735
1.68153
1.32071
1.01722
1.00009
1
1
1
1.09716
1.08616
1.04753
1.01396
1.00209
0.990995
0.980386
0.972115
0.973385
0.993144
1.02335
1.06011
1.10256
1.15854
1.20627
1.25743
1.2995
1.36002
1.4028
1.45016
1.49421
1.54056
1.57174
1.61444
1.6435
1.6766
1.72767
1.74488
1.70273
1.41794
1.04281
1.00034
1
1
1
1.08623
1.07766
1.04612
1.01384
1.00321
0.992765
0.984096
0.972476
0.972389
0.980976
1.00715
1.0487
1.0843
1.13742
1.18644
1.2363
1.27768
1.328
1.38685
1.42706
1.47805
1.51584
1.55612
1.59886
1.62472
1.66401
1.71048
1.73891
1.70923
1.48148
1.07968
1.001
1
1
1
1.08438
1.0729
1.04603
1.01385
1.0022
0.992296
0.985212
0.974233
0.972685
0.977944
0.987143
1.02814
1.06937
1.11327
1.16606
1.21643
1.26503
1.30421
1.36798
1.41177
1.4606
1.49484
1.54128
1.5766
1.61192
1.64889
1.69162
1.72978
1.71496
1.55652
1.1382
1.00262
1.00001
1
1
1.08543
1.07214
1.0461
1.01307
0.998831
0.990468
0.984897
0.977801
0.976294
0.978574
0.983967
1.01631
1.05922
1.10234
1.15197
1.20044
1.25185
1.29309
1.34025
1.39482
1.43625
1.48001
1.52384
1.55585
1.59897
1.62824
1.66915
1.71969
1.71353
1.60807
1.21891
1.0072
1.00003
1
1
1.09002
1.07411
1.0458
1.01134
0.993075
0.986688
0.982685
0.97999
0.980856
0.979328
0.983746
1.00889
1.04891
1.09197
1.13812
1.18411
1.23457
1.28354
1.31971
1.378
1.4169
1.46505
1.50098
1.54299
1.58315
1.61166
1.65477
1.70633
1.71271
1.62723
1.28784
1.01593
1.00009
1
1
1.09204
1.07732
1.04521
1.00996
0.988881
0.982835
0.980199
0.980057
0.980536
0.977352
0.980789
0.999784
1.03449
1.07882
1.12157
1.16829
1.20923
1.26633
1.31004
1.35498
1.40119
1.44764
1.48435
1.53027
1.56182
1.60051
1.64228
1.69212
1.70899
1.6516
1.36618
1.03187
1.00024
1
1
1.09006
1.07713
1.04466
1.00946
0.988388
0.982403
0.979509
0.979331
0.978474
0.974441
0.977203
0.991998
1.01498
1.05844
1.10206
1.15048
1.19506
1.24496
1.2987
1.33644
1.3863
1.4248
1.47097
1.51431
1.54584
1.58791
1.62405
1.67567
1.70231
1.67208
1.44233
1.0631
1.00066
1
1
1.08444
1.07479
1.04402
1.00954
0.988367
0.982417
0.979469
0.978594
0.977116
0.974119
0.977245
0.992335
1.01003
1.04584
1.08991
1.13671
1.18463
1.22809
1.28458
1.32464
1.36996
1.40863
1.45706
1.49256
1.53469
1.57191
1.60356
1.65598
1.6938
1.67596
1.48492
1.10317
1.0017
1.00001
1
1.07659
1.07049
1.04313
1.0101
0.98915
0.983173
0.980127
0.978537
0.97627
0.973641
0.977105
0.99134
1.00682
1.03861
1.07966
1.12347
1.17289
1.21662
1.26233
1.31147
1.34858
1.39513
1.43975
1.47717
1.52254
1.55288
1.593
1.64128
1.6854
1.67423
1.53396
1.15315
1.00371
1.00001
1
1.07339
1.06647
1.04201
1.0107
0.989611
0.983032
0.98106
0.979116
0.975036
0.971234
0.974997
0.986024
1.00029
1.03031
1.06878
1.11087
1.15581
1.20398
1.24321
1.29717
1.33459
1.38229
1.42018
1.46548
1.50665
1.54035
1.58281
1.62757
1.67607
1.67168
1.57817
1.22207
1.00828
1.00004
1
1.07381
1.06457
1.04065
1.01047
0.989181
0.981407
0.980589
0.978959
0.97462
0.970579
0.972426
0.978799
0.989125
1.01921
1.05485
1.09692
1.13783
1.18822
1.23161
1.27611
1.32139
1.36582
1.40737
1.45333
1.48637
1.53012
1.56776
1.60844
1.66472
1.66925
1.59139
1.28058
1.01705
1.0001
1
1.07677
1.0643
1.03908
1.00941
0.987659
0.978642
0.978871
0.978026
0.974596
0.97088
0.972366
0.977179
0.983844
1.01152
1.04586
1.08708
1.12993
1.17533
1.22194
1.2603
1.30916
1.34744
1.39501
1.43732
1.47323
1.51844
1.54977
1.59337
1.65099
1.66622
1.60695
1.33238
1.02978
1.00023
1
1.0814
1.06584
1.03728
1.00756
0.984744
0.975334
0.97615
0.976652
0.974983
0.972369
0.973033
0.976716
0.982252
1.0066
1.0378
1.07766
1.1209
1.16346
1.21274
1.2502
1.29494
1.33538
1.38267
1.41822
1.46261
1.50253
1.5387
1.58374
1.63752
1.66142
1.62379
1.39764
1.05188
1.00053
1
1.08228
1.06698
1.03607
1.00581
0.983313
0.973815
0.973574
0.974996
0.974741
0.974042
0.973358
0.974582
0.979258
1.00059
1.02909
1.06707
1.10982
1.15235
1.19606
1.23976
1.27553
1.3231
1.36617
1.40658
1.45141
1.48412
1.52903
1.57096
1.62368
1.6555
1.62906
1.4394
1.08434
1.00123
1
1.08017
1.06638
1.03561
1.00475
0.983307
0.973441
0.971714
0.973201
0.973892
0.974012
0.972388
0.970193
0.97466
0.991378
1.01545
1.05195
1.09255
1.13767
1.17892
1.22736
1.26358
1.3119
1.35133
1.3961
1.43572
1.47304
1.51743
1.55169
1.60562
1.64837
1.62991
1.46924
1.11916
1.00255
1.00001
1.07432
1.06402
1.03531
1.00453
0.984041
0.973408
0.970314
0.971386
0.972759
0.973322
0.97143
0.968161
0.97168
0.986845
1.00767
1.04209
1.08242
1.12806
1.16854
1.21163
1.25295
1.29639
1.34064
1.38526
1.41836
1.46334
1.50147
1.539
1.59071
1.63989
1.62906
1.51098
1.16432
1.0049
1.00002
1.0666
1.0602
1.03551
1.00473
0.986039
0.973854
0.969529
0.969673
0.971525
0.972419
0.970716
0.967964
0.971291
0.985765
1.00452
1.03781
1.07653
1.11907
1.16062
1.19942
1.2435
1.28154
1.32906
1.3695
1.40787
1.45254
1.4866
1.53157
1.57957
1.63066
1.62686
1.53505
1.21814
1.00956
1.00005
1.0629
1.05678
1.03576
1.00552
0.987014
0.973576
0.968798
0.968634
0.970546
0.971544
0.969468
0.967088
0.970407
0.983325
1.00005
1.03187
1.06933
1.10949
1.15258
1.18845
1.23212
1.27187
1.31786
1.3538
1.39796
1.43658
1.47754
1.52155
1.56531
1.6198
1.62319
1.54488
1.2607
1.01706
1.00011
1.06252
1.05521
1.03568
1.00552
0.986574
0.97294
0.967935
0.967808
0.969652
0.970339
0.967133
0.964997
0.968144
0.978201
0.992731
1.02263
1.05801
1.09691
1.13603
1.17754
1.21455
1.26102
1.30244
1.34391
1.38778
1.42096
1.46826
1.50635
1.54879
1.60794
1.61982
1.55996
1.30166
1.02711
1.00022
1.06355
1.05467
1.03482
1.00493
0.98493
0.971829
0.967027
0.966996
0.968807
0.968831
0.96605
0.964089
0.966544
0.974023
0.984517
1.01209
1.04553
1.08515
1.1222
1.16533
1.2029
1.25081
1.29053
1.33393
1.3727
1.41191
1.4574
1.49323
1.53993
1.59697
1.61619
1.57363
1.35222
1.04354
1.00045
1.0657
1.05509
1.0328
1.00319
0.98178
0.97069
0.96677
0.966386
0.96793
0.967577
0.965688
0.964046
0.966793
0.973598
0.981708
1.00801
1.03978
1.07938
1.11531
1.15398
1.19357
1.23594
1.28061
1.32406
1.35804
1.40295
1.44161
1.48545
1.53142
1.58468
1.61115
1.57676
1.38575
1.06643
1.00093
1.06578
1.05545
1.03028
1.00061
0.979544
0.970539
0.966676
0.96586
0.966929
0.96652
0.965274
0.96389
0.966616
0.972244
0.978541
1.00385
1.03416
1.07233
1.1098
1.14585
1.18651
1.22381
1.27026
1.30933
1.34901
1.3932
1.42936
1.47651
1.5182
1.56988
1.60461
1.57955
1.41061
1.09115
1.00174
1.06393
1.0546
1.02855
0.999333
0.979409
0.970595
0.966473
0.965194
0.965665
0.965074
0.96451
0.96337
0.965484
0.968535
0.973099
0.996978
1.02668
1.06324
1.10254
1.13704
1.17748
1.21636
1.26027
1.29685
1.33997
1.37769
1.42083
1.46476
1.50124
1.55641
1.59818
1.57925
1.4432
1.12188
1.00311
1.05995
1.052
1.02759
0.999166
0.979558
0.971068
0.966149
0.964046
0.963707
0.963242
0.963701
0.963039
0.964412
0.965095
0.967731
0.987472
1.01462
1.04961
1.08737
1.12712
1.16392
1.20773
1.24738
1.28858
1.33097
1.36438
1.41159
1.4498
1.49253
1.54484
1.59097
1.57816
1.46965
1.15908
1.0055
1.05597
1.05028
1.02876
1.00033
0.980719
0.971654
0.96582
0.962922
0.961718
0.961482
0.962756
0.96281
0.964265
0.964451
0.967033
0.984848
1.00711
1.03945
1.07328
1.11498
1.15309
1.19877
1.23769
1.27925
1.31816
1.35616
1.40047
1.43961
1.48532
1.53307
1.58303
1.57616
1.48065
1.1947
1.00952
1.08432
1.04851
1.02578
0.998177
0.979924
0.970994
0.965161
0.962005
0.960483
0.960376
0.962037
0.962885
0.964334
0.964531
0.967503
0.985486
1.00696
1.03867
1.06965
1.10696
1.14766
1.19345
1.23341
1.27339
1.3067
1.35089
1.39156
1.43491
1.4797
1.52495
1.57693
1.57416
1.48692
1.21621
1.01283
1.10589
1.04645
1.02298
0.996337
0.978963
0.970227
0.964751
0.961595
0.959961
0.959815
0.961476
0.962967
0.964419
0.964851
0.968709
0.987436
1.00679
1.03837
1.06884
1.10527
1.14452
1.18859
1.23036
1.27016
1.30229
1.34744
1.3864
1.43157
1.47539
1.51798
1.57155
1.57285
1.49171
1.22789
1.01511
1.13394
1.04565
1.01975
0.994287
0.97748
0.969375
0.964323
0.961216
0.959448
0.959433
0.961303
0.963125
0.964385
0.965005
0.969743
0.988286
1.00605
1.03749
1.0679
1.10426
1.14197
1.17983
1.2257
1.26651
1.30087
1.34361
1.38132
1.42743
1.46935
1.5106
1.56775
1.57183
1.4981
1.24641
1.01838
1.15546
1.04693
1.0169
0.992333
0.976053
0.968455
0.96377
0.960654
0.958959
0.959188
0.961319
0.963159
0.964085
0.964604
0.969545
0.987809
1.00466
1.03578
1.0663
1.10205
1.13982
1.17525
1.22025
1.26078
1.29817
1.3392
1.3738
1.4226
1.46336
1.50864
1.56485
1.57032
1.50497
1.26464
1.02307
1.17295
1.04949
1.01447
0.990633
0.974685
0.967574
0.963185
0.960313
0.958767
0.958939
0.96123
0.96292
0.963018
0.96294
0.967935
0.984848
1.00137
1.03186
1.06337
1.09858
1.13724
1.17379
1.2156
1.25162
1.29327
1.33399
1.36994
1.41701
1.45794
1.50547
1.5596
1.56816
1.51056
1.27753
1.02841
1.19364
1.05515
1.01267
0.988294
0.972827
0.96665
0.9627
0.960024
0.958501
0.958419
0.96082
0.962134
0.961347
0.960777
0.964798
0.979736
0.995992
1.02631
1.05987
1.09412
1.13471
1.1718
1.21168
1.24537
1.28765
1.32772
1.36759
1.41122
1.45154
1.49974
1.55352
1.56588
1.51575
1.29593
1.03511
1.21071
1.06442
1.00961
0.985378
0.970276
0.965366
0.961895
0.959474
0.958095
0.958143
0.96032
0.96143
0.960294
0.959326
0.962405
0.975099
0.990314
1.01981
1.05456
1.08853
1.12951
1.16771
1.20754
1.24288
1.28196
1.3187
1.36227
1.40643
1.44726
1.49455
1.5471
1.5627
1.52091
1.31724
1.04443
1.2339
1.0768
1.0074
0.982687
0.967841
0.964454
0.961205
0.959084
0.957795
0.958147
0.960087
0.961134
0.959672
0.958471
0.961267
0.972518
0.986465
1.01496
1.04761
1.08311
1.11929
1.161
1.20012
1.23889
1.27692
1.31036
1.35597
1.4
1.44353
1.48792
1.53964
1.55912
1.52154
1.33243
1.05584
1.23624
1.09043
1.01053
0.977862
0.965987
0.964023
0.960944
0.959073
0.95769
0.958224
0.960123
0.960957
0.959407
0.958295
0.961351
0.971677
0.983645
1.01213
1.04114
1.07922
1.11481
1.15569
1.19126
1.23118
1.27088
1.30685
1.35039
1.39107
1.43718
1.47916
1.53085
1.55539
1.52098
1.34955
1.06954
1.22744
1.09165
1.01649
0.974871
0.964328
0.96329
0.960499
0.958981
0.957705
0.958367
0.960284
0.960976
0.959523
0.958775
0.96277
0.972037
0.983205
1.01213
1.03944
1.07728
1.11259
1.15244
1.18804
1.22444
1.26047
1.30131
1.34389
1.38407
1.42978
1.47045
1.52182
1.54981
1.52074
1.36775
1.08708
1.21018
1.0926
1.02427
0.975695
0.964232
0.961923
0.959592
0.958512
0.957531
0.958199
0.960076
0.9606
0.95902
0.958408
0.963184
0.971291
0.982028
1.01148
1.03816
1.07433
1.10711
1.14531
1.18273
1.21877
1.25358
1.2933
1.33321
1.37762
1.42253
1.46115
1.51296
1.54549
1.52003
1.38269
1.1071
1.21187
1.09806
1.03266
0.979874
0.963765
0.960266
0.958136
0.957153
0.956645
0.957356
0.959037
0.959263
0.957917
0.957131
0.961311
0.966898
0.977218
1.00679
1.03366
1.06872
1.1029
1.1378
1.17514
1.20895
1.2473
1.28644
1.32393
1.37121
1.41174
1.45446
1.50287
1.54136
1.51976
1.39961
1.13142
1.22017
1.10873
1.04374
0.989182
0.96367
0.958246
0.95649
0.955924
0.956054
0.95669
0.958061
0.958481
0.957967
0.957122
0.960281
0.962461
0.97119
0.997837
1.02532
1.05927
1.09709
1.13129
1.16789
1.20205
1.23954
1.27589
1.31702
1.36311
1.40417
1.44744
1.49224
1.53487
1.51858
1.41009
1.15978
1.24042
1.12252
1.05482
0.999553
0.964796
0.956767
0.955807
0.955853
0.956141
0.956595
0.957668
0.958269
0.95841
0.957819
0.960602
0.961668
0.968779
0.993305
1.0186
1.05292
1.08805
1.1238
1.15857
1.19488
1.23067
1.2673
1.30942
1.35072
1.3975
1.43746
1.48227
1.5268
1.51605
1.42076
1.19018
1.27023
1.14745
1.0717
1.01421
0.969093
0.956287
0.955646
0.956
0.956223
0.956393
0.957196
0.95794
0.958383
0.958011
0.960551
0.960643
0.967497
0.992129
1.01538
1.0496
1.08096
1.11582
1.15033
1.18598
1.22041
1.2592
1.29848
1.34107
1.38719
1.42621
1.47164
1.51872
1.51299
1.43356
1.2249
1.27829
1.17127
1.09205
1.03196
0.978268
0.956954
0.955396
0.955843
0.956004
0.95582
0.956221
0.956705
0.957454
0.957108
0.958447
0.956481
0.964218
0.988966
1.01084
1.04486
1.07499
1.10717
1.14182
1.17494
1.21077
1.2487
1.28672
1.33151
1.37489
1.41645
1.45887
1.50808
1.50829
1.44098
1.26104
1.26857
1.18212
1.1061
1.0553
0.998911
0.960971
0.955436
0.955252
0.955229
0.954873
0.955355
0.955971
0.956697
0.95523
0.954026
0.951761
0.960394
0.98263
1.00361
1.03666
1.06727
1.09913
1.13271
1.16518
1.20099
1.23688
1.27685
1.31997
1.36446
1.40617
1.44667
1.4962
1.50228
1.44639
1.29821
1.25098
1.18188
1.11831
1.07862
1.02586
0.971615
0.955963
0.954547
0.954406
0.954284
0.954997
0.955812
0.956421
0.954233
0.951324
0.949505
0.957322
0.976488
0.996281
1.02899
1.05806
1.09033
1.12288
1.15543
1.19013
1.22578
1.26612
1.30878
1.354
1.39441
1.43339
1.48281
1.49532
1.44951
1.33591
1.23638
1.17623
1.13041
1.09465
1.05303
0.994609
0.95918
0.953873
0.953787
0.953764
0.954632
0.955494
0.95582
0.953073
0.949692
0.948314
0.955038
0.971509
0.9901
1.02236
1.04941
1.08065
1.11252
1.14479
1.17845
1.21467
1.25382
1.2968
1.34168
1.38251
1.42064
1.46822
1.48753
1.45092
1.37405
1.23646
1.16808
1.13276
1.10166
1.07628
1.02684
0.969244
0.954371
0.953214
0.953026
0.95381
0.95451
0.954223
0.951016
0.94771
0.946633
0.95309
0.96617
0.983902
1.01454
1.04017
1.07009
1.1011
1.13312
1.16647
1.20256
1.24151
1.28398
1.32826
1.36903
1.40636
1.45264
1.47948
1.45034
1.41083
1.23534
1.16022
1.12907
1.10617
1.09157
1.05819
0.995583
0.957593
0.952149
0.951775
0.952226
0.95251
0.951324
0.947898
0.944956
0.944166
0.951387
0.960396
0.977509
1.0059
1.02959
1.0588
1.0892
1.12082
1.15386
1.18946
1.22812
1.27026
1.31457
1.35596
1.39203
1.4354
1.46887
1.44855
1.4444
1.23155
1.15901
1.12437
1.11218
1.10142
1.08634
1.03454
0.972182
0.952518
0.950064
0.949698
0.949175
0.947554
0.94459
0.942049
0.941779
0.948307
0.953776
0.969911
0.996533
1.01861
1.0471
1.07697
1.10844
1.14072
1.17624
1.21461
1.2563
1.30029
1.34174
1.37759
1.41837
1.45622
1.44799
1.47458
1.22653
1.15768
1.12018
1.11065
1.10342
1.099
1.07698
1.00587
0.957369
0.94707
0.946833
0.945729
0.944039
0.941406
0.939132
0.940075
0.944363
0.945946
0.960513
0.98629
1.00715
1.03552
1.06406
1.09497
1.1269
1.16191
1.2003
1.24208
1.28591
1.32704
1.36159
1.39958
1.44147
1.44947
1.5004
1.21913
1.15454
1.11662
1.10618
1.10122
1.09659
1.09204
1.05248
0.979979
0.947939
0.942925
0.941647
0.940364
0.938294
0.937592
0.938084
0.939098
0.938352
0.952599
0.974905
0.995797
1.02371
1.05113
1.08108
1.11235
1.14738
1.18535
1.22673
1.27017
1.3116
1.34605
1.38108
1.42469
1.45103
1.52254
1.21036
1.14941
1.11319
1.09906
1.09623
1.09492
1.09769
1.08557
1.02294
0.958595
0.938862
0.937106
0.936315
0.93573
0.93535
0.934254
0.932727
0.930333
0.944376
0.963938
0.983853
1.01102
1.03728
1.06684
1.09729
1.13229
1.17005
1.21103
1.25369
1.29448
1.32887
1.36169
1.40637
1.45365
1.54316
1.19914
1.14249
1.1112
1.09481
1.08976
1.09067
1.09181
1.08471
1.06036
0.992072
0.942727
0.932695
0.932473
0.932424
0.931389
0.928354
0.924437
0.921946
0.936457
0.951882
0.970603
0.9976
1.02238
1.05181
1.08179
1.11654
1.15424
1.19487
1.23724
1.27789
1.31154
1.34167
1.38686
1.45376
1.55898
1.19076
1.13627
1.10708
1.09077
1.0847
1.08253
1.08156
1.08319
1.08396
1.03838
0.962422
0.929366
0.928487
0.927153
0.924946
0.920314
0.915492
0.913744
0.926367
0.938665
0.957209
0.983519
1.00702
1.03659
1.06643
1.10131
1.13866
1.17871
1.22036
1.26071
1.29414
1.32224
1.36746
1.44823
1.57304
1.1913
1.13316
1.10269
1.086
1.07902
1.07682
1.07694
1.08017
1.08055
1.05578
1.00626
0.939983
0.922207
0.919679
0.915847
0.90961
0.905711
0.905403
0.914909
0.924152
0.942717
0.968552
0.990922
1.02061
1.05099
1.08562
1.12249
1.16223
1.20282
1.24204
1.27478
1.30153
1.34827
1.44609
1.58096
1.19471
1.13526
1.10378
1.08683
1.07953
1.07659
1.07548
1.07614
1.07344
1.06698
1.04613
0.965062
0.918511
0.909441
0.905211
0.899938
0.897408
0.896805
0.903116
0.910586
0.93005
0.954634
0.976223
1.00682
1.03687
1.07084
1.10763
1.14657
1.1864
1.22482
1.25681
1.28211
1.33002
1.43729
1.58689
1.20848
1.14527
1.11063
1.09312
1.08443
1.07991
1.07665
1.07274
1.06745
1.06572
1.05787
1.01656
0.949765
0.899928
0.886201
0.882596
0.880259
0.87878
0.88282
0.890226
0.909411
0.93232
0.953922
0.985468
1.01448
1.04775
1.08393
1.12132
1.15941
1.19595
1.22653
1.25087
1.30278
1.41892
1.57948
)
;

boundaryField
{
    inlet
    {
        type            fixedValue;
        value           uniform 1;
    }
    outlet
    {
        type            inletOutlet;
        inletValue      uniform 1;
        value           nonuniform List<scalar> 
70
(
1.2086
1.14533
1.11067
1.09312
1.08441
1.07988
1.07661
1.0727
1.06738
1.06555
1.05772
1.01641
0.949532
0.899731
0.886046
0.882441
0.880101
0.878627
0.882699
0.890133
0.909318
0.932264
0.953873
0.98543
1.01446
1.04773
1.08392
1.12132
1.15941
1.19593
1.2265
1.25081
1.30266
1.41865
1.57895
1.29415
1.38111
1.43651
1.45226
1.44976
1.4206
1.35657
1.27212
1.1752
1.06292
0.792428
0.578862
0.596448
0.61334
0.629058
0.64874
0.669482
0.69115
0.71321
0.741041
0.767693
0.795998
0.829183
0.862189
0.898429
0.936143
0.975444
1.01787
1.06842
1.11676
1.13145
1.12237
1.07775
1.01856
1.00107
)
;
    }
    airfoil
    {
        type            zeroGradient;
    }
    top
    {
        type            symmetryPlane;
    }
    bottom
    {
        type            symmetryPlane;
    }
    defaultFaces
    {
        type            empty;
    }
}


// ************************************************************************* //
