/*--------------------------------*- C++ -*----------------------------------*\
  =========                 |
  \\      /  F ield         | OpenFOAM: The Open Source CFD Toolbox
   \\    /   O peration     | Website:  https://openfoam.org
    \\  /    A nd           | Version:  7
     \\/     M anipulation  |
\*---------------------------------------------------------------------------*/
FoamFile
{
    version     2.0;
    format      ascii;
    class       volScalarField;
    location    "6.3";
    object      T;
}
// * * * * * * * * * * * * * * * * * * * * * * * * * * * * * * * * * * * * * //

dimensions      [0 0 0 1 0 0 0];

internalField   nonuniform List<scalar> 
11200
(
1.14359
1.30089
1.3789
1.4022
1.43113
1.427
1.41804
1.4059
1.38478
1.38504
1.38728
1.38449
1.37422
1.37019
1.36615
1.35437
1.34136
1.32746
1.31666
1.30434
1.29227
1.27962
1.26711
1.25312
1.23997
1.23276
1.22657
1.22871
1.228
1.22243
0.56252
0.58701
0.713037
0.930108
1.12695
1.30324
1.42254
1.52503
1.5807
1.62192
1.61688
1.59047
1.56283
1.53213
1.50948
1.48695
1.47844
1.4722
1.45838
1.43546
1.41146
1.39583
1.38531
1.37098
1.35294
1.33919
1.32804
1.32479
1.31915
1.30693
0.542238
0.532716
0.522592
0.511682
0.49902
0.519297
0.634467
0.864761
1.145
1.34912
1.4821
1.56939
1.63123
1.62633
1.60673
1.59974
1.58672
1.56966
1.54833
1.53672
1.52531
1.51574
1.50753
1.49246
1.47175
1.45584
1.44597
1.44254
1.43589
1.41833
0.503489
0.497345
0.491716
0.487531
0.484525
0.482261
0.480397
0.479287
0.476991
0.515037
0.737209
1.04074
1.29311
1.47657
1.5937
1.64537
1.63534
1.61862
1.59136
1.58609
1.5845
1.58669
1.58
1.56642
1.55316
1.54572
1.54165
1.53627
1.52572
1.50569
0.480635
0.478756
0.477438
0.476724
0.476109
0.475397
0.474929
0.474535
0.473634
0.470758
0.4673
0.463431
0.48395
0.702644
1.0466
1.33777
1.48472
1.5827
1.58636
1.60274
1.60688
1.60408
1.59737
1.58917
1.58305
1.57959
1.57827
1.5716
1.56467
1.55111
0.474434
0.473871
0.473104
0.472621
0.472028
0.470649
0.469003
0.467529
0.465862
0.463267
0.460013
0.458627
0.457195
0.455801
0.455562
0.524015
0.877524
1.20007
1.42669
1.5397
1.57137
1.58972
1.58671
1.5834
1.5841
1.58344
1.58237
1.57438
1.56516
1.55655
0.470061
0.469815
0.469055
0.46794
0.466796
0.465419
0.463857
0.461943
0.460216
0.457554
0.45487
0.454307
0.454514
0.454641
0.454673
0.455417
0.456654
0.470485
0.748956
1.07283
1.31324
1.44282
1.50236
1.53542
1.54917
1.54455
1.54296
1.54092
1.54582
1.54519
0.4644
0.464152
0.463506
0.462696
0.46202
0.461471
0.460437
0.45942
0.458597
0.456525
0.453927
0.453627
0.454559
0.454801
0.454565
0.454994
0.457593
0.460558
0.465391
0.470116
0.650466
0.952649
1.21232
1.35385
1.42351
1.46036
1.47273
1.4751
1.48228
1.48391
0.459485
0.459592
0.45932
0.458635
0.457985
0.458062
0.458378
0.458722
0.458938
0.457188
0.456002
0.458037
0.465601
0.473714
0.47444
0.474958
0.476451
0.47919
0.478969
0.478986
0.48708
0.494502
0.616222
0.902029
1.12813
1.25611
1.32376
1.36257
1.38584
1.38432
0.458372
0.458284
0.457898
0.457217
0.456364
0.455991
0.456992
0.460518
0.465898
0.470047
0.472938
0.476535
0.482482
0.49006
0.495727
0.49932
0.501792
0.504144
0.5061
0.503995
0.500831
0.50581
0.516048
0.521901
0.609035
0.853027
1.06469
1.1742
1.23611
1.29097
0.468997
0.470537
0.471883
0.472322
0.472384
0.472215
0.472346
0.474683
0.480863
0.487652
0.490509
0.491828
0.493871
0.499435
0.506525
0.510902
0.514732
0.519827
0.526151
0.53312
0.537752
0.53788
0.537951
0.540792
0.546729
0.551505
0.623195
0.831001
1.01223
1.1667
0.494341
0.496375
0.497804
0.499029
0.49989
0.500697
0.502613
0.505345
0.508715
0.51411
0.515239
0.514339
0.514536
0.51703
0.52117
0.523162
0.526539
0.533024
0.540197
0.548053
0.555924
0.560828
0.563747
0.564459
0.565365
0.572014
0.574599
0.576247
0.637179
0.960547
0.518244
0.520366
0.522741
0.524983
0.52695
0.52852
0.53075
0.532845
0.534781
0.538994
0.543045
0.545992
0.549208
0.554677
0.556305
0.555234
0.554714
0.555201
0.556561
0.559476
0.565937
0.574797
0.582084
0.584749
0.585669
0.588276
0.593215
0.599878
0.600798
0.642479
0.552956
0.555461
0.55799
0.560616
0.560857
0.55976
0.55949
0.560826
0.562361
0.564054
0.567581
0.570777
0.572231
0.574816
0.578529
0.581269
0.584246
0.587765
0.588634
0.587024
0.586425
0.590371
0.597286
0.602113
0.605076
0.60683
0.612677
0.617956
0.620646
0.624678
0.584763
0.586553
0.588937
0.591804
0.592496
0.591703
0.591758
0.593597
0.595347
0.597414
0.59793
0.596482
0.595414
0.596455
0.599985
0.603664
0.606793
0.610653
0.614755
0.618923
0.62012
0.618831
0.619112
0.622373
0.626439
0.629851
0.633107
0.634225
0.635939
0.639286
0.620123
0.621745
0.624266
0.627407
0.628331
0.627229
0.625621
0.625747
0.626802
0.628744
0.631355
0.63387
0.635738
0.637469
0.637724
0.636777
0.636094
0.636806
0.63903
0.642899
0.64725
0.649443
0.649392
0.649223
0.650184
0.652727
0.652927
0.654201
0.656331
0.65968
0.660754
0.661838
0.663784
0.666664
0.668554
0.668667
0.667012
0.665246
0.665367
0.665898
0.667441
0.668513
0.668482
0.668917
0.66972
0.670961
0.67251
0.672815
0.671869
0.670503
0.670888
0.672673
0.674154
0.675132
0.67527
0.675596
0.676974
0.678379
0.67944
0.680303
0.705762
0.706275
0.707875
0.710164
0.711464
0.711635
0.710339
0.706979
0.704969
0.704865
0.706075
0.707219
0.707151
0.706435
0.705106
0.703785
0.703463
0.70365
0.704121
0.704353
0.703875
0.702293
0.70177
0.702275
0.70333
0.70439
0.705006
0.704987
0.70458
0.703162
0.754384
0.754965
0.757647
0.758518
0.75819
0.757949
0.756449
0.751811
0.750562
0.751166
0.750477
0.747907
0.747314
0.747391
0.747118
0.745461
0.743133
0.742063
0.741187
0.740277
0.739638
0.738606
0.73696
0.735314
0.733276
0.731024
0.728591
0.725577
0.725379
0.725093
0.807424
0.809183
0.811955
0.81179
0.808976
0.807526
0.804899
0.800397
0.799833
0.800017
0.798119
0.793234
0.791207
0.791074
0.790242
0.787476
0.783974
0.781403
0.779771
0.77761
0.774436
0.771555
0.768757
0.766395
0.764046
0.761783
0.760355
0.758026
0.755467
0.75235
0.86493
0.867717
0.869906
0.868484
0.863409
0.860849
0.856672
0.852129
0.852126
0.851907
0.848371
0.841681
0.839374
0.838712
0.836836
0.832598
0.828183
0.824717
0.821398
0.81861
0.815089
0.810924
0.807372
0.803681
0.800218
0.796481
0.793111
0.789791
0.785465
0.778197
0.926026
0.929513
0.930193
0.925871
0.92094
0.916954
0.910739
0.906659
0.907224
0.906472
0.901028
0.892754
0.890609
0.889603
0.886191
0.88021
0.874599
0.870733
0.866565
0.861797
0.856901
0.851532
0.846658
0.841558
0.836402
0.831087
0.825117
0.81924
0.814937
0.807513
0.989681
0.991096
0.990287
0.985919
0.981663
0.97511
0.96705
0.963152
0.963868
0.962906
0.956458
0.946656
0.944439
0.943151
0.938205
0.930192
0.924032
0.919346
0.914531
0.90821
0.901598
0.895414
0.889148
0.882711
0.875915
0.869367
0.863117
0.856149
0.84999
0.840147
1.05249
1.05255
1.0517
1.0488
1.04391
1.03662
1.02831
1.02223
1.02188
1.02091
1.0148
1.00385
1.0002
0.997981
0.992284
0.983229
0.975799
0.969989
0.964088
0.956773
0.948728
0.941169
0.933558
0.925796
0.917625
0.909251
0.901108
0.892727
0.884969
0.872538
1.11911
1.11739
1.11629
1.11392
1.10975
1.10318
1.09586
1.0891
1.08582
1.08245
1.07626
1.06516
1.05904
1.05499
1.04826
1.03936
1.03048
1.02261
1.01498
1.00679
0.99765
0.988444
0.979644
0.970325
0.960976
0.951458
0.941776
0.931808
0.923108
0.908986
1.17703
1.17467
1.17289
1.17109
1.16817
1.16366
1.15961
1.15505
1.14986
1.14545
1.13989
1.13185
1.12446
1.11752
1.10903
1.09954
1.08971
1.07992
1.07016
1.0599
1.04928
1.03838
1.02761
1.0168
1.00601
0.995028
0.984074
0.972788
0.962686
0.946361
1.18851
1.18788
1.18734
1.18728
1.18723
1.18694
1.18625
1.18527
1.18404
1.18289
1.18104
1.17774
1.17397
1.17016
1.1651
1.15835
1.15024
1.14101
1.13087
1.11977
1.10761
1.09473
1.08144
1.06813
1.05486
1.04159
1.02867
1.01552
1.00393
0.985447
1.17837
1.18018
1.18094
1.18096
1.17959
1.17915
1.18081
1.18217
1.18278
1.18282
1.1831
1.18309
1.1823
1.18185
1.18138
1.18047
1.17901
1.17695
1.17353
1.16833
1.1612
1.15182
1.14015
1.12671
1.11181
1.09592
1.07981
1.06344
1.04907
1.02689
1.11377
1.12059
1.12438
1.12662
1.13051
1.13443
1.13857
1.14391
1.14878
1.1539
1.15755
1.1609
1.16586
1.17026
1.17116
1.17239
1.1747
1.17581
1.17574
1.17536
1.17469
1.17348
1.17105
1.16704
1.16021
1.14999
1.13636
1.11978
1.10297
1.07537
1.02579
1.02832
1.03107
1.03487
1.03946
1.04335
1.04769
1.05363
1.05975
1.06706
1.07515
1.08326
1.09247
1.10326
1.1124
1.12118
1.13181
1.14063
1.14945
1.15621
1.16059
1.16512
1.16804
1.16773
1.16717
1.16612
1.16371
1.15885
1.15061
1.12819
1.00113
1.00132
1.00156
1.00187
1.00233
1.00288
1.0035
1.00436
1.00548
1.007
1.00915
1.01181
1.01519
1.01982
1.02603
1.03324
1.04257
1.05406
1.06679
1.08165
1.09641
1.11116
1.12581
1.13804
1.14776
1.154
1.15863
1.15869
1.15836
1.15411
1.00001
1.00001
1.00002
1.00002
1.00003
1.00004
1.00005
1.00007
1.0001
1.00014
1.0002
1.0003
1.00045
1.00069
1.0011
1.00176
1.00282
1.00456
1.00734
1.0117
1.01838
1.02768
1.04073
1.057
1.07574
1.09512
1.11404
1.12984
1.14112
1.14867
1
1
1
1
1
1
1
1
1
1
1
1
1
1.00001
1.00001
1.00002
1.00004
1.00007
1.00015
1.0003
1.00064
1.00133
1.00275
1.00556
1.01076
1.01967
1.03337
1.05267
1.07339
1.10688
1
1
1
1
1
1
1
1
1
1
1
1
1
1
1
1
1
1
1
1
1.00001
1.00001
1.00004
1.0001
1.00029
1.00079
1.00204
1.00521
1.0109
1.03371
1
1
1
1
1
1
1
1
1
1
1
1
1
1
1
1
1
1
1
1
1
1
1
1
1
1.00001
1.00003
1.00011
1.00033
1.00301
0.582783
0.576146
0.552163
0.512323
0.483748
0.475598
0.469618
0.46419
0.457996
0.455974
0.467107
0.491448
0.516651
0.550491
0.583424
0.61915
0.660457
0.706108
0.75557
0.808676
0.865406
0.92543
0.987709
1.05295
1.1254
1.18013
1.18866
1.17393
1.10567
1.02208
1.00091
1.00001
1
1
1
0.584496
0.578732
0.547807
0.507594
0.482006
0.475194
0.467519
0.461033
0.455526
0.454821
0.469596
0.493547
0.522174
0.555063
0.590966
0.629775
0.674301
0.722483
0.774119
0.828834
0.88579
0.943932
1.00395
1.07194
1.14176
1.18525
1.18869
1.1678
1.09323
1.01565
1.00049
1
1
1
1
0.589699
0.581359
0.547966
0.508096
0.484422
0.475497
0.467164
0.459991
0.454805
0.456539
0.473715
0.493634
0.528284
0.56109
0.600611
0.641132
0.685219
0.733373
0.785745
0.842169
0.90193
0.963541
1.02598
1.09081
1.15401
1.18805
1.18822
1.16338
1.08216
1.01119
1.00029
1
1
1
1
0.592206
0.582774
0.547409
0.508762
0.487303
0.476272
0.467468
0.459957
0.454806
0.462076
0.483964
0.502965
0.537706
0.570865
0.608148
0.646735
0.690678
0.739133
0.792165
0.849685
0.910647
0.97362
1.03718
1.10108
1.16223
1.18996
1.18803
1.1583
1.06859
1.00743
1.00016
1
1
1
1
0.593907
0.58308
0.546278
0.509247
0.489722
0.478475
0.469561
0.46208
0.457177
0.466922
0.489543
0.509483
0.542745
0.574594
0.611321
0.650531
0.694901
0.744083
0.797216
0.85517
0.916912
0.98048
1.04425
1.10916
1.16988
1.19159
1.18875
1.14794
1.05482
1.00477
1.00009
1
1
1
1
0.59424
0.582455
0.544919
0.509614
0.49219
0.482212
0.472918
0.464873
0.461002
0.46888
0.491253
0.511304
0.543857
0.577643
0.615045
0.654988
0.699744
0.750294
0.804655
0.862329
0.923109
0.986211
1.05186
1.12131
1.17864
1.19271
1.18701
1.13555
1.04334
1.00302
1.00005
1
1
1
1
0.593128
0.580826
0.54201
0.50977
0.495104
0.484904
0.475192
0.465901
0.462088
0.468972
0.490552
0.512992
0.543233
0.581898
0.62296
0.667951
0.717625
0.770814
0.827489
0.886417
0.9467
1.0076
1.07288
1.13996
1.18528
1.193
1.18139
1.12432
1.03334
1.00183
1.00002
1
1
1
1
0.591376
0.577905
0.538151
0.509589
0.497018
0.485619
0.47558
0.46542
0.461592
0.468634
0.487628
0.517956
0.551547
0.595555
0.639634
0.68308
0.730975
0.783838
0.841071
0.901641
0.964575
1.02813
1.09161
1.15189
1.18895
1.193
1.17722
1.1114
1.02437
1.00108
1.00001
1
1
1
1
0.590677
0.57416
0.536877
0.508921
0.497534
0.484788
0.472386
0.462005
0.460009
0.469936
0.489745
0.529118
0.566828
0.605911
0.64654
0.688292
0.736773
0.790207
0.848506
0.910367
0.974083
1.0378
1.10073
1.16027
1.19199
1.19284
1.17349
1.09719
1.01749
1.00062
1.00001
1
1
1
1
0.590137
0.571327
0.538358
0.508491
0.497448
0.481538
0.465795
0.458562
0.460087
0.477817
0.501278
0.538646
0.571859
0.608584
0.648968
0.6914
0.740393
0.794963
0.853543
0.916463
0.981273
1.04594
1.11028
1.17
1.19459
1.19379
1.16826
1.08315
1.01172
1.00033
1
1
1
1
1
0.587896
0.569793
0.542051
0.508168
0.493552
0.476094
0.462119
0.457646
0.463677
0.486255
0.508907
0.542204
0.573098
0.610115
0.649896
0.694702
0.746805
0.804766
0.866128
0.928971
0.993187
1.05915
1.12673
1.18038
1.19607
1.19383
1.15711
1.06687
1.00721
1.00016
1
1
1
1
1
0.585323
0.569398
0.543045
0.507148
0.488108
0.471709
0.461474
0.457783
0.469446
0.489614
0.511948
0.543102
0.573051
0.612797
0.660367
0.71515
0.772619
0.83202
0.893689
0.957316
1.0214
1.08529
1.14545
1.18706
1.19649
1.19022
1.1452
1.05211
1.00454
1.00009
1
1
1
1
1
0.585793
0.570584
0.541456
0.504214
0.485323
0.46978
0.462005
0.462042
0.472345
0.489424
0.515537
0.545743
0.586039
0.633364
0.684097
0.733664
0.787278
0.845878
0.907655
0.971988
1.03675
1.09942
1.15588
1.19106
1.19654
1.18484
1.13211
1.04053
1.00281
1.00004
1
1
1
1
1
0.590985
0.57345
0.538005
0.502536
0.484264
0.46939
0.46328
0.465467
0.474276
0.487307
0.523128
0.563923
0.605069
0.647634
0.69289
0.740554
0.794373
0.853737
0.916682
0.981907
1.04678
1.10907
1.16499
1.19453
1.19635
1.1815
1.11835
1.02991
1.00155
1.00002
1
1
1
1
1
0.598015
0.576469
0.536463
0.502852
0.484085
0.469362
0.463551
0.464984
0.474791
0.493699
0.53509
0.573488
0.611727
0.652207
0.696867
0.745125
0.799662
0.860021
0.924174
0.990857
1.05726
1.12163
1.17632
1.19726
1.19709
1.18021
1.10461
1.02039
1.00082
1.00001
1
1
1
1
1
0.604484
0.579528
0.53619
0.507072
0.484338
0.467029
0.461671
0.461189
0.471849
0.505091
0.541104
0.576655
0.613638
0.654827
0.700365
0.754297
0.815611
0.881136
0.948234
1.01496
1.08092
1.14226
1.18611
1.19855
1.19737
1.17248
1.08633
1.01271
1.0004
1
1
1
1
1
1
0.608026
0.582737
0.536902
0.513654
0.484729
0.464303
0.457321
0.459786
0.471574
0.51009
0.542574
0.579454
0.616817
0.663588
0.721979
0.784337
0.846438
0.910478
0.976357
1.04139
1.10352
1.15699
1.19147
1.19886
1.1947
1.15496
1.06626
1.00786
1.0002
1
1
1
1
1
1
0.608908
0.585026
0.546719
0.521933
0.487436
0.462404
0.454368
0.461811
0.477351
0.513747
0.54506
0.58886
0.63817
0.690397
0.744982
0.800865
0.860895
0.92451
0.990087
1.05463
1.11519
1.16616
1.19498
1.19886
1.18977
1.14321
1.05372
1.00502
1.0001
1
1
1
1
1
1
0.605564
0.586122
0.559338
0.529555
0.489412
0.461037
0.452929
0.465139
0.48244
0.518988
0.557983
0.609318
0.654903
0.702789
0.753547
0.80821
0.869414
0.934691
1.00144
1.06662
1.12715
1.17635
1.19794
1.19866
1.18703
1.13303
1.0407
1.00277
1.00005
1
1
1
1
1
1
0.596434
0.586272
0.564671
0.532776
0.490152
0.460639
0.452929
0.467735
0.488172
0.528558
0.574292
0.618757
0.660098
0.707296
0.75937
0.814258
0.878178
0.947393
1.01771
1.08565
1.14541
1.18706
1.19966
1.19957
1.18649
1.11755
1.0264
1.00131
1.00002
1
1
1
1
1
1
0.587887
0.585625
0.565315
0.532402
0.487287
0.46068
0.457328
0.473754
0.499861
0.541734
0.581487
0.621363
0.661309
0.710201
0.769952
0.838719
0.910293
0.981547
1.05048
1.11338
1.16328
1.19335
1.20037
1.19958
1.1772
1.09389
1.01643
1.00064
1.00001
1
1
1
1
1
1
0.584627
0.5857
0.561605
0.524733
0.481197
0.464113
0.466091
0.482171
0.513429
0.549173
0.584358
0.623381
0.675736
0.736439
0.806074
0.872748
0.938934
1.00613
1.07105
1.12913
1.17297
1.19651
1.20042
1.1966
1.1593
1.07441
1.01048
1.00031
1
1
1
1
1
1
1
0.586509
0.585285
0.554421
0.514114
0.479135
0.470614
0.472134
0.486915
0.52218
0.552212
0.588685
0.645499
0.707595
0.766078
0.826792
0.888952
0.954102
1.02089
1.08493
1.14138
1.18151
1.19889
1.19986
1.19112
1.14777
1.05972
1.00627
1.00014
1
1
1
1
1
1
1
0.596179
0.586812
0.54902
0.505741
0.479142
0.476602
0.476686
0.489666
0.524207
0.555541
0.606859
0.673844
0.725165
0.77905
0.8373
0.899455
0.96733
1.03659
1.10199
1.1571
1.19065
1.20034
1.19965
1.18791
1.13686
1.04367
1.00329
1.00006
1
1
1
1
1
1
1
0.606003
0.588066
0.543814
0.499356
0.479318
0.478119
0.479172
0.492003
0.523196
0.569126
0.635326
0.68681
0.731385
0.786257
0.848892
0.918153
0.992608
1.06593
1.12881
1.17403
1.19671
1.20118
1.20073
1.18721
1.11789
1.0274
1.00148
1.00002
1
1
1
1
1
1
1
0.608388
0.585163
0.538615
0.494457
0.477135
0.47639
0.479225
0.494319
0.531752
0.596587
0.648396
0.69158
0.736183
0.803315
0.880629
0.957918
1.0297
1.09505
1.14822
1.18358
1.19916
1.20166
1.2008
1.17682
1.09189
1.01627
1.00066
1.00001
1
1
1
1
1
1
1
0.606615
0.578045
0.533412
0.48996
0.472223
0.468579
0.474424
0.500191
0.559172
0.613995
0.653434
0.69697
0.769868
0.845176
0.917414
0.985078
1.05158
1.11272
1.16086
1.18996
1.20028
1.20159
1.19726
1.15675
1.07156
1.00991
1.0003
1
1
1
1
1
1
1
1
0.607598
0.577194
0.532511
0.482591
0.46245
0.459626
0.469588
0.522618
0.579277
0.619232
0.658626
0.7315
0.805977
0.870962
0.93674
1.00351
1.07046
1.13056
1.1743
1.19553
1.20095
1.20017
1.18985
1.14347
1.05542
1.00544
1.00012
1
1
1
1
1
1
1
1
0.611784
0.581596
0.535476
0.473779
0.449634
0.455957
0.477858
0.547275
0.586722
0.62272
0.681234
0.766785
0.826173
0.887142
0.955109
1.0267
1.09695
1.1536
1.18705
1.19899
1.20115
1.19927
1.18485
1.12998
1.0377
1.0026
1.00005
1
1
1
1
1
1
1
1
0.619728
0.593444
0.537521
0.472536
0.447502
0.458179
0.508827
0.55832
0.589063
0.632203
0.7232
0.786092
0.839242
0.908474
0.988168
1.06404
1.12722
1.17127
1.19412
1.20054
1.20131
1.20025
1.18238
1.10635
1.02179
1.00107
1.00002
1
1
1
1
1
1
1
1
0.639662
0.606533
0.53642
0.472811
0.45264
0.478345
0.527196
0.559602
0.593028
0.673605
0.745023
0.800548
0.867502
0.950881
1.02817
1.09379
1.14685
1.18178
1.19788
1.20123
1.20137
1.19994
1.1682
1.07769
1.01159
1.00041
1
1
1
1
1
1
1
1
1
0.65772
0.612587
0.529866
0.472425
0.464992
0.498344
0.53217
0.561078
0.618289
0.706465
0.762089
0.826992
0.912004
0.987345
1.05532
1.11561
1.16324
1.1905
1.20008
1.20142
1.20142
1.19272
1.14306
1.05601
1.0062
1.00016
1
1
1
1
1
1
1
1
1
0.662053
0.613099
0.521824
0.475761
0.48085
0.50509
0.532617
0.567556
0.665808
0.725149
0.783164
0.874302
0.946058
1.0141
1.081
1.13991
1.17985
1.1969
1.20105
1.20129
1.19969
1.18341
1.12647
1.03969
1.003
1.00006
1
1
1
1
1
1
1
1
1
0.660297
0.60328
0.513559
0.478155
0.491591
0.500834
0.536118
0.609916
0.689024
0.745106
0.828354
0.90792
0.973835
1.04558
1.11447
1.164
1.1909
1.20006
1.20141
1.20113
1.19774
1.17665
1.10874
1.02364
1.00122
1.00002
1
1
1
1
1
1
1
1
1
0.652805
0.587412
0.506973
0.470262
0.495068
0.495915
0.54701
0.650584
0.707156
0.775522
0.867852
0.939254
1.01145
1.08516
1.14384
1.17967
1.19653
1.20146
1.20178
1.20162
1.19855
1.16953
1.07895
1.01134
1.00041
1.00001
1
1
1
1
1
1
1
1
1
0.648758
0.581566
0.504826
0.461728
0.491337
0.50787
0.597446
0.668661
0.730289
0.827952
0.903378
0.977393
1.05459
1.11834
1.16469
1.19017
1.19967
1.20189
1.20218
1.20175
1.19603
1.14381
1.04983
1.00496
1.00013
1
1
1
1
1
1
1
1
1
1
0.647947
0.582298
0.5122
0.459917
0.478665
0.546967
0.636997
0.694891
0.775898
0.865274
0.941754
1.02541
1.09167
1.14499
1.18155
1.1972
1.20106
1.20198
1.20198
1.20022
1.17969
1.11316
1.03108
1.00217
1.00004
1
1
1
1
1
1
1
1
1
1
0.648265
0.586505
0.523761
0.470731
0.47738
0.591037
0.653201
0.725605
0.830639
0.909401
0.992879
1.06626
1.12457
1.16843
1.19336
1.20047
1.20147
1.20187
1.20059
1.19549
1.1661
1.09222
1.01832
1.00085
1.00001
1
1
1
1
1
1
1
1
1
1
0.64914
0.585201
0.524436
0.478595
0.524002
0.628014
0.690565
0.787133
0.873698
0.956424
1.03979
1.10468
1.15489
1.18505
1.19942
1.20153
1.20148
1.20183
1.19965
1.19125
1.15441
1.06763
1.00832
1.00026
1
1
1
1
1
1
1
1
1
1
1
0.652661
0.561631
0.495709
0.491777
0.58537
0.642985
0.733875
0.841142
0.925006
1.01306
1.08395
1.1412
1.17727
1.19438
1.20204
1.20167
1.20122
1.20193
1.20062
1.18948
1.13171
1.03735
1.00288
1.00007
1
1
1
1
1
1
1
1
1
1
1
0.663698
0.533903
0.470341
0.513017
0.616737
0.697529
0.807498
0.896049
0.983068
1.06317
1.12599
1.16922
1.19111
1.19878
1.20278
1.20145
1.20119
1.20154
1.2007
1.17672
1.0922
1.01767
1.00092
1.00002
1
1
1
1
1
1
1
1
1
1
1
0.672456
0.499893
0.472974
0.573004
0.64681
0.75846
0.866284
0.956215
1.04343
1.11094
1.16024
1.18773
1.19809
1.20029
1.20296
1.20105
1.20132
1.20023
1.19301
1.14713
1.06212
1.00841
1.00028
1
1
1
1
1
1
1
1
1
1
1
1
0.65666
0.469184
0.526089
0.616849
0.721818
0.842018
0.936534
1.0259
1.09731
1.1516
1.18318
1.19797
1.20047
1.20059
1.20309
1.20085
1.20187
1.19806
1.1811
1.12491
1.04054
1.00338
1.00008
1
1
1
1
1
1
1
1
1
1
1
1
0.640634
0.481777
0.565189
0.663193
0.803364
0.915747
1.00848
1.08734
1.14357
1.1795
1.19636
1.20187
1.20083
1.20047
1.20348
1.20105
1.20217
1.1969
1.17101
1.09847
1.01938
1.00097
1.00002
1
1
1
1
1
1
1
1
1
1
1
1
0.597116
0.513187
0.616614
0.765046
0.897293
0.998845
1.0819
1.13881
1.17663
1.19522
1.20197
1.20252
1.20067
1.20044
1.20387
1.20172
1.20191
1.19745
1.15331
1.05677
1.00627
1.00021
1
1
1
1
1
1
1
1
1
1
1
1
1
0.50436
0.573028
0.721903
0.883028
0.995332
1.07922
1.13872
1.17558
1.19465
1.20177
1.20342
1.20249
1.20038
1.20052
1.20423
1.20235
1.19832
1.18145
1.1094
1.02624
1.00178
1.00004
1
1
1
1
1
1
1
1
1
1
1
1
1
0.314548
0.608633
0.848369
0.991139
1.08397
1.14399
1.17764
1.19471
1.20166
1.20349
1.20355
1.20208
1.20026
1.20084
1.2045
1.20203
1.19205
1.15318
1.0721
1.01164
1.00047
1.00001
1
1
1
1
1
1
1
1
1
1
1
1
1
0.278029
0.736387
0.984297
1.09413
1.15178
1.18264
1.19682
1.20151
1.20318
1.20368
1.20345
1.20187
1.20018
1.20127
1.20454
1.19792
1.1844
1.12864
1.04273
1.00375
1.00009
1
1
1
1
1
1
1
1
1
1
1
1
1
1
0.562833
0.933066
1.10085
1.16336
1.18955
1.19952
1.20242
1.20268
1.20321
1.20362
1.20342
1.20174
1.20016
1.20177
1.20374
1.19257
1.17247
1.09051
1.01494
1.00061
1.00001
1
1
1
1
1
1
1
1
1
1
1
1
1
1
0.935742
1.11048
1.17856
1.19741
1.20263
1.2034
1.2031
1.20258
1.20306
1.20379
1.20345
1.20133
1.19999
1.20209
1.20246
1.1871
1.13935
1.04284
1.00303
1.00005
1
1
1
1
1
1
1
1
1
1
1
1
1
1
1
1.20276
1.20343
1.20395
1.20426
1.20429
1.20347
1.20263
1.20246
1.20333
1.20411
1.20332
1.20093
1.19951
1.20209
1.20059
1.17584
1.09523
1.01266
0.999872
0.99999
1
1
1
1
1
1
1
1
1
1
1
1
1
1
1
1.20255
1.20309
1.2037
1.20411
1.20428
1.20357
1.20274
1.20229
1.20291
1.20425
1.20377
1.20171
1.1983
1.19903
1.20008
1.17209
1.08725
1.01357
1.00041
1
1
1
1
1
1
1
1
1
1
1
1
1
1
1
1
1.20256
1.20298
1.20361
1.20407
1.20423
1.20374
1.2029
1.20229
1.20244
1.20368
1.20373
1.20241
1.19792
1.197
1.19641
1.15653
1.05964
1.0043
1.00006
1
1
1
1
1
1
1
1
1
1
1
1
1
1
1
1
1.20305
1.20313
1.20357
1.20392
1.20412
1.20405
1.20338
1.20259
1.2021
1.20267
1.20313
1.20314
1.19906
1.19589
1.1951
1.13988
1.03978
1.00207
1.00002
1
1
1
1
1
1
1
1
1
1
1
1
1
1
1
1
1.2036
1.20351
1.20367
1.20383
1.20404
1.20423
1.20407
1.20315
1.202
1.20158
1.20259
1.20356
1.20111
1.19544
1.18916
1.11434
1.02337
1.0008
1.00001
1
1
1
1
1
1
1
1
1
1
1
1
1
1
1
1
1.20401
1.20379
1.20368
1.20373
1.20392
1.20434
1.20456
1.2038
1.20197
1.20086
1.20203
1.20409
1.20266
1.19326
1.1736
1.09094
1.01267
1.00029
1
1
1
1
1
1
1
1
1
1
1
1
1
1
1
1
1
1.2042
1.20389
1.20363
1.20356
1.20376
1.20441
1.20476
1.20424
1.20211
1.2005
1.20142
1.20476
1.2033
1.19145
1.16012
1.0693
1.00617
1.0001
1
1
1
1
1
1
1
1
1
1
1
1
1
1
1
1
1
1.20418
1.20387
1.20352
1.20339
1.20353
1.20436
1.20481
1.20442
1.20229
1.20032
1.20071
1.20471
1.20346
1.19094
1.14477
1.04658
1.00275
1.00003
1
1
1
1
1
1
1
1
1
1
1
1
1
1
1
1
1
1.20369
1.20355
1.20334
1.2033
1.20336
1.20391
1.20452
1.20445
1.20264
1.20034
1.2001
1.20306
1.20213
1.18384
1.12314
1.02728
1.00105
1.00001
1
1
1
1
1
1
1
1
1
1
1
1
1
1
1
1
1
1.20311
1.20331
1.20326
1.20336
1.20331
1.20342
1.2038
1.2041
1.20314
1.20105
1.20006
1.20216
1.20034
1.17241
1.09825
1.01497
1.00038
1
1
1
1
1
1
1
1
1
1
1
1
1
1
1
1
1
1
1.20279
1.2032
1.20334
1.2036
1.20353
1.20324
1.20306
1.20369
1.20348
1.20215
1.20024
1.20133
1.19956
1.16299
1.07324
1.00718
1.00012
1
1
1
1
1
1
1
1
1
1
1
1
1
1
1
1
1
1
1.20266
1.2032
1.20358
1.20396
1.20402
1.20318
1.20262
1.20307
1.20362
1.20376
1.20039
1.19854
1.19637
1.14748
1.04681
1.00288
1.00004
1
1
1
1
1
1
1
1
1
1
1
1
1
1
1
1
1
1
1.20281
1.20331
1.20382
1.20441
1.20447
1.20336
1.20252
1.20233
1.20377
1.20472
1.20137
1.19431
1.18666
1.12355
1.02858
1.00112
1.00001
1
1
1
1
1
1
1
1
1
1
1
1
1
1
1
1
1
1
1.20327
1.20348
1.2041
1.20464
1.20475
1.20372
1.20242
1.20202
1.20354
1.20503
1.20283
1.19259
1.17771
1.10121
1.01571
1.00039
1
1
1
1
1
1
1
1
1
1
1
1
1
1
1
1
1
1
1
1.20365
1.20363
1.20424
1.2047
1.2048
1.20408
1.20266
1.20196
1.20314
1.20504
1.20337
1.19205
1.16654
1.07079
1.00668
1.00011
1
1
1
1
1
1
1
1
1
1
1
1
1
1
1
1
1
1
1
1.20388
1.20379
1.20421
1.20446
1.20469
1.2044
1.203
1.20206
1.20268
1.20478
1.20273
1.18675
1.14389
1.04524
1.00276
1.00003
1
1
1
1
1
1
1
1
1
1
1
1
1
1
1
1
1
1
1
1.20397
1.20377
1.20372
1.20368
1.20411
1.20458
1.20364
1.2023
1.20195
1.20465
1.20242
1.18139
1.12066
1.02685
1.00099
1.00001
1
1
1
1
1
1
1
1
1
1
1
1
1
1
1
1
1
1
1
1.20366
1.20337
1.2031
1.20299
1.20358
1.20443
1.20424
1.20239
1.2008
1.20296
1.20239
1.17706
1.09217
1.01237
1.00029
1
1
1
1
1
1
1
1
1
1
1
1
1
1
1
1
1
1
1
1
1.20324
1.20307
1.20281
1.20271
1.20303
1.20429
1.20444
1.20332
1.19961
1.19853
1.19849
1.15924
1.06287
1.00524
1.00008
1
1
1
1
1
1
1
1
1
1
1
1
1
1
1
1
1
1
1
1
1.2029
1.20303
1.20276
1.20269
1.20265
1.20366
1.20439
1.20461
1.19978
1.19542
1.19262
1.13831
1.0402
1.00204
1.00002
1
1
1
1
1
1
1
1
1
1
1
1
1
1
1
1
1
1
1
1
1.20273
1.20322
1.20326
1.20341
1.20268
1.20297
1.20423
1.20519
1.20241
1.19418
1.18708
1.11267
1.02005
1.00061
1
1
1
1
1
1
1
1
1
1
1
1
1
1
1
1
1
1
1
1
1
1.20264
1.20356
1.2041
1.20443
1.20337
1.20277
1.20371
1.20537
1.20369
1.19322
1.17141
1.078
1.00865
1.00017
1
1
1
1
1
1
1
1
1
1
1
1
1
1
1
1
1
1
1
1
1
1.20266
1.20368
1.20447
1.20497
1.20396
1.20304
1.20328
1.20586
1.20399
1.18853
1.14855
1.05185
1.00349
1.00004
1
1
1
1
1
1
1
1
1
1
1
1
1
1
1
1
1
1
1
1
1
1.20291
1.2037
1.2046
1.20518
1.20455
1.20295
1.20277
1.20602
1.20436
1.18596
1.12356
1.02738
1.00102
1.00001
1
1
1
1
1
1
1
1
1
1
1
1
1
1
1
1
1
1
1
1
1
1.20317
1.20347
1.20435
1.20516
1.20502
1.20292
1.20135
1.20337
1.20335
1.17725
1.08982
1.01158
1.00027
1
1
1
1
1
1
1
1
1
1
1
1
1
1
1
1
1
1
1
1
1
1
1.20333
1.20286
1.20332
1.20436
1.20496
1.20413
1.20046
1.19998
1.19842
1.15514
1.05979
1.00465
1.00007
1
1
1
1
1
1
1
1
1
1
1
1
1
1
1
1
1
1
1
1
1
1
1.20344
1.20252
1.20217
1.20254
1.20396
1.20555
1.20168
1.19769
1.19442
1.13385
1.03296
1.00139
1.00001
1
1
1
1
1
1
1
1
1
1
1
1
1
1
1
1
1
1
1
1
1
1
1.20364
1.20247
1.2015
1.20114
1.20291
1.20598
1.20439
1.19625
1.18485
1.0977
1.0136
1.00034
1
1
1
1
1
1
1
1
1
1
1
1
1
1
1
1
1
1
1
1
1
1
1
1.20373
1.20264
1.20136
1.20077
1.20237
1.20625
1.20573
1.19325
1.16098
1.06317
1.00533
1.00008
1
1
1
1
1
1
1
1
1
1
1
1
1
1
1
1
1
1
1
1
1
1
1
1.20373
1.20299
1.20195
1.20142
1.20249
1.20677
1.20634
1.1883
1.13501
1.03518
1.00156
1.00002
1
1
1
1
1
1
1
1
1
1
1
1
1
1
1
1
1
1
1
1
1
1
1
1.20284
1.20311
1.20292
1.203
1.20261
1.2066
1.20717
1.18403
1.09735
1.01354
1.00034
1
1
1
1
1
1
1
1
1
1
1
1
1
1
1
1
1
1
1
1
1
1
1
1
1.2022
1.20271
1.2037
1.20455
1.20244
1.2046
1.20567
1.15885
1.05907
1.00462
1.00007
1
1
1
1
1
1
1
1
1
1
1
1
1
1
1
1
1
1
1
1
1
1
1
1
1.20141
1.20186
1.20408
1.2071
1.20572
1.20227
1.19577
1.12936
1.03124
1.00127
1.00001
1
1
1
1
1
1
1
1
1
1
1
1
1
1
1
1
1
1
1
1
1
1
1
1
1.20093
1.20091
1.20259
1.20832
1.21
1.20142
1.18185
1.0921
1.01114
1.00025
1
1
1
1
1
1
1
1
1
1
1
1
1
1
1
1
1
1
1
1
1
1
1
1
1
1.2008
1.2005
1.20049
1.20893
1.21111
1.19988
1.15484
1.0496
1.00314
1.00004
1
1
1
1
1
1
1
1
1
1
1
1
1
1
1
1
1
1
1
1
1
1
1
1
1
1.20074
1.20043
1.19951
1.20869
1.21123
1.1882
1.11754
1.02255
1.00076
1.00001
1
1
1
1
1
1
1
1
1
1
1
1
1
1
1
1
1
1
1
1
1
1
1
1
1
1.20016
1.20116
1.2002
1.20844
1.21057
1.1735
1.07642
1.00699
1.00013
1
1
1
1
1
1
1
1
1
1
1
1
1
1
1
1
1
1
1
1
1
1
1
1
1
1
1.19849
1.20258
1.20502
1.20733
1.20727
1.14276
1.03405
1.00157
1.00002
1
1
1
1
1
1
1
1
1
1
1
1
1
1
1
1
1
1
1
1
1
1
1
1
1
1
1.19743
1.20485
1.2122
1.20247
1.18725
1.09396
1.01191
1.00028
1
1
1
1
1
1
1
1
1
1
1
1
1
1
1
1
1
1
1
1
1
1
1
1
1
1
1
1.19836
1.21034
1.21626
1.2008
1.15799
1.04975
1.0031
1.00004
1
1
1
1
1
1
1
1
1
1
1
1
1
1
1
1
1
1
1
1
1
1
1
1
1
1
1
1.20441
1.21376
1.21759
1.19511
1.11113
1.01674
1.00048
1
1
1
1
1
1
1
1
1
1
1
1
1
1
1
1
1
1
1
1
1
1
1
1
1
1
1
1
1.20914
1.21336
1.21726
1.1673
1.05581
1.00398
1.00006
1
1
1
1
1
1
1
1
1
1
1
1
1
1
1
1
1
1
1
1
1
1
1
1
1
1
1
1
1.21783
1.20924
1.2002
1.1152
1.02066
1.00068
1.00001
1
1
1
1
1
1
1
1
1
1
1
1
1
1
1
1
1
1
1
1
1
1
1
1
1
1
1
1
1.23976
1.19425
1.17158
1.06247
1.00512
1.00009
1
1
1
1
1
1
1
1
1
1
1
1
1
1
1
1
1
1
1
1
1
1
1
1
1
1
1
1
1
1.25504
1.17813
1.11271
1.02065
1.0008
1.00001
1
1
1
1
1
1
1
1
1
1
1
1
1
1
1
1
1
1
1
1
1
1
1
1
1
1
1
1
1
1.25863
1.14861
1.05735
1.00532
1.00012
1
1
1
1
1
1
1
1
1
1
1
1
1
1
1
1
1
1
1
1
1
1
1
1
1
1
1
1
1
1
1.2352
1.10558
1.02385
1.00113
1.00002
1
1
1
1
1
1
1
1
1
1
1
1
1
1
1
1
1
1
1
1
1
1
1
1
1
1
1
1
1
1
1.19377
1.06414
1.00675
1.00017
1
1
1
1
1
1
1
1
1
1
1
1
1
1
1
1
1
1
1
1
1
1
1
1
1
1
1
1
1
1
1
1.13257
1.02649
1.00133
1.00002
1
1
1
1
1
1
1
1
1
1
1
1
1
1
1
1
1
1
1
1
1
1
1
1
1
1
1
1
1
1
1
1.05483
1.00541
1.00009
1
1
1
1
1
1
1
1
1
1
1
1
1
1
1
1
1
1
1
1
1
1
1
1
1
1
1
1
1
1
1
1
1
1
1
1
1
1
1
1
1
1
1
1
1
1
1
1
1
1
1
1
1
1
1
1
1
1
1
1
1
1
1
1
1
1
1
1
1
1
1
1
1
1
1
1
1
1
1
1
1
1
1
1
1
1
1
1
1
1
1
1
1
1
1
1
1
1
1
1
1
1
1
1
1
1
1
1
1
1
1
1
1
1
1
1
1
1
1
1
1
1
1
1
1
1
1
1
1
1
1
1
1
1
1
1
1
1
1
1
1
1
1
1
1
1
1
1
1
1
1
1
1
1
1
1
1
1
1
1
1
1
1
1
1
1
1
1
1
1
1
1
1
1
1
1
1
1
1
1
1
1
1
1
1
1
1
1
1
1
1
1
1
1
1
1
1
1
1
1
1
1
1
1
1
1
1
1
1
1
1
1
1
1
1
1
1
1
1
1
1
1
1
1
1
1
1
1
1
1
1
1
1
1
1
1
1
1
1
1
1
1
1
1
1
1
1
1
1
1
1
1
1
1
1
1
1
1
1
1
1
1
1
1
1
1
1
1
1
1
1
1
1
1
1
1
1
1
1
1
1
1
1
1
1
1
1
1
1
1
1
1
1
1
1
1
1
1
1
1
1
1
1
1
1
1
1
1
1
1
1
1
1
1
1
1
1
1
1
1
1
1
1
1
1
1
1
1
1
1
1
1
1
1
1
1
1
1
1
1
1
1
1
1
1
1
1
1
1
1
1
1
1
1
1
1
1
1
1
1
1
1
1
1
1
1
1
1
1
1
1
1
1
1
1
1
1
1
1
1
1
1
1
1
1
1
1
1
1
1
1
1
1
1
1
1
1
1
1
1
1
1
1
1
1
1
1
1
1
1
1
1
1
1
1
1
1
1
1
1
1
1
1
1
1
1
1
1
1
1
1
1
1
1
1
1
1
1
1
1
1
1
1
1
1
1
1
1
1
1
1
1
1
1
1
1
1
1
1
1
1
1
1
1
1
1
1
1
1
1
1
1
1
1
1
1
1
1
1
1
1
1
1
1
1
1
1
1
1
1
1
1
1
1
1
1
1
1
1
1
1
1
1
1
1
1
1
1
1
1
1
1
1
1
1
1
1
1
1
1
1
1
1
1
1
1
1
1
1
1
1
1
1
1
1
1
1
1
1
1
1
1
1
1
1
1
1
1
1
1
1
1
1
1
1
1
1
1
1
1
1
1
1
1
1
1
1
1
1
1
1
1
1
1
1
1
1
1
1
1
1
1
1
1
1
1
1
1
1
1
1
1
1
1
1
1
1
1
1
1
1
1
1
1
1
1
1
1
1
1
1
1
1
1
1
1
1
1
1
1
1
1
1
1
1
1
1
1
1
1
1
1
1
1
1
1
1
1
1
1
1
1
1
1
1
1
1
1
1
1
1
1
1
1
1
1
1
1
1
1
1
1
1
1
1
1
1
1
1
1
1
1
1
1
1
1
1
1
1
1
1
1
1
1
1
1
1
1
1
1
1
1
1
1
1
1
1
1
1
1
1
1
1
1
1
1
1
1
1
1
1
1
1
1
1
1
1
1
1
1
1
1
1
1
1
1
1
1
1
1
1
1
1
1
1
1
1
1
1
1
1
1
1
1
1
1
1
1
1
1
1
1
1
1
1
1
1
1
1
1
1
1
1
1
1
1
1
1
1
1
1
1
1
1
1
1
1
1
1
1
1
1
1
1
1
1
1
1
1
1
1
1
1
1
1
1
1
1
1
1
1
1
1
1
1
1
1
1
1
1
1
1
1
1
1
1
1
1
1
1
1
1
1
1
1
1
1
1
1
1
1
1
1
1
1
1
1
1
1
1
1
1
1
1
1
1
1
1
1
1
1
1
1
1
1
1
1
1
1
1
1
1
1
1
1
1
1
1
1
1
1
1
1
1
1
1
1
1
1
1
1
1
1
1
1
1
1
1
1
1
1
1
1
1
1
1
1
1
1
1
1
1
1
1
1
1
1
1
1
1
1
1
1
1
1
1
1
1
1
1
1
1
1
1
1
1
1
1
1
1
1
1
1
1
1
1
1
1
1
1
1
1
1
1
1
1
1
1
1
1
1
1
1
1
1
1
1
1
1
1
1
1
1
1
1
1
1
1
1
1
1
1
1
1
1
1
1
1
1
1
1
1
1
1
1
1
1
1
1
1
1
1
1
1
1
1
1
1
1
1
1
1
1
1
1
1
1
1
1
1
1
1
1
1
1
1
1
1
1
1
1
1
1
1
1
1
1
1
1
1
1
1
1
1
1
1
1
1
1
1
1
1
1
1
1
1
1
1
1
1
1
1
1
1
1
1
1
1
1
1
1
1
1
1
1
1
1
1
1
1
1
1
1
1
1
1
1
1
1
1
1
1
1
1
1
1
1
1
1
1
1
1
1
1
1
1
1
1
1
1
1
1
1
1
1
1
1
1
1
1
1
1
1
1
1
1
1
1
1
1
1
1
1
1
1
1
1
1
1
1
1
1
1
1
1
1
1
1
1
1
1
1
1
1
1
1
1
1
1
1
1
1
1
1
1
1
1
1
1
1
1
1
1
1
1
1
1
1
1
1
1
1
1
1
1
1
1
1
1
1
1
1
1
1
1
1
1
1
1
1
1
1
1
1
1
1
1
1
1
1
1
1
1
1
1
1
1
1
1
1
1
1
1
1
1
1
1
1
1
1
1
1
1
1
1
1
1
1
1
1
1
1
1
1
1
1
1
1
1
1
1
1
1
1
1
1
1
1
1
1
1
1
1
1
1
1
1
1
1
1
1
1
1
1
1
1
1
1
1
1
1
1
1
1
1
1
1
1
1
1
1
1
1
1
1
1
1
1
1
1
1
1
1
1
1
1
1
1
1
1
1
1
1
1
1
1
1
1
1
1
1
1
1
1
1
1
1
1
1
1
1
1
1
1
1
1
1
1
1
1
1
1
1
1
1
1
1
1
1
1
1
1
1
1
1
1
1
1
1
1
1
1
1
1
1
1
1
1
1
1
1
1
1
1
1
1
1
1
1
1
1
1
1
1
1
1
1
1
1
1
1
1
1
1
1
1
1
1
1
1
1
1
1
1
1
1
1
1
1
1
1
1
1
1
1
1
1
1
1
1
1
1
1
1
1
1
1
1
1
1
1
1
1
1
1
1
1
1
1
1
1
1
1
1
1
1
1
1
1
1
1
1
1
1
1
1
1
1
1
1
1
1
1
1
1
1
1
1
1
1
1
1
1
1
1
1
1
1
1
1
1
1
1
1
1
1
1
1
1
1
1
1
1
1
1
1
1
1
1
1
1
1
1
1
1
1
1
1
1
1
1
1
1
1
1
1
1
1
1
1
1
1
1
1
1
1
1
1
1
1
1
1
1
1
1
1
1
1
1
1
1
1
1
1
1
1
1
1
1
1
1
1
1
1
1
1
1
1
1
1
1
1
1
1
1
1
1
1
1
1
1
1
1
1
1
1
1
1
1
1
1
1
1
1
1
1
1
1
1
1
1
1
1
1
1
1
1
1
1
1
1
1
1
1
1
1
1
1
1
1
1
1
1
1
1
1
1
1
1
1
1
1
1
1
1
1
1
1
1
1
1
1
1
1
1
1
1
1
1
1
1
1
1
1
1
1
1
1
1
1
1
1
1
1
1
1
1
1
1
1
1
1
1
1
1
1
1
1
1
1
1
1
1
1
1
1
1
1
1
1
1
1
1
1
1
1
1
1
1
1
1
1
1
1
1
1
1
1
1
1
1
1
1
1
1
1
1
1
1
1
1
1
1
1
1
1
1
1
1
1
1
1
1
1
1
1
1
1
1
1
1
1
1
1
1
1
1
1
1
1
1
1
1
1
1
1
1
1
1
1
1
1
1
1
1
1
1
1
1
1
1
1
1
1
1
1
1
1
1
1
1
1
1
1
1
1
1
1
1
1
1
1
1
1
1
1
1
1
1
1
1
1
1
1
1
1
1
1
1
1
1
1
1
1
1
1
1
1
1
1
1
1
1
1
1
1
1
1
1
1
1
1
1
1
1
1
1
1
1
1
1
1
1
1
1
1
1
1
1
1
1
1
1
1
1
1
1
1
1
1
1
1
1
1
1
1
1
1
1
1
1
1
1
1
1
1
1
1
1
1
1
1
1
1
1
1
1
1
1
1
1
1
1
1
1
1
1
1
1
1
1
1
1
1
1
1
1
1
1
1
1
1
1
1
1
1
1
1
1
1
1
1
1
1
1
1
1
1
1
1
1
1
1
1
1
1
1
1
1
1
1
1
1
1
1
1
1
1
1
1
1
1
1
1
1
1
1
1
1
1
1
1
1
1
1
1
1
1
1
1
1
1
1
1
1
1
1
1
1
1
1
1
1
1
1
1
1
1
1
1
1
1
1
1
1
1
1
1
1
1
1
1
1
1
1
1
1
1
1
1
1
1
1
1
1
1
1
1
1
1
1
1
1
1
1
1
1
1
1
1
1
1
1
1
1
1
1
1
1
1
1
1
1
1
1
1
1
1
1
1
1
1
1
1
1
1
1
1
1
1
1
1
1
1
1
1
1
1
1
1
1
1
1
1
1
1
1
1
1
1
1
1
1
1
1
1
1
1
1
1
1
1
1
1
1
1
1
1
1
1
1
1
1
1
1
1
1
1
1
1
1
1
1
1
1
1
1
1
1
1
1
1
1
1
1
1
1
1
1
1
1
1
1
1
1
1
1
1
1
1
1
1
1
1
1
1
1
1
1
1
1
1
1.16478
0.999858
1
1
1
1
1
1
1
1
1
1
1
1
1
1
1
1
1
1
1
1
1
1
1
1
1
1
1
1
1
1
1
1
1
1.4367
1.02109
1
1
1
1
1
1
1
1
1
1
1
1
1
1
1
1
1
1
1
1
1
1
1
1
1
1
1
1
1
1
1
1
1
1.73006
1.17789
0.999851
1
1
1
1
1
1
1
1
1
1
1
1
1
1
1
1
1
1
1
1
1
1
1
1
1
1
1
1
1
1
1
1
1.97295
1.57574
1.04562
0.999984
1
1
1
1
1
1
1
1
1
1
1
1
1
1
1
1
1
1
1
1
1
1
1
1
1
1
1
1
1
1
1
2.08141
1.90083
1.6535
1.0474
0.999973
1
1
1
1
1
1
1
1
1
1
1
1
1
1
1
1
1
1
1
1
1
1
1
1
1
1
1
1
1
1
1.97966
1.89872
2.00739
1.63642
1.03297
1
1
1
1
1
1
1
1
1
1
1
1
1
1
1
1
1
1
1
1
1
1
1
1
1
1
1
1
1
1
1.89461
1.90216
1.99696
1.99521
1.45958
0.999673
1
1
1
1
1
1
1
1
1
1
1
1
1
1
1
1
1
1
1
1
1
1
1
1
1
1
1
1
1
1.86501
1.89851
1.96798
1.98808
1.87526
1.24533
0.999772
1
1
1
1
1
1
1
1
1
1
1
1
1
1
1
1
1
1
1
1
1
1
1
1
1
1
1
1
1.8683
1.89026
1.92382
1.95926
1.98528
1.66211
1.0548
1
1
1
1
1
1
1
1
1
1
1
1
1
1
1
1
1
1
1
1
1
1
1
1
1
1
1
1
1.86976
1.88684
1.91064
1.95232
1.98584
1.88155
1.34441
0.999692
1
1
1
1
1
1
1
1
1
1
1
1
1
1
1
1
1
1
1
1
1
1
1
1
1
1
1
1.8732
1.88856
1.91685
1.95399
1.98039
1.95872
1.71971
1.1062
0.999887
1
1
1
1
1
1
1
1
1
1
1
1
1
1
1
1
1
1
1
1
1
1
1
1
1
1
1.87844
1.89243
1.92069
1.95434
1.9715
1.95882
1.87935
1.43026
1.00179
1
1
1
1
1
1
1
1
1
1
1
1
1
1
1
1
1
1
1
1
1
1
1
1
1
1
1.88488
1.89735
1.923
1.95333
1.96203
1.95614
1.921
1.68772
1.10347
0.999904
1
1
1
1
1
1
1
1
1
1
1
1
1
1
1
1
1
1
1
1
1
1
1
1
1
1.89096
1.90184
1.92324
1.95095
1.95939
1.95561
1.93948
1.86329
1.40024
1.0002
1
1
1
1
1
1
1
1
1
1
1
1
1
1
1
1
1
1
1
1
1
1
1
1
1
1.89536
1.90554
1.92424
1.95096
1.95876
1.95793
1.94899
1.92025
1.69823
1.10376
1
1
1
1
1
1
1
1
1
1
1
1
1
1
1
1
1
1
1
1
1
1
1
1
1
1.89819
1.90581
1.92514
1.95095
1.96098
1.96157
1.94891
1.92318
1.8352
1.36516
0.999628
1
1
1
1
1
1
1
1
1
1
1
1
1
1
1
1
1
1
1
1
1
1
1
1
1.89795
1.90494
1.92596
1.95096
1.96328
1.96413
1.95091
1.93091
1.90002
1.64279
1.06179
1
1
1
1
1
1
1
1
1
1
1
1
1
1
1
1
1
1
1
1
1
1
1
1
1.89715
1.90384
1.9261
1.95041
1.9629
1.96403
1.95142
1.9337
1.92398
1.83138
1.32372
0.999642
1
1
1
1
1
1
1
1
1
1
1
1
1
1
1
1
1
1
1
1
1
1
1
1.89691
1.90377
1.92571
1.9489
1.9613
1.96291
1.95144
1.9354
1.93008
1.88687
1.59256
1.03658
1
1
1
1
1
1
1
1
1
1
1
1
1
1
1
1
1
1
1
1
1
1
1
1.89741
1.90424
1.92469
1.94662
1.95854
1.96007
1.95153
1.93888
1.9311
1.90833
1.78806
1.22306
0.999744
1
1
1
1
1
1
1
1
1
1
1
1
1
1
1
1
1
1
1
1
1
1
1.89896
1.90573
1.92399
1.94502
1.95633
1.95749
1.95066
1.93865
1.9311
1.92123
1.89756
1.5311
1.01465
1
1
1
1
1
1
1
1
1
1
1
1
1
1
1
1
1
1
1
1
1
1
1.90074
1.90782
1.92389
1.94443
1.9553
1.95636
1.95019
1.93766
1.92905
1.92543
1.90864
1.74165
1.15438
0.99983
1
1
1
1
1
1
1
1
1
1
1
1
1
1
1
1
1
1
1
1
1
1.90199
1.90922
1.92412
1.94433
1.9549
1.95572
1.95002
1.93753
1.92849
1.92519
1.9134
1.86907
1.41247
1.00147
1
1
1
1
1
1
1
1
1
1
1
1
1
1
1
1
1
1
1
1
1
1.9031
1.9102
1.92462
1.94419
1.95445
1.95522
1.95016
1.93841
1.9289
1.92288
1.91639
1.92164
1.67332
1.07205
1
1
1
1
1
1
1
1
1
1
1
1
1
1
1
1
1
1
1
1
1
1.90434
1.91054
1.92475
1.9436
1.95368
1.95486
1.95053
1.93973
1.92998
1.92206
1.91661
1.92441
1.81481
1.27825
0.99967
1
1
1
1
1
1
1
1
1
1
1
1
1
1
1
1
1
1
1
1
1.90566
1.91069
1.92459
1.9426
1.95263
1.95432
1.9505
1.9407
1.9311
1.92228
1.91539
1.91913
1.90712
1.56578
1.02079
1
1
1
1
1
1
1
1
1
1
1
1
1
1
1
1
1
1
1
1
1.90656
1.91093
1.92428
1.94152
1.95145
1.95358
1.95029
1.94143
1.93206
1.92324
1.91547
1.91933
1.92892
1.74636
1.1534
0.999827
1
1
1
1
1
1
1
1
1
1
1
1
1
1
1
1
1
1
1
1.90693
1.91137
1.92394
1.94059
1.95042
1.95288
1.9502
1.94198
1.93275
1.92438
1.91733
1.91911
1.92914
1.85263
1.37851
1.00103
1
1
1
1
1
1
1
1
1
1
1
1
1
1
1
1
1
1
1
1.90689
1.91194
1.92387
1.93993
1.9498
1.95249
1.95019
1.94236
1.93311
1.92474
1.91849
1.91861
1.92727
1.91989
1.65916
1.05591
1
1
1
1
1
1
1
1
1
1
1
1
1
1
1
1
1
1
1
1.9067
1.9123
1.92389
1.93949
1.94941
1.95225
1.95015
1.94247
1.93321
1.92484
1.91881
1.91758
1.92528
1.93099
1.79823
1.2383
0.999712
1
1
1
1
1
1
1
1
1
1
1
1
1
1
1
1
1
1
1.90695
1.91249
1.92389
1.93898
1.94897
1.95193
1.95003
1.94262
1.9333
1.92493
1.9193
1.91758
1.92408
1.93065
1.8769
1.45692
1.00585
1
1
1
1
1
1
1
1
1
1
1
1
1
1
1
1
1
1
1.90787
1.91283
1.92385
1.93838
1.94839
1.95136
1.94972
1.94274
1.93358
1.92526
1.92035
1.91805
1.92288
1.92915
1.92123
1.7053
1.08789
1
1
1
1
1
1
1
1
1
1
1
1
1
1
1
1
1
1
1.90909
1.91342
1.92388
1.93792
1.94774
1.95061
1.94908
1.94269
1.93399
1.9259
1.92145
1.91865
1.92185
1.92741
1.9283
1.82459
1.29678
0.999759
1
1
1
1
1
1
1
1
1
1
1
1
1
1
1
1
1
1.91028
1.91425
1.92406
1.93769
1.94714
1.94985
1.94837
1.9426
1.93443
1.92672
1.92234
1.91957
1.9214
1.92709
1.93083
1.88365
1.50432
1.01198
1
1
1
1
1
1
1
1
1
1
1
1
1
1
1
1
1
1.91118
1.91512
1.92434
1.93756
1.9466
1.94931
1.94775
1.9425
1.93488
1.92748
1.92303
1.9202
1.92135
1.92656
1.93049
1.92607
1.73062
1.10997
0.999881
1
1
1
1
1
1
1
1
1
1
1
1
1
1
1
1
1.91164
1.9157
1.92455
1.93735
1.94619
1.94888
1.94751
1.94236
1.93532
1.92809
1.9235
1.92056
1.92131
1.92531
1.92928
1.93211
1.84094
1.32735
1.00037
1
1
1
1
1
1
1
1
1
1
1
1
1
1
1
1
1.91176
1.91585
1.92469
1.93692
1.94573
1.94861
1.94736
1.94229
1.93568
1.92859
1.92389
1.92106
1.92139
1.92451
1.92844
1.93092
1.88524
1.52547
1.0167
1
1
1
1
1
1
1
1
1
1
1
1
1
1
1
1
1.91195
1.91572
1.92469
1.93636
1.94518
1.94829
1.94725
1.94237
1.93595
1.92894
1.92418
1.92188
1.92191
1.92423
1.92657
1.92722
1.92179
1.73187
1.11629
0.999854
1
1
1
1
1
1
1
1
1
1
1
1
1
1
1
1.91236
1.91556
1.92446
1.93588
1.94464
1.9479
1.94713
1.94252
1.93611
1.9291
1.92434
1.92292
1.92281
1.92435
1.92607
1.92752
1.93442
1.84947
1.33297
1.00068
1
1
1
1
1
1
1
1
1
1
1
1
1
1
1
1.9128
1.91563
1.92414
1.93551
1.94425
1.94762
1.94698
1.94261
1.93621
1.92913
1.92448
1.92338
1.92342
1.9246
1.92591
1.92747
1.93515
1.88637
1.53008
1.01791
1
1
1
1
1
1
1
1
1
1
1
1
1
1
1
1.91315
1.91606
1.92408
1.93542
1.94395
1.94756
1.9469
1.94273
1.93629
1.92906
1.92451
1.92345
1.92366
1.92472
1.9256
1.92677
1.93097
1.9119
1.70916
1.10473
0.999866
1
1
1
1
1
1
1
1
1
1
1
1
1
1
1.91338
1.91668
1.9242
1.93542
1.9438
1.94746
1.94686
1.94294
1.93644
1.92909
1.92457
1.92351
1.92377
1.92481
1.92536
1.9256
1.92943
1.92959
1.84717
1.31017
1.0005
1
1
1
1
1
1
1
1
1
1
1
1
1
1
1.91363
1.91715
1.92445
1.93532
1.94365
1.9473
1.94684
1.94322
1.93671
1.92943
1.92498
1.92372
1.92392
1.92494
1.92538
1.92515
1.92864
1.93543
1.88509
1.51869
1.0158
1
1
1
1
1
1
1
1
1
1
1
1
1
1
1.914
1.91742
1.9248
1.93513
1.94339
1.94697
1.9467
1.94355
1.93703
1.92994
1.92552
1.924
1.9241
1.92507
1.92556
1.92517
1.92773
1.93452
1.90771
1.67685
1.0833
0.999899
1
1
1
1
1
1
1
1
1
1
1
1
1
1.91453
1.91758
1.92507
1.93489
1.94301
1.94636
1.94631
1.94381
1.93739
1.93043
1.92589
1.92421
1.92418
1.9251
1.92588
1.92527
1.92654
1.93126
1.92138
1.82926
1.26617
1.00019
1
1
1
1
1
1
1
1
1
1
1
1
1
1.91519
1.9178
1.92508
1.93455
1.9425
1.94575
1.946
1.94387
1.93776
1.93093
1.92619
1.92424
1.92415
1.92509
1.92616
1.92539
1.92532
1.93009
1.93189
1.88052
1.48305
1.01105
1
1
1
1
1
1
1
1
1
1
1
1
1
1.91587
1.91814
1.92502
1.93417
1.94184
1.9452
1.9458
1.94388
1.93817
1.93149
1.92648
1.92417
1.92397
1.92501
1.92632
1.92577
1.92515
1.92919
1.9349
1.90549
1.63951
1.05925
0.999961
1
1
1
1
1
1
1
1
1
1
1
1
1.91646
1.91848
1.92492
1.93385
1.9411
1.94465
1.94561
1.94393
1.93862
1.93207
1.92671
1.92405
1.92375
1.92487
1.92644
1.92654
1.92544
1.92837
1.93405
1.9177
1.79816
1.21072
1.00002
1
1
1
1
1
1
1
1
1
1
1
1
1.91663
1.91855
1.92475
1.9334
1.9402
1.94402
1.94531
1.94406
1.93915
1.93256
1.92694
1.92404
1.92367
1.92462
1.92638
1.92715
1.92591
1.92701
1.93194
1.92597
1.87414
1.42588
1.00881
1
1
1
1
1
1
1
1
1
1
1
1
1.91747
1.92087
1.92788
1.93603
1.94149
1.94452
1.9451
1.94381
1.93918
1.93286
1.9268
1.92405
1.92373
1.92451
1.92649
1.92755
1.92601
1.92573
1.9306
1.93244
1.89255
1.57013
1.01282
0.999562
0.999996
1
1
1
1
1
1
1
1
1
1
1.49147
1.71961
1.80105
1.85521
1.89229
1.91521
1.92888
1.93656
1.93595
1.93247
1.92811
1.92502
1.92418
1.92397
1.92534
1.92728
1.92722
1.92567
1.92797
1.93308
1.91447
1.79655
1.24238
1.00513
1.00002
1
1
1
1
1
1
1
1
1
1
1.04367
1.4633
1.61255
1.70391
1.77803
1.83233
1.87221
1.89834
1.91447
1.92059
1.92176
1.92151
1.92205
1.92307
1.92389
1.92598
1.92764
1.92649
1.92636
1.93161
1.92853
1.88509
1.55658
1.06068
1.0006
1
1
1
1
1
1
1
1
1
1
0.989276
1.28202
1.43038
1.54355
1.63367
1.71467
1.78098
1.82878
1.86323
1.88651
1.89855
1.90677
1.91241
1.91744
1.92086
1.92354
1.92642
1.92778
1.92618
1.92798
1.93279
1.92969
1.76242
1.23398
1.00624
1.00003
1
1
1
1
1
1
1
1
1
1.0005
1.13665
1.26494
1.40432
1.50628
1.59047
1.66864
1.743
1.78922
1.83143
1.85727
1.87475
1.89043
1.90148
1.91113
1.91732
1.9229
1.92675
1.92616
1.92551
1.93289
1.94227
1.90552
1.53389
1.05152
1.00045
1
1
1
1
1
1
1
1
1
1.1002
1.10125
1.1295
1.25477
1.38924
1.48809
1.56304
1.64524
1.7139
1.75817
1.8036
1.83062
1.85386
1.87478
1.89016
1.90389
1.91381
1.92195
1.92573
1.92442
1.93107
1.94312
1.94173
1.74894
1.20525
1.00477
1.00002
1
1
1
1
1
1
1
1
1.18759
1.08622
1.05274
1.1347
1.26422
1.38945
1.47972
1.54636
1.63457
1.69036
1.73798
1.78108
1.80723
1.83814
1.86053
1.8808
1.89682
1.91087
1.92016
1.92295
1.92756
1.94224
1.94089
1.88142
1.44342
1.02924
1.0002
1
1
1
1
1
1
1
1
1.22579
1.07724
1.02109
1.09302
1.15914
1.27779
1.39776
1.47367
1.54734
1.62548
1.67028
1.7244
1.76373
1.79049
1.82577
1.84867
1.87372
1.89109
1.90801
1.91717
1.92358
1.93744
1.93177
1.93856
1.71574
1.14561
1.00222
1.00001
1
1
1
1
1
1
1
1.22114
1.07978
1.00565
1.0673
1.1199
1.18311
1.30346
1.40928
1.46833
1.55758
1.61952
1.6598
1.7152
1.7482
1.78341
1.81551
1.8417
1.86752
1.88781
1.90508
1.91839
1.9313
1.92083
1.93798
1.83885
1.35552
1.01547
1.00008
1
1
1
1
1
1
1
1.20299
1.07956
1.01339
1.04008
1.08839
1.15149
1.21472
1.33789
1.4185
1.47997
1.56348
1.61034
1.65962
1.70889
1.73628
1.77989
1.80778
1.83983
1.86237
1.88742
1.9071
1.92535
1.91413
1.92861
1.90316
1.57806
1.06842
1.00063
1
1
1
1
1
1
1
1.18052
1.08817
1.02622
1.01087
1.05124
1.13009
1.17942
1.26011
1.36588
1.42031
1.50323
1.56973
1.60393
1.66356
1.70257
1.73622
1.77627
1.80501
1.83767
1.86287
1.89048
1.91582
1.90952
1.91751
1.93002
1.7919
1.23431
1.00535
1.00002
1
1
1
1
1
1
1.17865
1.11011
1.04082
1.00212
1.00817
1.0913
1.15639
1.20389
1.30831
1.38609
1.43346
1.51862
1.56984
1.61051
1.66623
1.69567
1.74242
1.77434
1.80866
1.83734
1.86963
1.8975
1.90502
1.91141
1.92898
1.86309
1.43741
1.02683
1.00015
1
1
1
1
1
1
1.18348
1.13471
1.05652
1.00301
0.988935
1.03916
1.12285
1.17922
1.24717
1.3439
1.39223
1.46371
1.53382
1.56719
1.6245
1.66771
1.69986
1.74565
1.77522
1.81385
1.84341
1.87525
1.89176
1.90621
1.92232
1.90318
1.64684
1.10466
1.00118
1
1
1
1
1
1
1.18519
1.14684
1.07094
1.00776
0.988525
1.00601
1.07424
1.15539
1.20533
1.29668
1.36935
1.40507
1.48732
1.5414
1.57534
1.63432
1.66644
1.71374
1.74853
1.786
1.81888
1.85178
1.87252
1.8939
1.91184
1.9154
1.79908
1.26834
1.00728
1.00003
1
1
1
1
1
1.18004
1.14615
1.081
1.01994
0.995103
1.00563
1.02469
1.11352
1.17445
1.24274
1.33395
1.37813
1.43656
1.50782
1.54282
1.59569
1.64203
1.67365
1.72246
1.75607
1.79795
1.82464
1.85023
1.87498
1.89914
1.91365
1.85225
1.46018
1.03124
1.00019
1
1
1
1
1
1.16644
1.13933
1.08364
1.03508
1.01355
1.01168
1.01591
1.06708
1.14457
1.19911
1.29134
1.3605
1.3901
1.46599
1.52085
1.55148
1.61185
1.64619
1.69249
1.73186
1.77257
1.80037
1.82686
1.85429
1.88213
1.90669
1.88754
1.6416
1.10595
1.00114
1
1
1
1
1
1.14837
1.12555
1.08248
1.04343
1.02637
1.0138
1.01622
1.05385
1.11503
1.16887
1.2379
1.32781
1.37183
1.41835
1.48919
1.52666
1.57559
1.62406
1.65624
1.70792
1.74433
1.7831
1.80014
1.83341
1.86069
1.89415
1.89503
1.74857
1.24072
1.00602
1.00002
1
1
1
1
1.13998
1.11587
1.07959
1.04513
1.02689
1.01303
1.0139
1.04864
1.09595
1.14835
1.19049
1.28677
1.35545
1.38347
1.45115
1.50638
1.53644
1.59679
1.63336
1.67997
1.72054
1.76157
1.77926
1.81277
1.84083
1.87623
1.89298
1.83224
1.40864
1.0229
1.00012
1
1
1
1
1.13982
1.11562
1.07985
1.04604
1.02518
1.01288
1.01257
1.03853
1.07781
1.13255
1.17681
1.23991
1.32486
1.37038
1.40715
1.47699
1.51688
1.56215
1.61257
1.6491
1.69829
1.73376
1.76368
1.78987
1.8257
1.85465
1.88435
1.86686
1.59162
1.07789
1.0007
1
1
1
1
1.14432
1.12053
1.08253
1.04675
1.02209
1.01039
1.01003
1.02605
1.05508
1.11595
1.17024
1.20111
1.28569
1.35345
1.38263
1.44215
1.49766
1.52836
1.58757
1.6292
1.67298
1.70631
1.74498
1.77169
1.80912
1.83662
1.8713
1.86592
1.69499
1.18048
1.00316
1.00001
1
1
1
1.15094
1.12987
1.08661
1.04922
1.02229
1.00918
1.01053
1.01782
1.02872
1.08997
1.1554
1.1926
1.24262
1.32409
1.37193
1.40301
1.47069
1.51237
1.5543
1.6088
1.64664
1.68649
1.72032
1.75769
1.78723
1.8216
1.85413
1.86094
1.76244
1.31466
1.0117
1.00005
1
1
1
1.15116
1.13213
1.08798
1.05344
1.02513
1.01207
1.01082
1.01282
1.01583
1.05497
1.13155
1.18769
1.21589
1.28665
1.35375
1.38557
1.4377
1.49372
1.52648
1.58513
1.62755
1.6667
1.69619
1.74052
1.76776
1.80431
1.8355
1.85502
1.8151
1.46112
1.03695
1.00024
1
1
1
1.14685
1.13081
1.08767
1.05528
1.03099
1.0189
1.01314
1.01284
1.01388
1.03638
1.10247
1.17246
1.20963
1.24721
1.32528
1.3754
1.40369
1.46864
1.51283
1.55402
1.60802
1.64127
1.67915
1.71753
1.75343
1.7837
1.81909
1.84705
1.83339
1.59598
1.09675
1.001
1
1
1
1.13673
1.12516
1.08474
1.05481
1.03769
1.02687
1.01998
1.01371
1.01436
1.03605
1.06838
1.14542
1.20079
1.23149
1.2896
1.35645
1.39076
1.43657
1.4947
1.53119
1.58684
1.61902
1.66252
1.6942
1.73664
1.76664
1.80139
1.83586
1.83034
1.67774
1.19655
1.00401
1.00001
1
1
1.13151
1.11828
1.08288
1.05398
1.03885
1.02808
1.02198
1.01611
1.01759
1.03955
1.05086
1.11023
1.18233
1.22655
1.25788
1.3292
1.37989
1.40861
1.47103
1.5175
1.55973
1.6037
1.63991
1.67857
1.71394
1.7517
1.78256
1.82249
1.82634
1.73037
1.30366
1.01196
1.00005
1
1
1.13177
1.11609
1.08336
1.05319
1.03875
1.02794
1.02184
1.01675
1.01998
1.03925
1.05021
1.08061
1.1558
1.21579
1.24913
1.29444
1.36027
1.39836
1.44016
1.49977
1.53739
1.58783
1.61647
1.66297
1.69352
1.73511
1.76782
1.80776
1.82274
1.7756
1.43377
1.0332
1.00021
1
1
1.13381
1.11659
1.08535
1.05348
1.03792
1.02672
1.02071
1.01598
1.01994
1.036
1.04963
1.0738
1.12346
1.19566
1.24305
1.27103
1.33365
1.38623
1.41905
1.47767
1.52118
1.56731
1.60254
1.64251
1.68146
1.71478
1.75418
1.78963
1.81582
1.79206
1.54294
1.07968
1.00076
1
1
1.13932
1.12012
1.08801
1.05378
1.03704
1.02607
1.01864
1.01257
1.01709
1.02933
1.04566
1.07593
1.10225
1.16745
1.22939
1.26526
1.30132
1.36641
1.40949
1.44967
1.5038
1.53964
1.58837
1.62138
1.66822
1.69954
1.73908
1.77218
1.80583
1.79206
1.60826
1.1505
1.00252
1.00001
1
1.14106
1.12306
1.08881
1.05363
1.03714
1.02701
1.01909
1.0124
1.01134
1.02064
1.04021
1.07444
1.1
1.13651
1.20711
1.25733
1.28626
1.3398
1.39583
1.43315
1.48485
1.52082
1.57048
1.60813
1.65006
1.68908
1.72103
1.75786
1.79483
1.78991
1.67837
1.24384
1.00741
1.00003
1
1.13849
1.12293
1.08902
1.05385
1.03752
1.02922
1.02149
1.01434
1.01063
1.01446
1.03213
1.06677
1.09765
1.12513
1.17737
1.24127
1.28122
1.3129
1.37582
1.42216
1.46108
1.50681
1.54504
1.59442
1.62857
1.67628
1.70691
1.74316
1.77991
1.78705
1.71875
1.34615
1.01883
1.00009
1
1.13162
1.12064
1.08897
1.05436
1.03772
1.03168
1.02578
1.01881
1.01286
1.01422
1.02291
1.05441
1.08981
1.12292
1.15294
1.21809
1.2713
1.30407
1.349
1.40711
1.44516
1.49176
1.52608
1.57761
1.61472
1.65937
1.69611
1.72573
1.76473
1.78302
1.73252
1.44429
1.04372
1.00031
1
1.1244
1.11648
1.08851
1.05507
1.03761
1.03268
1.02859
1.02515
1.01824
1.01552
1.02022
1.04055
1.07678
1.11725
1.14836
1.18924
1.25359
1.29784
1.32973
1.38729
1.43232
1.46996
1.51403
1.55476
1.6025
1.63738
1.68318
1.71184
1.75175
1.77653
1.74298
1.51119
1.08468
1.00092
1
1.12307
1.11427
1.08794
1.05538
1.03706
1.03199
1.02922
1.02823
1.02395
1.01724
1.02087
1.03045
1.05904
1.10624
1.14566
1.17443
1.22903
1.28531
1.32341
1.36189
1.41737
1.45252
1.50143
1.53845
1.58803
1.62297
1.66674
1.70154
1.73557
1.76761
1.75136
1.57956
1.14583
1.00262
1.00001
1.12381
1.114
1.08739
1.05549
1.0355
1.02971
1.02913
1.02828
1.02629
1.01976
1.02134
1.02878
1.0431
1.09001
1.13752
1.17182
1.20422
1.26595
1.31505
1.34777
1.39933
1.4404
1.48259
1.5279
1.56729
1.61206
1.64687
1.6898
1.7178
1.75707
1.75146
1.63675
1.22326
1.00662
1.00003
1.12722
1.11509
1.08716
1.05591
1.03349
1.02611
1.02735
1.02778
1.02649
1.02188
1.02252
1.03033
1.03929
1.06959
1.12343
1.16661
1.1972
1.24052
1.30038
1.34084
1.37577
1.42722
1.46413
1.516
1.55084
1.59902
1.63416
1.6758
1.70627
1.74649
1.74925
1.66073
1.30911
1.01557
1.00008
1.13039
1.11701
1.08702
1.05608
1.03284
1.02416
1.02432
1.02589
1.02581
1.02255
1.02373
1.03104
1.0398
1.06019
1.10409
1.15529
1.19387
1.22503
1.27942
1.33044
1.36225
1.41221
1.45282
1.49913
1.54144
1.58074
1.62418
1.65872
1.69642
1.7328
1.74498
1.68128
1.38025
1.03235
1.00021
1.13026
1.11711
1.08684
1.0562
1.03304
1.02409
1.02345
1.02335
1.02399
1.0221
1.02397
1.02957
1.03818
1.06007
1.08396
1.13782
1.18572
1.22144
1.25688
1.31488
1.35408
1.38927
1.44084
1.48053
1.53062
1.56513
1.61258
1.64711
1.68505
1.71747
1.73915
1.6976
1.44298
1.05897
1.00056
1.12794
1.11588
1.08697
1.05672
1.03449
1.02502
1.02382
1.02281
1.02276
1.02104
1.02356
1.02733
1.03463
1.05823
1.07906
1.11556
1.17132
1.21562
1.24852
1.29293
1.34325
1.37495
1.4279
1.4694
1.51526
1.55565
1.59689
1.63865
1.67065
1.70617
1.73261
1.70746
1.51665
1.10249
1.00146
1.12318
1.11257
1.08728
1.05766
1.03718
1.02738
1.02531
1.02296
1.02271
1.02159
1.02163
1.02469
1.03085
1.0534
1.07736
1.10411
1.15083
1.20387
1.24344
1.27505
1.32908
1.36772
1.40781
1.45829
1.49602
1.54521
1.58159
1.6282
1.65757
1.69486
1.72383
1.70727
1.55885
1.16007
1.00347
1.11978
1.10919
1.08753
1.05859
1.03884
1.02834
1.02567
1.02467
1.0234
1.02274
1.02085
1.02167
1.02644
1.0457
1.07197
1.10198
1.13452
1.18563
1.23419
1.26804
1.30829
1.35777
1.3923
1.44554
1.48441
1.5315
1.57154
1.61393
1.64821
1.67935
1.71345
1.70539
1.58399
1.2209
1.00779
1.11911
1.10836
1.08755
1.05878
1.03899
1.0281
1.02497
1.02531
1.02511
1.02463
1.02148
1.02004
1.02318
1.03618
1.06308
1.09782
1.1302
1.16672
1.21917
1.26099
1.29275
1.34509
1.38503
1.42687
1.47451
1.51274
1.56121
1.59712
1.63859
1.66483
1.70494
1.70383
1.61624
1.27917
1.01528
1.11978
1.10882
1.08776
1.05833
1.03828
1.02712
1.02364
1.02461
1.02618
1.02658
1.02308
1.02005
1.02301
1.03304
1.05103
1.08898
1.12567
1.15947
1.20006
1.25019
1.28546
1.3249
1.37552
1.41282
1.46353
1.50073
1.54887
1.5863
1.62645
1.65698
1.69491
1.70159
1.6402
1.34577
1.02859
1.12193
1.11094
1.0875
1.05726
1.03647
1.02508
1.02175
1.02349
1.02611
1.02709
1.02456
1.02031
1.02351
1.03292
1.04286
1.07506
1.11685
1.15465
1.18838
1.23411
1.27753
1.31022
1.36306
1.40502
1.4469
1.49193
1.53109
1.57689
1.61076
1.64754
1.68059
1.69692
1.6491
1.40837
1.05281
1.1221
1.11226
1.08696
1.05639
1.03564
1.02407
1.02039
1.02199
1.02549
1.02672
1.02499
1.02117
1.0231
1.03163
1.04198
1.06454
1.10278
1.14651
1.18258
1.21718
1.26683
1.30405
1.34445
1.39562
1.43214
1.48217
1.51762
1.5662
1.60101
1.63515
1.66907
1.69149
1.65389
1.44547
1.0838
1.12012
1.11169
1.08653
1.05616
1.03583
1.0242
1.02026
1.02044
1.02378
1.02565
1.02494
1.02181
1.02268
1.02847
1.03952
1.06234
1.08976
1.13347
1.17536
1.2083
1.24995
1.29609
1.33204
1.38327
1.42395
1.46838
1.50996
1.55152
1.59369
1.62494
1.65968
1.68647
1.65747
1.48612
1.12367
1.11575
1.10954
1.08577
1.05633
1.03709
1.02533
1.02052
1.01992
1.02148
1.02358
1.02448
1.02191
1.02282
1.02577
1.03447
1.0597
1.08581
1.11813
1.16451
1.20195
1.23451
1.28501
1.32552
1.36599
1.4152
1.45231
1.50132
1.53773
1.58423
1.6152
1.64664
1.67933
1.66115
1.52958
1.1773
1.11108
1.10663
1.08498
1.05685
1.0389
1.02738
1.02171
1.01986
1.02036
1.02143
1.02316
1.02198
1.02332
1.02536
1.02943
1.05361
1.08207
1.11137
1.14908
1.19376
1.22788
1.26708
1.31698
1.3554
1.40477
1.44351
1.49003
1.53011
1.57178
1.60454
1.63329
1.67097
1.66096
1.54702
1.23228
1.10951
1.10401
1.0846
1.05736
1.03922
1.02869
1.02304
1.0202
1.02017
1.02064
1.02206
1.02227
1.02346
1.02591
1.02788
1.044
1.07525
1.10765
1.13729
1.18137
1.2216
1.25396
1.30518
1.34804
1.38833
1.43541
1.47411
1.52208
1.55835
1.59612
1.6255
1.66193
1.65916
1.56176
1.28696
1.10964
1.10232
1.08419
1.05731
1.03864
1.02861
1.02319
1.02106
1.02034
1.02034
1.02161
1.02258
1.02311
1.02589
1.02819
1.04011
1.0644
1.10127
1.1325
1.1658
1.2129
1.24924
1.28785
1.33924
1.37666
1.4262
1.46389
1.51195
1.55009
1.58756
1.61681
1.65079
1.65613
1.58173
1.34655
1.11114
1.10182
1.08258
1.05581
1.03625
1.02762
1.02305
1.02142
1.02095
1.02038
1.02149
1.02243
1.02238
1.02423
1.02762
1.04063
1.05446
1.09116
1.12727
1.15747
1.19929
1.24288
1.2782
1.3273
1.36928
1.41234
1.45635
1.49719
1.54171
1.57664
1.60508
1.63923
1.65191
1.59538
1.40363
1.11232
1.10306
1.08279
1.05607
1.03464
1.026
1.02289
1.02124
1.02096
1.02086
1.02169
1.02246
1.02213
1.02215
1.02487
1.03961
1.05186
1.07821
1.1181
1.1516
1.18522
1.2329
1.27263
1.31199
1.36036
1.39849
1.44735
1.48527
1.53168
1.56391
1.59493
1.62939
1.64712
1.59876
1.45487
1.13143
1.10176
1.07926
1.05305
1.03229
1.02452
1.02241
1.02092
1.02077
1.02118
1.02209
1.02278
1.02182
1.02105
1.0229
1.03863
1.05302
1.07221
1.11167
1.14832
1.1799
1.22558
1.2691
1.30589
1.35449
1.39222
1.44101
1.47963
1.52445
1.55666
1.58939
1.6228
1.64393
1.59915
1.49043
1.15114
1.10001
1.07645
1.05075
1.03095
1.02379
1.02191
1.02067
1.02056
1.02114
1.02236
1.02295
1.02159
1.02067
1.02208
1.03718
1.05313
1.07104
1.10746
1.14578
1.17736
1.22014
1.26613
1.30349
1.35011
1.38911
1.4354
1.47593
1.51844
1.55502
1.58592
1.61956
1.64185
1.60081
1.51516
1.17161
1.09797
1.07338
1.04821
1.02956
1.02301
1.02124
1.02036
1.02028
1.02105
1.02242
1.02304
1.02143
1.02037
1.02168
1.03432
1.05193
1.07138
1.10363
1.14239
1.17472
1.21437
1.26221
1.3
1.34525
1.38735
1.42772
1.47278
1.51081
1.55283
1.58273
1.61568
1.63907
1.60329
1.5378
1.18445
1.0954
1.07016
1.04575
1.02831
1.02245
1.0206
1.01988
1.01983
1.02094
1.02243
1.02309
1.02131
1.0201
1.02164
1.03076
1.04869
1.07241
1.09918
1.13855
1.17372
1.20716
1.25771
1.29816
1.34091
1.38499
1.42349
1.46929
1.50751
1.54853
1.57889
1.6087
1.63607
1.60449
1.5585
1.19846
1.09535
1.06664
1.04316
1.02746
1.02238
1.02006
1.01917
1.01903
1.02067
1.02245
1.02309
1.02122
1.02013
1.02174
1.02894
1.04515
1.07237
1.09325
1.13369
1.1717
1.2019
1.25213
1.29543
1.33425
1.3802
1.41835
1.46401
1.50335
1.54378
1.5733
1.60289
1.63337
1.60523
1.58286
1.20967
1.09641
1.06326
1.04061
1.02682
1.02254
1.01941
1.0183
1.01796
1.0201
1.02236
1.02298
1.02125
1.02052
1.02219
1.02886
1.04207
1.07024
1.09167
1.12639
1.16759
1.20173
1.2456
1.29081
1.3257
1.3742
1.4119
1.45827
1.4979
1.53865
1.56767
1.59858
1.62875
1.60658
1.60768
1.22437
1.10055
1.06104
1.03861
1.02618
1.02211
1.01892
1.0177
1.01737
1.01948
1.02192
1.02266
1.02145
1.02071
1.02303
1.0287
1.03952
1.06566
1.09111
1.12198
1.16259
1.20079
1.24079
1.28604
1.32277
1.36935
1.40876
1.45367
1.49378
1.53299
1.56303
1.59255
1.62353
1.60964
1.632
1.22279
1.10652
1.05889
1.03785
1.02583
1.02114
1.01862
1.0175
1.01732
1.01909
1.02141
1.02248
1.02169
1.02076
1.02366
1.02821
1.03698
1.06101
1.08857
1.11884
1.15828
1.19711
1.23475
1.28112
1.31975
1.36412
1.40469
1.44749
1.48854
1.52726
1.55808
1.58587
1.61808
1.61493
1.65682
1.21346
1.10686
1.05879
1.03764
1.02549
1.02003
1.01816
1.01738
1.01734
1.01873
1.02099
1.02228
1.02194
1.02092
1.02421
1.02752
1.03294
1.05763
1.08441
1.11469
1.15297
1.19218
1.22769
1.27484
1.31495
1.35484
1.39902
1.43741
1.48239
1.52137
1.55214
1.57901
1.61214
1.62098
1.68261
1.20307
1.10571
1.05831
1.03724
1.02423
1.01871
1.01772
1.01737
1.01747
1.01842
1.0205
1.02194
1.02215
1.02138
1.02469
1.02762
1.03026
1.05296
1.07969
1.10943
1.14539
1.18749
1.22336
1.26587
1.30981
1.34608
1.39362
1.43019
1.47663
1.51371
1.5461
1.57229
1.60535
1.6275
1.71069
1.19496
1.1039
1.05926
1.0357
1.02167
1.01725
1.01758
1.01783
1.01789
1.01834
1.0199
1.02143
1.02202
1.02179
1.02468
1.02669
1.02807
1.04661
1.07565
1.1054
1.13799
1.18045
1.21964
1.25563
1.30434
1.34168
1.38695
1.42572
1.46922
1.50672
1.54006
1.56489
1.59572
1.6324
1.7378
1.19921
1.10578
1.06033
1.03236
1.01997
1.01635
1.01764
1.01844
1.01864
1.01842
1.01935
1.0207
1.0215
1.02176
1.0239
1.023
1.02526
1.0447
1.06991
1.10195
1.13418
1.17202
1.21576
1.25085
1.2936
1.33622
1.3751
1.42005
1.45796
1.49978
1.53227
1.55569
1.58749
1.63909
1.76393
1.20486
1.11086
1.06329
1.03159
1.01849
1.01615
1.01738
1.01824
1.01873
1.01864
1.01917
1.02029
1.02116
1.02107
1.02225
1.01999
1.02441
1.04374
1.0637
1.09602
1.13066
1.16582
1.20799
1.24719
1.28363
1.32961
1.36696
1.4121
1.45041
1.4913
1.52116
1.54793
1.57923
1.64743
1.79238
1.2179
1.12389
1.07224
1.03429
1.01822
1.01591
1.01648
1.01742
1.0183
1.01858
1.01917
1.02028
1.02138
1.02071
1.02032
1.01791
1.02339
1.04107
1.05925
1.08851
1.12346
1.1604
1.19858
1.2404
1.27771
1.31832
1.36034
1.40015
1.4429
1.47922
1.51345
1.53989
1.57253
1.65627
1.82376
1.23405
1.14014
1.0852
1.0424
1.02031
1.01487
1.01494
1.0159
1.0175
1.01846
1.01929
1.02055
1.02164
1.02083
1.01901
1.01676
1.02134
1.03564
1.05412
1.08365
1.11567
1.15262
1.19141
1.23088
1.27075
1.30922
1.3511
1.3912
1.43229
1.47054
1.50633
1.5301
1.56387
1.66438
1.85466
1.24298
1.1564
1.10454
1.05916
1.02746
1.01498
1.01321
1.01426
1.01645
1.01817
1.01969
1.02127
1.022
1.02083
1.01771
1.01576
1.01912
1.03159
1.04718
1.07773
1.1104
1.14495
1.18355
1.22263
1.26139
1.30154
1.34071
1.38228
1.42153
1.4622
1.49633
1.52081
1.55575
1.67136
1.88442
1.24043
1.17205
1.12021
1.0752
1.03768
1.01621
1.01269
1.01323
1.01516
1.01741
1.01961
1.02132
1.02202
1.02044
1.01598
1.01392
1.0151
1.02813
1.0423
1.07008
1.1034
1.13881
1.17482
1.21343
1.2522
1.29206
1.33159
1.37146
1.41183
1.45161
1.48599
1.51067
1.54952
1.68221
1.91391
1.22649
1.17229
1.12796
1.09415
1.05581
1.02083
1.01273
1.01293
1.01427
1.01619
1.01878
1.02064
1.02124
1.01926
1.01484
1.01254
1.01147
1.02291
1.03813
1.06527
1.09501
1.13073
1.16682
1.20364
1.24248
1.28155
1.32166
1.36089
1.40123
1.4402
1.47509
1.50021
1.54075
1.68985
1.94266
1.21267
1.1717
1.13554
1.11141
1.07474
1.03053
1.01387
1.01249
1.01387
1.0157
1.01756
1.01896
1.01936
1.01736
1.0138
1.01186
1.01049
1.01777
1.03236
1.06027
1.08764
1.12186
1.15818
1.19409
1.23205
1.27102
1.31015
1.34981
1.38926
1.42775
1.46253
1.48868
1.53778
1.70411
1.9672
1.20676
1.16852
1.13884
1.11986
1.09353
1.05244
1.01923
1.01225
1.01362
1.01539
1.01657
1.01698
1.0167
1.01476
1.012
1.01072
1.00984
1.01452
1.02571
1.05359
1.08061
1.11291
1.14824
1.18441
1.22114
1.25979
1.2983
1.33772
1.37673
1.41482
1.44927
1.47703
1.53204
1.71341
1.99019
1.20239
1.16285
1.14314
1.12948
1.1166
1.07972
1.03231
1.01385
1.0127
1.01458
1.01531
1.01519
1.0141
1.01219
1.00973
1.00869
1.00853
1.01141
1.02065
1.04683
1.07243
1.1046
1.13818
1.17366
1.21023
1.24808
1.28604
1.32466
1.36315
1.40081
1.43577
1.46484
1.53234
1.72991
2.01099
1.19651
1.15673
1.14203
1.12944
1.12005
1.10301
1.06228
1.02194
1.01293
1.01345
1.01346
1.01286
1.01176
1.01019
1.00784
1.00645
1.00581
1.00751
1.01656
1.0406
1.06419
1.0957
1.12803
1.16284
1.19896
1.23612
1.27351
1.3115
1.34966
1.38703
1.42164
1.45351
1.53505
1.73852
2.01877
1.18944
1.14977
1.13623
1.12954
1.12608
1.12405
1.09551
1.04139
1.01516
1.01081
1.01107
1.01033
1.0093
1.00821
1.00619
1.00463
1.00349
1.00354
1.01226
1.03449
1.05552
1.08667
1.11825
1.1518
1.18718
1.22381
1.26049
1.29778
1.33534
1.37243
1.40716
1.44196
1.54264
1.7551
2.03041
1.18034
1.14278
1.12991
1.12924
1.12785
1.12737
1.11166
1.07564
1.02815
1.01107
1.00747
1.00696
1.00648
1.00601
1.00438
1.00282
1.00109
0.999794
1.00787
1.0276
1.04735
1.07758
1.10739
1.14055
1.17512
1.21078
1.24688
1.28382
1.32083
1.35664
1.39052
1.43084
1.55953
1.76152
2.02671
1.17457
1.14297
1.13002
1.12878
1.12762
1.12789
1.12548
1.10982
1.05397
1.01585
1.0058
1.00383
1.00333
1.00323
1.00172
1.00011
0.998738
0.997561
1.00425
1.02052
1.03861
1.06808
1.09668
1.12871
1.16234
1.19744
1.23269
1.26884
1.30504
1.34046
1.37512
1.42189
1.58498
1.77092
2.01574
1.17139
1.14695
1.13335
1.12874
1.12707
1.12561
1.12615
1.12359
1.08701
1.03865
1.00833
1.0007
1.00045
1
0.99891
0.997356
0.99601
0.994893
1.00094
1.01298
1.03016
1.05898
1.08518
1.1167
1.14952
1.1836
1.21823
1.25377
1.28911
1.32305
1.35839
1.42241
1.61606
1.77198
1.99948
1.16789
1.1485
1.1363
1.13015
1.12724
1.12577
1.12702
1.1282
1.11436
1.0746
1.02275
1.00138
0.99715
0.997214
0.996054
0.994197
0.99273
0.992072
0.99785
1.00668
1.02193
1.04872
1.07393
1.10475
1.13633
1.16962
1.20335
1.238
1.27205
1.30562
1.34436
1.43061
1.65516
1.7714
1.97246
1.17096
1.15013
1.13836
1.13229
1.12821
1.12601
1.12538
1.1228
1.11809
1.10818
1.05924
1.01312
0.997231
0.993946
0.9926
0.991164
0.990676
0.990415
0.994584
0.999493
1.01302
1.03914
1.06203
1.09196
1.12259
1.15482
1.1875
1.22142
1.25497
1.28743
1.33162
1.46143
1.69164
1.76453
1.93567
1.1733
1.15055
1.13878
1.13296
1.12948
1.127
1.12526
1.12368
1.1234
1.12143
1.09531
1.04173
1.00229
0.991375
0.98912
0.989259
0.988994
0.988481
0.990334
0.992949
1.00665
1.02923
1.051
1.08111
1.10992
1.14126
1.17307
1.20575
1.23757
1.27065
1.32709
1.50238
1.72456
1.75571
1.89086
1.17194
1.15096
1.14045
1.13571
1.13412
1.13308
1.13004
1.12731
1.12639
1.12411
1.1148
1.09379
1.04689
1.00678
0.990283
0.98593
0.984946
0.983508
0.982942
0.985015
0.997237
1.0128
1.03346
1.06241
1.08877
1.11873
1.14867
1.17953
1.21047
1.25261
1.36434
1.58341
1.73329
1.72983
1.80438
)
;

boundaryField
{
    inlet
    {
        type            fixedValue;
        value           uniform 1;
    }
    outlet
    {
        type            inletOutlet;
        inletValue      uniform 1;
        value           nonuniform List<scalar> 
70
(
1.1719
1.15092
1.14043
1.13569
1.13411
1.1331
1.13005
1.12731
1.12637
1.12408
1.11478
1.09376
1.04685
1.00675
0.990256
0.985904
0.984919
0.98348
0.982911
0.984987
0.997215
1.01278
1.03344
1.06239
1.08875
1.11871
1.14865
1.17951
1.21045
1.25254
1.36411
1.58314
1.73316
1.72974
1.80446
1.22246
1.30699
1.41836
1.50573
1.55107
1.55648
1.54507
1.48383
1.38428
1.29092
1.16662
0.960319
0.642351
0.624673
0.639335
0.659661
0.680284
0.703153
0.725108
0.752356
0.778191
0.807512
0.840149
0.872539
0.908986
0.946362
0.985448
1.02689
1.07537
1.12819
1.15411
1.14867
1.10688
1.03371
1.00301
)
;
    }
    airfoil
    {
        type            zeroGradient;
    }
    top
    {
        type            symmetryPlane;
    }
    bottom
    {
        type            symmetryPlane;
    }
    defaultFaces
    {
        type            empty;
    }
}


// ************************************************************************* //
