/*--------------------------------*- C++ -*----------------------------------*\
  =========                 |
  \\      /  F ield         | OpenFOAM: The Open Source CFD Toolbox
   \\    /   O peration     | Website:  https://openfoam.org
    \\  /    A nd           | Version:  7
     \\/     M anipulation  |
\*---------------------------------------------------------------------------*/
FoamFile
{
    version     2.0;
    format      ascii;
    class       volScalarField;
    location    "8.2";
    object      rho;
}
// * * * * * * * * * * * * * * * * * * * * * * * * * * * * * * * * * * * * * //

dimensions      [1 -3 0 0 0 0 0];

internalField   nonuniform List<scalar> 
11200
(
0.247486
0.360089
0.476091
0.569901
0.647292
0.701334
0.74193
0.759335
0.782347
0.799291
0.825733
0.859601
0.892344
0.92386
0.921889
0.926463
0.937011
0.956857
0.974884
0.980999
0.987758
0.995955
1.00723
1.02538
1.04359
1.06722
1.09612
1.11342
1.11667
1.1264
0.144788
0.150107
0.170696
0.224626
0.304277
0.410507
0.529469
0.630233
0.717878
0.76883
0.817352
0.836976
0.843716
0.830627
0.806604
0.812026
0.837163
0.871134
0.88972
0.884724
0.888833
0.905178
0.928021
0.95022
0.971748
0.99777
1.02216
1.04309
1.05758
1.07685
0.155229
0.15767
0.161488
0.16219
0.162641
0.169423
0.196241
0.263854
0.362166
0.494357
0.61594
0.703881
0.776343
0.785596
0.779837
0.772789
0.777446
0.787134
0.791772
0.802984
0.822825
0.835389
0.851597
0.870123
0.885252
0.908411
0.937786
0.961539
0.976272
0.999687
0.165757
0.16845
0.170717
0.172685
0.17381
0.175028
0.175736
0.176958
0.177207
0.189524
0.232273
0.327519
0.48109
0.635553
0.75439
0.763981
0.763948
0.757347
0.750759
0.757574
0.784577
0.800708
0.810482
0.817389
0.829861
0.845474
0.863779
0.88327
0.8978
0.92173
0.175654
0.178011
0.180199
0.181212
0.180869
0.180238
0.180194
0.180996
0.181305
0.181009
0.180938
0.182001
0.18862
0.245606
0.399408
0.568431
0.674787
0.719153
0.744411
0.758368
0.774033
0.785055
0.795134
0.79969
0.807104
0.824073
0.835921
0.846725
0.857066
0.87232
0.184822
0.185134
0.184995
0.184527
0.183401
0.181838
0.181638
0.181881
0.181918
0.18174
0.181298
0.18259
0.183444
0.183579
0.18376
0.224973
0.331602
0.50454
0.674204
0.751593
0.779432
0.788634
0.803171
0.807793
0.815762
0.819185
0.8259
0.834961
0.84343
0.85506
0.184367
0.183833
0.182998
0.181661
0.180334
0.179489
0.1791
0.179738
0.180334
0.180404
0.180125
0.180745
0.182297
0.182815
0.184297
0.18778
0.18901
0.207379
0.306307
0.511442
0.681222
0.765309
0.815611
0.823593
0.836447
0.835218
0.843435
0.850282
0.855708
0.862835
0.180637
0.179742
0.178723
0.177826
0.176829
0.176323
0.176683
0.178507
0.179993
0.17997
0.179705
0.180246
0.181962
0.182923
0.184353
0.188693
0.197465
0.207779
0.209312
0.225371
0.324245
0.540489
0.739481
0.82222
0.883203
0.875988
0.886987
0.87866
0.881779
0.881983
0.177976
0.177003
0.177021
0.177302
0.177314
0.177439
0.178405
0.180843
0.182292
0.182045
0.181151
0.181299
0.183263
0.185683
0.187203
0.191115
0.203052
0.215154
0.223946
0.233928
0.238668
0.253836
0.363918
0.611498
0.821556
0.895899
0.95995
0.940201
0.953714
0.943869
0.186468
0.187314
0.188655
0.189078
0.188742
0.188969
0.190753
0.194162
0.198403
0.201978
0.203223
0.20497
0.209522
0.216214
0.218916
0.220844
0.223554
0.228801
0.235609
0.243793
0.25552
0.271217
0.277288
0.296959
0.432057
0.705647
0.906631
0.972069
1.05012
1.02418
0.200596
0.202069
0.202086
0.201069
0.199939
0.200342
0.202692
0.208189
0.216039
0.224913
0.231204
0.235732
0.240397
0.246658
0.251411
0.254837
0.258269
0.261116
0.264163
0.267131
0.27158
0.280608
0.295075
0.310577
0.309859
0.343923
0.514547
0.810658
1.00097
1.07137
0.220089
0.223284
0.225401
0.22543
0.22554
0.226012
0.228263
0.232934
0.239848
0.248018
0.253953
0.256
0.257052
0.2613
0.269665
0.279144
0.288001
0.296009
0.30116
0.303809
0.303184
0.300771
0.304228
0.318185
0.334181
0.345251
0.344394
0.40533
0.607715
0.983532
0.264453
0.267939
0.270218
0.270717
0.270251
0.269177
0.269524
0.271819
0.277768
0.288018
0.294087
0.292879
0.290307
0.2917
0.298296
0.305403
0.31107
0.318444
0.325976
0.333011
0.339313
0.34301
0.342229
0.343194
0.352792
0.361766
0.371083
0.378253
0.381605
0.619227
0.30386
0.305735
0.308433
0.310352
0.30986
0.309702
0.312039
0.316934
0.3243
0.334652
0.338108
0.337283
0.337781
0.342349
0.348912
0.348088
0.346398
0.348091
0.354743
0.364473
0.375181
0.38398
0.388514
0.388168
0.386173
0.389803
0.398406
0.404617
0.410632
0.417444
0.355472
0.358346
0.362122
0.365119
0.365294
0.36364
0.363141
0.364414
0.367616
0.372802
0.375398
0.377736
0.380599
0.384013
0.389075
0.392274
0.395224
0.400245
0.40362
0.40431
0.407087
0.414343
0.422685
0.426367
0.428499
0.431844
0.436555
0.438933
0.441534
0.44906
0.413129
0.415787
0.419557
0.423381
0.425
0.423654
0.420509
0.420618
0.423217
0.429865
0.436718
0.438155
0.436307
0.434537
0.43559
0.440256
0.447444
0.453032
0.454265
0.454314
0.453757
0.454081
0.457155
0.463988
0.470617
0.473781
0.47431
0.477143
0.48044
0.483379
0.4852
0.488178
0.49264
0.498157
0.500907
0.500721
0.495854
0.491859
0.492196
0.495126
0.501657
0.503983
0.504842
0.50572
0.506252
0.505186
0.50356
0.503823
0.506123
0.509829
0.510831
0.51001
0.508909
0.508419
0.509921
0.512006
0.514162
0.515219
0.51598
0.518685
0.572022
0.574187
0.579054
0.584374
0.586569
0.586635
0.581613
0.572345
0.570388
0.572492
0.576368
0.577118
0.575553
0.573216
0.571475
0.570413
0.570468
0.570059
0.569104
0.567558
0.56693
0.568238
0.570142
0.569678
0.567239
0.565935
0.566572
0.566969
0.566949
0.566458
0.675175
0.676812
0.683761
0.687223
0.686782
0.685729
0.680186
0.667658
0.665139
0.668824
0.668907
0.665103
0.660605
0.660108
0.65951
0.655326
0.6501
0.648602
0.647616
0.645577
0.641164
0.636184
0.633666
0.632041
0.629432
0.625172
0.620772
0.615545
0.614374
0.612767
0.796707
0.79795
0.807088
0.809814
0.807303
0.80222
0.793277
0.7799
0.777829
0.780804
0.779078
0.769186
0.760262
0.758659
0.75685
0.751167
0.742564
0.736979
0.731936
0.726921
0.721005
0.714812
0.708331
0.701307
0.695225
0.690878
0.68713
0.682343
0.676241
0.667262
0.940682
0.941969
0.952801
0.95615
0.950852
0.938751
0.924926
0.911168
0.908827
0.910893
0.90747
0.891848
0.878189
0.875094
0.871213
0.862908
0.851199
0.841964
0.834485
0.825608
0.816235
0.806501
0.798748
0.789912
0.78116
0.772195
0.761886
0.753355
0.745424
0.729044
1.10923
1.11023
1.12204
1.12613
1.11747
1.09864
1.08
1.06378
1.06132
1.06228
1.05497
1.03167
1.01518
1.01145
1.00559
0.991725
0.976538
0.962745
0.951346
0.938814
0.92587
0.911574
0.89806
0.88505
0.871201
0.857361
0.844181
0.829648
0.817578
0.798651
1.30431
1.30815
1.31922
1.31908
1.3029
1.2799
1.25674
1.23721
1.23493
1.23435
1.22099
1.18846
1.17367
1.16934
1.15954
1.13825
1.1176
1.10094
1.08549
1.069
1.05011
1.03163
1.01296
0.995474
0.976424
0.958073
0.940792
0.921557
0.904278
0.876723
1.52815
1.53172
1.53335
1.52694
1.5088
1.48604
1.45775
1.43088
1.42713
1.42512
1.40663
1.36736
1.35132
1.3451
1.32958
1.30176
1.27556
1.25523
1.2356
1.21423
1.18908
1.16459
1.141
1.11691
1.09353
1.06887
1.04442
1.02033
0.998867
0.963041
1.7786
1.7736
1.76978
1.76213
1.74687
1.72604
1.69499
1.65809
1.64982
1.64351
1.62118
1.57484
1.55156
1.54012
1.5177
1.48511
1.45369
1.42587
1.39988
1.3722
1.34219
1.31065
1.28162
1.25186
1.22172
1.1917
1.16219
1.13182
1.10492
1.06135
2.01835
2.00609
1.9976
1.99014
1.9793
1.96233
1.9446
1.9237
1.90173
1.88418
1.86251
1.827
1.79511
1.76933
1.73787
1.70096
1.66421
1.6267
1.5902
1.55289
1.51461
1.47633
1.43856
1.40181
1.36474
1.32802
1.292
1.25518
1.22347
1.17083
2.06918
2.06866
2.06848
2.06821
2.06686
2.06437
2.06147
2.0568
2.05067
2.04357
2.03476
2.02226
2.00749
1.98933
1.9647
1.9348
1.90101
1.8634
1.82132
1.77648
1.72798
1.67861
1.62924
1.57958
1.53162
1.48432
1.4389
1.39362
1.35474
1.29163
2.02741
2.02484
2.01869
2.01938
2.03042
2.04076
2.04532
2.047
2.04596
2.04615
2.04585
2.04392
2.04258
2.04196
2.03997
2.03593
2.0294
2.01933
2.00268
1.97926
1.94798
1.90746
1.85842
1.80341
1.74353
1.68191
1.62124
1.56032
1.50903
1.42879
1.78047
1.79382
1.81067
1.81958
1.82929
1.84759
1.87594
1.89385
1.90983
1.92515
1.94321
1.96848
1.98294
1.98686
1.99416
2.0078
2.01952
2.01907
2.0178
2.01602
2.01341
2.00777
1.99652
1.97851
1.94824
1.9035
1.84567
1.77685
1.7108
1.60233
1.48135
1.48926
1.49763
1.51041
1.52166
1.53251
1.55018
1.56985
1.59144
1.61505
1.63939
1.67229
1.70794
1.73978
1.77167
1.81155
1.85363
1.88689
1.92008
1.94427
1.96711
1.98334
1.9911
1.99059
1.98955
1.98537
1.97388
1.9504
1.91309
1.81518
1.40375
1.40444
1.40519
1.40623
1.40761
1.40907
1.41112
1.41406
1.41783
1.42298
1.42904
1.43696
1.44876
1.46347
1.48215
1.50512
1.53695
1.57384
1.61799
1.66821
1.72205
1.77957
1.83257
1.8838
1.91949
1.94394
1.96265
1.96251
1.96008
1.93894
1.40005
1.40006
1.40007
1.40008
1.40011
1.40014
1.40018
1.40024
1.40034
1.40048
1.40069
1.401
1.40152
1.40236
1.4037
1.40577
1.40926
1.4149
1.42366
1.43778
1.45826
1.48907
1.53114
1.58504
1.65175
1.72157
1.79292
1.85471
1.89943
1.92614
1.40001
1.40001
1.40001
1.40001
1.40001
1.40001
1.40001
1.40001
1.40001
1.40001
1.40001
1.40001
1.40002
1.40003
1.40004
1.40007
1.40013
1.40026
1.40051
1.40104
1.40213
1.40442
1.40903
1.41802
1.43468
1.46327
1.50782
1.57224
1.64569
1.766
1.40001
1.40001
1.40001
1.40001
1.40001
1.40001
1.40001
1.40001
1.40001
1.40001
1.40001
1.40001
1.40001
1.40001
1.40001
1.40001
1.40001
1.40001
1.40001
1.40001
1.40002
1.40006
1.40014
1.40036
1.40097
1.40265
1.40675
1.41701
1.43551
1.50769
1.40001
1.40001
1.40001
1.40001
1.40001
1.40001
1.40001
1.40001
1.40001
1.40001
1.40001
1.40001
1.40001
1.40001
1.40001
1.40001
1.40001
1.40001
1.40001
1.40001
1.40001
1.40001
1.40001
1.40001
1.40001
1.40003
1.4001
1.40038
1.40114
1.40981
0.142739
0.143721
0.152835
0.162961
0.172001
0.183519
0.184681
0.181397
0.180454
0.185684
0.197082
0.218039
0.25898
0.301897
0.353167
0.411321
0.483791
0.571795
0.676743
0.802119
0.949942
1.12161
1.31383
1.53514
1.80464
2.03477
2.07109
2.02442
1.75278
1.46838
1.40297
1.40004
1.40001
1.40001
1.40001
0.143865
0.144522
0.154584
0.163922
0.172384
0.183298
0.184142
0.181117
0.183599
0.187308
0.196393
0.222653
0.261024
0.308305
0.36465
0.429825
0.510169
0.607776
0.721948
0.857115
1.01446
1.19442
1.39352
1.62068
1.87707
2.05992
2.07306
1.99154
1.69596
1.44725
1.40159
1.40002
1.40001
1.40001
1.40001
0.144175
0.143436
0.154754
0.162526
0.169731
0.18057
0.182433
0.181025
0.184828
0.188327
0.193443
0.225347
0.260236
0.314302
0.380239
0.452018
0.536369
0.635711
0.752289
0.890423
1.05206
1.23795
1.4463
1.67953
1.92351
2.07217
2.07278
1.95612
1.65322
1.43439
1.40097
1.40001
1.40001
1.40001
1.40001
0.142887
0.142021
0.154357
0.161416
0.168819
0.177956
0.179
0.179115
0.184452
0.189492
0.194297
0.232107
0.270581
0.328336
0.394669
0.465537
0.548476
0.648093
0.76674
0.907059
1.07219
1.26324
1.47662
1.71245
1.95528
2.07942
2.06809
1.93268
1.61685
1.42389
1.40055
1.40001
1.40001
1.40001
1.40001
0.139151
0.140349
0.153898
0.160895
0.168796
0.175494
0.175692
0.176482
0.181589
0.189126
0.202324
0.241355
0.281344
0.334837
0.399055
0.470054
0.55442
0.654674
0.775672
0.918177
1.08614
1.28151
1.50142
1.74525
1.99006
2.08576
2.06401
1.90917
1.57546
1.41533
1.4003
1.40001
1.40001
1.40001
1.40001
0.135801
0.139433
0.152645
0.160462
0.170047
0.174167
0.173652
0.174885
0.179152
0.187065
0.210352
0.24785
0.287243
0.338737
0.401721
0.471963
0.558042
0.660958
0.787343
0.938774
1.11682
1.31837
1.54478
1.80091
2.03293
2.09116
2.06592
1.86364
1.53316
1.40951
1.40016
1.40001
1.40001
1.40001
1.40001
0.13323
0.139017
0.151292
0.160052
0.171934
0.173882
0.172949
0.174485
0.178032
0.186512
0.215759
0.251322
0.294441
0.344703
0.405944
0.482067
0.5797
0.703294
0.843989
1.00777
1.19431
1.40192
1.63167
1.87587
2.06369
2.0941
2.05418
1.80572
1.50109
1.40591
1.40009
1.40001
1.40001
1.40001
1.40001
0.131398
0.138932
0.150274
0.160351
0.173771
0.174366
0.17381
0.174846
0.177709
0.187641
0.221873
0.254959
0.305126
0.360025
0.433823
0.521541
0.625156
0.746765
0.88699
1.05011
1.23779
1.44854
1.67999
1.91759
2.07889
2.09457
2.02108
1.7604
1.47555
1.40349
1.40005
1.40001
1.40001
1.40001
1.40001
0.130746
0.138987
0.149615
0.161275
0.175495
0.176759
0.177154
0.176833
0.178109
0.190503
0.228969
0.267838
0.321713
0.38363
0.458907
0.543524
0.643359
0.764098
0.905976
1.07087
1.26252
1.47826
1.71362
1.95245
2.09046
2.09223
1.99824
1.71381
1.45296
1.40198
1.40003
1.40001
1.40001
1.40001
1.40001
0.1309
0.140085
0.149248
0.161506
0.177649
0.179486
0.179016
0.177926
0.179908
0.195813
0.23431
0.277001
0.330351
0.393744
0.466666
0.550814
0.652374
0.773033
0.918754
1.0871
1.28394
1.50813
1.75607
1.99854
2.10109
2.08939
1.97747
1.66117
1.43632
1.40111
1.40002
1.40001
1.40001
1.40001
1.40001
0.132622
0.141617
0.149109
0.161981
0.179618
0.180834
0.179462
0.177706
0.180237
0.201804
0.235637
0.279409
0.331838
0.395963
0.469486
0.553452
0.659927
0.786488
0.942903
1.13109
1.34624
1.58293
1.83479
2.04696
2.10809
2.0925
1.94845
1.61257
1.42372
1.40058
1.40001
1.40001
1.40001
1.40001
1.40001
0.13493
0.14209
0.149045
0.162898
0.180641
0.181101
0.178825
0.175469
0.179522
0.206186
0.234091
0.279725
0.33039
0.394785
0.473297
0.573083
0.69662
0.850759
1.02359
1.21916
1.43392
1.66601
1.89917
2.07506
2.11165
2.09004
1.89139
1.56363
1.41413
1.40029
1.40001
1.40001
1.40001
1.40001
1.40001
0.136463
0.141933
0.148468
0.163571
0.180832
0.179574
0.175807
0.172371
0.17793
0.20894
0.233285
0.281453
0.336661
0.407943
0.51166
0.626792
0.754896
0.902905
1.07252
1.2648
1.47814
1.70861
1.93691
2.09179
2.11242
2.06387
1.83805
1.52103
1.40845
1.40015
1.40001
1.40001
1.40001
1.40001
1.40001
0.136953
0.140512
0.146279
0.163987
0.179706
0.177454
0.172202
0.170438
0.177612
0.210859
0.244837
0.30238
0.369554
0.451255
0.547127
0.653184
0.777727
0.925764
1.09694
1.29213
1.5116
1.74915
1.97934
2.10614
2.11008
2.03556
1.78638
1.48997
1.40508
1.40008
1.40001
1.40001
1.40001
1.40001
1.40001
0.136667
0.139454
0.14496
0.16472
0.178791
0.176125
0.170737
0.170315
0.18103
0.216282
0.268445
0.326689
0.39249
0.468579
0.557878
0.662165
0.78994
0.940262
1.11875
1.3242
1.5593
1.81289
2.03374
2.11667
2.1074
2.01636
1.73312
1.46371
1.40274
1.40004
1.40001
1.40001
1.40001
1.40001
1.40001
0.13659
0.139355
0.144849
0.166851
0.178251
0.175302
0.170529
0.174462
0.197543
0.231654
0.285283
0.336448
0.398586
0.472554
0.562007
0.666708
0.803074
0.972702
1.17652
1.41203
1.65856
1.89745
2.07546
2.12236
2.1104
2.00192
1.67852
1.44122
1.40137
1.40002
1.40001
1.40001
1.40001
1.40001
1.40001
0.136735
0.139531
0.145788
0.170631
0.177116
0.173999
0.169897
0.179745
0.209392
0.23816
0.289439
0.339226
0.39981
0.474053
0.573199
0.709089
0.872348
1.06603
1.27514
1.49766
1.72955
1.94824
2.09819
2.1256
2.10978
1.95013
1.61543
1.42445
1.40066
1.40001
1.40001
1.40001
1.40001
1.40001
1.40001
0.136796
0.139989
0.148684
0.174928
0.176685
0.171732
0.167693
0.180301
0.21134
0.238429
0.287859
0.340779
0.406732
0.503426
0.637499
0.783997
0.943476
1.12395
1.32451
1.5436
1.77513
1.98841
2.11424
2.12639
2.08789
1.87845
1.55747
1.41459
1.40032
1.40001
1.40001
1.40001
1.40001
1.40001
1.40001
0.137362
0.141838
0.152553
0.177499
0.17694
0.167739
0.164382
0.176191
0.207472
0.237105
0.287487
0.360847
0.456175
0.561556
0.682997
0.818233
0.973794
1.15386
1.35937
1.58751
1.8309
2.03738
2.12618
2.12357
2.05802
1.82935
1.52127
1.40886
1.40016
1.40001
1.40001
1.40001
1.40001
1.40001
1.40001
0.139447
0.144349
0.156457
0.177572
0.174534
0.16323
0.16181
0.17382
0.203603
0.245209
0.316834
0.402313
0.489022
0.58525
0.699292
0.832701
0.996122
1.18563
1.41238
1.66738
1.91316
2.08299
2.13198
2.12037
2.03842
1.78168
1.48585
1.40461
1.40007
1.40001
1.40001
1.40001
1.40001
1.40001
1.40001
0.141426
0.145513
0.159647
0.174103
0.169152
0.160602
0.161213
0.178072
0.21097
0.273758
0.341321
0.415546
0.496582
0.59274
0.711072
0.851111
1.03847
1.27068
1.52382
1.76981
1.98044
2.11054
2.13476
2.12274
2.02648
1.71342
1.45277
1.40213
1.40003
1.40001
1.40001
1.40001
1.40001
1.40001
1.40001
0.142075
0.145407
0.161789
0.172167
0.166305
0.159422
0.161769
0.193481
0.227783
0.288095
0.347413
0.417943
0.497877
0.599559
0.745404
0.937792
1.14969
1.37744
1.60855
1.83288
2.023
2.1264
2.13664
2.12179
1.97383
1.63698
1.43138
1.40101
1.40002
1.40001
1.40001
1.40001
1.40001
1.40001
1.40001
0.140616
0.142842
0.163855
0.17219
0.165321
0.158737
0.161866
0.201761
0.234544
0.290332
0.349689
0.421368
0.517729
0.661846
0.839609
1.02388
1.22095
1.43517
1.6621
1.88699
2.0637
2.1351
2.13692
2.09724
1.89199
1.57547
1.41844
1.40046
1.40001
1.40001
1.40001
1.40001
1.40001
1.40001
1.40001
0.137771
0.141535
0.164803
0.172695
0.166023
0.158953
0.162419
0.202759
0.237232
0.290228
0.359901
0.462016
0.593844
0.734737
0.892168
1.06635
1.26375
1.48478
1.72823
1.95864
2.10116
2.13919
2.13162
2.06278
1.83862
1.53062
1.41035
1.4002
1.40001
1.40001
1.40001
1.40001
1.40001
1.40001
1.40001
0.136279
0.141785
0.165265
0.172662
0.1668
0.162248
0.167605
0.200442
0.245765
0.318235
0.412597
0.522969
0.636927
0.764957
0.919217
1.09836
1.31857
1.57451
1.83042
2.02783
2.12505
2.1415
2.1243
2.03934
1.78699
1.48943
1.40525
1.40009
1.40001
1.40001
1.40001
1.40001
1.40001
1.40001
1.40001
0.136033
0.144377
0.167173
0.172395
0.165776
0.164113
0.175727
0.203668
0.273975
0.361395
0.451607
0.546066
0.652164
0.783032
0.955187
1.17439
1.43286
1.69422
1.91523
2.07204
2.13844
2.14319
2.1258
2.02393
1.70976
1.4529
1.40225
1.40003
1.40001
1.40001
1.40001
1.40001
1.40001
1.40001
1.40001
0.136883
0.149261
0.170133
0.169629
0.163192
0.161835
0.186791
0.225111
0.304276
0.379298
0.46225
0.553565
0.665041
0.830122
1.05768
1.30261
1.54372
1.77452
1.97321
2.1041
2.14459
2.14525
2.12622
1.96541
1.62461
1.42922
1.40095
1.40002
1.40001
1.40001
1.40001
1.40001
1.40001
1.40001
1.40001
0.138992
0.151308
0.171409
0.166588
0.15967
0.159289
0.200299
0.247358
0.313449
0.380501
0.461428
0.567239
0.737847
0.949112
1.16793
1.38625
1.61283
1.84191
2.03106
2.12829
2.14648
2.14379
2.09472
1.87151
1.56015
1.41615
1.40041
1.40001
1.40001
1.40001
1.40001
1.40001
1.40001
1.40001
1.40001
0.140084
0.149909
0.167856
0.163254
0.157996
0.161687
0.213156
0.259049
0.311429
0.376851
0.47774
0.657913
0.84499
1.02932
1.22924
1.44906
1.69225
1.93011
2.08443
2.14162
2.1467
2.13292
2.0487
1.80877
1.51316
1.40826
1.40016
1.40001
1.40001
1.40001
1.40001
1.40001
1.40001
1.40001
1.40001
0.137979
0.144355
0.16254
0.159522
0.157464
0.175
0.220699
0.261754
0.310925
0.409489
0.57421
0.743987
0.901175
1.07713
1.2907
1.54721
1.81176
2.01303
2.11858
2.14765
2.14626
2.1201
2.01767
1.7485
1.47138
1.40379
1.40006
1.40001
1.40001
1.40001
1.40001
1.40001
1.40001
1.40001
1.40001
0.135769
0.14007
0.158648
0.156128
0.160039
0.187432
0.221205
0.260162
0.347392
0.496118
0.644701
0.784188
0.939362
1.14499
1.415
1.6887
1.9134
2.0664
2.13825
2.15005
2.14772
2.11959
1.99044
1.6608
1.43823
1.40145
1.40002
1.40001
1.40001
1.40001
1.40001
1.40001
1.40001
1.40001
1.40001
0.135986
0.138946
0.156439
0.152964
0.162175
0.190509
0.216611
0.28309
0.419971
0.554241
0.674898
0.815572
1.02047
1.28821
1.55926
1.7948
1.98391
2.10417
2.14815
2.15103
2.14728
2.11699
1.91156
1.57292
1.41853
1.40052
1.40001
1.40001
1.40001
1.40001
1.40001
1.40001
1.40001
1.40001
1.40001
0.136616
0.14376
0.155219
0.149824
0.157974
0.187155
0.218643
0.34526
0.475131
0.578254
0.699623
0.909107
1.16962
1.42042
1.66059
1.87916
2.04814
2.13063
2.15119
2.15041
2.14046
2.06184
1.802
1.51215
1.40891
1.40019
1.40001
1.40001
1.40001
1.40001
1.40001
1.40001
1.40001
1.40001
1.40001
0.143586
0.154352
0.153004
0.144277
0.152083
0.182624
0.263126
0.401007
0.496271
0.596063
0.796124
1.05445
1.28676
1.51715
1.75948
1.97268
2.10053
2.1444
2.15152
2.14691
2.12297
2.004
1.72997
1.4715
1.40398
1.40007
1.40001
1.40001
1.40001
1.40001
1.40001
1.40001
1.40001
1.40001
1.40001
0.156836
0.158566
0.14422
0.135627
0.151739
0.19753
0.325036
0.425822
0.506233
0.684301
0.93622
1.16181
1.38192
1.63232
1.88483
2.05173
2.12959
2.15038
2.1511
2.14392
2.10559
1.96242
1.65946
1.43858
1.40152
1.40003
1.40001
1.40001
1.40001
1.40001
1.40001
1.40001
1.40001
1.40001
1.40001
0.163718
0.158066
0.135517
0.128745
0.161556
0.248435
0.365414
0.436482
0.571276
0.820665
1.0401
1.25733
1.51506
1.78119
1.98971
2.10005
2.14327
2.15288
2.15335
2.1465
2.10224
1.90965
1.56612
1.41669
1.40047
1.40001
1.40001
1.40001
1.40001
1.40001
1.40001
1.40001
1.40001
1.40001
1.40001
0.165451
0.150358
0.130615
0.126525
0.200926
0.292615
0.379611
0.466556
0.707952
0.92836
1.1365
1.40411
1.67997
1.90331
2.05985
2.12904
2.14963
2.15426
2.15522
2.14746
2.07799
1.78732
1.49202
1.40651
1.40014
1.40001
1.40001
1.40001
1.40001
1.40001
1.40001
1.40001
1.40001
1.40001
1.40001
0.158744
0.13479
0.12936
0.131706
0.236237
0.315
0.384586
0.592641
0.823834
1.02265
1.29005
1.58013
1.81741
1.99593
2.10903
2.14463
2.15301
2.15515
2.15325
2.13074
1.97833
1.67391
1.45071
1.40251
1.40004
1.40001
1.40001
1.40001
1.40001
1.40001
1.40001
1.40001
1.40001
1.40001
1.40001
0.1413
0.120984
0.133488
0.167937
0.254905
0.331727
0.460867
0.715163
0.920168
1.175
1.47627
1.7326
1.93447
2.06947
2.13776
2.15082
2.15497
2.15578
2.14243
2.09076
1.90209
1.59993
1.42614
1.40089
1.40002
1.40001
1.40001
1.40001
1.40001
1.40001
1.40001
1.40001
1.40001
1.40001
1.40001
0.133962
0.115839
0.149739
0.210989
0.260453
0.35474
0.606832
0.831039
1.06071
1.37219
1.64663
1.87328
2.03467
2.11426
2.15076
2.15267
2.15524
2.1564
2.13215
2.05587
1.83247
1.52572
1.41041
1.40026
1.40001
1.40001
1.40001
1.40001
1.40001
1.40001
1.40001
1.40001
1.40001
1.40001
1.40001
0.133622
0.113812
0.154715
0.230501
0.284851
0.471546
0.733376
0.956836
1.27238
1.5633
1.80849
1.99879
2.09861
2.13481
2.15648
2.15308
2.15335
2.15645
2.13323
2.02525
1.71996
1.45865
1.40319
1.40006
1.40001
1.40001
1.40001
1.40001
1.40001
1.40001
1.40001
1.40001
1.40001
1.40001
1.40001
0.135159
0.112853
0.143377
0.2358
0.371803
0.637524
0.872071
1.17331
1.48155
1.74513
1.95645
2.08332
2.13026
2.14291
2.15935
2.15235
2.15093
2.15101
2.12995
1.932
1.58842
1.42359
1.40088
1.40002
1.40001
1.40001
1.40001
1.40001
1.40001
1.40001
1.40001
1.40001
1.40001
1.40001
1.40001
0.128997
0.113878
0.137847
0.261605
0.524998
0.791232
1.06935
1.40555
1.6864
1.91771
2.06016
2.12894
2.14279
2.14595
2.16124
2.15069
2.1484
2.13517
2.06217
1.79585
1.50931
1.40951
1.40024
1.40001
1.40001
1.40001
1.40001
1.40001
1.40001
1.40001
1.40001
1.40001
1.40001
1.40001
1.40001
0.0808782
0.112701
0.199917
0.403836
0.693977
0.98029
1.34031
1.63953
1.88287
2.04096
2.11955
2.14793
2.14645
2.14721
2.16237
2.1496
2.15045
2.11615
1.98496
1.69782
1.45931
1.4032
1.40006
1.40001
1.40001
1.40001
1.40001
1.40001
1.40001
1.40001
1.40001
1.40001
1.40001
1.40001
1.40001
0.0406669
0.105794
0.303373
0.596473
0.911631
1.27835
1.60707
1.85823
2.02727
2.11145
2.14645
2.15264
2.14742
2.14799
2.16315
2.14689
2.1545
2.10772
1.91243
1.59145
1.42222
1.40077
1.40002
1.40001
1.40001
1.40001
1.40001
1.40001
1.40001
1.40001
1.40001
1.40001
1.40001
1.40001
1.40001
0.0211489
0.143787
0.459173
0.832849
1.22529
1.59123
1.85103
2.02216
2.10731
2.14213
2.1554
2.15366
2.14669
2.14818
2.1639
2.14571
2.15039
2.08788
1.78943
1.48331
1.40561
1.40014
1.40001
1.40001
1.40001
1.40001
1.40001
1.40001
1.40001
1.40001
1.40001
1.40001
1.40001
1.40001
1.40001
0.0290762
0.32326
0.742614
1.17947
1.58458
1.86182
2.029
2.10823
2.13953
2.15278
2.15733
2.15389
2.14485
2.14823
2.16522
2.15014
2.11707
1.95612
1.62176
1.43116
1.40133
1.40003
1.40001
1.40001
1.40001
1.40001
1.40001
1.40001
1.40001
1.40001
1.40001
1.40001
1.40001
1.40001
1.40001
0.159886
0.60016
1.1379
1.6066
1.8961
2.04835
2.11511
2.14017
2.14953
2.15613
2.15767
2.15136
2.14352
2.1491
2.16612
2.15097
2.0746
1.82584
1.52289
1.41114
1.40029
1.40001
1.40001
1.40001
1.40001
1.40001
1.40001
1.40001
1.40001
1.40001
1.40001
1.40001
1.40001
1.40001
1.40001
0.510109
1.07209
1.64223
1.94542
2.07904
2.12803
2.14296
2.14841
2.15271
2.15716
2.15647
2.14785
2.14303
2.15218
2.16534
2.13831
2.01661
1.69402
1.44985
1.40224
1.40004
1.40001
1.40001
1.40001
1.40001
1.40001
1.40001
1.40001
1.40001
1.40001
1.40001
1.40001
1.40001
1.40001
1.40001
1.20751
1.72262
2.01197
2.11208
2.14149
2.14729
2.14857
2.1503
2.15365
2.15688
2.15439
2.14589
2.14367
2.15539
2.15928
2.09713
1.8936
1.53857
1.40975
1.40015
1.40001
1.40001
1.40001
1.40001
1.40001
1.40001
1.40001
1.40001
1.40001
1.40001
1.40001
1.40001
1.40001
1.40001
1.40001
2.15062
2.1511
2.1519
2.15258
2.15212
2.15039
2.14934
2.15056
2.15328
2.15593
2.15272
2.14578
2.14627
2.15723
2.14697
2.02821
1.72441
1.43878
1.39965
1.39997
1.4
1.40001
1.40001
1.40001
1.40001
1.40001
1.40001
1.40001
1.40001
1.40001
1.40001
1.40001
1.40001
1.40001
1.40001
2.15012
2.15096
2.15252
2.15359
2.15351
2.15185
2.14862
2.1477
2.14987
2.15554
2.15659
2.1522
2.14577
2.15353
2.15031
2.01671
1.69177
1.44364
1.40139
1.40002
1.40001
1.40001
1.40001
1.40001
1.40001
1.40001
1.40001
1.40001
1.40001
1.40001
1.40001
1.40001
1.40001
1.40001
1.40001
2.14948
2.15018
2.15248
2.15385
2.15398
2.15317
2.14915
2.1467
2.14807
2.15424
2.15864
2.15984
2.14821
2.14634
2.13697
1.95395
1.59072
1.4139
1.4002
1.40001
1.40001
1.40001
1.40001
1.40001
1.40001
1.40001
1.40001
1.40001
1.40001
1.40001
1.40001
1.40001
1.40001
1.40001
1.40001
2.14878
2.14878
2.15107
2.15339
2.15406
2.1536
2.1498
2.14634
2.14714
2.15237
2.16032
2.16493
2.15025
2.12911
2.10691
1.88292
1.52556
1.40666
1.40008
1.40001
1.40001
1.40001
1.40001
1.40001
1.40001
1.40001
1.40001
1.40001
1.40001
1.40001
1.40001
1.40001
1.40001
1.40001
1.40001
2.14849
2.14816
2.14927
2.15107
2.15302
2.15316
2.15045
2.14662
2.14664
2.15071
2.16045
2.16639
2.15533
2.11894
2.07937
1.80813
1.47649
1.40271
1.40003
1.40001
1.40001
1.40001
1.40001
1.40001
1.40001
1.40001
1.40001
1.40001
1.40001
1.40001
1.40001
1.40001
1.40001
1.40001
1.40001
2.14885
2.14829
2.14844
2.14899
2.15071
2.15203
2.15142
2.14772
2.14638
2.14887
2.15875
2.16648
2.15866
2.11596
2.04808
1.71374
1.44144
1.40102
1.40001
1.40001
1.40001
1.40001
1.40001
1.40001
1.40001
1.40001
1.40001
1.40001
1.40001
1.40001
1.40001
1.40001
1.40001
1.40001
1.40001
2.15061
2.14905
2.14805
2.1478
2.14885
2.15134
2.15288
2.15055
2.14713
2.14672
2.15433
2.16456
2.15877
2.11035
1.99434
1.62105
1.42004
1.40034
1.40001
1.40001
1.40001
1.40001
1.40001
1.40001
1.40001
1.40001
1.40001
1.40001
1.40001
1.40001
1.40001
1.40001
1.40001
1.40001
1.40001
2.15322
2.15129
2.14853
2.14724
2.14786
2.15065
2.15372
2.15439
2.14958
2.14567
2.14947
2.16245
2.15566
2.09186
1.90939
1.54679
1.40883
1.40011
1.40001
1.40001
1.40001
1.40001
1.40001
1.40001
1.40001
1.40001
1.40001
1.40001
1.40001
1.40001
1.40001
1.40001
1.40001
1.40001
1.40001
2.15482
2.15335
2.15042
2.14765
2.14743
2.14946
2.15442
2.15658
2.15394
2.14546
2.14465
2.15932
2.1562
2.07995
1.82722
1.48924
1.40346
1.40004
1.40001
1.40001
1.40001
1.40001
1.40001
1.40001
1.40001
1.40001
1.40001
1.40001
1.40001
1.40001
1.40001
1.40001
1.40001
1.40001
1.40001
2.15509
2.15432
2.15212
2.14917
2.14742
2.14837
2.15327
2.15773
2.15742
2.14632
2.1389
2.14879
2.15399
2.06135
1.73169
1.4472
1.40126
1.40001
1.40001
1.40001
1.40001
1.40001
1.40001
1.40001
1.40001
1.40001
1.40001
1.40001
1.40001
1.40001
1.40001
1.40001
1.40001
1.40001
1.40001
2.15477
2.15447
2.15286
2.15089
2.14753
2.14733
2.15122
2.15821
2.15873
2.15041
2.13581
2.1379
2.13727
1.98786
1.638
1.42271
1.40041
1.40001
1.40001
1.40001
1.40001
1.40001
1.40001
1.40001
1.40001
1.40001
1.40001
1.40001
1.40001
1.40001
1.40001
1.40001
1.40001
1.40001
1.40001
2.15245
2.15346
2.15301
2.15194
2.14814
2.14677
2.14853
2.15583
2.159
2.15586
2.13745
2.13389
2.12553
1.92188
1.56134
1.41015
1.40013
1.40001
1.40001
1.40001
1.40001
1.40001
1.40001
1.40001
1.40001
1.40001
1.40001
1.40001
1.40001
1.40001
1.40001
1.40001
1.40001
1.40001
1.40001
2.1489
2.15073
2.15255
2.15255
2.14967
2.14683
2.14616
2.15072
2.15764
2.16048
2.14808
2.13224
2.11633
1.83629
1.49116
1.40372
1.40004
1.40001
1.40001
1.40001
1.40001
1.40001
1.40001
1.40001
1.40001
1.40001
1.40001
1.40001
1.40001
1.40001
1.40001
1.40001
1.40001
1.40001
1.40001
2.14698
2.14822
2.15115
2.15286
2.15134
2.1478
2.14493
2.14568
2.15442
2.16252
2.15543
2.12368
2.05566
1.72426
1.44636
1.40125
1.40001
1.40001
1.40001
1.40001
1.40001
1.40001
1.40001
1.40001
1.40001
1.40001
1.40001
1.40001
1.40001
1.40001
1.40001
1.40001
1.40001
1.40001
1.40001
2.14668
2.1472
2.14987
2.15269
2.15189
2.14944
2.1445
2.14291
2.15043
2.16452
2.15876
2.11208
1.98608
1.63787
1.42269
1.40041
1.40001
1.40001
1.40001
1.40001
1.40001
1.40001
1.40001
1.40001
1.40001
1.40001
1.40001
1.40001
1.40001
1.40001
1.40001
1.40001
1.40001
1.40001
1.40001
2.14725
2.14719
2.14923
2.15167
2.15245
2.15258
2.14626
2.1408
2.14512
2.16441
2.15987
2.10725
1.91879
1.55128
1.40882
1.40012
1.40001
1.40001
1.40001
1.40001
1.40001
1.40001
1.40001
1.40001
1.40001
1.40001
1.40001
1.40001
1.40001
1.40001
1.40001
1.40001
1.40001
1.40001
1.40001
2.1512
2.14931
2.14887
2.15058
2.15323
2.15446
2.14973
2.13973
2.13987
2.15439
2.15413
2.08194
1.82027
1.48178
1.40313
1.40003
1.40001
1.40001
1.40001
1.40001
1.40001
1.40001
1.40001
1.40001
1.40001
1.40001
1.40001
1.40001
1.40001
1.40001
1.40001
1.40001
1.40001
1.40001
1.40001
2.15563
2.15232
2.14919
2.14935
2.15268
2.15498
2.15328
2.14288
2.13853
2.15001
2.14363
2.02371
1.71489
1.4425
1.40105
1.40001
1.40001
1.40001
1.40001
1.40001
1.40001
1.40001
1.40001
1.40001
1.40001
1.40001
1.40001
1.40001
1.40001
1.40001
1.40001
1.40001
1.40001
1.40001
1.40001
2.15763
2.15381
2.14957
2.14809
2.1515
2.15495
2.15553
2.14938
2.14122
2.14956
2.14111
1.97254
1.61458
1.41781
1.40029
1.40001
1.40001
1.40001
1.40001
1.40001
1.40001
1.40001
1.40001
1.40001
1.40001
1.40001
1.40001
1.40001
1.40001
1.40001
1.40001
1.40001
1.40001
1.40001
1.40001
2.1581
2.15437
2.14986
2.14733
2.14823
2.15278
2.15571
2.15662
2.14591
2.14239
2.12764
1.884
1.52026
1.40623
1.40008
1.40001
1.40001
1.40001
1.40001
1.40001
1.40001
1.40001
1.40001
1.40001
1.40001
1.40001
1.40001
1.40001
1.40001
1.40001
1.40001
1.40001
1.40001
1.40001
1.40001
2.15694
2.15424
2.15027
2.14768
2.14509
2.14715
2.15397
2.16169
2.15271
2.12371
2.06944
1.77198
1.46476
1.40211
1.40002
1.40001
1.40001
1.40001
1.40001
1.40001
1.40001
1.40001
1.40001
1.40001
1.40001
1.40001
1.40001
1.40001
1.40001
1.40001
1.40001
1.40001
1.40001
1.40001
1.40001
2.15188
2.15202
2.15033
2.14865
2.14354
2.14207
2.15
2.16325
2.15866
2.11614
2.01513
1.67323
1.42914
1.40059
1.40001
1.40001
1.40001
1.40001
1.40001
1.40001
1.40001
1.40001
1.40001
1.40001
1.40001
1.40001
1.40001
1.40001
1.40001
1.40001
1.40001
1.40001
1.40001
1.40001
1.40001
2.14737
2.14948
2.15099
2.14972
2.14285
2.13838
2.14393
2.16251
2.1594
2.11515
1.94236
1.5609
1.41024
1.40015
1.40001
1.40001
1.40001
1.40001
1.40001
1.40001
1.40001
1.40001
1.40001
1.40001
1.40001
1.40001
1.40001
1.40001
1.40001
1.40001
1.40001
1.40001
1.40001
1.40001
1.40001
2.14533
2.14755
2.15199
2.15236
2.14555
2.13683
2.13929
2.15395
2.15237
2.07516
1.8268
1.48754
1.40352
1.40004
1.40001
1.40001
1.40001
1.40001
1.40001
1.40001
1.40001
1.40001
1.40001
1.40001
1.40001
1.40001
1.40001
1.40001
1.40001
1.40001
1.40001
1.40001
1.40001
1.40001
1.40001
2.14493
2.14623
2.15149
2.15382
2.15028
2.14019
2.13909
2.15173
2.14752
2.02888
1.71485
1.44104
1.40097
1.40001
1.40001
1.40001
1.40001
1.40001
1.40001
1.40001
1.40001
1.40001
1.40001
1.40001
1.40001
1.40001
1.40001
1.40001
1.40001
1.40001
1.40001
1.40001
1.40001
1.40001
1.40001
2.14567
2.14636
2.15125
2.15412
2.15314
2.14798
2.14113
2.14976
2.14767
1.97007
1.59156
1.41433
1.40023
1.40001
1.40001
1.40001
1.40001
1.40001
1.40001
1.40001
1.40001
1.40001
1.40001
1.40001
1.40001
1.40001
1.40001
1.40001
1.40001
1.40001
1.40001
1.40001
1.40001
1.40001
1.40001
2.14915
2.14946
2.1515
2.15406
2.15465
2.1574
2.14526
2.13725
2.11474
1.84789
1.50118
1.40461
1.40005
1.40001
1.40001
1.40001
1.40001
1.40001
1.40001
1.40001
1.40001
1.40001
1.40001
1.40001
1.40001
1.40001
1.40001
1.40001
1.40001
1.40001
1.40001
1.40001
1.40001
1.40001
1.40001
2.15164
2.15196
2.15049
2.1508
2.1556
2.1636
2.15738
2.12219
2.05222
1.73466
1.44826
1.40127
1.40001
1.40001
1.40001
1.40001
1.40001
1.40001
1.40001
1.40001
1.40001
1.40001
1.40001
1.40001
1.40001
1.40001
1.40001
1.40001
1.40001
1.40001
1.40001
1.40001
1.40001
1.40001
1.40001
2.15269
2.15274
2.14783
2.14344
2.15067
2.16533
2.16417
2.12078
1.98356
1.6068
1.41609
1.40027
1.40001
1.40001
1.40001
1.40001
1.40001
1.40001
1.40001
1.40001
1.40001
1.40001
1.40001
1.40001
1.40001
1.40001
1.40001
1.40001
1.40001
1.40001
1.40001
1.40001
1.40001
1.40001
1.40001
2.15324
2.15137
2.1453
2.13951
2.14042
2.16053
2.16449
2.10614
1.8664
1.50339
1.40476
1.40006
1.40001
1.40001
1.40001
1.40001
1.40001
1.40001
1.40001
1.40001
1.40001
1.40001
1.40001
1.40001
1.40001
1.40001
1.40001
1.40001
1.40001
1.40001
1.40001
1.40001
1.40001
1.40001
1.40001
2.15198
2.14946
2.14343
2.14065
2.13433
2.15109
2.15713
2.04769
1.73433
1.44706
1.40124
1.40001
1.40001
1.40001
1.40001
1.40001
1.40001
1.40001
1.40001
1.40001
1.40001
1.40001
1.40001
1.40001
1.40001
1.40001
1.40001
1.40001
1.40001
1.40001
1.40001
1.40001
1.40001
1.40001
1.40001
2.14954
2.14651
2.14351
2.14321
2.1337
2.14862
2.15382
1.98423
1.6024
1.41523
1.40024
1.40001
1.40001
1.40001
1.40001
1.40001
1.40001
1.40001
1.40001
1.40001
1.40001
1.40001
1.40001
1.40001
1.40001
1.40001
1.40001
1.40001
1.40001
1.40001
1.40001
1.40001
1.40001
1.40001
1.40001
2.14802
2.14351
2.1441
2.1488
2.13714
2.1434
2.13299
1.85239
1.49223
1.40389
1.40005
1.40001
1.40001
1.40001
1.40001
1.40001
1.40001
1.40001
1.40001
1.40001
1.40001
1.40001
1.40001
1.40001
1.40001
1.40001
1.40001
1.40001
1.40001
1.40001
1.40001
1.40001
1.40001
1.40001
1.40001
2.1481
2.14253
2.14388
2.16003
2.15991
2.12775
2.0552
1.70082
1.43796
1.40089
1.40001
1.40001
1.40001
1.40001
1.40001
1.40001
1.40001
1.40001
1.40001
1.40001
1.40001
1.40001
1.40001
1.40001
1.40001
1.40001
1.40001
1.40001
1.40001
1.40001
1.40001
1.40001
1.40001
1.40001
1.40001
2.14856
2.14211
2.14011
2.17137
2.18184
2.12654
1.95353
1.56917
1.41102
1.40016
1.40001
1.40001
1.40001
1.40001
1.40001
1.40001
1.40001
1.40001
1.40001
1.40001
1.40001
1.40001
1.40001
1.40001
1.40001
1.40001
1.40001
1.40001
1.40001
1.40001
1.40001
1.40001
1.40001
1.40001
1.40001
2.14604
2.14137
2.13699
2.17851
2.18825
2.11876
1.8013
1.46783
1.40231
1.40003
1.40001
1.40001
1.40001
1.40001
1.40001
1.40001
1.40001
1.40001
1.40001
1.40001
1.40001
1.40001
1.40001
1.40001
1.40001
1.40001
1.40001
1.40001
1.40001
1.40001
1.40001
1.40001
1.40001
1.40001
1.40001
2.13792
2.14247
2.14099
2.17746
2.18756
2.01681
1.63832
1.42265
1.40044
1.40001
1.40001
1.40001
1.40001
1.40001
1.40001
1.40001
1.40001
1.40001
1.40001
1.40001
1.40001
1.40001
1.40001
1.40001
1.40001
1.40001
1.40001
1.40001
1.40001
1.40001
1.40001
1.40001
1.40001
1.40001
1.40001
2.13128
2.15072
2.16528
2.17139
2.15486
1.8813
1.51733
1.40555
1.40007
1.40001
1.40001
1.40001
1.40001
1.40001
1.40001
1.40001
1.40001
1.40001
1.40001
1.40001
1.40001
1.40001
1.40001
1.40001
1.40001
1.40001
1.40001
1.40001
1.40001
1.40001
1.40001
1.40001
1.40001
1.40001
1.40001
2.12686
2.16464
2.19361
2.16658
2.08677
1.71616
1.43765
1.40096
1.40001
1.40001
1.40001
1.40001
1.40001
1.40001
1.40001
1.40001
1.40001
1.40001
1.40001
1.40001
1.40001
1.40001
1.40001
1.40001
1.40001
1.40001
1.40001
1.40001
1.40001
1.40001
1.40001
1.40001
1.40001
1.40001
1.40001
2.12417
2.17393
2.2041
2.15989
1.94577
1.54913
1.40889
1.40013
1.40001
1.40001
1.40001
1.40001
1.40001
1.40001
1.40001
1.40001
1.40001
1.40001
1.40001
1.40001
1.40001
1.40001
1.40001
1.40001
1.40001
1.40001
1.40001
1.40001
1.40001
1.40001
1.40001
1.40001
1.40001
1.40001
1.40001
2.12693
2.1828
2.207
2.09318
1.76518
1.45629
1.40172
1.40002
1.40001
1.40001
1.40001
1.40001
1.40001
1.40001
1.40001
1.40001
1.40001
1.40001
1.40001
1.40001
1.40001
1.40001
1.40001
1.40001
1.40001
1.40001
1.40001
1.40001
1.40001
1.40001
1.40001
1.40001
1.40001
1.40001
1.40001
2.17224
2.20806
2.20437
1.98772
1.5928
1.4134
1.40023
1.40001
1.40001
1.40001
1.40001
1.40001
1.40001
1.40001
1.40001
1.40001
1.40001
1.40001
1.40001
1.40001
1.40001
1.40001
1.40001
1.40001
1.40001
1.40001
1.40001
1.40001
1.40001
1.40001
1.40001
1.40001
1.40001
1.40001
1.40001
2.23351
2.21791
2.16998
1.79326
1.46276
1.40229
1.40003
1.40001
1.40001
1.40001
1.40001
1.40001
1.40001
1.40001
1.40001
1.40001
1.40001
1.40001
1.40001
1.40001
1.40001
1.40001
1.40001
1.40001
1.40001
1.40001
1.40001
1.40001
1.40001
1.40001
1.40001
1.40001
1.40001
1.40001
1.40001
2.31032
2.1471
2.01235
1.59057
1.41552
1.4003
1.40001
1.40001
1.40001
1.40001
1.40001
1.40001
1.40001
1.40001
1.40001
1.40001
1.40001
1.40001
1.40001
1.40001
1.40001
1.40001
1.40001
1.40001
1.40001
1.40001
1.40001
1.40001
1.40001
1.40001
1.40001
1.40001
1.40001
1.40001
1.40001
2.38253
2.0788
1.8029
1.47171
1.40289
1.40004
1.40001
1.40001
1.40001
1.40001
1.40001
1.40001
1.40001
1.40001
1.40001
1.40001
1.40001
1.40001
1.40001
1.40001
1.40001
1.40001
1.40001
1.40001
1.40001
1.40001
1.40001
1.40001
1.40001
1.40001
1.40001
1.40001
1.40001
1.40001
1.40001
2.40884
1.96845
1.59307
1.41657
1.4004
1.40001
1.40001
1.40001
1.40001
1.40001
1.40001
1.40001
1.40001
1.40001
1.40001
1.40001
1.40001
1.40001
1.40001
1.40001
1.40001
1.40001
1.40001
1.40001
1.40001
1.40001
1.40001
1.40001
1.40001
1.40001
1.40001
1.40001
1.40001
1.40001
1.40001
2.3053
1.77404
1.47912
1.40383
1.40006
1.40001
1.40001
1.40001
1.40001
1.40001
1.40001
1.40001
1.40001
1.40001
1.40001
1.40001
1.40001
1.40001
1.40001
1.40001
1.40001
1.40001
1.40001
1.40001
1.40001
1.40001
1.40001
1.40001
1.40001
1.40001
1.40001
1.40001
1.40001
1.40001
1.40001
2.13094
1.6185
1.42284
1.40058
1.40001
1.40001
1.40001
1.40001
1.40001
1.40001
1.40001
1.40001
1.40001
1.40001
1.40001
1.40001
1.40001
1.40001
1.40001
1.40001
1.40001
1.40001
1.40001
1.40001
1.40001
1.40001
1.40001
1.40001
1.40001
1.40001
1.40001
1.40001
1.40001
1.40001
1.40001
1.89507
1.4862
1.40436
1.40006
1.40001
1.40001
1.40001
1.40001
1.40001
1.40001
1.40001
1.40001
1.40001
1.40001
1.40001
1.40001
1.40001
1.40001
1.40001
1.40001
1.40001
1.40001
1.40001
1.40001
1.40001
1.40001
1.40001
1.40001
1.40001
1.40001
1.40001
1.40001
1.40001
1.40001
1.40001
1.59617
1.41762
1.40032
1.40001
1.40001
1.40001
1.40001
1.40001
1.40001
1.40001
1.40001
1.40001
1.40001
1.40001
1.40001
1.40001
1.40001
1.40001
1.40001
1.40001
1.40001
1.40001
1.40001
1.40001
1.40001
1.40001
1.40001
1.40001
1.40001
1.40001
1.40001
1.40001
1.40001
1.40001
1.40001
1.40001
1.40001
1.40001
1.40001
1.40001
1.40001
1.40001
1.40001
1.40001
1.40001
1.40001
1.40001
1.40001
1.40001
1.40001
1.40001
1.40001
1.40001
1.40001
1.40001
1.40001
1.40001
1.40001
1.40001
1.40001
1.40001
1.40001
1.40001
1.40001
1.40001
1.40001
1.40001
1.40001
1.40001
1.40001
1.40001
1.40001
1.40001
1.40001
1.40001
1.40001
1.40001
1.40001
1.40001
1.40001
1.40001
1.40001
1.40001
1.40001
1.40001
1.40001
1.40001
1.40001
1.40001
1.40001
1.40001
1.40001
1.40001
1.40001
1.40001
1.40001
1.40001
1.40001
1.40001
1.40001
1.40001
1.40001
1.40001
1.40001
1.40001
1.40001
1.40001
1.40001
1.40001
1.40001
1.40001
1.40001
1.40001
1.40001
1.40001
1.40001
1.40001
1.40001
1.40001
1.40001
1.40001
1.40001
1.40001
1.40001
1.40001
1.40001
1.40001
1.40001
1.40001
1.40001
1.40001
1.40001
1.40001
1.40001
1.40001
1.40001
1.40001
1.40001
1.40001
1.40001
1.40001
1.40001
1.40001
1.40001
1.40001
1.40001
1.40001
1.40001
1.40001
1.40001
1.40001
1.40001
1.40001
1.40001
1.40001
1.40001
1.40001
1.40001
1.40001
1.40001
1.40001
1.40001
1.40001
1.40001
1.40001
1.40001
1.40001
1.40001
1.40001
1.40001
1.40001
1.40001
1.40001
1.40001
1.40001
1.40001
1.40001
1.40001
1.40001
1.40001
1.40001
1.40001
1.40001
1.40001
1.40001
1.40001
1.40001
1.40001
1.40001
1.40001
1.40001
1.40001
1.40001
1.40001
1.40001
1.40001
1.40001
1.40001
1.40001
1.40001
1.40001
1.40001
1.40001
1.40001
1.40001
1.40001
1.40001
1.40001
1.40001
1.40001
1.40001
1.40001
1.40001
1.40001
1.40001
1.40001
1.40001
1.40001
1.40001
1.40001
1.40001
1.40001
1.40001
1.40001
1.40001
1.40001
1.40001
1.40001
1.40001
1.40001
1.40001
1.40001
1.40001
1.40001
1.40001
1.40001
1.40001
1.40001
1.40001
1.40001
1.40001
1.40001
1.40001
1.40001
1.40001
1.40001
1.40001
1.40001
1.40001
1.40001
1.40001
1.40001
1.40001
1.40001
1.40001
1.40001
1.40001
1.40001
1.40001
1.40001
1.40001
1.40001
1.40001
1.40001
1.40001
1.40001
1.40001
1.40001
1.40001
1.40001
1.40001
1.40001
1.40001
1.40001
1.40001
1.40001
1.40001
1.40001
1.40001
1.40001
1.40001
1.40001
1.40001
1.40001
1.40001
1.40001
1.40001
1.40001
1.40001
1.40001
1.40001
1.40001
1.40001
1.40001
1.40001
1.40001
1.40001
1.40001
1.40001
1.40001
1.40001
1.40001
1.40001
1.40001
1.40001
1.40001
1.40001
1.40001
1.40001
1.40001
1.40001
1.40001
1.40001
1.40001
1.40001
1.40001
1.40001
1.40001
1.40001
1.40001
1.40001
1.40001
1.40001
1.40001
1.40001
1.40001
1.40001
1.40001
1.40001
1.40001
1.40001
1.40001
1.40001
1.40001
1.40001
1.40001
1.40001
1.40001
1.40001
1.40001
1.40001
1.40001
1.40001
1.40001
1.40001
1.40001
1.40001
1.40001
1.40001
1.40001
1.40001
1.40001
1.40001
1.40001
1.40001
1.40001
1.40001
1.40001
1.40001
1.40001
1.40001
1.40001
1.40001
1.40001
1.40001
1.40001
1.40001
1.40001
1.40001
1.40001
1.40001
1.40001
1.40001
1.40001
1.40001
1.40001
1.40001
1.40001
1.40001
1.40001
1.40001
1.40001
1.40001
1.40001
1.40001
1.40001
1.40001
1.40001
1.40001
1.40001
1.40001
1.40001
1.40001
1.40001
1.40001
1.40001
1.40001
1.40001
1.40001
1.40001
1.40001
1.40001
1.40001
1.40001
1.40001
1.40001
1.40001
1.40001
1.40001
1.40001
1.40001
1.40001
1.40001
1.40001
1.40001
1.40001
1.40001
1.40001
1.40001
1.40001
1.40001
1.40001
1.40001
1.40001
1.40001
1.40001
1.40001
1.40001
1.40001
1.40001
1.40001
1.40001
1.40001
1.40001
1.40001
1.40001
1.40001
1.40001
1.40001
1.40001
1.40001
1.40001
1.40001
1.40001
1.40001
1.40001
1.40001
1.40001
1.40001
1.40001
1.40001
1.40001
1.40001
1.40001
1.40001
1.40001
1.40001
1.40001
1.40001
1.40001
1.40001
1.40001
1.40001
1.40001
1.40001
1.40001
1.40001
1.40001
1.40001
1.40001
1.40001
1.40001
1.40001
1.40001
1.40001
1.40001
1.40001
1.40001
1.40001
1.40001
1.40001
1.40001
1.40001
1.40001
1.40001
1.40001
1.40001
1.40001
1.40001
1.40001
1.40001
1.40001
1.40001
1.40001
1.40001
1.40001
1.40001
1.40001
1.40001
1.40001
1.40001
1.40001
1.40001
1.40001
1.40001
1.40001
1.40001
1.40001
1.40001
1.40001
1.40001
1.40001
1.40001
1.40001
1.40001
1.40001
1.40001
1.40001
1.40001
1.40001
1.40001
1.40001
1.40001
1.40001
1.40001
1.40001
1.40001
1.40001
1.40001
1.40001
1.40001
1.40001
1.40001
1.40001
1.40001
1.40001
1.40001
1.40001
1.40001
1.40001
1.40001
1.40001
1.40001
1.40001
1.40001
1.40001
1.40001
1.40001
1.40001
1.40001
1.40001
1.40001
1.40001
1.40001
1.40001
1.40001
1.40001
1.40001
1.40001
1.40001
1.40001
1.40001
1.40001
1.40001
1.40001
1.40001
1.40001
1.40001
1.40001
1.40001
1.40001
1.40001
1.40001
1.40001
1.40001
1.40001
1.40001
1.40001
1.40001
1.40001
1.40001
1.40001
1.40001
1.40001
1.40001
1.40001
1.40001
1.40001
1.40001
1.40001
1.40001
1.40001
1.40001
1.40001
1.40001
1.40001
1.40001
1.40001
1.40001
1.40001
1.40001
1.40001
1.40001
1.40001
1.40001
1.40001
1.40001
1.40001
1.40001
1.40001
1.40001
1.40001
1.40001
1.40001
1.40001
1.40001
1.40001
1.40001
1.40001
1.40001
1.40001
1.40001
1.40001
1.40001
1.40001
1.40001
1.40001
1.40001
1.40001
1.40001
1.40001
1.40001
1.40001
1.40001
1.40001
1.40001
1.40001
1.40001
1.40001
1.40001
1.40001
1.40001
1.40001
1.40001
1.40001
1.40001
1.40001
1.40001
1.40001
1.40001
1.40001
1.40001
1.40001
1.40001
1.40001
1.40001
1.40001
1.40001
1.40001
1.40001
1.40001
1.40001
1.40001
1.40001
1.40001
1.40001
1.40001
1.40001
1.40001
1.40001
1.40001
1.40001
1.40001
1.40001
1.40001
1.40001
1.40001
1.40001
1.40001
1.40001
1.40001
1.40001
1.40001
1.40001
1.40001
1.40001
1.40001
1.40001
1.40001
1.40001
1.40001
1.40001
1.40001
1.40001
1.40001
1.40001
1.40001
1.40001
1.40001
1.40001
1.40001
1.40001
1.40001
1.40001
1.40001
1.40001
1.40001
1.40001
1.40001
1.40001
1.40001
1.40001
1.40001
1.40001
1.40001
1.40001
1.40001
1.40001
1.40001
1.40001
1.40001
1.40001
1.40001
1.40001
1.40001
1.40001
1.40001
1.40001
1.40001
1.40001
1.40001
1.40001
1.40001
1.40001
1.40001
1.40001
1.40001
1.40001
1.40001
1.40001
1.40001
1.40001
1.40001
1.40001
1.40001
1.40001
1.40001
1.40001
1.40001
1.40001
1.40001
1.40001
1.40001
1.40001
1.40001
1.40001
1.40001
1.40001
1.40001
1.40001
1.40001
1.40001
1.40001
1.40001
1.40001
1.40001
1.40001
1.40001
1.40001
1.40001
1.40001
1.40001
1.40001
1.40001
1.40001
1.40001
1.40001
1.40001
1.40001
1.40001
1.40001
1.40001
1.40001
1.40001
1.40001
1.40001
1.40001
1.40001
1.40001
1.40001
1.40001
1.40001
1.40001
1.40001
1.40001
1.40001
1.40001
1.40001
1.40001
1.40001
1.40001
1.40001
1.40001
1.40001
1.40001
1.40001
1.40001
1.40001
1.40001
1.40001
1.40001
1.40001
1.40001
1.40001
1.40001
1.40001
1.40001
1.40001
1.40001
1.40001
1.40001
1.40001
1.40001
1.40001
1.40001
1.40001
1.40001
1.40001
1.40001
1.40001
1.40001
1.40001
1.40001
1.40001
1.40001
1.40001
1.40001
1.40001
1.40001
1.40001
1.40001
1.40001
1.40001
1.40001
1.40001
1.40001
1.40001
1.40001
1.40001
1.40001
1.40001
1.40001
1.40001
1.40001
1.40001
1.40001
1.40001
1.40001
1.40001
1.40001
1.40001
1.40001
1.40001
1.40001
1.40001
1.40001
1.40001
1.40001
1.40001
1.40001
1.40001
1.40001
1.40001
1.40001
1.40001
1.40001
1.40001
1.40001
1.40001
1.40001
1.40001
1.40001
1.40001
1.40001
1.40001
1.40001
1.40001
1.40001
1.40001
1.40001
1.40001
1.40001
1.40001
1.40001
1.40001
1.40001
1.40001
1.40001
1.40001
1.40001
1.40001
1.40001
1.40001
1.40001
1.40001
1.40001
1.40001
1.40001
1.40001
1.40001
1.40001
1.40001
1.40001
1.40001
1.40001
1.40001
1.40001
1.40001
1.40001
1.40001
1.40001
1.40001
1.40001
1.40001
1.40001
1.40001
1.40001
1.40001
1.40001
1.40001
1.40001
1.40001
1.40001
1.40001
1.40001
1.40001
1.40001
1.40001
1.40001
1.40001
1.40001
1.40001
1.40001
1.40001
1.40001
1.40001
1.40001
1.40001
1.40001
1.40001
1.40001
1.40001
1.40001
1.40001
1.40001
1.40001
1.40001
1.40001
1.40001
1.40001
1.40001
1.40001
1.40001
1.40001
1.40001
1.40001
1.40001
1.40001
1.40001
1.40001
1.40001
1.40001
1.40001
1.40001
1.40001
1.40001
1.40001
1.40001
1.40001
1.40001
1.40001
1.40001
1.40001
1.40001
1.40001
1.40001
1.40001
1.40001
1.40001
1.40001
1.40001
1.40001
1.40001
1.40001
1.40001
1.40001
1.40001
1.40001
1.40001
1.40001
1.40001
1.40001
1.40001
1.40001
1.40001
1.40001
1.40001
1.40001
1.40001
1.40001
1.40001
1.40001
1.40001
1.40001
1.40001
1.40001
1.40001
1.40001
1.40001
1.40001
1.40001
1.40001
1.40001
1.40001
1.40001
1.40001
1.40001
1.40001
1.40001
1.40001
1.40001
1.40001
1.40001
1.40001
1.40001
1.40001
1.40001
1.40001
1.40001
1.40001
1.40001
1.40001
1.40001
1.40001
1.40001
1.40001
1.40001
1.40001
1.40001
1.40001
1.40001
1.40001
1.40001
1.40001
1.40001
1.40001
1.40001
1.40001
1.40001
1.40001
1.40001
1.40001
1.40001
1.40001
1.40001
1.40001
1.40001
1.40001
1.40001
1.40001
1.40001
1.40001
1.40001
1.40001
1.40001
1.40001
1.40001
1.40001
1.40001
1.40001
1.40001
1.40001
1.40001
1.40001
1.40001
1.40001
1.40001
1.40001
1.40001
1.40001
1.40001
1.40001
1.40001
1.40001
1.40001
1.40001
1.40001
1.40001
1.40001
1.40001
1.40001
1.40001
1.40001
1.40001
1.40001
1.40001
1.40001
1.40001
1.40001
1.40001
1.40001
1.40001
1.40001
1.40001
1.40001
1.40001
1.40001
1.40001
1.40001
1.40001
1.40001
1.40001
1.40001
1.40001
1.40001
1.40001
1.40001
1.40001
1.40001
1.40001
1.40001
1.40001
1.40001
1.40001
1.40001
1.40001
1.40001
1.40001
1.40001
1.40001
1.40001
1.40001
1.40001
1.40001
1.40001
1.40001
1.40001
1.40001
1.40001
1.40001
1.40001
1.40001
1.40001
1.40001
1.40001
1.40001
1.40001
1.40001
1.40001
1.40001
1.40001
1.40001
1.40001
1.40001
1.40001
1.40001
1.40001
1.40001
1.40001
1.40001
1.40001
1.40001
1.40001
1.40001
1.40001
1.40001
1.40001
1.40001
1.40001
1.40001
1.40001
1.40001
1.40001
1.40001
1.40001
1.40001
1.40001
1.40001
1.40001
1.40001
1.40001
1.40001
1.40001
1.40001
1.40001
1.40001
1.40001
1.40001
1.40001
1.40001
1.40001
1.40001
1.40001
1.40001
1.40001
1.40001
1.40001
1.40001
1.40001
1.40001
1.40001
1.40001
1.40001
1.40001
1.40001
1.40001
1.40001
1.40001
1.40001
1.40001
1.40001
1.40001
1.40001
1.40001
1.40001
1.40001
1.40001
1.40001
1.40001
1.40001
1.40001
1.40001
1.40001
1.40001
1.40001
1.40001
1.40001
1.40001
1.40001
1.40001
1.40001
1.40001
1.40001
1.40001
1.40001
1.40001
1.40001
1.40001
1.40001
1.40001
1.40001
1.40001
1.40001
1.40001
1.40001
1.40001
1.40001
1.40001
1.40001
1.40001
1.40001
1.40001
1.40001
1.40001
1.40001
1.40001
1.40001
1.40001
1.40001
1.40001
1.40001
1.40001
1.40001
1.40001
1.40001
1.40001
1.40001
1.40001
1.40001
1.40001
1.40001
1.40001
1.40001
1.40001
1.40001
1.40001
1.40001
1.40001
1.40001
1.40001
1.40001
1.40001
1.40001
1.40001
1.40001
1.40001
1.40001
1.40001
1.40001
1.40001
1.40001
1.40001
1.40001
1.40001
1.40001
1.40001
1.40001
1.40001
1.40001
1.40001
1.40001
1.40001
1.40001
1.40001
1.40001
1.40001
1.40001
1.40001
1.40001
1.40001
1.40001
1.40001
1.40001
1.40001
1.40001
1.40001
1.40001
1.40001
1.40001
1.40001
1.40001
1.40001
1.40001
1.40001
1.40001
1.40001
1.40001
1.40001
1.40001
1.40001
1.40001
1.40001
1.40001
1.40001
1.40001
1.40001
1.40001
1.40001
1.40001
1.40001
1.40001
1.40001
1.40001
1.40001
1.40001
1.40001
1.40001
1.40001
1.40001
1.40001
1.40001
1.40001
1.40001
1.40001
1.40001
1.40001
1.40001
1.40001
1.40001
1.40001
1.40001
1.40001
1.40001
1.40001
1.40001
1.40001
1.40001
1.40001
1.40001
1.40001
1.40001
1.40001
1.40001
1.40001
1.40001
1.40001
1.40001
1.40001
1.40001
1.40001
1.40001
1.40001
1.40001
1.40001
1.40001
1.40001
1.40001
1.40001
1.40001
1.40001
1.40001
1.40001
1.40001
1.40001
1.40001
1.40001
1.40001
1.40001
1.40001
1.40001
1.40001
1.40001
1.40001
1.40001
1.40001
1.40001
1.40001
1.40001
1.40001
1.40001
1.40001
1.40001
1.40001
1.40001
1.40001
1.40001
1.40001
1.40001
1.40001
1.40001
1.40001
1.40001
1.40001
1.40001
1.40001
1.40001
1.40001
1.40001
1.40001
1.40001
1.40001
1.40001
1.40001
1.40001
1.40001
1.40001
1.40001
1.40001
1.40001
1.40001
1.40001
1.40001
1.40001
1.40001
1.40001
1.40001
1.40001
1.40001
1.40001
1.40001
1.40001
1.40001
1.40001
1.40001
1.40001
1.40001
1.40001
1.40001
1.40001
1.40001
1.40001
1.40001
1.40001
1.40001
1.40001
1.40001
1.40001
1.40001
1.40001
1.40001
1.40001
1.40001
1.40001
1.40001
1.40001
1.40001
1.40001
1.40001
1.40001
1.40001
1.40001
1.40001
1.40001
1.40001
1.40001
1.40001
1.40001
1.40001
1.40001
1.40001
1.40001
1.40001
1.40001
1.40001
1.40001
1.40001
1.40001
1.40001
1.40001
1.40001
1.40001
1.40001
1.40001
1.40001
1.40001
1.40001
1.40001
1.40001
1.40001
1.40001
1.40001
1.40001
1.40001
1.40001
1.40001
1.40001
1.40001
1.40001
1.40001
1.40001
1.40001
1.40001
1.40001
1.40001
1.40001
1.40001
1.40001
1.40001
1.40001
1.40001
1.40001
1.40001
1.40001
1.40001
1.40001
1.40001
1.40001
1.40001
1.40001
1.40001
1.40001
1.40001
1.40001
1.40001
1.40001
1.40001
1.40001
1.40001
1.40001
1.40001
1.40001
1.40001
1.40001
1.40001
1.40001
1.40001
1.40001
1.40001
1.40001
1.40001
1.40001
1.40001
1.40001
1.40001
1.40001
1.40001
1.40001
1.40001
1.40001
1.40001
1.40001
1.40001
1.40001
1.40001
1.40001
1.40001
1.40001
1.40001
1.40001
1.40001
1.40001
1.40001
1.40001
1.40001
1.40001
1.40001
1.40001
1.40001
1.40001
1.40001
1.40001
1.40001
1.40001
1.40001
1.40001
1.40001
1.40001
1.40001
1.40001
1.40001
1.40001
1.40001
1.40001
1.40001
1.40001
1.40001
1.40001
1.40001
1.40001
1.40001
1.40001
1.40001
1.40001
1.40001
1.40001
1.40001
1.40001
1.40001
1.40001
1.40001
1.40001
1.40001
1.40001
1.40001
1.40001
1.40001
1.40001
1.40001
1.40001
1.40001
1.40001
1.40001
1.40001
1.40001
1.40001
1.40001
1.40001
1.40001
1.40001
1.40001
1.40001
1.40001
1.40001
1.40001
1.40001
1.40001
1.40001
1.40001
1.40001
1.40001
1.40001
1.40001
1.40001
1.40001
1.40001
1.40001
1.40001
1.40001
1.40001
1.40001
1.40001
1.40001
1.40001
1.40001
1.40001
1.40001
1.40001
1.40001
1.40001
1.40001
1.40001
1.40001
1.40001
1.40001
1.40001
1.40001
1.40001
1.40001
1.40001
1.40001
1.40001
1.40001
1.40001
1.40001
1.40001
1.40001
1.40001
1.40001
1.40001
1.40001
1.40001
1.40001
1.40001
1.40001
1.40001
1.40001
1.40001
1.40001
1.40001
1.40001
1.40001
1.40001
1.40001
1.40001
1.40001
1.40001
1.40001
1.40001
1.40001
1.40001
1.40001
1.40001
1.40001
1.40001
1.40001
1.40001
1.40001
1.40001
1.40001
1.40001
1.40001
1.40001
1.40001
1.40001
1.40001
1.40001
1.40001
1.40001
1.40001
1.40001
1.40001
1.40001
1.40001
1.40001
1.40001
1.40001
1.40001
1.40001
1.40001
1.40001
1.40001
1.40001
1.40001
1.40001
1.40001
1.40001
1.40001
1.40001
1.40001
1.40001
1.40001
1.40001
1.40001
1.40001
1.40001
1.40001
1.40001
1.40001
1.40001
1.40001
1.40001
1.40001
1.40001
1.40001
1.40001
1.40001
1.40001
1.40001
1.40001
1.40001
1.40001
1.40001
1.40001
1.40001
1.40001
1.40001
1.40001
1.40001
1.40001
1.40001
1.40001
1.40001
1.40001
1.40001
1.40001
1.40001
1.40001
1.40001
1.40001
1.40001
1.40001
1.40001
1.40001
1.40001
1.40001
1.40001
1.40001
1.40001
1.40001
1.40001
1.40001
1.40001
1.40001
1.40001
1.40001
1.40001
1.40001
1.40001
1.40001
1.40001
1.40001
1.40001
1.40001
1.40001
1.40001
1.40001
1.40001
1.40001
1.40001
1.40001
1.40001
1.40001
1.40001
1.40001
1.40001
1.40001
1.40001
1.40001
1.40001
1.40001
1.40001
1.40001
1.40001
1.40001
1.40001
1.40001
1.40001
1.40001
1.40001
1.40001
1.40001
1.40001
1.40001
1.40001
1.40001
1.40001
1.40001
1.40001
1.40001
1.40001
1.40001
1.40001
1.40001
1.40001
1.40001
1.40001
1.40001
1.40001
1.40001
1.40001
1.40001
1.40001
1.40001
1.40001
1.40001
1.40001
1.40001
1.40001
1.40001
1.40001
1.40001
1.40001
1.40001
1.40001
1.40001
1.40001
1.40001
1.40001
1.40001
1.40001
1.40001
1.40001
1.40001
1.40001
1.40001
1.40001
1.40001
1.40001
1.40001
1.40001
1.40001
1.40001
1.40001
1.40001
1.40001
1.40001
1.40001
1.40001
1.40001
1.40001
1.40001
1.40001
1.40001
1.40001
1.40001
1.40001
1.40001
1.40001
1.40001
1.40001
1.40001
1.40001
1.40001
1.40001
1.40001
1.40001
1.40001
1.40001
1.40001
1.40001
1.40001
1.40001
1.40001
1.40001
1.40001
1.40001
1.40001
1.40001
1.40001
1.40001
1.40001
1.40001
1.40001
1.40001
1.40001
1.40001
1.40001
1.40001
1.40001
1.40001
1.40001
1.40001
1.40001
1.40001
1.40001
1.40001
1.40001
1.40001
1.40001
1.40001
1.40001
1.40001
1.40001
1.40001
1.40001
1.40001
1.40001
1.40001
1.40001
1.40001
1.40001
1.40001
1.40001
1.40001
1.40001
1.40001
1.40001
1.40001
1.40001
1.40001
1.40001
1.40001
1.40001
1.40001
1.40001
1.40001
1.40001
1.40001
1.40001
1.40001
1.40001
1.40001
1.40001
1.40001
1.40001
1.40001
1.40001
1.40001
1.40001
1.40001
1.40001
1.40001
1.40001
1.40001
1.40001
1.40001
1.40001
1.40001
1.40001
1.40001
1.40001
1.40001
1.40001
1.40001
1.40001
1.40001
1.40001
1.40001
1.40001
1.40001
1.40001
1.40001
1.40001
1.40001
1.40001
1.40001
1.40001
1.40001
1.40001
1.40001
1.40001
1.40001
1.40001
1.40001
1.40001
1.40001
1.40001
1.40001
1.40001
1.40001
1.40001
1.40001
1.40001
1.40001
1.40001
1.40001
1.40001
1.40001
1.40001
1.40001
1.40001
1.40001
1.40001
1.40001
1.40001
1.40001
1.40001
1.40001
1.40001
1.40001
1.40001
1.40001
1.40001
1.40001
1.40001
1.40001
1.40001
1.40001
1.40001
1.40001
1.40001
1.40001
1.40001
1.40001
1.40001
1.40001
1.40001
1.40001
1.40001
1.40001
1.40001
1.40001
1.40001
1.40001
1.40001
1.40001
1.40001
1.40001
1.40001
1.40001
1.40001
1.40001
1.40001
1.40001
1.40001
1.40001
1.40001
1.40001
1.40001
1.40001
1.40001
1.40001
1.40001
1.40001
1.40001
1.40001
1.40001
1.40001
1.40001
1.40001
1.40001
1.40001
1.40001
1.40001
1.40001
1.40001
1.40001
1.40001
1.40001
1.40001
1.40001
1.40001
1.40001
1.40001
1.40001
1.40001
1.40001
1.40001
1.40001
1.40001
1.40001
1.40001
1.40001
1.40001
1.40001
2.01578
1.39946
1.40001
1.40001
1.40001
1.40001
1.40001
1.40001
1.40001
1.40001
1.40001
1.40001
1.40001
1.40001
1.40001
1.40001
1.40001
1.40001
1.40001
1.40001
1.40001
1.40001
1.40001
1.40001
1.40001
1.40001
1.40001
1.40001
1.40001
1.40001
1.40001
1.40001
1.40001
1.40001
1.40001
3.21609
1.44326
1.40001
1.40001
1.40001
1.40001
1.40001
1.40001
1.40001
1.40001
1.40001
1.40001
1.40001
1.40001
1.40001
1.40001
1.40001
1.40001
1.40001
1.40001
1.40001
1.40001
1.40001
1.40001
1.40001
1.40001
1.40001
1.40001
1.40001
1.40001
1.40001
1.40001
1.40001
1.40001
1.40001
4.49929
1.77281
1.39968
1.40001
1.40001
1.40001
1.40001
1.40001
1.40001
1.40001
1.40001
1.40001
1.40001
1.40001
1.40001
1.40001
1.40001
1.40001
1.40001
1.40001
1.40001
1.40001
1.40001
1.40001
1.40001
1.40001
1.40001
1.40001
1.40001
1.40001
1.40001
1.40001
1.40001
1.40001
1.40001
5.98946
3.22085
1.48759
1.39996
1.40001
1.40001
1.40001
1.40001
1.40001
1.40001
1.40001
1.40001
1.40001
1.40001
1.40001
1.40001
1.40001
1.40001
1.40001
1.40001
1.40001
1.40001
1.40001
1.40001
1.40001
1.40001
1.40001
1.40001
1.40001
1.40001
1.40001
1.40001
1.40001
1.40001
1.40001
5.98463
4.72225
2.97425
1.47663
1.39996
1.40001
1.40001
1.40001
1.40001
1.40001
1.40001
1.40001
1.40001
1.40001
1.40001
1.40001
1.40001
1.40001
1.40001
1.40001
1.40001
1.40001
1.40001
1.40001
1.40001
1.40001
1.40001
1.40001
1.40001
1.40001
1.40001
1.40001
1.40001
1.40001
1.40001
5.16082
4.54139
4.46428
2.83954
1.46135
1.40001
1.40001
1.40001
1.40001
1.40001
1.40001
1.40001
1.40001
1.40001
1.40001
1.40001
1.40001
1.40001
1.40001
1.40001
1.40001
1.40001
1.40001
1.40001
1.40001
1.40001
1.40001
1.40001
1.40001
1.40001
1.40001
1.40001
1.40001
1.40001
1.40001
4.53675
4.41903
4.61106
4.19403
2.31735
1.39924
1.40001
1.40001
1.40001
1.40001
1.40001
1.40001
1.40001
1.40001
1.40001
1.40001
1.40001
1.40001
1.40001
1.40001
1.40001
1.40001
1.40001
1.40001
1.40001
1.40001
1.40001
1.40001
1.40001
1.40001
1.40001
1.40001
1.40001
1.40001
1.40001
4.28575
4.31382
4.46854
4.25887
3.57347
1.77833
1.39965
1.40001
1.40001
1.40001
1.40001
1.40001
1.40001
1.40001
1.40001
1.40001
1.40001
1.40001
1.40001
1.40001
1.40001
1.40001
1.40001
1.40001
1.40001
1.40001
1.40001
1.40001
1.40001
1.40001
1.40001
1.40001
1.40001
1.40001
1.40001
4.28194
4.28384
4.23603
4.16481
4.21532
2.97562
1.49159
1.40001
1.40001
1.40001
1.40001
1.40001
1.40001
1.40001
1.40001
1.40001
1.40001
1.40001
1.40001
1.40001
1.40001
1.40001
1.40001
1.40001
1.40001
1.40001
1.40001
1.40001
1.40001
1.40001
1.40001
1.40001
1.40001
1.40001
1.40001
4.26396
4.26185
4.18032
4.16244
4.2195
3.94086
2.18465
1.39923
1.40001
1.40001
1.40001
1.40001
1.40001
1.40001
1.40001
1.40001
1.40001
1.40001
1.40001
1.40001
1.40001
1.40001
1.40001
1.40001
1.40001
1.40001
1.40001
1.40001
1.40001
1.40001
1.40001
1.40001
1.40001
1.40001
1.40001
4.26885
4.26899
4.20806
4.16505
4.16944
4.06369
3.21298
1.57281
1.39995
1.40001
1.40001
1.40001
1.40001
1.40001
1.40001
1.40001
1.40001
1.40001
1.40001
1.40001
1.40001
1.40001
1.40001
1.40001
1.40001
1.40001
1.40001
1.40001
1.40001
1.40001
1.40001
1.40001
1.40001
1.40001
1.40001
4.2835
4.28463
4.23219
4.17528
4.12032
4.07732
3.93377
2.2473
1.39926
1.40001
1.40001
1.40001
1.40001
1.40001
1.40001
1.40001
1.40001
1.40001
1.40001
1.40001
1.40001
1.40001
1.40001
1.40001
1.40001
1.40001
1.40001
1.40001
1.40001
1.40001
1.40001
1.40001
1.40001
1.40001
1.40001
4.3058
4.30336
4.24087
4.1739
4.11174
4.10958
4.20468
3.38362
1.606
1.39979
1.40001
1.40001
1.40001
1.40001
1.40001
1.40001
1.40001
1.40001
1.40001
1.40001
1.40001
1.40001
1.40001
1.40001
1.40001
1.40001
1.40001
1.40001
1.40001
1.40001
1.40001
1.40001
1.40001
1.40001
1.40001
4.32697
4.31657
4.24329
4.17604
4.12117
4.12763
4.19757
3.89366
2.29621
1.40268
1.40001
1.40001
1.40001
1.40001
1.40001
1.40001
1.40001
1.40001
1.40001
1.40001
1.40001
1.40001
1.40001
1.40001
1.40001
1.40001
1.40001
1.40001
1.40001
1.40001
1.40001
1.40001
1.40001
1.40001
1.40001
4.33941
4.32263
4.24298
4.17725
4.13957
4.14713
4.18422
4.14524
3.21771
1.55298
1.40001
1.40001
1.40001
1.40001
1.40001
1.40001
1.40001
1.40001
1.40001
1.40001
1.40001
1.40001
1.40001
1.40001
1.40001
1.40001
1.40001
1.40001
1.40001
1.40001
1.40001
1.40001
1.40001
1.40001
1.40001
4.33812
4.31833
4.24805
4.1885
4.16585
4.16165
4.19269
4.23907
4.03976
2.18168
1.39915
1.40001
1.40001
1.40001
1.40001
1.40001
1.40001
1.40001
1.40001
1.40001
1.40001
1.40001
1.40001
1.40001
1.40001
1.40001
1.40001
1.40001
1.40001
1.40001
1.40001
1.40001
1.40001
1.40001
1.40001
4.33122
4.31132
4.25868
4.20607
4.18279
4.1697
4.20044
4.2421
4.16482
3.15261
1.52457
1.40001
1.40001
1.40001
1.40001
1.40001
1.40001
1.40001
1.40001
1.40001
1.40001
1.40001
1.40001
1.40001
1.40001
1.40001
1.40001
1.40001
1.40001
1.40001
1.40001
1.40001
1.40001
1.40001
1.40001
4.31959
4.30305
4.2656
4.21627
4.19047
4.1806
4.20661
4.23712
4.20115
3.80768
1.98844
1.39934
1.40001
1.40001
1.40001
1.40001
1.40001
1.40001
1.40001
1.40001
1.40001
1.40001
1.40001
1.40001
1.40001
1.40001
1.40001
1.40001
1.40001
1.40001
1.40001
1.40001
1.40001
1.40001
1.40001
4.30967
4.29485
4.26419
4.21604
4.18867
4.18346
4.20846
4.24108
4.2421
4.22799
2.9068
1.46141
1.40001
1.40001
1.40001
1.40001
1.40001
1.40001
1.40001
1.40001
1.40001
1.40001
1.40001
1.40001
1.40001
1.40001
1.40001
1.40001
1.40001
1.40001
1.40001
1.40001
1.40001
1.40001
1.40001
4.30433
4.29096
4.25997
4.21178
4.182
4.18132
4.20687
4.23962
4.25682
4.30524
3.75617
1.84932
1.39947
1.40001
1.40001
1.40001
1.40001
1.40001
1.40001
1.40001
1.40001
1.40001
1.40001
1.40001
1.40001
1.40001
1.40001
1.40001
1.40001
1.40001
1.40001
1.40001
1.40001
1.40001
1.40001
4.30272
4.29136
4.25656
4.20785
4.17785
4.17984
4.20445
4.2327
4.24811
4.28472
4.07079
2.594
1.42524
1.40001
1.40001
1.40001
1.40001
1.40001
1.40001
1.40001
1.40001
1.40001
1.40001
1.40001
1.40001
1.40001
1.40001
1.40001
1.40001
1.40001
1.40001
1.40001
1.40001
1.40001
1.40001
4.30307
4.29236
4.25457
4.20647
4.17795
4.17929
4.20135
4.22528
4.2349
4.26392
4.26542
3.47682
1.64749
1.3997
1.40001
1.40001
1.40001
1.40001
1.40001
1.40001
1.40001
1.40001
1.40001
1.40001
1.40001
1.40001
1.40001
1.40001
1.40001
1.40001
1.40001
1.40001
1.40001
1.40001
1.40001
4.30146
4.29214
4.25531
4.20778
4.18114
4.18048
4.19846
4.21986
4.23572
4.26796
4.31376
4.05543
2.27148
1.40353
1.40001
1.40001
1.40001
1.40001
1.40001
1.40001
1.40001
1.40001
1.40001
1.40001
1.40001
1.40001
1.40001
1.40001
1.40001
1.40001
1.40001
1.40001
1.40001
1.40001
1.40001
4.29808
4.29104
4.25736
4.21063
4.18711
4.18417
4.19772
4.21852
4.23609
4.26538
4.31102
4.17826
3.15768
1.52316
1.40001
1.40001
1.40001
1.40001
1.40001
1.40001
1.40001
1.40001
1.40001
1.40001
1.40001
1.40001
1.40001
1.40001
1.40001
1.40001
1.40001
1.40001
1.40001
1.40001
1.40001
4.29691
4.28857
4.25778
4.21181
4.19169
4.18758
4.19858
4.21812
4.23458
4.25928
4.29312
4.21925
3.77716
1.93431
1.39936
1.40001
1.40001
1.40001
1.40001
1.40001
1.40001
1.40001
1.40001
1.40001
1.40001
1.40001
1.40001
1.40001
1.40001
1.40001
1.40001
1.40001
1.40001
1.40001
1.40001
4.29736
4.28604
4.25741
4.21238
4.19455
4.18959
4.19984
4.21832
4.23361
4.25462
4.27654
4.24424
4.16351
2.6542
1.43099
1.40001
1.40001
1.40001
1.40001
1.40001
1.40001
1.40001
1.40001
1.40001
1.40001
1.40001
1.40001
1.40001
1.40001
1.40001
1.40001
1.40001
1.40001
1.40001
1.40001
4.29844
4.28566
4.25773
4.21508
4.19733
4.19117
4.20014
4.21915
4.23466
4.25288
4.27232
4.26725
4.24337
3.55506
1.67375
1.39967
1.40001
1.40001
1.40001
1.40001
1.40001
1.40001
1.40001
1.40001
1.40001
1.40001
1.40001
1.40001
1.40001
1.40001
1.40001
1.40001
1.40001
1.40001
1.40001
4.29929
4.28596
4.25871
4.21876
4.19922
4.19242
4.20001
4.21965
4.23531
4.25376
4.27213
4.27534
4.22712
3.94373
2.23174
1.40388
1.40001
1.40001
1.40001
1.40001
1.40001
1.40001
1.40001
1.40001
1.40001
1.40001
1.40001
1.40001
1.40001
1.40001
1.40001
1.40001
1.40001
1.40001
1.40001
4.29852
4.28645
4.26022
4.22225
4.20102
4.19405
4.1998
4.21884
4.23586
4.25821
4.276
4.27546
4.22902
4.17466
2.95323
1.47901
1.40001
1.40001
1.40001
1.40001
1.40001
1.40001
1.40001
1.40001
1.40001
1.40001
1.40001
1.40001
1.40001
1.40001
1.40001
1.40001
1.40001
1.40001
1.40001
4.29565
4.28564
4.26131
4.22454
4.20258
4.19582
4.2004
4.21723
4.2359
4.25991
4.27709
4.27318
4.24316
4.2737
3.76711
1.82055
1.39946
1.40001
1.40001
1.40001
1.40001
1.40001
1.40001
1.40001
1.40001
1.40001
1.40001
1.40001
1.40001
1.40001
1.40001
1.40001
1.40001
1.40001
1.40001
4.29182
4.28355
4.26095
4.22469
4.20337
4.19726
4.20226
4.21604
4.23515
4.25879
4.27361
4.26896
4.25369
4.27513
4.04275
2.45906
1.41633
1.4
1.40001
1.40001
1.40001
1.40001
1.40001
1.40001
1.40001
1.40001
1.40001
1.40001
1.40001
1.40001
1.40001
1.40001
1.40001
1.40001
1.40001
4.28954
4.28027
4.25967
4.22423
4.2036
4.19832
4.20427
4.21536
4.23403
4.25523
4.26937
4.26719
4.24953
4.25389
4.18002
3.15497
1.53528
1.4
1.40001
1.40001
1.40001
1.40001
1.40001
1.40001
1.40001
1.40001
1.40001
1.40001
1.40001
1.40001
1.40001
1.40001
1.40001
1.40001
1.40001
4.28907
4.277
4.25704
4.22376
4.20378
4.19895
4.20521
4.21522
4.23378
4.25277
4.26603
4.26821
4.25023
4.2477
4.26203
3.8786
1.94352
1.39933
1.40001
1.40001
1.40001
1.40001
1.40001
1.40001
1.40001
1.40001
1.40001
1.40001
1.40001
1.40001
1.40001
1.40001
1.40001
1.40001
1.40001
4.28867
4.27513
4.25414
4.22401
4.2045
4.19955
4.20532
4.21525
4.23408
4.25152
4.2638
4.26843
4.25588
4.2521
4.28326
4.08566
2.60398
1.42888
1.40001
1.40001
1.40001
1.40001
1.40001
1.40001
1.40001
1.40001
1.40001
1.40001
1.40001
1.40001
1.40001
1.40001
1.40001
1.40001
1.40001
4.2869
4.27489
4.25337
4.22513
4.2062
4.20064
4.20553
4.21499
4.23357
4.24976
4.26168
4.26743
4.25932
4.25513
4.28153
4.18687
3.24861
1.57263
1.3998
1.40001
1.40001
1.40001
1.40001
1.40001
1.40001
1.40001
1.40001
1.40001
1.40001
1.40001
1.40001
1.40001
1.40001
1.40001
1.40001
4.28381
4.2754
4.25402
4.227
4.20865
4.20236
4.20629
4.21472
4.23202
4.24731
4.25905
4.26488
4.2592
4.2546
4.26761
4.2277
3.93245
2.00991
1.4003
1.4
1.40001
1.40001
1.40001
1.40001
1.40001
1.40001
1.40001
1.40001
1.40001
1.40001
1.40001
1.40001
1.40001
1.40001
1.40001
4.28194
4.27596
4.25539
4.22883
4.21113
4.20414
4.20733
4.21493
4.23074
4.24556
4.25755
4.26345
4.25924
4.25355
4.26373
4.25546
4.12185
2.67811
1.43814
1.40001
1.40001
1.40001
1.40001
1.40001
1.40001
1.40001
1.40001
1.40001
1.40001
1.40001
1.40001
1.40001
1.40001
1.40001
1.40001
4.28219
4.27611
4.25684
4.23033
4.21292
4.20516
4.20805
4.21566
4.23028
4.24527
4.25762
4.26341
4.25977
4.25319
4.26241
4.27333
4.17484
3.26281
1.58906
1.39977
1.40001
1.40001
1.40001
1.40001
1.40001
1.40001
1.40001
1.40001
1.40001
1.40001
1.40001
1.40001
1.40001
1.40001
1.40001
4.2837
4.27643
4.25812
4.23135
4.21369
4.20555
4.20829
4.21671
4.23032
4.24553
4.25858
4.26373
4.26072
4.25398
4.26124
4.27381
4.20637
3.91387
2.00534
1.40075
1.4
1.40001
1.40001
1.40001
1.40001
1.40001
1.40001
1.40001
1.40001
1.40001
1.40001
1.40001
1.40001
1.40001
1.40001
4.28634
4.27668
4.25853
4.2325
4.21428
4.20638
4.20764
4.21726
4.23057
4.24634
4.26
4.26371
4.26063
4.25392
4.25988
4.26948
4.22025
4.16124
2.68711
1.43849
1.40001
1.40001
1.40001
1.40001
1.40001
1.40001
1.40001
1.40001
1.40001
1.40001
1.40001
1.40001
1.40001
1.40001
1.40001
4.28784
4.27687
4.25831
4.23372
4.21465
4.20647
4.20722
4.21743
4.23095
4.24723
4.26045
4.26317
4.2599
4.2533
4.25655
4.26801
4.24501
4.17683
3.23444
1.58444
1.39979
1.40001
1.40001
1.40001
1.40001
1.40001
1.40001
1.40001
1.40001
1.40001
1.40001
1.40001
1.40001
1.40001
1.40001
4.28775
4.27703
4.25784
4.23417
4.21478
4.20675
4.20749
4.21744
4.2313
4.24778
4.26018
4.26224
4.25939
4.25255
4.25303
4.26717
4.2655
4.20354
3.8228
1.94263
1.40057
1.40001
1.40001
1.40001
1.40001
1.40001
1.40001
1.40001
1.40001
1.40001
1.40001
1.40001
1.40001
1.40001
1.40001
4.28585
4.27638
4.25746
4.23417
4.21492
4.20736
4.20848
4.21788
4.23168
4.2477
4.25921
4.26144
4.25963
4.25245
4.25126
4.26621
4.26723
4.21022
4.16961
2.61407
1.43003
1.40001
1.40001
1.40001
1.40001
1.40001
1.40001
1.40001
1.40001
1.40001
1.40001
1.40001
1.40001
1.40001
1.40001
4.2824
4.27452
4.25673
4.23397
4.21484
4.20849
4.20989
4.21838
4.23165
4.24707
4.25778
4.26089
4.26038
4.25264
4.24954
4.26406
4.26752
4.21989
4.19844
3.17618
1.56075
1.39984
1.4
1.40001
1.40001
1.40001
1.40001
1.40001
1.40001
1.40001
1.40001
1.40001
1.40001
1.40001
1.40001
4.27977
4.27199
4.25548
4.23392
4.21486
4.2101
4.21082
4.21818
4.23109
4.24576
4.25599
4.26058
4.26168
4.25397
4.2482
4.25888
4.26971
4.24523
4.20988
3.69566
1.85623
1.40027
1.4
1.40001
1.40001
1.40001
1.40001
1.40001
1.40001
1.40001
1.40001
1.40001
1.40001
1.40001
1.40001
4.27879
4.27047
4.2545
4.2342
4.21546
4.21182
4.21135
4.21762
4.22989
4.24365
4.25397
4.2603
4.26311
4.25651
4.24832
4.2523
4.26938
4.26343
4.21344
4.13409
2.469
1.41914
1.40001
1.40001
1.40001
1.40001
1.40001
1.40001
1.40001
1.40001
1.40001
1.40001
1.40001
1.40001
1.40001
4.27825
4.27015
4.25432
4.23516
4.21722
4.21361
4.21189
4.21671
4.22804
4.24096
4.25187
4.26027
4.26449
4.25969
4.24857
4.24732
4.26643
4.26567
4.21682
4.20301
3.05402
1.52026
1.40002
1.40001
1.40001
1.40001
1.40001
1.40001
1.40001
1.40001
1.40001
1.40001
1.40001
1.40001
1.40001
4.27766
4.27031
4.25448
4.23655
4.21985
4.21557
4.21261
4.21563
4.22593
4.23839
4.25019
4.26035
4.26566
4.26308
4.24958
4.2442
4.26002
4.26582
4.22898
4.2119
3.55047
1.7552
1.39997
1.4
1.40001
1.40001
1.40001
1.40001
1.40001
1.40001
1.40001
1.40001
1.40001
1.40001
1.40001
4.27594
4.27093
4.2552
4.23833
4.2236
4.2172
4.21257
4.2149
4.22436
4.2367
4.24882
4.25972
4.26593
4.26478
4.25231
4.24324
4.25061
4.26602
4.25261
4.22275
4.05078
2.3041
1.42375
1.40002
1.40001
1.40001
1.40001
1.40001
1.40001
1.40001
1.40001
1.40001
1.40001
1.40001
1.40001
4.27514
4.27097
4.25333
4.23651
4.22467
4.21798
4.21286
4.21621
4.22658
4.23917
4.25134
4.26144
4.26695
4.26613
4.25548
4.24228
4.24408
4.26565
4.26398
4.21971
4.18661
2.74487
1.42218
1.39929
1.4
1.40001
1.40001
1.40001
1.40001
1.40001
1.40001
1.40001
1.40001
1.40001
1.40001
2.13771
3.09543
3.55843
3.83341
3.98652
4.07838
4.13063
4.16841
4.19612
4.21989
4.23919
4.25367
4.26205
4.26632
4.2643
4.25041
4.24153
4.2554
4.26787
4.23012
4.20745
3.66239
1.83115
1.41055
1.40005
1.40001
1.40001
1.40001
1.40001
1.40001
1.40001
1.40001
1.40001
1.40001
1.40001
0.836373
1.98803
2.63877
3.09006
3.43432
3.6717
3.84347
3.96355
4.06076
4.13039
4.18519
4.22129
4.2428
4.25608
4.26246
4.25948
4.24664
4.24513
4.26343
4.2556
4.21374
4.13213
2.64182
1.50678
1.40134
1.40001
1.40001
1.40001
1.40001
1.40001
1.40001
1.40001
1.40001
1.40001
1.40001
0.397252
1.27712
1.88673
2.37144
2.77641
3.12451
3.40955
3.60965
3.78781
3.92453
4.03756
4.1245
4.1818
4.21801
4.24217
4.25433
4.25271
4.24371
4.25219
4.26306
4.2284
4.23077
3.577
1.85519
1.41452
1.4001
1.40001
1.40001
1.40001
1.40001
1.40001
1.40001
1.40001
1.40001
1.40001
0.398562
0.905673
1.36313
1.85233
2.24473
2.58897
2.91122
3.21245
3.4135
3.63362
3.79116
3.9443
4.04637
4.12781
4.18214
4.22234
4.24293
4.24117
4.24166
4.25863
4.2611
4.28591
3.97154
2.50376
1.48986
1.40105
1.40001
1.40001
1.40001
1.40001
1.40001
1.40001
1.40001
1.40001
1.40001
0.483124
0.773883
0.994866
1.40808
1.83801
2.18085
2.4659
2.79919
3.06133
3.28
3.50671
3.68294
3.85483
3.96661
4.07186
4.14279
4.19896
4.22572
4.23228
4.2456
4.2785
4.3229
4.18036
3.42077
1.77548
1.41027
1.40007
1.40001
1.40001
1.40001
1.40001
1.40001
1.40001
1.40001
1.40001
0.622939
0.726654
0.812094
1.08499
1.46661
1.84893
2.15075
2.40137
2.7308
2.94419
3.20822
3.4059
3.61353
3.77369
3.89948
4.02045
4.1057
4.17418
4.20526
4.22463
4.27024
4.33321
4.27984
3.87138
2.31048
1.45696
1.40052
1.40001
1.40001
1.40001
1.40001
1.40001
1.40001
1.40001
1.40001
0.756021
0.697409
0.740161
0.978047
1.16605
1.51288
1.87715
2.11745
2.40807
2.67936
2.88346
3.14909
3.33341
3.56089
3.70661
3.85629
3.97682
4.07612
4.14641
4.18882
4.24421
4.32473
4.29378
4.12731
3.15858
1.65844
1.40511
1.40003
1.40001
1.40001
1.40001
1.40001
1.40001
1.40001
1.40001
0.786476
0.703775
0.709255
0.914731
1.05632
1.23707
1.58694
1.90305
2.10009
2.42073
2.63151
2.89484
3.10168
3.30949
3.52121
3.65622
3.82755
3.94269
4.05236
4.12243
4.2013
4.29202
4.2669
4.24612
3.69934
2.05252
1.42833
1.40021
1.40001
1.40001
1.40001
1.40001
1.40001
1.40001
1.40001
0.764079
0.693326
0.719072
0.853137
0.985451
1.14282
1.32834
1.67753
1.90761
2.15949
2.42713
2.62059
2.89638
3.06802
3.31238
3.49104
3.63916
3.80354
3.91811
4.03337
4.13242
4.23763
4.2152
4.25288
4.04718
2.77956
1.53342
1.40162
1.40001
1.40001
1.40001
1.40001
1.40001
1.40001
1.40001
0.737249
0.700541
0.735649
0.786976
0.899917
1.09379
1.22056
1.46122
1.74927
1.91722
2.21934
2.41787
2.68157
2.89821
3.07013
3.31722
3.46454
3.6468
3.78085
3.91719
4.03906
4.17389
4.14276
4.22006
4.19396
3.44574
1.82844
1.41163
1.40006
1.40001
1.40001
1.40001
1.40001
1.40001
1.40001
0.742438
0.731361
0.760641
0.764979
0.800731
1.00673
1.16267
1.29357
1.57975
1.78278
2.00867
2.25831
2.43264
2.71828
2.89562
3.11837
3.32265
3.4602
3.64719
3.77831
3.94139
4.07574
4.08031
4.1573
4.19997
3.82354
2.27415
1.45157
1.40043
1.40001
1.40001
1.40001
1.40001
1.40001
1.40001
0.762611
0.769123
0.785113
0.77139
0.772805
0.888491
1.07709
1.21456
1.41331
1.66572
1.81613
2.09452
2.27237
2.52411
2.76025
2.90766
3.16114
3.3212
3.49115
3.65136
3.82135
3.96373
4.01399
4.08511
4.16821
4.08831
2.98639
1.58876
1.40276
1.40002
1.40001
1.40001
1.40001
1.40001
1.40001
0.780921
0.794341
0.802555
0.781707
0.774388
0.818239
0.964425
1.15187
1.2907
1.5343
1.70823
1.92927
2.1616
2.30549
2.59359
2.78559
2.96995
3.19106
3.32828
3.52992
3.68277
3.85923
3.9308
4.00948
4.09933
4.13147
3.56412
1.92314
1.41575
1.40009
1.40001
1.40001
1.40001
1.40001
1.40001
0.781505
0.797487
0.813707
0.798554
0.784681
0.815297
0.85887
1.05659
1.20438
1.40051
1.61906
1.75657
2.0261
2.1916
2.41128
2.66196
2.80468
3.04273
3.21423
3.38644
3.56372
3.73945
3.84145
3.9382
4.03042
4.11434
3.81773
2.36932
1.4635
1.40051
1.40001
1.40001
1.40001
1.40001
1.40001
0.773476
0.792248
0.815927
0.816746
0.809192
0.823412
0.838785
0.956454
1.1237
1.27887
1.51271
1.65991
1.88187
2.10751
2.23071
2.50921
2.71208
2.8638
3.09462
3.25347
3.4571
3.59071
3.73885
3.87223
3.9533
4.05787
4.0028
2.93497
1.59186
1.40289
1.40002
1.40001
1.40001
1.40001
1.40001
0.750483
0.774507
0.813955
0.829955
0.833519
0.827544
0.839021
0.922864
1.05261
1.18152
1.39674
1.59265
1.72112
1.98646
2.15334
2.33779
2.59351
2.74138
2.95796
3.15068
3.33038
3.46908
3.61983
3.78435
3.87566
3.99847
4.03247
3.53106
1.88381
1.41337
1.40007
1.40001
1.40001
1.40001
1.40001
0.736389
0.75502
0.807034
0.835474
0.837928
0.822186
0.829819
0.907236
1.01075
1.12206
1.26128
1.49881
1.63474
1.85533
2.07885
2.19499
2.45311
2.66202
2.79894
3.03999
3.21206
3.3837
3.48356
3.67543
3.80174
3.92035
4.01753
3.74495
2.32911
1.45386
1.40038
1.40001
1.40001
1.40001
1.40001
0.73753
0.753
0.806027
0.841674
0.838306
0.821323
0.822247
0.881789
0.97223
1.08993
1.1794
1.39649
1.58135
1.70087
1.9634
2.13914
2.29294
2.54967
2.70833
2.91177
3.11186
3.27897
3.39522
3.55554
3.71521
3.82509
3.97246
3.87607
2.75525
1.55178
1.40195
1.40001
1.40001
1.40001
1.40001
0.748246
0.759385
0.80706
0.841711
0.836886
0.821953
0.822099
0.856477
0.923843
1.05677
1.16106
1.28877
1.50403
1.62608
1.83773
2.06658
2.18655
2.41879
2.63337
2.77859
3.01014
3.15573
3.32334
3.43529
3.61931
3.74673
3.90615
3.91208
3.27755
1.75397
1.40782
1.40004
1.40001
1.40001
1.40001
0.767678
0.776989
0.808567
0.839398
0.835648
0.822102
0.825288
0.843906
0.868572
1.00338
1.13786
1.22177
1.41792
1.59056
1.70003
1.95691
2.13918
2.27226
2.52804
2.70513
2.89414
3.05451
3.22962
3.36221
3.51554
3.66712
3.81279
3.90515
3.62029
2.12873
1.43044
1.40018
1.40001
1.40001
1.40001
0.778288
0.790356
0.809387
0.83778
0.836304
0.827598
0.825986
0.833126
0.839177
0.928911
1.0883
1.19287
1.32739
1.53001
1.64487
1.83636
2.06458
2.19642
2.40247
2.6293
2.77883
2.97457
3.11149
3.3032
3.41004
3.57258
3.7201
3.87491
3.72588
2.50793
1.49203
1.40085
1.40001
1.40001
1.40001
0.778876
0.79208
0.809713
0.837971
0.841528
0.837263
0.828395
0.829856
0.83458
0.880216
1.02327
1.16165
1.25282
1.44982
1.6169
1.71664
1.95991
2.15062
2.2803
2.53115
2.70531
2.88614
3.01225
3.22659
3.34698
3.48059
3.63323
3.81978
3.77336
2.88534
1.60613
1.40321
1.40002
1.40001
1.40001
0.77171
0.788968
0.807491
0.838284
0.854854
0.851884
0.839723
0.830573
0.834406
0.87514
0.954687
1.11021
1.21222
1.34858
1.55753
1.67631
1.8419
2.07372
2.22681
2.41134
2.62984
2.76945
2.93894
3.13024
3.28724
3.41481
3.54369
3.74432
3.78555
3.34555
1.84328
1.41123
1.40005
1.40001
1.40001
0.758854
0.777437
0.802205
0.837697
0.859789
0.858229
0.849776
0.836069
0.839644
0.882636
0.913351
1.05033
1.18078
1.27571
1.48046
1.64958
1.74784
1.9722
2.17639
2.31603
2.54462
2.68099
2.86453
3.01929
3.21366
3.35187
3.47211
3.65919
3.77964
3.52113
2.16978
1.4383
1.40023
1.40001
1.40001
0.758182
0.770636
0.800724
0.835885
0.85967
0.858457
0.851086
0.839246
0.842921
0.882754
0.9059
0.992508
1.1404
1.24718
1.3852
1.59044
1.71943
1.85954
2.09679
2.26833
2.43929
2.61987
2.76744
2.93085
3.13448
3.27532
3.41836
3.56889
3.74832
3.61034
2.4571
1.4906
1.40087
1.40001
1.40001
0.763361
0.771132
0.801566
0.833127
0.857378
0.856839
0.851001
0.84008
0.842069
0.872845
0.897366
0.950161
1.08522
1.22026
1.30967
1.51266
1.68709
1.79859
1.99551
2.21058
2.35204
2.5541
2.68561
2.85929
3.05075
3.19516
3.35752
3.49104
3.7008
3.66543
2.86795
1.59864
1.40282
1.40002
1.40001
0.775445
0.77719
0.805351
0.832184
0.853199
0.853333
0.848065
0.836696
0.840066
0.859409
0.884796
0.943189
1.03049
1.18047
1.29052
1.41905
1.62371
1.77347
1.90317
2.13126
2.2979
2.46699
2.62993
2.7898
2.95694
3.12783
3.27842
3.42277
3.63019
3.67575
3.20818
1.80646
1.40988
1.40005
1.40001
0.782872
0.786608
0.810124
0.831587
0.850132
0.853262
0.847751
0.835881
0.832419
0.846787
0.873962
0.939836
1.00579
1.13128
1.26857
1.35201
1.54447
1.73187
1.86597
2.03284
2.2382
2.36533
2.56731
2.73336
2.86758
3.06673
3.18984
3.35072
3.54406
3.66813
3.33107
2.02426
1.42733
1.40015
1.40001
0.781752
0.789214
0.810942
0.831065
0.849338
0.855197
0.85037
0.838415
0.829626
0.837122
0.859469
0.926171
0.991863
1.08672
1.233
1.34281
1.45743
1.66271
1.83418
1.96468
2.16879
2.31204
2.48606
2.67505
2.81455
3.00232
3.133
3.27875
3.4646
3.64228
3.4664
2.29998
1.46218
1.4005
1.40001
0.776496
0.7882
0.810515
0.830747
0.849632
0.859883
0.856995
0.844738
0.8318
0.833464
0.84204
0.896409
0.971658
1.05283
1.18443
1.32737
1.4147
1.5787
1.78086
1.93205
2.08072
2.26504
2.391
2.60477
2.77618
2.92082
3.08728
3.21479
3.38425
3.59576
3.56146
2.69177
1.54031
1.40156
1.40001
0.768173
0.783832
0.808464
0.830125
0.849972
0.864512
0.86423
0.856543
0.839803
0.833015
0.83962
0.87372
0.940735
1.02771
1.12812
1.28764
1.40511
1.51192
1.70544
1.89155
2.0187
2.20773
2.34338
2.51587
2.72354
2.85137
3.03429
3.15926
3.30995
3.53998
3.56893
2.90182
1.66802
1.40489
1.40002
0.766173
0.780611
0.805971
0.828994
0.849413
0.864596
0.866518
0.864959
0.851047
0.834931
0.84116
0.869004
0.911251
1.00279
1.09324
1.23402
1.38202
1.49161
1.62571
1.83214
1.9822
2.1236
2.30127
2.43485
2.65938
2.81044
2.96795
3.10726
3.25789
3.47871
3.56218
3.09148
1.82185
1.41265
1.40006
0.76885
0.780934
0.805163
0.82821
0.847154
0.861923
0.866551
0.865697
0.856797
0.839958
0.843421
0.865023
0.894492
0.973287
1.0688
1.1701
1.33785
1.47423
1.58969
1.75413
1.93809
2.05648
2.24769
2.39947
2.5756
2.76249
2.89446
3.05687
3.20911
3.40593
3.53366
3.32594
2.05753
1.42936
1.40018
0.777662
0.784631
0.80577
0.828891
0.842529
0.854609
0.864361
0.864492
0.857673
0.843297
0.844036
0.857874
0.885679
0.952272
1.0467
1.13903
1.28083
1.43887
1.57209
1.68961
1.88154
2.02218
2.17078
2.36086
2.48736
2.70289
2.84414
3.00147
3.14594
3.33676
3.50042
3.40377
2.33902
1.46764
1.40052
0.788982
0.791888
0.807497
0.829706
0.839371
0.847285
0.857712
0.860833
0.85728
0.84546
0.846179
0.85424
0.877213
0.939392
1.0206
1.12151
1.21705
1.3864
1.54367
1.66596
1.80579
1.98153
2.10789
2.30849
2.45314
2.62627
2.79571
2.93524
3.07152
3.27711
3.47149
3.42154
2.53523
1.52965
1.40153
0.792217
0.79528
0.808561
0.829957
0.839244
0.846005
0.853665
0.856039
0.854736
0.8484
0.847322
0.853245
0.867136
0.928558
1.00038
1.10136
1.19712
1.32525
1.49726
1.64324
1.75063
1.92923
2.07331
2.2354
2.42123
2.54716
2.74002
2.87369
3.02312
3.209
3.43741
3.42548
2.77436
1.61865
1.40377
0.791355
0.795161
0.809202
0.830841
0.841009
0.846925
0.853749
0.854514
0.853121
0.850792
0.846949
0.851817
0.859117
0.911533
0.97924
1.07969
1.19096
1.2903
1.43616
1.60578
1.72853
1.8537
2.0331
2.17804
2.37229
2.51356
2.6722
2.82696
2.98095
3.13121
3.38849
3.42513
3.04065
1.76993
1.40914
0.786087
0.792333
0.809378
0.832041
0.845954
0.851082
0.855998
0.854521
0.853491
0.851716
0.845948
0.846838
0.854487
0.899944
0.954778
1.05161
1.17261
1.28038
1.39118
1.55081
1.70116
1.80601
1.9831
2.14304
2.30151
2.47992
2.61333
2.78399
2.92281
3.07945
3.33194
3.42658
3.12512
1.94849
1.42225
0.779715
0.787179
0.809368
0.832498
0.850487
0.854384
0.857029
0.857004
0.855469
0.852517
0.843857
0.839511
0.848194
0.891891
0.938627
1.01725
1.13956
1.26282
1.37224
1.48788
1.66031
1.78806
1.91469
2.10175
2.24664
2.43015
2.57915
2.73571
2.8708
3.0386
3.26081
3.41934
3.20364
2.10689
1.44314
0.778871
0.785153
0.809472
0.833054
0.851584
0.853983
0.855548
0.857593
0.857367
0.854107
0.843866
0.837028
0.842602
0.880394
0.927742
0.998229
1.09279
1.22885
1.35326
1.45908
1.60223
1.75994
1.87707
2.04662
2.2095
2.36099
2.54026
2.68375
2.83848
2.98805
3.18923
3.39778
3.3052
2.34168
1.48185
0.78057
0.785589
0.809837
0.833035
0.850994
0.852091
0.85246
0.855856
0.857196
0.856457
0.846156
0.837484
0.841543
0.862593
0.91166
0.988284
1.06532
1.18488
1.32245
1.4422
1.54475
1.71792
1.85808
1.98616
2.16906
2.31318
2.48912
2.64107
2.79625
2.93028
3.13483
3.3645
3.33786
2.58091
1.55242
0.786508
0.789677
0.811322
0.832057
0.848473
0.848822
0.848943
0.853343
0.856614
0.857247
0.849924
0.839768
0.842341
0.855381
0.888175
0.973473
1.05818
1.15259
1.27984
1.41779
1.52452
1.65645
1.82591
1.95892
2.11256
2.27905
2.42442
2.59997
2.74695
2.88763
3.07878
3.31771
3.33342
2.70351
1.63987
0.791932
0.795879
0.811631
0.830603
0.846184
0.847201
0.846988
0.85094
0.855747
0.856551
0.851843
0.84329
0.846392
0.856155
0.868706
0.94505
1.04344
1.13946
1.24534
1.38147
1.5072
1.6061
1.78052
1.93579
2.05697
2.24029
2.38393
2.54697
2.70428
2.85126
3.01064
3.26825
3.32163
2.85126
1.76584
0.792585
0.798061
0.811412
0.829494
0.845745
0.847436
0.847249
0.849752
0.853965
0.854702
0.851488
0.843993
0.850415
0.859531
0.865266
0.915643
1.01711
1.12457
1.22592
1.33508
1.48025
1.59333
1.71969
1.89927
2.0328
2.18469
2.35197
2.48845
2.65427
2.80574
2.96068
3.22124
3.30795
3.02951
1.93336
0.791444
0.79785
0.810985
0.829024
0.846378
0.849423
0.84898
0.850043
0.852004
0.851742
0.849627
0.84387
0.850226
0.859807
0.86795
0.909389
0.983365
1.09862
1.20866
1.30576
1.43987
1.57621
1.68459
1.846
2.00706
2.13145
2.31332
2.45616
2.59575
2.74595
2.92465
3.16412
3.29606
3.07911
2.1086
0.787456
0.796235
0.810677
0.829042
0.848531
0.854187
0.852925
0.850796
0.851407
0.849616
0.848117
0.845326
0.847584
0.856154
0.868896
0.91389
0.968491
1.06434
1.18491
1.28947
1.39027
1.5456
1.67153
1.7927
1.9711
2.10972
2.25784
2.42381
2.56137
2.70657
2.88153
3.106
3.28301
3.10423
2.31924
0.784504
0.793169
0.810985
0.829703
0.849883
0.858247
0.856692
0.852477
0.851317
0.849397
0.848811
0.847362
0.84574
0.849529
0.86506
0.9152
0.968685
1.04326
1.14831
1.26999
1.36866
1.4979
1.64818
1.77118
1.91674
2.08452
2.21203
2.38091
2.5277
2.67773
2.82358
3.05702
3.26479
3.15121
2.55594
0.78512
0.791117
0.811409
0.830536
0.849768
0.858758
0.857392
0.854322
0.851692
0.849582
0.849977
0.849036
0.845137
0.844627
0.85855
0.908256
0.962789
1.03497
1.11493
1.24113
1.35447
1.45417
1.60966
1.75208
1.87035
2.04776
2.19045
2.33002
2.48716
2.63994
2.77951
3.00373
3.24057
3.17741
2.7936
0.788361
0.791316
0.811232
0.83065
0.848141
0.858107
0.857074
0.854823
0.85223
0.850321
0.851058
0.850494
0.845339
0.843491
0.852103
0.892479
0.944459
1.0247
1.10396
1.20097
1.3328
1.4416
1.56284
1.72104
1.85065
1.99532
2.16109
2.29609
2.45159
2.59615
2.75013
2.94175
3.20165
3.18441
3.04594
0.793119
0.793009
0.809102
0.82898
0.843255
0.854933
0.856454
0.854892
0.852647
0.851524
0.85256
0.852257
0.846794
0.844058
0.848464
0.878894
0.91976
1.00461
1.09301
1.17261
1.30039
1.42541
1.53462
1.67561
1.82596
1.94884
2.12019
2.26474
2.41578
2.55717
2.71508
2.88294
3.15427
3.18883
3.30736
0.781626
0.795895
0.810024
0.829417
0.842589
0.853774
0.856208
0.854657
0.852796
0.852049
0.853525
0.853774
0.848236
0.844581
0.848387
0.874586
0.907531
0.988204
1.08595
1.16962
1.27751
1.41192
1.52742
1.648
1.80741
1.9346
2.09178
2.24155
2.38882
2.53534
2.68842
2.85594
3.12305
3.19119
3.48349
0.776567
0.797419
0.811265
0.830012
0.842586
0.853778
0.856328
0.85466
0.852912
0.85222
0.85368
0.854971
0.849669
0.845007
0.848781
0.87369
0.90353
0.975838
1.07924
1.16904
1.26566
1.40092
1.52325
1.64211
1.79342
1.93043
2.07507
2.22668
2.36285
2.52161
2.66801
2.84594
3.10091
3.19699
3.58359
0.781933
0.799343
0.813281
0.830868
0.842649
0.853778
0.856603
0.854883
0.853056
0.852393
0.853813
0.855581
0.851548
0.845849
0.849651
0.873874
0.902805
0.968638
1.07022
1.16632
1.25458
1.38542
1.51546
1.63713
1.77323
1.92128
2.05024
2.20833
2.34206
2.5013
2.63955
2.82852
3.07312
3.20895
3.6964
0.787141
0.802235
0.815415
0.831965
0.843069
0.853929
0.856603
0.854956
0.853102
0.85242
0.853919
0.855921
0.852939
0.847092
0.851157
0.875171
0.903923
0.963959
1.05991
1.16189
1.24506
1.36969
1.50368
1.625
1.7587
1.90651
2.02561
2.18427
2.33022
2.48321
2.62521
2.8042
3.04612
3.22468
3.83214
0.794339
0.806476
0.817964
0.833398
0.844073
0.85459
0.856455
0.854975
0.852785
0.851965
0.854042
0.85617
0.853185
0.847843
0.853614
0.87647
0.905651
0.961319
1.04904
1.15468
1.24284
1.35569
1.48893
1.61328
1.74524
1.89192
2.01987
2.16808
2.31239
2.46414
2.61049
2.78121
3.01775
3.24074
3.95755
0.80344
0.813124
0.820911
0.834656
0.84581
0.855916
0.85639
0.855121
0.852873
0.851853
0.854163
0.856288
0.852936
0.848069
0.854996
0.875286
0.906478
0.962382
1.03676
1.14234
1.23999
1.33787
1.4691
1.60101
1.72228
1.87434
2.00735
2.1517
2.28943
2.44136
2.5872
2.75909
2.98726
3.26202
4.08188
0.813704
0.822496
0.825348
0.836953
0.848572
0.857727
0.857182
0.855488
0.853271
0.85232
0.854173
0.85609
0.852468
0.848913
0.855857
0.871844
0.904281
0.964951
1.02086
1.12874
1.23309
1.32688
1.45451
1.58604
1.70413
1.85414
1.98895
2.12687
2.27106
2.41911
2.56889
2.73363
2.95729
3.28645
4.23174
0.824762
0.834532
0.831059
0.84031
0.85199
0.859044
0.858454
0.855942
0.853558
0.852882
0.854303
0.854621
0.851272
0.851017
0.858551
0.870683
0.898467
0.963549
1.01387
1.11505
1.22211
1.32337
1.44225
1.57135
1.69178
1.83103
1.97309
2.10539
2.24957
2.39362
2.54926
2.70667
2.92959
3.31908
4.38612
0.839725
0.848782
0.837502
0.845214
0.854516
0.858946
0.858892
0.857075
0.854261
0.853483
0.854516
0.852683
0.849384
0.852121
0.862604
0.870563
0.893395
0.958238
1.01425
1.09818
1.20867
1.31526
1.42572
1.55372
1.67759
1.80814
1.95375
2.08518
2.22541
2.36762
2.52445
2.67796
2.89883
3.3556
4.54299
0.85571
0.862189
0.847756
0.852129
0.85557
0.858203
0.859471
0.859261
0.857115
0.854955
0.854459
0.852178
0.849409
0.852087
0.86329
0.870052
0.890161
0.950943
1.01071
1.08293
1.19416
1.30056
1.40564
1.53414
1.66168
1.78281
1.9317
2.06301
2.20582
2.34232
2.49778
2.64495
2.86805
3.39165
4.71758
0.8749
0.878762
0.863211
0.857863
0.855222
0.856753
0.859775
0.860562
0.860466
0.856961
0.854307
0.852268
0.850877
0.852106
0.862873
0.868191
0.886388
0.94258
1.00045
1.07627
1.1771
1.28747
1.39092
1.50941
1.64446
1.76362
1.90269
2.04217
2.18064
2.32249
2.46875
2.61585
2.83438
3.42527
4.90401
0.904531
0.900184
0.880088
0.861633
0.85373
0.855623
0.860024
0.861036
0.861286
0.857842
0.854365
0.852418
0.852884
0.853692
0.860931
0.862833
0.876854
0.929945
0.993058
1.07159
1.15651
1.27125
1.3806
1.48672
1.61481
1.74642
1.87104
2.0191
2.15239
2.30169
2.4415
2.58352
2.79009
3.44356
5.09686
0.941593
0.929951
0.899358
0.865561
0.853446
0.855772
0.860158
0.861242
0.861572
0.858284
0.855461
0.854578
0.856373
0.858146
0.860166
0.858141
0.869548
0.919582
0.982015
1.06448
1.14666
1.2479
1.36594
1.47442
1.58555
1.72232
1.84925
1.98589
2.12774
2.26834
2.41256
2.55002
2.76269
3.4827
5.29115
0.982034
0.964447
0.921512
0.873303
0.854697
0.856626
0.859558
0.860684
0.861279
0.858664
0.857477
0.858905
0.861609
0.861224
0.860115
0.857476
0.869492
0.91782
0.968635
1.04975
1.13853
1.23313
1.34278
1.45802
1.56889
1.69108
1.82505
1.95348
2.09558
2.23099
2.37683
2.51585
2.75203
3.55031
5.47478
1.00987
1.00094
0.955685
0.891158
0.860588
0.857364
0.858626
0.859581
0.859752
0.858747
0.858798
0.861547
0.863533
0.861607
0.86014
0.857187
0.869351
0.914873
0.959721
1.03499
1.12114
1.21882
1.32202
1.43335
1.54801
1.66736
1.79382
1.92676
2.05573
2.19686
2.33632
2.48011
2.72533
3.60867
5.66323
1.04151
1.03825
0.997522
0.920108
0.87262
0.859062
0.859016
0.859876
0.85947
0.859121
0.859551
0.862478
0.863882
0.8615
0.859179
0.856499
0.867789
0.905122
0.949081
1.02685
1.10453
1.19778
1.30169
1.4103
1.52118
1.64251
1.76507
1.89546
2.02262
2.15842
2.29634
2.43791
2.70291
3.70172
5.81782
1.04359
1.06628
1.04556
0.967621
0.893876
0.862832
0.86041
0.860991
0.860363
0.860425
0.860391
0.862642
0.863226
0.860746
0.857944
0.856409
0.868144
0.89705
0.932634
1.01293
1.09216
1.1805
1.27849
1.38547
1.49567
1.61302
1.73624
1.86181
1.99182
2.11981
2.25692
2.39853
2.69772
3.79574
5.9477
1.05135
1.10001
1.08287
1.01554
0.926178
0.871252
0.862119
0.862215
0.861902
0.862058
0.861277
0.862381
0.862282
0.859451
0.855929
0.855287
0.867251
0.892168
0.923267
0.995709
1.07505
1.16464
1.25761
1.35858
1.46871
1.58383
1.70405
1.82815
1.95632
2.0847
2.21704
2.36061
2.70093
3.911
6.05822
1.04562
1.0983
1.09265
1.0649
0.984658
0.893273
0.86472
0.862673
0.862523
0.862899
0.862471
0.862541
0.861508
0.858117
0.854644
0.853753
0.861288
0.884158
0.917845
0.986766
1.05569
1.14464
1.23681
1.33335
1.43858
1.55281
1.66954
1.79214
1.91804
2.04487
2.17405
2.3216
2.72361
4.03002
6.08947
1.04714
1.09829
1.1073
1.0976
1.03757
0.937069
0.874243
0.862812
0.861992
0.862721
0.862884
0.862059
0.859918
0.856482
0.853607
0.852707
0.855804
0.873579
0.909113
0.977308
1.03886
1.12264
1.21326
1.30903
1.40982
1.52038
1.63489
1.75389
1.8756
2.00057
2.12701
2.28501
2.78564
4.16272
6.08676
1.05063
1.09652
1.12145
1.11509
1.08026
1.00024
0.90104
0.865316
0.861853
0.862185
0.861749
0.859595
0.856982
0.854559
0.852129
0.851459
0.854492
0.866593
0.897795
0.963233
1.02168
1.10162
1.18759
1.28139
1.37993
1.4867
1.59822
1.715
1.83408
1.95314
2.07731
2.25245
2.88095
4.26436
6.03009
1.05298
1.08812
1.11816
1.12179
1.11526
1.06225
0.956613
0.8791
0.862691
0.861372
0.85917
0.855913
0.853501
0.852108
0.850327
0.849648
0.853132
0.862151
0.887321
0.947561
1.00327
1.08089
1.16116
1.25181
1.34866
1.45284
1.56119
1.67472
1.79043
1.90658
2.02966
2.2283
3.03232
4.35529
5.9036
1.06032
1.08765
1.11379
1.12663
1.12556
1.10925
1.02872
0.918594
0.868247
0.859649
0.856603
0.853225
0.850934
0.84998
0.848524
0.84744
0.8512
0.857862
0.879708
0.932667
0.984087
1.06029
1.13586
1.22183
1.31526
1.41702
1.52216
1.633
1.74685
1.85871
1.98475
2.24406
3.23915
4.41797
5.72567
1.0763
1.09504
1.10858
1.12183
1.12345
1.11406
1.08546
0.991552
0.891523
0.860775
0.853763
0.851572
0.849839
0.848952
0.847647
0.846126
0.848523
0.853227
0.873455
0.91833
0.96481
1.0387
1.11013
1.19347
1.28322
1.38128
1.48367
1.59045
1.69941
1.80926
1.94789
2.31011
3.47235
4.40842
5.48559
1.09731
1.10798
1.10719
1.11119
1.11875
1.11898
1.11818
1.06242
0.948141
0.872939
0.854242
0.849839
0.848635
0.847998
0.846966
0.845231
0.846489
0.85038
0.868106
0.904026
0.946418
1.01746
1.08438
1.16511
1.25092
1.3448
1.44323
1.54728
1.65201
1.75689
1.90772
2.45017
3.68703
4.37495
5.20335
1.11541
1.11633
1.11031
1.11035
1.1133
1.11462
1.10945
1.08467
1.02727
0.918053
0.861904
0.849953
0.846609
0.84596
0.845294
0.84362
0.845118
0.848442
0.862446
0.890636
0.929358
0.9967
1.05806
1.13628
1.21882
1.30927
1.40406
1.50288
1.60272
1.7116
1.92094
2.6702
3.85591
4.32145
4.87229
1.12423
1.12142
1.11549
1.11026
1.10772
1.10498
1.10036
1.09899
1.08985
0.999151
0.895193
0.853942
0.845678
0.84492
0.844328
0.843358
0.845423
0.848327
0.858416
0.878501
0.913498
0.976115
1.03267
1.10811
1.1856
1.27224
1.36222
1.45797
1.55329
1.67016
1.99567
2.93368
3.94557
4.24666
4.52448
1.13029
1.12883
1.12515
1.11824
1.1102
1.10418
1.09801
1.09725
1.08839
1.04242
0.97254
0.88013
0.848153
0.844484
0.844649
0.844095
0.846128
0.847355
0.853603
0.867316
0.898318
0.954439
1.0058
1.07874
1.15203
1.23507
1.32148
1.40938
1.50487
1.65718
2.16876
3.13898
3.9336
4.11976
4.18927
1.13533
1.13862
1.13503
1.12728
1.11658
1.10713
1.09739
1.0925
1.08693
1.0776
1.04671
0.934262
0.863149
0.845399
0.845356
0.845315
0.845777
0.845643
0.849098
0.858972
0.884837
0.933704
0.98217
1.05355
1.12173
1.20044
1.2808
1.36689
1.45668
1.69505
2.42982
3.31344
3.88846
3.96819
3.90915
1.14204
1.14522
1.1429
1.13736
1.12839
1.11782
1.1056
1.09695
1.09051
1.0892
1.07975
1.02641
0.949838
0.877638
0.851377
0.844165
0.842726
0.841188
0.842393
0.848071
0.865349
0.901648
0.944412
1.01006
1.07002
1.14247
1.21643
1.3132
1.49946
1.99296
2.76803
3.27612
3.69163
3.63516
3.53021
)
;

boundaryField
{
    inlet
    {
        type            calculated;
        value           uniform 1.40001;
    }
    outlet
    {
        type            calculated;
        value           nonuniform List<scalar> 
70
(
1.14206
1.14521
1.1429
1.13737
1.12842
1.11786
1.10562
1.09696
1.09052
1.08922
1.07977
1.02643
0.949849
0.877651
0.851391
0.844178
0.842737
0.841198
0.842402
0.848078
0.865358
0.901657
0.94442
1.01007
1.07003
1.14248
1.21644
1.31323
1.49959
1.99325
2.76823
3.2762
3.69168
3.63515
3.53018
1.12642
1.07685
0.999701
0.921737
0.872335
0.855081
0.86286
0.882006
0.943883
1.02419
1.07139
0.983574
0.619274
0.417431
0.449051
0.483387
0.518689
0.566466
0.61275
0.66726
0.729057
0.798645
0.876723
0.963043
1.06135
1.17083
1.29163
1.42879
1.60233
1.81518
1.93894
1.92615
1.766
1.50769
1.40981
)
;
    }
    airfoil
    {
        type            calculated;
        value           nonuniform List<scalar> 
200
(
0.142739
0.143865
0.144175
0.142887
0.139151
0.135801
0.13323
0.131398
0.130746
0.1309
0.132622
0.13493
0.136463
0.136953
0.136667
0.13659
0.136735
0.136796
0.137362
0.139447
0.141426
0.142075
0.140616
0.137771
0.136279
0.136033
0.136883
0.138992
0.140084
0.137979
0.135769
0.135986
0.136616
0.143586
0.156836
0.163718
0.165451
0.158744
0.1413
0.133962
0.133622
0.135159
0.128997
0.0808782
0.0406669
0.0211489
0.0290762
0.159886
0.510109
1.20751
2.15062
2.15012
2.14948
2.14878
2.14849
2.14885
2.15061
2.15322
2.15482
2.15509
2.15477
2.15245
2.1489
2.14698
2.14668
2.14725
2.1512
2.15563
2.15763
2.1581
2.15694
2.15188
2.14737
2.14533
2.14493
2.14567
2.14915
2.15164
2.15269
2.15324
2.15198
2.14954
2.14802
2.1481
2.14856
2.14604
2.13792
2.13128
2.12686
2.12417
2.12693
2.17224
2.23351
2.31032
2.38253
2.40884
2.3053
2.13094
1.89507
1.59617
2.01578
3.21609
4.49929
5.98946
5.98463
5.16082
4.53675
4.28575
4.28194
4.26396
4.26885
4.2835
4.3058
4.32697
4.33941
4.33812
4.33122
4.31959
4.30967
4.30433
4.30272
4.30307
4.30146
4.29808
4.29691
4.29736
4.29844
4.29929
4.29852
4.29565
4.29182
4.28954
4.28907
4.28867
4.2869
4.28381
4.28194
4.28219
4.2837
4.28634
4.28784
4.28775
4.28585
4.2824
4.27977
4.27879
4.27825
4.27766
4.27594
4.27514
2.13771
0.836373
0.397252
0.398562
0.483124
0.622939
0.756021
0.786476
0.764079
0.737249
0.742438
0.762611
0.780921
0.781505
0.773476
0.750483
0.736389
0.73753
0.748246
0.767678
0.778288
0.778876
0.77171
0.758854
0.758182
0.763361
0.775445
0.782872
0.781752
0.776496
0.768173
0.766173
0.76885
0.777662
0.788982
0.792217
0.791355
0.786087
0.779715
0.778871
0.78057
0.786508
0.791932
0.792585
0.791444
0.787456
0.784504
0.78512
0.788361
0.793119
)
;
    }
    top
    {
        type            symmetryPlane;
    }
    bottom
    {
        type            symmetryPlane;
    }
    defaultFaces
    {
        type            empty;
    }
}


// ************************************************************************* //
