/*--------------------------------*- C++ -*----------------------------------*\
  =========                 |
  \\      /  F ield         | OpenFOAM: The Open Source CFD Toolbox
   \\    /   O peration     | Website:  https://openfoam.org
    \\  /    A nd           | Version:  7
     \\/     M anipulation  |
\*---------------------------------------------------------------------------*/
FoamFile
{
    version     2.0;
    format      ascii;
    class       volScalarField;
    location    "10";
    object      T;
}
// * * * * * * * * * * * * * * * * * * * * * * * * * * * * * * * * * * * * * //

dimensions      [0 0 0 1 0 0 0];

internalField   nonuniform List<scalar> 
14400
(
0.895647
0.905243
0.915612
0.92569
0.935584
0.945
0.954389
0.96326
0.972302
0.980615
0.989285
0.99677
1.00475
1.01096
1.01764
1.02218
1.02599
1.02897
1.02892
1.02795
1.02434
1.01992
1.01825
1.01882
1.02055
1.02199
1.02269
1.02204
1.02136
1.02119
1.02179
1.02229
1.02149
1.02026
1.02039
1.02078
1.02045
1.02003
1.01993
1.01953
0.887036
0.887525
0.888538
0.890233
0.892677
0.896073
0.90034
0.905801
0.912133
0.919856
0.928175
0.937857
0.94758
0.958267
0.968583
0.978701
0.988721
0.996368
1.00444
1.00886
1.01198
1.0165
1.02039
1.02215
1.0223
1.02171
1.02043
1.01938
1.01945
1.02043
1.02125
1.02094
1.01995
1.01917
1.01986
1.01986
1.0194
1.01925
1.0192
1.01885
0.88518
0.885133
0.885073
0.884993
0.884934
0.88489
0.88492
0.885061
0.885405
0.886144
0.887402
0.889604
0.892794
0.897973
0.904735
0.914871
0.926796
0.942189
0.958704
0.975741
0.993641
1.00502
1.01221
1.01373
1.01533
1.01497
1.01375
1.01462
1.01699
1.01836
1.01803
1.01681
1.01627
1.01707
1.01759
1.01718
1.01685
1.01713
1.01707
1.01684
0.883343
0.883261
0.883172
0.883073
0.882953
0.882845
0.882737
0.88263
0.882529
0.882418
0.882338
0.882252
0.882152
0.882209
0.882526
0.883538
0.885648
0.890388
0.897973
0.911594
0.929913
0.950886
0.973445
0.98644
0.998505
1.00129
1.00575
1.01073
1.01551
1.01538
1.01394
1.01163
1.01277
1.01477
1.01437
1.01338
1.01353
1.01415
1.01409
1.01405
0.882308
0.882248
0.882181
0.882103
0.882015
0.88192
0.881806
0.881675
0.881533
0.881386
0.88124
0.881095
0.880948
0.880832
0.880701
0.88067
0.880714
0.880948
0.881544
0.883244
0.886784
0.895768
0.910422
0.934066
0.959346
0.980087
0.998561
1.00472
1.00997
1.00963
1.00675
1.00794
1.01067
1.01219
1.01135
1.01037
1.01104
1.0116
1.01134
1.01144
0.88173
0.881706
0.881679
0.881651
0.881622
0.881588
0.881545
0.881496
0.881438
0.881382
0.881308
0.881228
0.88117
0.881106
0.881039
0.881027
0.88111
0.881311
0.881636
0.881824
0.882073
0.882636
0.884165
0.889431
0.900239
0.9224
0.949048
0.971279
0.989909
0.995535
1.00071
1.00904
1.01134
1.0104
1.00827
1.00885
1.01018
1.01005
1.00967
1.00993
0.881532
0.881566
0.881606
0.881648
0.881681
0.881711
0.881753
0.881781
0.881809
0.881847
0.881864
0.88188
0.881949
0.881995
0.882002
0.882056
0.882154
0.882194
0.882208
0.8823
0.882374
0.882425
0.882466
0.882681
0.883489
0.886695
0.895142
0.915503
0.942685
0.972358
0.995629
1.00626
1.00898
1.00619
1.00668
1.00927
1.00997
1.00918
1.00877
1.00941
0.882118
0.882176
0.882249
0.88233
0.882399
0.882479
0.882562
0.88259
0.882627
0.882636
0.882628
0.882647
0.88271
0.882717
0.882714
0.882673
0.882603
0.8825
0.882236
0.882099
0.882044
0.881755
0.88141
0.881354
0.881394
0.881471
0.881951
0.884588
0.893332
0.915196
0.946669
0.975998
0.994112
1.00087
1.00718
1.01088
1.00998
1.0079
1.00857
1.00964
0.882567
0.882624
0.882689
0.882761
0.882844
0.882938
0.88301
0.883027
0.883028
0.88303
0.883027
0.883026
0.883028
0.883018
0.882961
0.88281
0.882594
0.882277
0.881871
0.881503
0.881076
0.880546
0.880244
0.880213
0.880222
0.880373
0.880794
0.881388
0.88216
0.884911
0.895553
0.919967
0.953847
0.988963
1.00442
1.0099
1.00607
1.00703
1.0098
1.00988
0.88217
0.88218
0.88218
0.88218
0.882195
0.882256
0.88232
0.882294
0.882267
0.882276
0.882308
0.882316
0.882315
0.882279
0.882164
0.881953
0.881724
0.881315
0.880736
0.88028
0.879959
0.879759
0.879645
0.879661
0.879742
0.880012
0.880739
0.881593
0.882287
0.882261
0.882756
0.885841
0.90026
0.930812
0.964102
0.992396
0.998471
1.00834
1.01085
1.0096
0.879397
0.879391
0.879304
0.879169
0.879139
0.879132
0.879149
0.879198
0.879249
0.879329
0.879477
0.879652
0.879809
0.880009
0.880129
0.880176
0.880174
0.879899
0.879346
0.879251
0.879277
0.879426
0.879789
0.880225
0.880398
0.880579
0.881025
0.881603
0.881992
0.882082
0.881885
0.881389
0.882195
0.888037
0.909467
0.945758
0.982849
1.00584
1.00892
1.00721
0.87608
0.87607
0.876066
0.876041
0.876016
0.876007
0.876027
0.87611
0.87627
0.87649
0.876728
0.877013
0.877341
0.877761
0.878402
0.879017
0.87911
0.878956
0.878746
0.878831
0.879512
0.880915
0.881785
0.881887
0.881747
0.881322
0.880887
0.880662
0.880709
0.880776
0.880505
0.879917
0.879641
0.880035
0.883052
0.895383
0.928943
0.967959
0.990277
1.00308
0.878471
0.878536
0.878706
0.878752
0.878738
0.878609
0.878414
0.878433
0.878744
0.878846
0.878674
0.878641
0.878631
0.878711
0.878852
0.879022
0.879247
0.879548
0.880108
0.881105
0.882465
0.883413
0.883405
0.882968
0.882215
0.881433
0.880228
0.878824
0.878598
0.878663
0.878799
0.878896
0.878781
0.878861
0.879537
0.881207
0.888584
0.910254
0.950156
0.995384
0.891556
0.891653
0.891835
0.891854
0.891826
0.891526
0.891064
0.890658
0.889933
0.889445
0.888551
0.886854
0.885381
0.88439
0.883571
0.88307
0.882805
0.882793
0.883145
0.883618
0.883934
0.883649
0.882666
0.881411
0.880021
0.879618
0.879103
0.87807
0.87785
0.877962
0.878331
0.878616
0.879042
0.879867
0.880952
0.880784
0.880519
0.882804
0.896289
0.952085
0.904107
0.904826
0.905042
0.904902
0.904109
0.903454
0.903229
0.902911
0.902367
0.901687
0.900738
0.899516
0.898217
0.896154
0.894901
0.895101
0.894962
0.893659
0.892361
0.890971
0.888957
0.886836
0.884851
0.883258
0.883023
0.883442
0.883481
0.88252
0.881464
0.881291
0.88149
0.881966
0.882421
0.882405
0.882021
0.880989
0.879297
0.878632
0.879722
0.905076
0.936478
0.936057
0.935572
0.935036
0.934428
0.9337
0.932898
0.932161
0.931369
0.9298
0.929148
0.928691
0.927664
0.926355
0.92487
0.924648
0.924734
0.923499
0.921116
0.918565
0.915831
0.913479
0.910273
0.906247
0.905062
0.904318
0.902694
0.900189
0.896967
0.894282
0.89184
0.888989
0.886462
0.883957
0.881131
0.87953
0.878576
0.878636
0.879195
0.883925
0.98059
0.980127
0.979512
0.978398
0.97773
0.977181
0.976412
0.975419
0.974251
0.973056
0.971805
0.970416
0.968805
0.96691
0.964749
0.962505
0.959844
0.956822
0.953875
0.95006
0.945933
0.943847
0.941836
0.938193
0.934927
0.930769
0.92461
0.919616
0.915564
0.910902
0.905927
0.900877
0.895876
0.891818
0.8884
0.885531
0.884387
0.884199
0.884395
0.884551
1.03098
1.03036
1.02967
1.02856
1.02752
1.02675
1.02583
1.02456
1.02305
1.02168
1.02017
1.01832
1.01635
1.01431
1.01191
1.00925
1.00659
1.00359
1.00032
0.996771
0.99286
0.988664
0.984229
0.979127
0.973905
0.969675
0.964826
0.958255
0.952052
0.946334
0.940557
0.934301
0.927678
0.921627
0.915716
0.909507
0.902927
0.897309
0.891431
0.884858
1.08294
1.08238
1.08175
1.08066
1.07971
1.07893
1.07799
1.07671
1.07525
1.0739
1.07236
1.07046
1.06843
1.06623
1.06374
1.06097
1.05783
1.05438
1.05063
1.04682
1.04267
1.03833
1.03344
1.02782
1.02194
1.01487
1.00802
1.0018
0.994353
0.985822
0.977904
0.969555
0.960955
0.951433
0.942568
0.93301
0.923674
0.914095
0.905615
0.895406
1.11988
1.11968
1.11941
1.11905
1.11868
1.11829
1.11784
1.11729
1.11659
1.11588
1.11511
1.11402
1.11274
1.11148
1.11
1.10828
1.10604
1.10332
1.10041
1.0972
1.09371
1.08953
1.08484
1.07946
1.0731
1.06647
1.05909
1.05169
1.04341
1.03387
1.02371
1.01364
1.00338
0.992719
0.981998
0.971014
0.960817
0.949724
0.940757
0.925563
1.12734
1.12719
1.1271
1.127
1.12689
1.12679
1.12667
1.12654
1.12653
1.12652
1.12643
1.12631
1.12623
1.12606
1.12589
1.12587
1.12573
1.12517
1.12493
1.12455
1.12355
1.12209
1.12012
1.11787
1.1149
1.11079
1.10583
1.10038
1.09385
1.0857
1.07593
1.06502
1.05269
1.04016
1.02693
1.01363
0.999788
0.98607
0.973524
0.953418
1.12098
1.12112
1.12125
1.12125
1.12124
1.12145
1.12158
1.12155
1.12179
1.12213
1.12209
1.1222
1.12254
1.12267
1.1228
1.12302
1.12331
1.1237
1.12409
1.1241
1.12405
1.12373
1.12359
1.12363
1.12381
1.12371
1.12291
1.12149
1.11999
1.11783
1.11437
1.10906
1.10146
1.09132
1.079
1.06469
1.04894
1.03207
1.01661
0.993191
1.08034
1.08079
1.08125
1.08208
1.08297
1.08355
1.08417
1.0851
1.08638
1.08753
1.08869
1.0901
1.09155
1.09302
1.09474
1.09642
1.09821
1.1003
1.1024
1.10451
1.1065
1.10848
1.11028
1.1122
1.11438
1.11623
1.11802
1.11903
1.11905
1.11895
1.11891
1.11875
1.118
1.11615
1.11287
1.10695
1.0975
1.08386
1.06831
1.04029
1.02051
1.02087
1.02121
1.02166
1.02228
1.02289
1.0236
1.02439
1.02521
1.02619
1.02734
1.02858
1.02998
1.03158
1.03342
1.03545
1.03772
1.04029
1.04319
1.0464
1.05008
1.05419
1.05878
1.06389
1.06919
1.07498
1.08067
1.08663
1.09304
1.09865
1.10338
1.10764
1.11083
1.11336
1.11327
1.11302
1.11216
1.10973
1.10518
1.08808
1.00111
1.00115
1.0012
1.00125
1.0013
1.00136
1.00144
1.00153
1.00163
1.00174
1.00188
1.00205
1.00224
1.00248
1.00276
1.00311
1.00352
1.00403
1.00466
1.00545
1.00643
1.00771
1.00932
1.01139
1.01398
1.01724
1.02141
1.02652
1.03294
1.04059
1.04935
1.05911
1.06933
1.07986
1.08954
1.09737
1.10286
1.10675
1.10666
1.10458
1.00002
1.00002
1.00002
1.00002
1.00002
1.00002
1.00002
1.00002
1.00003
1.00003
1.00003
1.00004
1.00004
1.00005
1.00005
1.00006
1.00007
1.00009
1.00011
1.00014
1.00017
1.00023
1.00031
1.00042
1.00058
1.00083
1.00121
1.0018
1.00272
1.00417
1.0064
1.00982
1.01492
1.02216
1.03202
1.04429
1.05789
1.07233
1.08421
1.09542
1
1
1
1
1
1
1
1
1
1
1
1
1
1
1
1
1
1
1
1
1
1
1
1
1.00001
1.00001
1.00002
1.00003
1.00005
1.00009
1.00018
1.00034
1.00067
1.00135
1.0027
1.00536
1.01013
1.01839
1.02944
1.05357
1
1
1
1
1
1
1
1
1
1
1
1
1
1
1
1
1
1
1
1
1
1
1
1
1
1
1
1
1
1
1
1
1.00001
1.00002
1.00005
1.00014
1.00038
1.00105
1.00246
1.0105
1
1
1
1
1
1
1
1
1
1
1
1
1
1
1
1
1
1
1
1
1
1
1
1
1
1
1
1
1
1
1
1
1
1
1
1
1
1.00002
1.00005
1.00058
1
1
1
1
1
1
1
1
1
1
1
1
1
1
1
1
1
1
1
1
1
1
1
1
1
1
1
1
1
1
1
1
1
1
1
1
1
1
1
1.00001
0.887727
0.886869
0.885237
0.883432
0.882382
0.881755
0.881493
0.882045
0.8825
0.882151
0.87939
0.876371
0.878551
0.891614
0.903705
0.937053
0.981268
1.03184
1.08375
1.12012
1.12753
1.12081
1.0797
1.01993
1.00107
1.00002
1
1
1
1
0.8877
0.886857
0.885236
0.8835
0.882458
0.881774
0.881455
0.881962
0.882416
0.882094
0.879387
0.876872
0.878943
0.891981
0.90378
0.93816
0.982461
1.03318
1.085
1.12051
1.12772
1.12053
1.07872
1.01918
1.001
1.00001
1
1
1
1
0.887668
0.886869
0.885278
0.883589
0.882537
0.881791
0.881416
0.881871
0.882331
0.882034
0.879426
0.877311
0.879324
0.892355
0.904344
0.93934
0.983619
1.03446
1.08622
1.12093
1.12784
1.12021
1.07768
1.01848
1.00094
1.00001
1
1
1
1
0.887632
0.886874
0.885311
0.883677
0.88261
0.88181
0.881377
0.881772
0.882243
0.881966
0.879515
0.877676
0.87967
0.892726
0.90565
0.940644
0.984911
1.03597
1.08766
1.12135
1.1279
1.11982
1.0764
1.01778
1.00088
1.00001
1
1
1
1
0.887592
0.886872
0.885355
0.883769
0.882679
0.881834
0.881334
0.881658
0.882158
0.881916
0.879678
0.878074
0.880086
0.893094
0.906922
0.941982
0.986268
1.03766
1.08915
1.12174
1.12796
1.11938
1.07511
1.01706
1.00082
1.00001
1
1
1
1
0.887541
0.886898
0.885403
0.88386
0.882744
0.881849
0.88128
0.881524
0.882085
0.881904
0.87994
0.878515
0.880569
0.893414
0.907331
0.943318
0.987674
1.03934
1.09058
1.12218
1.128
1.11889
1.07385
1.01629
1.00076
1.00001
1
1
1
1
0.88748
0.886931
0.885457
0.88395
0.882806
0.881847
0.881203
0.881367
0.882029
0.88191
0.880301
0.878922
0.881006
0.893613
0.907192
0.944684
0.989237
1.04109
1.09211
1.12271
1.128
1.11831
1.07251
1.01549
1.0007
1.00001
1
1
1
1
0.887407
0.886959
0.885516
0.884033
0.882882
0.881815
0.881085
0.881179
0.881984
0.881926
0.880648
0.879223
0.881327
0.893682
0.906687
0.94615
0.991026
1.04301
1.09379
1.12332
1.12789
1.11759
1.07104
1.01469
1.00064
1.00001
1
1
1
1
0.887341
0.886991
0.885577
0.884098
0.882979
0.88177
0.880948
0.880957
0.881935
0.881962
0.880886
0.879379
0.881522
0.893708
0.906657
0.947782
0.992959
1.04511
1.09556
1.12402
1.12781
1.11677
1.06944
1.01387
1.00058
1.00001
1
1
1
1
0.887272
0.887031
0.885645
0.884159
0.883067
0.881735
0.88082
0.88071
0.881874
0.882048
0.881036
0.879405
0.881588
0.893717
0.907578
0.94969
0.995038
1.04737
1.09739
1.12477
1.12791
1.11593
1.06771
1.01302
1.00052
1.00001
1
1
1
1
0.887207
0.88706
0.88572
0.884239
0.883103
0.881725
0.880717
0.880453
0.881779
0.882143
0.881161
0.879389
0.881528
0.893707
0.909523
0.951882
0.997303
1.0498
1.09928
1.12551
1.12786
1.11505
1.06582
1.01216
1.00047
1.00001
1
1
1
1
0.887131
0.887082
0.885801
0.884333
0.88312
0.881721
0.880608
0.88022
0.881618
0.882217
0.881302
0.879359
0.881298
0.893745
0.91191
0.95428
0.999749
1.0524
1.10126
1.12614
1.12779
1.11414
1.06378
1.01127
1.00042
1
1
1
1
1
0.887059
0.8871
0.88588
0.884427
0.883131
0.881695
0.880453
0.880022
0.881389
0.882278
0.881411
0.879099
0.881048
0.894037
0.914805
0.956771
1.00242
1.05516
1.10327
1.12658
1.12784
1.11323
1.06163
1.01038
1.00037
1
1
1
1
1
0.886995
0.887115
0.885954
0.884511
0.883141
0.881623
0.880284
0.879834
0.881107
0.882312
0.881456
0.8788
0.880868
0.894713
0.917913
0.959234
1.00539
1.05801
1.10526
1.12687
1.12798
1.11228
1.05937
1.0095
1.00032
1
1
1
1
1
0.886956
0.887129
0.886031
0.884578
0.883108
0.881526
0.880118
0.879667
0.880793
0.882262
0.881525
0.87877
0.880822
0.896143
0.920887
0.961616
1.00852
1.06099
1.10728
1.12723
1.12816
1.11122
1.05696
1.00861
1.00027
1
1
1
1
1
0.886943
0.887147
0.886111
0.884625
0.883026
0.881436
0.879976
0.879528
0.880485
0.882058
0.881664
0.878857
0.880839
0.898514
0.923776
0.964023
1.01178
1.06415
1.10934
1.12802
1.12828
1.10998
1.05437
1.00774
1.00023
1
1
1
1
1
0.887005
0.887196
0.886191
0.884642
0.882957
0.881371
0.87987
0.879412
0.880186
0.881968
0.881896
0.878755
0.880939
0.900509
0.926533
0.966556
1.01519
1.06757
1.11143
1.12873
1.12825
1.1085
1.05156
1.00689
1.0002
1
1
1
1
1
0.88715
0.887306
0.886246
0.884638
0.882905
0.881324
0.879806
0.879326
0.879861
0.881888
0.882264
0.878677
0.881034
0.901149
0.929031
0.969247
1.01883
1.0712
1.11347
1.12907
1.12824
1.1068
1.04861
1.00608
1.00016
1
1
1
1
1
0.887296
0.887406
0.886273
0.884592
0.882852
0.881296
0.879784
0.879285
0.879578
0.881684
0.882702
0.879257
0.88107
0.900806
0.93141
0.972378
1.02276
1.07491
1.11548
1.12926
1.12797
1.1049
1.04561
1.00532
1.00014
1
1
1
1
1
0.887465
0.887484
0.886307
0.884551
0.882786
0.881297
0.879796
0.87929
0.879444
0.881289
0.882981
0.880929
0.881676
0.900036
0.934001
0.976125
1.02699
1.07877
1.11752
1.12949
1.12721
1.10277
1.04255
1.00459
1.00011
1
1
1
1
1
0.88773
0.887567
0.886329
0.884476
0.88273
0.881389
0.880008
0.879436
0.879464
0.880834
0.883039
0.88218
0.882859
0.900976
0.937218
0.980363
1.03151
1.08285
1.11959
1.12982
1.1264
1.10036
1.03935
1.00391
1.00009
1
1
1
1
1
0.888047
0.887726
0.886293
0.884367
0.882692
0.881493
0.880437
0.879695
0.879647
0.880321
0.883027
0.883311
0.883865
0.904505
0.941212
0.984951
1.03626
1.08715
1.12166
1.12995
1.12564
1.0976
1.03601
1.00327
1.00007
1
1
1
1
1
0.888398
0.887961
0.886279
0.884225
0.882648
0.881527
0.880922
0.880057
0.879788
0.879811
0.88288
0.884253
0.884942
0.908876
0.945186
0.989829
1.04139
1.09163
1.12366
1.12992
1.12501
1.0944
1.03257
1.0027
1.00005
1
1
1
1
1
0.888824
0.888193
0.886263
0.884
0.882591
0.881548
0.88143
0.880533
0.879847
0.879313
0.882787
0.884833
0.886274
0.91262
0.948554
0.995286
1.04699
1.09625
1.12551
1.12995
1.12428
1.09077
1.02908
1.00218
1.00004
1
1
1
1
1
0.889332
0.888389
0.88625
0.883731
0.882519
0.881735
0.881776
0.881091
0.879818
0.878895
0.882559
0.885011
0.887384
0.915695
0.951737
1.0013
1.053
1.10094
1.12711
1.13006
1.12302
1.08678
1.02557
1.00171
1.00003
1
1
1
1
1
0.889809
0.888542
0.886179
0.883524
0.882403
0.881852
0.881962
0.881571
0.87991
0.87847
0.881792
0.884851
0.888614
0.919606
0.956072
1.00785
1.05943
1.10567
1.12845
1.12993
1.12161
1.08249
1.02208
1.00132
1.00002
1
1
1
1
1
0.890195
0.888723
0.886134
0.883317
0.882217
0.881885
0.882076
0.88183
0.880084
0.878051
0.880244
0.884574
0.89184
0.92539
0.962888
1.01494
1.06627
1.11031
1.1295
1.12979
1.12048
1.0777
1.01864
1.00099
1.00001
1
1
1
1
1
0.890561
0.888903
0.886101
0.883158
0.881964
0.881851
0.882127
0.881921
0.880084
0.877627
0.878889
0.884925
0.897633
0.931339
0.970864
1.02255
1.07346
1.11462
1.13023
1.12974
1.11932
1.07208
1.01536
1.00072
1.00001
1
1
1
1
1
0.890905
0.889116
0.886123
0.883089
0.881673
0.881614
0.882129
0.881926
0.87989
0.877203
0.878267
0.886393
0.902225
0.936016
0.978846
1.0306
1.08078
1.1185
1.13072
1.12962
1.11718
1.06579
1.01237
1.00051
1.00001
1
1
1
1
1
0.891116
0.88934
0.886246
0.883076
0.881443
0.88135
0.882083
0.881849
0.879588
0.876697
0.878072
0.889076
0.906297
0.940121
0.987084
1.03926
1.08833
1.12184
1.13111
1.12918
1.11334
1.05928
1.00974
1.00035
1
1
1
1
1
1
0.891191
0.889428
0.88633
0.883178
0.881348
0.880981
0.881911
0.881677
0.879372
0.876246
0.878033
0.892064
0.911288
0.945867
0.996188
1.04883
1.09589
1.1247
1.13152
1.12815
1.10917
1.0527
1.00742
1.00023
1
1
1
1
1
1
0.891183
0.889441
0.886456
0.883419
0.881345
0.880556
0.881547
0.881522
0.879449
0.876115
0.878491
0.89634
0.917043
0.955308
1.00641
1.05912
1.10334
1.12714
1.13176
1.12762
1.10477
1.04572
1.00542
1.00015
1
1
1
1
1
1
0.890583
0.889435
0.886653
0.883685
0.881357
0.880361
0.880946
0.881403
0.879971
0.876609
0.879751
0.900551
0.922848
0.966346
1.01747
1.07002
1.1106
1.12905
1.13191
1.12824
1.09967
1.03818
1.00376
1.00009
1
1
1
1
1
1
0.88999
0.889053
0.88683
0.883932
0.881528
0.880333
0.880366
0.881207
0.880457
0.877781
0.880971
0.903543
0.93034
0.978142
1.02963
1.08132
1.11713
1.13038
1.13211
1.12849
1.09299
1.03047
1.00246
1.00005
1
1
1
1
1
1
0.88905
0.88883
0.886982
0.884176
0.882001
0.880496
0.879976
0.880257
0.88103
0.87967
0.882404
0.907264
0.941844
0.991048
1.04308
1.09236
1.12268
1.13116
1.13221
1.1253
1.08394
1.02328
1.00153
1.00003
1
1
1
1
1
1
0.888642
0.888471
0.886766
0.884283
0.882589
0.88132
0.879909
0.878565
0.881396
0.882464
0.885549
0.9131
0.955022
1.00487
1.05749
1.10293
1.1271
1.13147
1.13214
1.11885
1.07374
1.01704
1.0009
1.00001
1
1
1
1
1
1
0.888597
0.88808
0.886348
0.884054
0.883009
0.88239
0.879918
0.877483
0.879654
0.884826
0.890928
0.923043
0.96936
1.02047
1.07276
1.11258
1.13022
1.13155
1.13083
1.11375
1.06385
1.01183
1.0005
1.00001
1
1
1
1
1
1
0.889227
0.887887
0.885533
0.883856
0.883488
0.883049
0.880722
0.876909
0.878188
0.886162
0.898658
0.937726
0.985742
1.03869
1.08808
1.12047
1.13211
1.1315
1.12904
1.10884
1.05291
1.00759
1.00025
1
1
1
1
1
1
1
0.890167
0.888043
0.884647
0.883071
0.88363
0.883307
0.881303
0.87633
0.877637
0.889024
0.910021
0.954301
1.00459
1.05865
1.10239
1.12616
1.13293
1.13166
1.12786
1.10232
1.04036
1.00435
1.00011
1
1
1
1
1
1
1
0.890728
0.888339
0.884453
0.882278
0.883016
0.883338
0.88159
0.875971
0.87786
0.896269
0.925494
0.972415
1.02678
1.07908
1.1148
1.1296
1.13336
1.13177
1.12611
1.08989
1.0282
1.00224
1.00005
1
1
1
1
1
1
1
1
1
1
1
1
1
1
1
1
1
1
1
1.00015
1.00622
1.05098
1.10846
1.12642
1.13486
1.13603
1.13431
1.1327
1.13231
1.13268
1.13377
1.1347
1.13475
1.13436
1.13354
1.13153
1.11262
1
1
1
1
1
1
1
1
1
1
1
1
1.00019
1.00707
1.05325
1.11002
1.12678
1.13482
1.13596
1.13435
1.13274
1.13232
1.13265
1.13377
1.1347
1.13473
1.13433
1.13344
1.12808
1.08404
1
1
1
1
1
1
1
1
1
1
1
1
1.00023
1.00791
1.05561
1.1117
1.12701
1.13474
1.13586
1.13436
1.13277
1.13233
1.13264
1.13377
1.1347
1.13471
1.1343
1.13311
1.12183
1.05364
1
1
1
1
1
1
1
1
1
1
1
1
1.00027
1.00889
1.05888
1.11274
1.12698
1.13466
1.13577
1.13435
1.13277
1.13232
1.13262
1.13376
1.13469
1.13471
1.13425
1.13233
1.11289
1.02306
1
1
1
1
1
1
1
1
1
1
1
1
1.00033
1.01012
1.06212
1.11383
1.12703
1.13453
1.13568
1.13431
1.13277
1.13232
1.13261
1.13374
1.13468
1.1347
1.13413
1.13067
1.10142
0.993578
1
1
1
1
1
1
1
1
1
1
1
1
1.00041
1.0115
1.06511
1.11535
1.12736
1.13436
1.13554
1.13425
1.13276
1.13236
1.13263
1.13375
1.13466
1.13467
1.1339
1.1279
1.08758
0.964497
1
1
1
1
1
1
1
1
1
1
1
1.00001
1.0005
1.01304
1.06868
1.11723
1.12798
1.13436
1.13532
1.13417
1.13275
1.13242
1.13266
1.13375
1.13464
1.13464
1.13345
1.12331
1.07143
0.938026
1
1
1
1
1
1
1
1
1
1
1
1.00001
1.00062
1.01488
1.07237
1.11939
1.12842
1.13434
1.13502
1.13408
1.13276
1.13246
1.13271
1.13375
1.13463
1.1346
1.13258
1.11673
1.0544
0.910848
1
1
1
1
1
1
1
1
1
1
1
1.00001
1.00078
1.01698
1.07622
1.12146
1.12848
1.13415
1.13481
1.134
1.1328
1.13248
1.13275
1.13374
1.13463
1.13451
1.13088
1.10741
1.03493
0.888378
1
1
1
1
1
1
1
1
1
1
1
1.00001
1.00099
1.01945
1.08001
1.12311
1.12846
1.13381
1.13466
1.13392
1.13284
1.13248
1.13279
1.13375
1.13464
1.13425
1.12797
1.09538
1.01543
0.866918
1
1
1
1
1
1
1
1
1
1
1
1.00002
1.00125
1.02221
1.08377
1.12444
1.12837
1.13341
1.13446
1.13388
1.13286
1.13246
1.13287
1.13376
1.13464
1.13365
1.1231
1.08051
0.995654
0.848448
1
1
1
1
1
1
1
1
1
1
1
1.00002
1.00161
1.02545
1.08784
1.12601
1.12816
1.13298
1.13438
1.13388
1.13287
1.13242
1.13291
1.13376
1.13461
1.13246
1.11599
1.06292
0.974631
0.833978
1
1
1
1
1
1
1
1
1
1
1
1.00003
1.00207
1.02907
1.09161
1.12701
1.12791
1.13282
1.13438
1.13389
1.1329
1.13239
1.13294
1.13373
1.1345
1.13013
1.10572
1.04305
0.95657
0.826265
1
1
1
1
1
1
1
1
1
1
1
1.00005
1.00267
1.03315
1.09568
1.1276
1.12794
1.13271
1.13435
1.13396
1.13297
1.13239
1.13298
1.13363
1.13419
1.12621
1.09262
1.02178
0.938397
0.816208
1
1
1
1
1
1
1
1
1
1
1
1.00007
1.00345
1.03763
1.09953
1.1287
1.12834
1.13251
1.13438
1.13409
1.13309
1.13241
1.13301
1.13353
1.13327
1.1198
1.07613
0.999568
0.921859
0.816004
1
1
1
1
1
1
1
1
1
1
1
1.0001
1.00445
1.04257
1.10321
1.12996
1.12891
1.13232
1.13456
1.13427
1.13328
1.13244
1.13297
1.13344
1.13126
1.11059
1.05746
0.976965
0.907405
0.818538
1
1
1
1
1
1
1
1
1
1
1
1.00015
1.00579
1.04795
1.10681
1.13049
1.12929
1.13217
1.13472
1.13451
1.13351
1.13248
1.13286
1.13319
1.12757
1.09779
1.03616
0.954938
0.896444
0.827158
1
1
1
1
1
1
1
1
1
1
1
1.00022
1.00745
1.05378
1.10999
1.13096
1.12945
1.13196
1.13475
1.13465
1.13375
1.13254
1.1328
1.13233
1.12132
1.08193
1.01457
0.933681
0.885761
0.835672
1
1
1
1
1
1
1
1
1
1
1
1.00032
1.00968
1.06002
1.11323
1.13151
1.12947
1.13171
1.13471
1.13474
1.13398
1.1326
1.13268
1.13043
1.11201
1.06277
0.991866
0.91361
0.877498
0.844389
1
1
1
1
1
1
1
1
1
1
1.00001
1.00048
1.01239
1.06654
1.11617
1.13214
1.12939
1.13134
1.13457
1.1348
1.13418
1.13262
1.13237
1.12656
1.09882
1.04174
0.970528
0.895806
0.873746
0.857229
1
1
1
1
1
1
1
1
1
1
1.00001
1.00073
1.01588
1.07326
1.11872
1.13299
1.12943
1.13104
1.13438
1.13485
1.1344
1.13268
1.13152
1.12023
1.08243
1.01866
0.948941
0.880625
0.868953
0.872132
1
1
1
1
1
1
1
1
1
1
1.00002
1.00109
1.02006
1.07999
1.12184
1.13322
1.12966
1.13102
1.13437
1.13492
1.13458
1.13263
1.12951
1.11009
1.06231
0.995499
0.931128
0.871135
0.863274
0.883929
1
1
1
1
1
1
1
1
1
1
1.00003
1.00165
1.02524
1.08689
1.12395
1.13312
1.12992
1.13112
1.13441
1.13507
1.13485
1.13233
1.12545
1.09653
1.04065
0.972026
0.912909
0.863653
0.863392
0.889822
1
1
1
1
1
1
1
1
1
1
1.00005
1.00248
1.0312
1.09294
1.12536
1.1334
1.13034
1.13118
1.13438
1.13529
1.13502
1.13136
1.11841
1.07884
1.01704
0.949982
0.899587
0.863759
0.864437
0.894638
1
1
1
1
1
1
1
1
1
1
1.00008
1.00367
1.03812
1.09928
1.12734
1.13408
1.13093
1.13111
1.13416
1.13531
1.13488
1.12892
1.10763
1.05823
0.993282
0.928797
0.889324
0.864782
0.867159
0.894626
1
1
1
1
1
1
1
1
1
1
1.00014
1.0055
1.04607
1.10509
1.12836
1.13453
1.13114
1.13098
1.1337
1.13517
1.13426
1.12404
1.09255
1.0358
0.971016
0.910585
0.881193
0.866048
0.871734
0.894663
1
1
1
1
1
1
1
1
1
1
1.00025
1.00795
1.05465
1.11034
1.12928
1.1348
1.13134
1.13076
1.133
1.13468
1.13249
1.1158
1.07419
1.01145
0.948547
0.894232
0.876745
0.868637
0.877663
0.894845
1
1
1
1
1
1
1
1
1
1.00001
1.00046
1.01163
1.06393
1.11526
1.13019
1.13522
1.13181
1.13065
1.13226
1.1339
1.12874
1.10293
1.052
0.988657
0.930661
0.880933
0.872842
0.872103
0.883583
0.895876
1
1
1
1
1
1
1
1
1
1.00001
1.0008
1.01629
1.07313
1.11911
1.13072
1.13554
1.13242
1.1307
1.13152
1.1328
1.1218
1.08638
1.0289
0.96481
0.913245
0.872646
0.868529
0.876222
0.888337
0.897125
1
1
1
1
1
1
1
1
1
1.00002
1.00141
1.0226
1.08272
1.12256
1.13116
1.13557
1.13305
1.13102
1.13122
1.1303
1.11089
1.06496
1.00402
0.944131
0.901244
0.868108
0.864594
0.879141
0.891012
0.89905
1
1
1
1
1
1
1
1
1
1.00005
1.00247
1.03043
1.09141
1.12515
1.13119
1.13542
1.13338
1.13129
1.1308
1.12499
1.09518
1.04267
0.981346
0.924473
0.890754
0.867169
0.865027
0.880454
0.89244
0.899636
1
1
1
1
1
1
1
1
1
1.0001
1.00411
1.03965
1.1005
1.1273
1.13102
1.13501
1.13339
1.13126
1.1294
1.1159
1.07623
1.01801
0.958015
0.907814
0.883644
0.867899
0.866671
0.881773
0.892202
0.899
1
1
1
1
1
1
1
1
1
1.00021
1.00694
1.05076
1.10794
1.12936
1.13077
1.13436
1.1332
1.13092
1.12569
1.10167
1.05278
0.99413
0.939753
0.894038
0.880007
0.87133
0.869559
0.882884
0.891332
0.897039
1
1
1
1
1
1
1
1
1.00001
1.00044
1.01097
1.06201
1.11455
1.13161
1.13088
1.13372
1.13302
1.12971
1.11767
1.08305
1.02985
0.971787
0.921066
0.881498
0.876214
0.87577
0.873882
0.884694
0.890988
0.893551
1
1
1
1
1
1
1
1
1.00001
1.00088
1.01699
1.07476
1.12019
1.13216
1.13108
1.13361
1.1327
1.12658
1.10537
1.06114
1.00402
0.949094
0.907915
0.876131
0.872777
0.878177
0.879844
0.886235
0.890512
0.890602
1
1
1
1
1
1
1
1
1.00003
1.00178
1.02546
1.08589
1.12397
1.13238
1.13119
1.13352
1.13175
1.12032
1.08802
1.03557
0.979957
0.930187
0.898267
0.873848
0.871367
0.878837
0.883917
0.887596
0.889668
0.888843
1
1
1
1
1
1
1
1
1.00008
1.0034
1.03538
1.09706
1.12746
1.13276
1.13133
1.13318
1.12915
1.10951
1.06611
1.01184
0.958885
0.912771
0.888853
0.873908
0.871975
0.879718
0.8851
0.887921
0.889185
0.8884
1
1
1
1
1
1
1
1
1.00019
1.00625
1.04849
1.10719
1.12923
1.13307
1.13132
1.13229
1.12341
1.0938
1.04384
0.987281
0.936564
0.898618
0.885625
0.876106
0.873662
0.880021
0.884796
0.887209
0.888907
0.888883
1
1
1
1
1
1
1
1.00001
1.00046
1.01123
1.06257
1.11391
1.13078
1.13349
1.13141
1.12965
1.11329
1.07422
1.01911
0.963551
0.920984
0.887386
0.881942
0.881082
0.877127
0.88055
0.88387
0.885956
0.888614
0.890112
1
1
1
1
1
1
1
1.00002
1.00105
1.01848
1.07565
1.12087
1.13188
1.13351
1.1311
1.1241
1.09816
1.05119
0.993533
0.943743
0.907437
0.88015
0.877462
0.881139
0.881686
0.881618
0.882113
0.884944
0.888695
0.89085
1.13252
1.13288
1.13357
1.13437
1.13476
1.1347
1.1338
1.13272
1.1323
1.13261
1.13425
1.13607
1.13486
1.12616
1.10739
1.04821
1.00552
1.00013
1
1
1
1
1
1
1
1
1
1
1
1
1.13252
1.13286
1.13355
1.13435
1.13476
1.13472
1.13388
1.13279
1.13231
1.13243
1.13409
1.13608
1.13492
1.12613
1.10661
1.04659
1.00526
1.00013
1
1
1
1
1
1
1
1
1
1
1
1
1.13252
1.13286
1.13357
1.13436
1.13476
1.13473
1.13397
1.13284
1.1323
1.13227
1.13393
1.13608
1.13495
1.12587
1.10518
1.04493
1.00483
1.00011
1
1
1
1
1
1
1
1
1
1
1
1
1.13251
1.13282
1.13357
1.13436
1.13477
1.13473
1.13408
1.13292
1.13226
1.13211
1.13373
1.13603
1.13496
1.12561
1.10395
1.04319
1.00439
1.00009
1
1
1
1
1
1
1
1
1
1
1
1
1.13252
1.13277
1.13351
1.13435
1.13478
1.13474
1.13417
1.13303
1.13221
1.13199
1.13349
1.13595
1.13489
1.12518
1.10266
1.04119
1.00397
1.00008
1
1
1
1
1
1
1
1
1
1
1
1
1.13254
1.13275
1.13344
1.13435
1.13479
1.13476
1.13427
1.13317
1.1322
1.13191
1.13319
1.13568
1.13446
1.12449
1.1011
1.03914
1.00358
1.00007
1
1
1
1
1
1
1
1
1
1
1
1
1.13256
1.13275
1.1334
1.13432
1.13479
1.13478
1.13438
1.13332
1.13223
1.13187
1.13286
1.13518
1.134
1.12368
1.09925
1.03706
1.0032
1.00006
1
1
1
1
1
1
1
1
1
1
1
1
1.13258
1.13277
1.1334
1.13424
1.13479
1.13481
1.13448
1.13349
1.13227
1.13178
1.13255
1.1349
1.13388
1.12308
1.09722
1.03489
1.00283
1.00005
1
1
1
1
1
1
1
1
1
1
1
1
1.13261
1.1328
1.1334
1.13418
1.13477
1.13484
1.13457
1.13369
1.13234
1.13164
1.13231
1.13482
1.13396
1.1229
1.09518
1.03264
1.00247
1.00004
1
1
1
1
1
1
1
1
1
1
1
1
1.13265
1.13283
1.13338
1.1341
1.13472
1.13486
1.13465
1.13393
1.13247
1.13159
1.13217
1.13482
1.13394
1.12311
1.0932
1.03027
1.00212
1.00004
1
1
1
1
1
1
1
1
1
1
1
1
1.13272
1.13287
1.13337
1.13398
1.13462
1.13488
1.13473
1.13419
1.13265
1.1316
1.1321
1.13475
1.13381
1.12323
1.09105
1.02776
1.0018
1.00003
1
1
1
1
1
1
1
1
1
1
1
1
1.13279
1.13295
1.13339
1.13386
1.13447
1.13488
1.13478
1.13445
1.13287
1.13168
1.13207
1.13453
1.13357
1.1228
1.08845
1.02519
1.00151
1.00002
1
1
1
1
1
1
1
1
1
1
1
1
1.13289
1.13304
1.13341
1.13376
1.13429
1.13483
1.13482
1.13471
1.13315
1.13187
1.13204
1.13437
1.13336
1.12152
1.08517
1.02258
1.00124
1.00002
1
1
1
1
1
1
1
1
1
1
1
1
1.13301
1.13314
1.13345
1.13367
1.13408
1.13474
1.13486
1.13492
1.13343
1.13196
1.13202
1.13429
1.13319
1.11984
1.08137
1.02004
1.00101
1.00001
1
1
1
1
1
1
1
1
1
1
1
1
1.13316
1.13327
1.13348
1.13358
1.13386
1.13462
1.13489
1.13506
1.13368
1.13195
1.13202
1.13428
1.13306
1.11835
1.0774
1.01756
1.00081
1.00001
1
1
1
1
1
1
1
1
1
1
1
1
1.13335
1.1334
1.13351
1.1335
1.13365
1.13445
1.1349
1.13516
1.1339
1.13193
1.13198
1.1343
1.133
1.11705
1.07323
1.01518
1.00063
1.00001
1
1
1
1
1
1
1
1
1
1
1
1
1.13358
1.13356
1.13354
1.13342
1.13346
1.13428
1.1349
1.1352
1.1341
1.13193
1.13179
1.1343
1.13297
1.1162
1.06872
1.01286
1.00048
1.00001
1
1
1
1
1
1
1
1
1
1
1
1
1.13383
1.13373
1.13357
1.13334
1.13332
1.1341
1.13484
1.13521
1.13426
1.13185
1.1312
1.13389
1.13285
1.11563
1.06377
1.01069
1.00036
1
1
1
1
1
1
1
1
1
1
1
1
1
1.13411
1.13389
1.13362
1.13331
1.1332
1.13389
1.13475
1.13513
1.13432
1.13172
1.13058
1.13288
1.13237
1.11363
1.05855
1.00872
1.00026
1
1
1
1
1
1
1
1
1
1
1
1
1
1.13437
1.13402
1.13367
1.13331
1.13303
1.13368
1.13464
1.13501
1.13433
1.13173
1.13024
1.13202
1.13155
1.10987
1.05311
1.00694
1.00019
1
1
1
1
1
1
1
1
1
1
1
1
1
1.13461
1.13413
1.13365
1.13315
1.13288
1.13347
1.13452
1.1349
1.13437
1.13196
1.13013
1.13141
1.1307
1.10649
1.04756
1.00538
1.00013
1
1
1
1
1
1
1
1
1
1
1
1
1
1.13477
1.13427
1.13364
1.13305
1.1328
1.1333
1.13442
1.13482
1.13441
1.13224
1.1301
1.13103
1.13023
1.10312
1.04176
1.00404
1.00009
1
1
1
1
1
1
1
1
1
1
1
1
1
1.13483
1.13436
1.13377
1.13306
1.13279
1.13317
1.1343
1.13476
1.13447
1.1326
1.13028
1.13081
1.1302
1.0988
1.03545
1.00289
1.00006
1
1
1
1
1
1
1
1
1
1
1
1
1
1.13483
1.13438
1.13383
1.13315
1.13285
1.13311
1.13411
1.13469
1.13455
1.13328
1.13066
1.13042
1.12969
1.09261
1.02895
1.00199
1.00003
1
1
1
1
1
1
1
1
1
1
1
1
1
1.13466
1.13433
1.13382
1.13325
1.13297
1.13314
1.13384
1.1346
1.13467
1.13414
1.13083
1.12946
1.1273
1.08486
1.02296
1.00132
1.00002
1
1
1
1
1
1
1
1
1
1
1
1
1
1.13446
1.13422
1.13384
1.1334
1.13323
1.13318
1.13341
1.13433
1.13476
1.135
1.1313
1.12799
1.12399
1.07673
1.01762
1.00084
1.00001
1
1
1
1
1
1
1
1
1
1
1
1
1
1.13417
1.1341
1.13386
1.13359
1.13365
1.13323
1.13307
1.13388
1.13479
1.13556
1.13228
1.12679
1.11942
1.06813
1.01293
1.00051
1.00001
1
1
1
1
1
1
1
1
1
1
1
1
1
1.13381
1.13398
1.13389
1.13387
1.134
1.13331
1.1329
1.13333
1.1347
1.13585
1.13355
1.12611
1.11357
1.05879
1.00903
1.00029
1
1
1
1
1
1
1
1
1
1
1
1
1
1
1.13344
1.13383
1.13397
1.13424
1.13438
1.1335
1.13282
1.13269
1.13414
1.13597
1.13464
1.12617
1.10709
1.04886
1.0059
1.00016
1
1
1
1
1
1
1
1
1
1
1
1
1
1
1.13305
1.13363
1.13406
1.13459
1.13469
1.13384
1.13274
1.13224
1.13353
1.13608
1.13496
1.12682
1.09976
1.03836
1.00357
1.00008
1
1
1
1
1
1
1
1
1
1
1
1
1
1
1.1328
1.13339
1.1341
1.13479
1.1349
1.1343
1.13278
1.13189
1.13274
1.13586
1.13464
1.12527
1.09051
1.02804
1.00198
1.00004
1
1
1
1
1
1
1
1
1
1
1
1
1
1
1.13272
1.13319
1.13407
1.13485
1.13498
1.13473
1.13305
1.13169
1.13169
1.13444
1.13327
1.11977
1.07882
1.01904
1.00101
1.00002
1
1
1
1
1
1
1
1
1
1
1
1
1
1
1.13278
1.13309
1.13386
1.13469
1.13497
1.13492
1.13356
1.13156
1.1309
1.13291
1.13176
1.1144
1.06636
1.0119
1.00047
1.00001
1
1
1
1
1
1
1
1
1
1
1
1
1
1
1.13318
1.13314
1.13365
1.1342
1.13472
1.1349
1.13414
1.132
1.13058
1.13201
1.13086
1.10886
1.05204
1.00667
1.0002
1
1
1
1
1
1
1
1
1
1
1
1
1
1
1
1.13369
1.13356
1.13353
1.13368
1.1342
1.13468
1.1347
1.133
1.13064
1.1316
1.13051
1.09885
1.03548
1.00319
1.00007
1
1
1
1
1
1
1
1
1
1
1
1
1
1
1
1.13418
1.13387
1.13352
1.13333
1.13358
1.13451
1.1349
1.13447
1.13202
1.13063
1.12736
1.08112
1.02116
1.00132
1.00002
1
1
1
1
1
1
1
1
1
1
1
1
1
1
1
1.13444
1.13409
1.13362
1.13322
1.13315
1.13386
1.13485
1.13565
1.13349
1.1276
1.11701
1.06252
1.01134
1.00047
1.00001
1
1
1
1
1
1
1
1
1
1
1
1
1
1
1
1.13448
1.13417
1.13378
1.13347
1.133
1.13311
1.13464
1.13613
1.13473
1.12541
1.10356
1.04397
1.005
1.00014
1
1
1
1
1
1
1
1
1
1
1
1
1
1
1
1
1.13371
1.13396
1.13393
1.13401
1.1331
1.13254
1.13345
1.13634
1.13508
1.12323
1.08501
1.02427
1.00168
1.00004
1
1
1
1
1
1
1
1
1
1
1
1
1
1
1
1
1.13304
1.13355
1.13413
1.1345
1.13376
1.13221
1.13169
1.13394
1.13346
1.11449
1.06018
1.0101
1.00043
1.00001
1
1
1
1
1
1
1
1
1
1
1
1
1
1
1
1
1
1
1
1
1
1
1
1
1
1
1
1
1
1
1
1
1
1
1
1
1
1
1
1
1
1
1
1
1.00021
1.00796
1
1
1
1
1
1
1
1
1
1
1
1
1
1
1
1
1
1
1
1
1
1
1
1
1
1
1
1
1.00083
1.02053
1
1
1
1
1
1
1
1
1
1
1
1
1
1
1
1
1
1
1
1
1
1
1
1
1
1
1
1.00002
1.00221
1.03369
1
1
1
1
1
1
1
1
1
1
1
1
1
1
1
1
1
1
1
1
1
1
1
1
1
1
1
1.00005
1.00429
1.04714
1
1
1
1
1
1
1
1
1
1
1
1
1
1
1
1
1
1
1
1
1
1
1
1
1
1
1
1.00013
1.00738
1.06053
1
1
1
1
1
1
1
1
1
1
1
1
1
1
1
1
1
1
1
1
1
1
1
1
1
1
1
1.00029
1.01147
1.07372
1
1
1
1
1
1
1
1
1
1
1
1
1
1
1
1
1
1
1
1
1
1
1
1
1
1
1.00001
1.00059
1.01653
1.08705
1
1
1
1
1
1
1
1
1
1
1
1
1
1
1
1
1
1
1
1
1
1
1
1
1
1
1.00001
1.00114
1.023
1.09961
1
1
1
1
1
1
1
1
1
1
1
1
1
1
1
1
1
1
1
1
1
1
1
1
1
1
1.00003
1.00204
1.03014
1.11239
1
1
1
1
1
1
1
1
1
1
1
1
1
1
1
1
1
1
1
1
1
1
1
1
1
1
1.00007
1.00355
1.03879
1.12406
1
1
1
1
1
1
1
1
1
1
1
1
1
1
1
1
1
1
1
1
1
1
1
1
1
1
1.00014
1.00581
1.04795
1.1354
1
1
1
1
1
1
1
1
1
1
1
1
1
1
1
1
1
1
1
1
1
1
1
1
1
1
1.0003
1.00935
1.0581
1.1455
1
1
1
1
1
1
1
1
1
1
1
1
1
1
1
1
1
1
1
1
1
1
1
1
1
1.00001
1.00061
1.01425
1.06848
1.15491
1
1
1
1
1
1
1
1
1
1
1
1
1
1
1
1
1
1
1
1
1
1
1
1
1
1.00002
1.00125
1.02141
1.07934
1.16218
1
1
1
1
1
1
1
1
1
1
1
1
1
1
1
1
1
1
1
1
1
1
1
1
1
1.00005
1.00239
1.03057
1.08977
1.16811
1
1
1
1
1
1
1
1
1
1
1
1
1
1
1
1
1
1
1
1
1
1
1
1
1
1.00012
1.0046
1.04264
1.09978
1.17263
1
1
1
1
1
1
1
1
1
1
1
1
1
1
1
1
1
1
1
1
1
1
1
1
1
1.00028
1.0083
1.05706
1.10936
1.1737
1
1
1
1
1
1
1
1
1
1
1
1
1
1
1
1
1
1
1
1
1
1
1
1
1.00001
1.00066
1.01472
1.07392
1.1178
1.17224
1
1
1
1
1
1
1
1
1
1
1
1
1
1
1
1
1
1
1
1
1
1
1
1
1.00003
1.00155
1.0249
1.09272
1.1241
1.16795
1
1
1
1
1
1
1
1
1
1
1
1
1
1
1
1
1
1
1
1
1
1
1
1
1.00008
1.0035
1.04029
1.11295
1.12942
1.16077
1
1
1
1
1
1
1
1
1
1
1
1
1
1
1
1
1
1
1
1
1
1
1
1
1.00023
1.00809
1.06
1.12601
1.13468
1.1509
1
1
1
1
1
1
1
1
1
1
1
1
1
1
1
1
1
1
1
1
1
1
1
1.00001
1.00066
1.01589
1.08116
1.13718
1.14011
1.1404
1
1
1
1
1
1
1
1
1
1
1
1
1
1
1
1
1
1
1
1
1
1
1
1.00003
1.00197
1.03046
1.10061
1.14241
1.14266
1.13566
1
1
1
1
1
1
1
1
1
1
1
1
1
1
1
1
1
1
1
1
1
1
1
1.00012
1.00501
1.04984
1.1167
1.14361
1.14204
1.13188
1
1
1
1
1
1
1
1
1
1
1
1
1
1
1
1
1
1
1
1
1
1
1.00001
1.00044
1.01254
1.07259
1.12588
1.14311
1.13999
1.12935
1
1
1
1
1
1
1
1
1
1
1
1
1
1
1
1
1
1
1
1
1
1
1.00002
1.0014
1.02519
1.09523
1.13357
1.14269
1.13871
1.12894
1
1
1
1
1
1
1
1
1
1
1
1
1
1
1
1
1
1
1
1
1
1
1.0001
1.00439
1.04511
1.11285
1.13418
1.14162
1.13731
1.12945
1
1
1
1
1
1
1
1
1
1
1
1
1
1
1
1
1
1
1
1
1
1
1.00039
1.01106
1.06875
1.12763
1.13439
1.13902
1.13466
1.12984
1
1
1
1
1
1
1
1
1
1
1
1
1
1
1
1
1
1
1
1
1
1.00002
1.0014
1.02475
1.09255
1.13578
1.1358
1.13377
1.1327
1.13082
1
1
1
1
1
1
1
1
1
1
1
1
1
1
1
1
1
1
1
1
1
1.00011
1.00462
1.04493
1.11054
1.1395
1.13737
1.13035
1.13146
1.13212
1
1
1
1
1
1
1
1
1
1
1
1
1
1
1
1
1
1
1
1
1.00001
1.00045
1.01192
1.07001
1.12263
1.13945
1.13809
1.13069
1.13158
1.13298
1
1
1
1
1
1
1
1
1
1
1
1
1
1
1
1
1
1
1
1
1.00003
1.00192
1.02768
1.09279
1.12756
1.1389
1.13773
1.13184
1.13195
1.13284
1
1
1
1
1
1
1
1
1
1
1
1
1
1
1
1
1
1
1
1
1.00016
1.00572
1.04967
1.11327
1.13019
1.13771
1.13661
1.1331
1.13189
1.13232
1
1
1
1
1
1
1
1
1
1
1
1
1
1
1
1
1
1
1
1.00001
1.00076
1.01627
1.07568
1.12625
1.13127
1.13396
1.13565
1.13404
1.13242
1.13236
1
1
1
1
1
1
1
1
1
1
1
1
1
1
1
1
1
1
1
1.00006
1.00287
1.03367
1.09931
1.13324
1.13334
1.13179
1.13386
1.13358
1.1334
1.13295
1
1
1
1
1
1
1
1
1
1
1
1
1
1
1
1
1
1
1
1.00032
1.00899
1.05943
1.11485
1.13597
1.13534
1.13197
1.13168
1.133
1.13383
1.13402
1
1
1
1
1
1
1
1
1
1
1
1
1
1
1
1
1
1
1.00003
1.00151
1.0232
1.08485
1.12357
1.13615
1.13675
1.13296
1.13191
1.13271
1.13368
1.13433
1
1
1
1
1
1
1
1
1
1
1
1
1
1
1
1
1
1
1.00016
1.00525
1.04495
1.10713
1.12747
1.13561
1.13631
1.13409
1.13292
1.133
1.13337
1.13391
1
1
1
1
1
1
1
1
1
1
1
1
1
1
1
1
1
1.00001
1.00079
1.01533
1.0735
1.12457
1.12937
1.13283
1.13539
1.1347
1.13429
1.13355
1.13304
1.13317
1
1
1
1
1
1
1
1
1
1
1
1
1
1
1
1
1
1.00008
1.00335
1.03563
1.0959
1.12919
1.1311
1.13093
1.13312
1.13453
1.13468
1.13416
1.13317
1.13282
1
1
1
1
1
1
1
1
1
1
1
1
1
1
1
1
1
1
1
1
1
1
1
1
1
1
1
1
1
1
1
1
1
1
1
1
1
1
1
1
1
1
1
1
1
1
1
1
1
1
1
1
1
1
1
1
1
1
1
1
1
1
1
1
1
1
1
1
1
1
1
1
1
1
1
1
1
1
1
1
1
1
1
1
1
1
1
1
1
1
1
1
1
1
1
1
1
1
1
1
1
1
1
1
1
1
1
1
1
1
1
1
1
1
1
1
1
1
1
1
1
1
1
1
1
1
1
1
1
1
1
1
1
1
1
1
1
1
1
1
1
1
1
1
1
1
1
1
1
1
1
1
1
1
1
1
1
1
1
1
1
1
1
1
1
1
1
1
1
1
1
1
1
1
1
1
1
1
1
1
1
1
1
1
1
1
1
1
1
1
1
1
1
1
1
1
1
1
1
1
1
1
1
1
1
1
1
1
1
1
1
1
1
1
1
1
1
1
1
1
1
1
1
1
1
1
1
1
1
1
1
1
1
1
1
1
1
1
1
1
1
1
1
1
1
1
1
1
1
1
1
1
1
1
1
1
1
1
1
1
1
1
1
1
1
1
1
1
1
1
1
1
1
1
1
1
1
1
1
1
1
1
1
1
1
1
1
1
1
1
1
1
1
1
1
1
1
1
1
1
1
1
1
1
1
1
1
1
1
1
1
1
1
1
1
1
1
1
1
1
1
1
1
1
1
1
1
1
1
1
1
1
1
1
1
1
1
1
1
1
1
1
1
1
1
1
1
1
1
1
1
1
1
1
1
1
1
1
1
1
1
1
1
1
1
1
1
1
1
1
1
1
1
1
1
1
1
1
1
1
1
1
1
1
1
1
1
1
1
1
1
1
1
1
1
1
1
1
1
1
1
1
1
1
1
1
1
1
1
1
1
1
1
1
1
1
1
1
1
1
1
1
1
1
1
1
1
1
1
1
1
1
1
1
1
1
1
1
1
1
1
1
1
1
1
1
1
1
1
1
1
1
1
1
1
1
1
1
1
1
1
1
1
1
1
1
1
1
1
1
1
1
1
1
1
1
1
1
1
1
1
1
1
1
1
1
1
1
1
1
1
1
1
1
1
1
1
1
1
1
1
1
1
1
1
1
1
1
1
1
1
1
1
1
1
1
1
1
1
1
1
1
1
1
1
1
1
1
1
1
1
1
1
1
1
1
1
1
1
1
1
1
1
1
1
1
1
1
1
1
1
1
1
1
1
1
1
1
1
1
1
1
1
1
1
1
1
1
1
1
1
1
1
1
1
1
1
1
1
1
1
1
1
1
1
1
1
1
1
1
1
1
1
1
1
1
1
1
1
1
1
1
1
1
1
1
1
1
1
1
1
1
1
1
1
1
1
1
1
1
1
1
1
1
1
1
1
1
1
1
1
1
1
1
1
1
1
1
1
1
1
1
1
1
1
1
1
1
1
1
1
1
1
1
1
1
1
1
1
1
1
1
1
1
1
1
1
1
1
1
1
1
1
1
1
1
1
1
1
1
1
1
1
1
1
1
1
1
1
1
1
1
1
1
1
1
1
1
1
1
1
1
1
1
1
1
1
1
1
1
1
1
1
1
1
1
1
1
1
1
1
1
1
1
1
1
1
1
1
1
1
1
1
1
1
1
1
1
1
1
1
1
1
1
1
1
1
1
1
1
1
1
1
1
1
1
1
1
1
1
1
1
1
1
1
1
1
1
1
1
1
1
1
1
1
1
1
1
1
1
1
1
1
1
1
1
1
1
1
1
1
1
1
1
1
1
1
1
1
1
1
1
1
1
1
1
1
1
1
1
1
1
1
1
1
1
1
1
1
1
1
1
1
1
1
1
1
1
1
1
1
1
1
1
1
1
1
1
1
1
1
1
1
1
1
1
1
1
1
1
1
1
1
1
1
1
1
1
1
1
1
1
1
1
1
1
1
1
1
1
1
1
1
1
1
1
1
1
1
1
1
1
1
1
1
1
1
1
1
1
1
1
1
1
1
1
1
1
1
1
1
1
1
1
1
1
1
1
1
1
1
1
1
1
1
1
1
1
1
1
1
1
1
1
1
1
1
1
1
1
1
1
1
1
1
1
1
1
1
1
1
1
1
1
1
1
1
1
1
1
1
1
1
1
1
1
1
1
1
1
1
1
1
1
1
1
1
1
1
1
1
1
1
1
1
1
1
1
1
1
1
1
1
1
1
1
1
1
1
1
1
1
1
1
1
1
1
1
1
1
1
1
1
1
1
1
1
1
1
1
1
1
1
1
1
1
1
1
1
1
1
1
1
1
1
1
1
1
1
1
1
1
1
1
1
1
1
1
1
1
1
1
1
1
1
1
1
1
1
1
1
1
1
1
1
1
1
1
1
1
1
1
1
1
1
1
1
1
1
1
1
1
1
1
1
1
1
1
1
1
1
1
1
1
1
1
1
1
1
1
1
1
1
1
1
1
1
1
1
1
1
1
1
1
1
1
1
1
1
1
1
1
1
1
1
1
1
1
1
1
1
1
1
1
1
1
1
1
1
1
1
1
1
1
1
1
1
1
1
1
1
1
1
1
1
1
1
1
1
1
1
1
1
1
1
1
1
1
1
1
1
1
1
1
1
1
1
1
1
1
1
1
1
1
1
1
1
1
1
1
1
1
1
1
1
1
1
1
1
1
1
1
1
1
1
1
1
1
1
1
1
1
1
1
1
1
1
1
1
1
1
1
1
1
1
1
1
1
1
1
1
1
1
1
1
1
1
1
1
1
1
1
1
1
1
1
1
1
1
1
1
1
1
1
1
1
1
1
1
1
1
1
1
1
1
1
1
1
1
1
1
1
1
1
1
1
1
1
1
1
1
1
1
1
1
1
1
1
1
1
1
1
1
1
1
1
1
1
1
1
1
1
1
1
1
1
1
1
1
1
1
1
1
1
1
1
1
1
1
1
1
1
1
1
1
1
1
1
1
1
1
1
1
1
1
1
1
1
1
1
1
1
1
1
1
1
1
1
1
1
1
1
1
1
1
1
1
1
1
1
1
1
1
1
1
1
1
1
1
1
1
1
1
1
1
1
1
1
1
1
1
1
1
1
1
1
1
1
1
1
1
1
1
1
1
1
1
1
1
1
1
1
1
1
1
1
1
1
1
1
1
1
1
1
1
1
1
1
1
1
1
1
1
1
1
1
1
1
1
1
1
1
1
1
1
1
1
1
1
1
1
1
1
1
1
1
1
1
1
1
1
1
1
1
1
1
1
1
1
1
1
1
1
1
1
1
1
1
1
1
1
1
1
1
1
1
1
1
1
1
1
1
1
1
1
1
1
1
1
1
1
1
1
1
1
1
1
1
1
1
1
1
1
1
1
1
1
1
1
1
1
1
1
1
1
1
1
1
1
1
1
1
1
1
1
1
1
1
1
1
1
1
1
1
1
1
1
1
1
1
1
1
1
1
1
1
1
1
1
1
1
1
1
1
1
1
1
1
1
1
1
1
1
1
1
1
1
1
1
1
1
1
1
1
1
1
1
1
1
1
1
1
1
1
1
1
1
1
1
1
1
1
1
1
1
1
1
1
1
1
1
1
1
1
1
1
1
1
1
1
1
1
1
1
1
1
1
1
1
1
1
1
1
1
1
1
1
1
1
1
1
1
1
1
1
1
1
1
1
1
1
1
1
1
1
1
1
1
1
1
1
1
1
1
1
1
1
1
1
1
1
1
1
1
1
1
1
1
1
1
1
1
1
1
1
1
1
1
1
1
1
1
1
1
1
1
1
1
1
1
1
1
1
1
1
1
1
1
1
1
1
1
1
1
1
1
1
1
1
1
1
1
1
1
1
1
1
1
1
1
1
1
1
1
1
1
1
1
1
1
1
1
1
1
1
1
1
1
1
1
1
1
1
1
1
1
1
1
1
1
1
1
1
1
1
1
1
1
1
1
1
1
1
1
1
1
1
1
1
1
1
1
1
1
1
1
1
1
1
1
1
1
1
1
1
1
1
1
1
1
1
1
1
1
1
1
1
1
1
1
1
1
1
1
1
1
1
1
1
1
1
1
1
1
1
1
1
1
1
1
1
1
1
1
1
1
1
1
1
1
1
1
1
1
1
1
1
1
1
1
1
1
1
1
1
1
1
1
1
1
1
1
1
1
1
1
1
1
1
1
1
1
1
1
1
1
1
1
1
1
1
1
1
1
1
1
1
1
1
1
1
1
1
1
1
1
1
1
1
1
1
1
1
1
1
1
1
1
1
1
1
1
1
1
1
1
1
1
1
1
1
1
1
1
1
1
1
1
1
1
1
1
1
1
1
1
1
1
1
1
1
1
1
1
1
1
1
1
1
1
1
1
1
1
1
1
1
1
1
1
1
1
1
1
1
1
1
1
1
1
1
1
1
1
1
1
1
1
1
1
1
1
1
1
1
1
1
1
1
1
1
1
1
1
1
1
1
1
1
1
1
1
1
1
1
1
1
1
1
1
1
1
1
1
1
1
1
1
1
1
1
1
1
1
1
1
1
1
1
1
1
1
1
1
1
1
1
1
1
1
1
1
1
1
1
1
1
1
1
1
1
1
1
1
1
1
1
1
1
1
1
1
1
1
1
1
1
1
1
1
1
1
1
1
1
1
1
1
1
1
1
1
1
1
1
1
1
1
1
1
1
1
1
1
1
1
1
1
1
1
1
1
1
1
1
1
1
1
1
1
1
1
1
1
1
1
1
1
1
1
1
1
1
1
1
1
1
1
1
1
1
1
1
1
1
1
1
1
1
1
1
1
1
1
1
1
1
1
1
1
1
1
1
1
1
1
1
1
1
1
1
1
1
1
1
1
1
1
1
1
1
1
1
1
1
1
1
1
1
1
1
1
1
1
1
1
1
1
1
1
1
1
1
1
1
1
1
1
1
1
1
1
1
1
1
1
1
1
1
1
1
1
1
1
1
1
1
1
1
1
1
1
1
1
1
1
1
1
1
1
1
1
1
1
1
1
1
1
1
1
1
1
1
1
1
1
1
1
1
1
1
1
1
1
1
1
1
1
1
1
1
1
1
1
1
1
1
1
1
1
1
1
1
1
1
1
1
1
1
1
1
1
1
1
1
1
1
1
1
1
1
1
1
1
1
1
1
1
1
1
1
1
1
1
1
1
1
1
1
1
1
1
1
1
1
1
1
1
1
1
1
1
1
1
1
1
1
1
1
1
1
1
1
1
1
1
1
1
1
1
1
1
1
1
1
1
1
1
1
1
1
1
1
1
1
1
1
1
1
1
1
1
1
1
1
1
1
1
1
1
1
1
1
1
1
1
1
1
1
1
1
1
1
1
1
1
1
1
1
1
1
1
1
1
1
1
1
1
1
1
1
1
1
1
1
1
1
1
1
1
1
1
1
1
1
1
1
1
1
1
1.00796
1.00021
1
1
1
1
1
1
1
1
1
1
1
1
1
1
1
1
1
1
1
1
1
1
1
1
1
1
1
1
1.02054
1.00082
1
1
1
1
1
1
1
1
1
1
1
1
1
1
1
1
1
1
1
1
1
1
1
1
1
1
1
1
1.0337
1.00221
1.00002
1
1
1
1
1
1
1
1
1
1
1
1
1
1
1
1
1
1
1
1
1
1
1
1
1
1
1
1.04716
1.00428
1.00005
1
1
1
1
1
1
1
1
1
1
1
1
1
1
1
1
1
1
1
1
1
1
1
1
1
1
1
1.06052
1.00739
1.00013
1
1
1
1
1
1
1
1
1
1
1
1
1
1
1
1
1
1
1
1
1
1
1
1
1
1
1
1.07373
1.01146
1.00029
1
1
1
1
1
1
1
1
1
1
1
1
1
1
1
1
1
1
1
1
1
1
1
1
1
1
1
1.08703
1.01654
1.00059
1.00001
1
1
1
1
1
1
1
1
1
1
1
1
1
1
1
1
1
1
1
1
1
1
1
1
1
1
1.09961
1.02299
1.00114
1.00001
1
1
1
1
1
1
1
1
1
1
1
1
1
1
1
1
1
1
1
1
1
1
1
1
1
1
1.11239
1.03014
1.00205
1.00003
1
1
1
1
1
1
1
1
1
1
1
1
1
1
1
1
1
1
1
1
1
1
1
1
1
1
1.12406
1.03878
1.00355
1.00007
1
1
1
1
1
1
1
1
1
1
1
1
1
1
1
1
1
1
1
1
1
1
1
1
1
1
1.13539
1.04796
1.00581
1.00014
1
1
1
1
1
1
1
1
1
1
1
1
1
1
1
1
1
1
1
1
1
1
1
1
1
1
1.14551
1.05808
1.00935
1.0003
1
1
1
1
1
1
1
1
1
1
1
1
1
1
1
1
1
1
1
1
1
1
1
1
1
1
1.15492
1.0685
1.01425
1.00061
1.00001
1
1
1
1
1
1
1
1
1
1
1
1
1
1
1
1
1
1
1
1
1
1
1
1
1
1.16213
1.07934
1.02141
1.00125
1.00002
1
1
1
1
1
1
1
1
1
1
1
1
1
1
1
1
1
1
1
1
1
1
1
1
1
1.16816
1.08975
1.03056
1.00239
1.00005
1
1
1
1
1
1
1
1
1
1
1
1
1
1
1
1
1
1
1
1
1
1
1
1
1
1.17267
1.09978
1.04264
1.0046
1.00012
1
1
1
1
1
1
1
1
1
1
1
1
1
1
1
1
1
1
1
1
1
1
1
1
1
1.17369
1.10939
1.05706
1.00829
1.00028
1
1
1
1
1
1
1
1
1
1
1
1
1
1
1
1
1
1
1
1
1
1
1
1
1
1.17222
1.11778
1.07392
1.01474
1.00066
1.00001
1
1
1
1
1
1
1
1
1
1
1
1
1
1
1
1
1
1
1
1
1
1
1
1
1.16794
1.12412
1.09275
1.02488
1.00155
1.00003
1
1
1
1
1
1
1
1
1
1
1
1
1
1
1
1
1
1
1
1
1
1
1
1
1.16078
1.12939
1.11296
1.04033
1.0035
1.00008
1
1
1
1
1
1
1
1
1
1
1
1
1
1
1
1
1
1
1
1
1
1
1
1
1.15091
1.13462
1.12595
1.05998
1.00808
1.00023
1
1
1
1
1
1
1
1
1
1
1
1
1
1
1
1
1
1
1
1
1
1
1
1
1.14042
1.14015
1.1372
1.08109
1.01588
1.00066
1.00001
1
1
1
1
1
1
1
1
1
1
1
1
1
1
1
1
1
1
1
1
1
1
1
1.13565
1.14267
1.14248
1.1007
1.03044
1.00197
1.00003
1
1
1
1
1
1
1
1
1
1
1
1
1
1
1
1
1
1
1
1
1
1
1
1.13187
1.14197
1.14356
1.11658
1.04989
1.00501
1.00012
1
1
1
1
1
1
1
1
1
1
1
1
1
1
1
1
1
1
1
1
1
1
1
1.12937
1.13997
1.14309
1.12594
1.07256
1.01253
1.00044
1.00001
1
1
1
1
1
1
1
1
1
1
1
1
1
1
1
1
1
1
1
1
1
1
1.12896
1.13877
1.14272
1.13366
1.09517
1.02519
1.0014
1.00002
1
1
1
1
1
1
1
1
1
1
1
1
1
1
1
1
1
1
1
1
1
1
1.12944
1.13733
1.14165
1.13421
1.1128
1.04505
1.00439
1.0001
1
1
1
1
1
1
1
1
1
1
1
1
1
1
1
1
1
1
1
1
1
1
1.12981
1.13461
1.13899
1.1344
1.12774
1.0688
1.01105
1.00039
1
1
1
1
1
1
1
1
1
1
1
1
1
1
1
1
1
1
1
1
1
1
1.13082
1.13269
1.13369
1.13581
1.1358
1.09258
1.02481
1.00141
1.00002
1
1
1
1
1
1
1
1
1
1
1
1
1
1
1
1
1
1
1
1
1
1.13215
1.13146
1.13032
1.13724
1.13947
1.11071
1.04493
1.00462
1.00011
1
1
1
1
1
1
1
1
1
1
1
1
1
1
1
1
1
1
1
1
1
1.133
1.1316
1.13069
1.13807
1.1394
1.12251
1.06998
1.01192
1.00045
1.00001
1
1
1
1
1
1
1
1
1
1
1
1
1
1
1
1
1
1
1
1
1.13282
1.13193
1.1318
1.13769
1.13889
1.12755
1.09278
1.02769
1.00192
1.00003
1
1
1
1
1
1
1
1
1
1
1
1
1
1
1
1
1
1
1
1
1.13231
1.13193
1.13328
1.13713
1.13733
1.13029
1.11336
1.04967
1.00572
1.00016
1
1
1
1
1
1
1
1
1
1
1
1
1
1
1
1
1
1
1
1
1.13236
1.13247
1.13406
1.13594
1.13368
1.13124
1.12632
1.07576
1.0163
1.00076
1.00001
1
1
1
1
1
1
1
1
1
1
1
1
1
1
1
1
1
1
1
1.133
1.13347
1.13354
1.13387
1.13167
1.1332
1.13314
1.09941
1.03373
1.00288
1.00006
1
1
1
1
1
1
1
1
1
1
1
1
1
1
1
1
1
1
1
1.13416
1.13392
1.13297
1.13155
1.13188
1.13526
1.13588
1.11483
1.05948
1.00901
1.00032
1
1
1
1
1
1
1
1
1
1
1
1
1
1
1
1
1
1
1
1.1344
1.13373
1.13269
1.13182
1.13294
1.13674
1.13615
1.12361
1.0849
1.02321
1.00151
1.00003
1
1
1
1
1
1
1
1
1
1
1
1
1
1
1
1
1
1
1.13393
1.13338
1.133
1.13293
1.13413
1.13632
1.13559
1.12745
1.10709
1.04501
1.00527
1.00016
1
1
1
1
1
1
1
1
1
1
1
1
1
1
1
1
1
1
1.13312
1.13302
1.13354
1.13434
1.13475
1.13539
1.13279
1.12937
1.12455
1.07347
1.01535
1.00079
1.00001
1
1
1
1
1
1
1
1
1
1
1
1
1
1
1
1
1
1.13275
1.13314
1.13417
1.1347
1.13457
1.13312
1.13092
1.1311
1.12919
1.09595
1.03564
1.00334
1.00008
1
1
1
1
1
1
1
1
1
1
1
1
1
1
1
1
1
1
1
1
1
1
1
1
1
1
1
1
1
1.00013
1.00552
1.04802
1.10774
1.12591
1.13493
1.13616
1.13428
1.13258
1.13238
1.13272
1.13385
1.13472
1.13477
1.13438
1.13364
1.1329
1.1325
1
1
1
1
1
1
1
1
1
1
1
1
1.00013
1.00525
1.04669
1.10684
1.12584
1.13495
1.13611
1.13407
1.1324
1.13231
1.13276
1.13393
1.13474
1.13478
1.13439
1.13359
1.13284
1.13249
1
1
1
1
1
1
1
1
1
1
1
1
1.00011
1.00484
1.04501
1.10534
1.12555
1.13495
1.13605
1.13388
1.13222
1.13223
1.13282
1.13401
1.13476
1.1348
1.13441
1.13353
1.13281
1.13251
1
1
1
1
1
1
1
1
1
1
1
1
1.00009
1.00441
1.04319
1.10418
1.12529
1.13482
1.13582
1.13363
1.13205
1.13218
1.13291
1.13412
1.13477
1.13482
1.1344
1.1335
1.1328
1.13252
1
1
1
1
1
1
1
1
1
1
1
1
1.00008
1.00398
1.04119
1.10289
1.12482
1.13433
1.13546
1.13329
1.13192
1.13217
1.13302
1.13421
1.13478
1.13482
1.13438
1.1335
1.13279
1.13252
1
1
1
1
1
1
1
1
1
1
1
1
1.00007
1.00359
1.03922
1.10134
1.12416
1.13396
1.13512
1.13295
1.13183
1.13216
1.13314
1.1343
1.13479
1.13482
1.13436
1.13351
1.13278
1.13253
1
1
1
1
1
1
1
1
1
1
1
1
1.00006
1.0032
1.03718
1.09956
1.1234
1.13381
1.13489
1.13267
1.13176
1.13215
1.13329
1.1344
1.13481
1.13483
1.13434
1.13348
1.13278
1.13256
1
1
1
1
1
1
1
1
1
1
1
1
1.00005
1.00282
1.03494
1.09755
1.12282
1.13385
1.13483
1.13245
1.13164
1.13216
1.13346
1.1345
1.13484
1.13483
1.1343
1.13341
1.1328
1.1326
1
1
1
1
1
1
1
1
1
1
1
1
1.00004
1.00246
1.03261
1.09534
1.12267
1.13386
1.13486
1.13235
1.13154
1.13226
1.13367
1.13459
1.13487
1.13481
1.13421
1.13339
1.13281
1.13263
1
1
1
1
1
1
1
1
1
1
1
1
1.00004
1.00212
1.03022
1.09313
1.12303
1.13383
1.1349
1.13234
1.13153
1.13241
1.13391
1.13467
1.13489
1.13476
1.13411
1.13339
1.13284
1.13268
1
1
1
1
1
1
1
1
1
1
1
1
1.00003
1.0018
1.02772
1.09086
1.12326
1.13377
1.13482
1.13234
1.1316
1.13256
1.13416
1.13474
1.1349
1.13466
1.134
1.13341
1.1329
1.13274
1
1
1
1
1
1
1
1
1
1
1
1
1.00002
1.0015
1.02513
1.08824
1.12307
1.13364
1.13465
1.13226
1.13175
1.13279
1.13441
1.13479
1.13491
1.13451
1.13388
1.13342
1.13297
1.13282
1
1
1
1
1
1
1
1
1
1
1
1
1.00002
1.00124
1.02251
1.08496
1.12212
1.13349
1.13456
1.1322
1.13186
1.13305
1.13465
1.13482
1.13485
1.13431
1.13377
1.13342
1.13305
1.13292
1
1
1
1
1
1
1
1
1
1
1
1
1.00001
1.00101
1.01997
1.08116
1.12035
1.13337
1.13453
1.13218
1.13189
1.13329
1.13485
1.13485
1.13474
1.13409
1.13367
1.13345
1.13315
1.13304
1
1
1
1
1
1
1
1
1
1
1
1
1.00001
1.0008
1.01748
1.07717
1.1187
1.1333
1.13453
1.13215
1.13184
1.13353
1.13499
1.13487
1.13461
1.13386
1.13358
1.13349
1.13328
1.13319
1
1
1
1
1
1
1
1
1
1
1
1
1.00001
1.00063
1.01513
1.07303
1.11733
1.1332
1.13445
1.13196
1.13177
1.13376
1.13509
1.13488
1.13443
1.13364
1.13349
1.13351
1.13341
1.13337
1
1
1
1
1
1
1
1
1
1
1
1
1.00001
1.00049
1.01288
1.0687
1.11614
1.13283
1.13396
1.13137
1.13168
1.13399
1.13513
1.13486
1.13424
1.13342
1.1334
1.13354
1.13357
1.1336
1
1
1
1
1
1
1
1
1
1
1
1
1
1.00036
1.01075
1.06401
1.11513
1.13229
1.13323
1.13077
1.13163
1.13414
1.13511
1.13477
1.13403
1.13325
1.13332
1.13357
1.13373
1.13385
1
1
1
1
1
1
1
1
1
1
1
1
1
1.00026
1.00876
1.05893
1.11358
1.13208
1.13264
1.13044
1.13161
1.1342
1.13503
1.13468
1.13384
1.13313
1.13329
1.13362
1.13389
1.13412
1
1
1
1
1
1
1
1
1
1
1
1
1
1.00019
1.00694
1.05336
1.11054
1.1319
1.13214
1.13031
1.13174
1.13429
1.13496
1.1346
1.13365
1.133
1.13327
1.13364
1.134
1.13437
1
1
1
1
1
1
1
1
1
1
1
1
1
1.00013
1.00536
1.04748
1.10677
1.1313
1.13165
1.13026
1.13203
1.13441
1.1349
1.13453
1.13346
1.13288
1.13312
1.13361
1.13411
1.13461
1
1
1
1
1
1
1
1
1
1
1
1
1
1.00009
1.00402
1.04155
1.10279
1.13056
1.13122
1.13025
1.13233
1.13448
1.13484
1.13445
1.1333
1.13279
1.13303
1.13361
1.13424
1.13476
1
1
1
1
1
1
1
1
1
1
1
1
1
1.00006
1.00289
1.03537
1.09827
1.12998
1.13081
1.13041
1.13282
1.13457
1.13481
1.13433
1.13318
1.13277
1.13303
1.13375
1.13433
1.13481
1
1
1
1
1
1
1
1
1
1
1
1
1
1.00003
1.002
1.02904
1.09246
1.12905
1.13022
1.13055
1.13353
1.13471
1.13477
1.13414
1.13312
1.13283
1.13311
1.1338
1.13435
1.13482
1
1
1
1
1
1
1
1
1
1
1
1
1
1.00002
1.00133
1.02304
1.08516
1.12727
1.12922
1.13067
1.13432
1.13484
1.13469
1.13387
1.13316
1.13298
1.13324
1.1338
1.13431
1.13464
1
1
1
1
1
1
1
1
1
1
1
1
1
1.00001
1.00085
1.01766
1.07685
1.12434
1.12804
1.13142
1.1351
1.13483
1.13437
1.13346
1.13323
1.13323
1.1334
1.13384
1.13421
1.13444
1
1
1
1
1
1
1
1
1
1
1
1
1
1.00001
1.00051
1.01296
1.06794
1.11937
1.12691
1.13245
1.13558
1.13483
1.13391
1.13312
1.1333
1.13369
1.13362
1.13387
1.1341
1.13415
1
1
1
1
1
1
1
1
1
1
1
1
1
1
1.00029
1.00903
1.05876
1.11321
1.12631
1.13371
1.13581
1.1347
1.13336
1.13296
1.13338
1.13404
1.13391
1.13391
1.13399
1.1338
1
1
1
1
1
1
1
1
1
1
1
1
1
1
1.00016
1.00589
1.04895
1.10695
1.12652
1.13464
1.1359
1.13412
1.13274
1.13289
1.13356
1.13441
1.13427
1.13398
1.13384
1.13344
1
1
1
1
1
1
1
1
1
1
1
1
1
1
1.00008
1.00356
1.03837
1.09985
1.12688
1.13484
1.13601
1.13353
1.13227
1.13279
1.13388
1.13472
1.13461
1.13407
1.13363
1.13304
1
1
1
1
1
1
1
1
1
1
1
1
1
1
1.00004
1.00197
1.02799
1.09061
1.12467
1.13441
1.13566
1.13266
1.13187
1.13282
1.13431
1.13491
1.13479
1.13411
1.13339
1.1328
1
1
1
1
1
1
1
1
1
1
1
1
1
1
1.00002
1.00101
1.01905
1.07899
1.11942
1.1331
1.13428
1.13157
1.13161
1.13296
1.1347
1.13497
1.13484
1.13406
1.13318
1.13271
1
1
1
1
1
1
1
1
1
1
1
1
1
1
1.00001
1.00047
1.01196
1.06667
1.11481
1.13175
1.13284
1.13085
1.13147
1.13352
1.13489
1.13495
1.13466
1.13383
1.13308
1.13278
1
1
1
1
1
1
1
1
1
1
1
1
1
1
1
1.0002
1.00669
1.05205
1.1094
1.13099
1.13207
1.13061
1.13205
1.13415
1.13487
1.13469
1.13417
1.13364
1.13313
1.13318
1
1
1
1
1
1
1
1
1
1
1
1
1
1
1
1.00007
1.00318
1.03526
1.09876
1.13086
1.13184
1.13082
1.13306
1.13472
1.13468
1.13416
1.13365
1.13352
1.13355
1.13369
1
1
1
1
1
1
1
1
1
1
1
1
1
1
1
1.00002
1.00131
1.02115
1.08063
1.12701
1.13066
1.13216
1.13452
1.13492
1.13451
1.13356
1.13331
1.13352
1.13387
1.13418
1
1
1
1
1
1
1
1
1
1
1
1
1
1
1
1.00001
1.00047
1.0114
1.06261
1.11678
1.12758
1.13347
1.13567
1.13488
1.13388
1.13314
1.1332
1.13362
1.1341
1.13445
1
1
1
1
1
1
1
1
1
1
1
1
1
1
1
1
1.00014
1.00499
1.04406
1.10367
1.12534
1.13469
1.13613
1.13468
1.13314
1.13299
1.13347
1.13377
1.13417
1.13449
1
1
1
1
1
1
1
1
1
1
1
1
1
1
1
1
1.00004
1.00168
1.02423
1.085
1.12323
1.13506
1.13634
1.13347
1.13256
1.13311
1.13401
1.13391
1.13394
1.13368
1
1
1
1
1
1
1
1
1
1
1
1
1
1
1
1
1.00001
1.00043
1.01013
1.06018
1.11445
1.13343
1.13393
1.13169
1.13223
1.13379
1.13451
1.13412
1.13352
1.13299
1.1126
1.13157
1.13359
1.13434
1.13476
1.13473
1.13382
1.13272
1.13241
1.13272
1.13442
1.13616
1.13499
1.12612
1.10865
1.0508
1.00626
1.00016
1
1
1
1
1
1
1
1
1
1
1
1
1.08403
1.1281
1.13345
1.13433
1.13476
1.13473
1.1338
1.13272
1.13243
1.13284
1.13449
1.13613
1.135
1.12641
1.10963
1.05331
1.00709
1.00019
1
1
1
1
1
1
1
1
1
1
1
1
1.05363
1.12182
1.13306
1.13431
1.13474
1.13472
1.13381
1.13272
1.13244
1.1329
1.13451
1.13608
1.13494
1.12676
1.11149
1.05561
1.00789
1.00023
1
1
1
1
1
1
1
1
1
1
1
1
1.02304
1.11286
1.13225
1.13423
1.13472
1.13471
1.13379
1.13273
1.13247
1.13293
1.13451
1.13602
1.13475
1.12683
1.1128
1.05866
1.00886
1.00027
1
1
1
1
1
1
1
1
1
1
1
1
0.993547
1.10138
1.13064
1.13412
1.13471
1.13469
1.13377
1.13274
1.13248
1.13295
1.13449
1.13592
1.13458
1.12701
1.1138
1.06208
1.01013
1.00033
1
1
1
1
1
1
1
1
1
1
1
1
0.964475
1.08752
1.12789
1.13392
1.1347
1.13468
1.13379
1.13275
1.13249
1.13296
1.13443
1.13575
1.13457
1.12735
1.1152
1.06508
1.0115
1.00041
1
1
1
1
1
1
1
1
1
1
1
1
0.937991
1.07137
1.12329
1.13347
1.13467
1.13466
1.13379
1.13274
1.13248
1.13296
1.13436
1.13553
1.13448
1.12778
1.11699
1.06853
1.01302
1.0005
1.00001
1
1
1
1
1
1
1
1
1
1
1
0.910806
1.05433
1.1167
1.13257
1.13462
1.13465
1.13378
1.13275
1.13248
1.13296
1.13426
1.13527
1.13428
1.12832
1.11909
1.07234
1.01487
1.00062
1.00001
1
1
1
1
1
1
1
1
1
1
1
0.888369
1.03492
1.10739
1.13086
1.13451
1.13465
1.13377
1.13281
1.1325
1.13295
1.13414
1.13493
1.13409
1.12844
1.1211
1.07627
1.01699
1.00078
1.00001
1
1
1
1
1
1
1
1
1
1
1
0.866801
1.01542
1.09537
1.12795
1.13426
1.13465
1.13377
1.13284
1.1325
1.13294
1.13402
1.13464
1.13382
1.12844
1.12272
1.07995
1.01944
1.00098
1.00001
1
1
1
1
1
1
1
1
1
1
1
0.848458
0.995616
1.08046
1.12307
1.13367
1.13465
1.13378
1.13288
1.13248
1.13294
1.13393
1.13455
1.13348
1.12842
1.1242
1.08373
1.02218
1.00125
1.00002
1
1
1
1
1
1
1
1
1
1
1
0.833935
0.974596
1.06286
1.11597
1.13249
1.13461
1.13377
1.13293
1.13246
1.13295
1.1339
1.13446
1.13317
1.12831
1.12582
1.08786
1.02544
1.0016
1.00002
1
1
1
1
1
1
1
1
1
1
1
0.826192
0.956548
1.043
1.10571
1.13015
1.13449
1.13373
1.13293
1.1324
1.13296
1.1339
1.13431
1.13292
1.12809
1.12684
1.09163
1.02906
1.00206
1.00003
1
1
1
1
1
1
1
1
1
1
1
0.816149
0.93833
1.02175
1.09262
1.12622
1.13417
1.13361
1.13294
1.13237
1.13298
1.13391
1.13418
1.13264
1.12813
1.12769
1.09574
1.03313
1.00266
1.00005
1
1
1
1
1
1
1
1
1
1
1
0.815997
0.921849
0.999576
1.07613
1.1198
1.13325
1.13351
1.13298
1.13238
1.13303
1.13396
1.13419
1.13231
1.12857
1.12914
1.09971
1.03762
1.00344
1.00007
1
1
1
1
1
1
1
1
1
1
1
0.818496
0.907365
0.976924
1.05741
1.1106
1.13124
1.13342
1.13295
1.13239
1.13314
1.13407
1.13433
1.13216
1.12925
1.13025
1.10346
1.04258
1.00445
1.0001
1
1
1
1
1
1
1
1
1
1
1
0.827136
0.896439
0.95496
1.03616
1.09776
1.12755
1.13318
1.13284
1.13241
1.13332
1.13425
1.13458
1.13216
1.12957
1.13051
1.10673
1.048
1.00579
1.00015
1
1
1
1
1
1
1
1
1
1
1
0.835594
0.885749
0.933629
1.01454
1.08197
1.1213
1.13231
1.13278
1.13246
1.13356
1.13448
1.13468
1.13209
1.12964
1.13087
1.10976
1.05376
1.00746
1.00022
1
1
1
1
1
1
1
1
1
1
1
0.844451
0.877466
0.913633
0.991872
1.06272
1.11198
1.1304
1.13266
1.13255
1.13385
1.13463
1.13468
1.13181
1.12964
1.13149
1.11298
1.05998
1.00969
1.00033
1
1
1
1
1
1
1
1
1
1
1
0.85714
0.873786
0.895834
0.970576
1.04176
1.09881
1.12652
1.13234
1.13261
1.13413
1.13476
1.13465
1.13157
1.12951
1.13252
1.11598
1.06643
1.01239
1.00048
1.00001
1
1
1
1
1
1
1
1
1
1
0.872138
0.868988
0.880631
0.948917
1.01864
1.08241
1.12022
1.13149
1.1327
1.1344
1.13485
1.13455
1.13129
1.12955
1.13311
1.11877
1.07327
1.01586
1.00073
1.00001
1
1
1
1
1
1
1
1
1
1
0.884235
0.863339
0.871205
0.931209
0.995519
1.06233
1.11007
1.1295
1.13267
1.13461
1.13498
1.13442
1.13094
1.12965
1.13306
1.12208
1.08008
1.02008
1.00109
1.00002
1
1
1
1
1
1
1
1
1
1
0.889696
0.863505
0.863699
0.912823
0.972028
1.04064
1.09658
1.1255
1.13237
1.13487
1.13514
1.13434
1.13091
1.12981
1.13299
1.12405
1.08692
1.02524
1.00165
1.00003
1
1
1
1
1
1
1
1
1
1
0.894511
0.864531
0.863823
0.899754
0.950073
1.01707
1.07882
1.11845
1.1314
1.13502
1.13524
1.13426
1.13102
1.13018
1.13339
1.12536
1.09309
1.03122
1.00248
1.00005
1
1
1
1
1
1
1
1
1
1
0.894945
0.867202
0.86478
0.889254
0.928755
0.993348
1.0583
1.10767
1.12892
1.13488
1.13527
1.13409
1.13114
1.13066
1.13402
1.12748
1.09939
1.03816
1.00367
1.00008
1
1
1
1
1
1
1
1
1
1
0.894835
0.87179
0.866043
0.881239
0.910683
0.971007
1.03574
1.09254
1.12399
1.13425
1.13519
1.13371
1.13111
1.13122
1.13449
1.12855
1.10506
1.04609
1.00551
1.00014
1
1
1
1
1
1
1
1
1
1
0.894875
0.877664
0.868615
0.876709
0.8942
0.948572
1.01149
1.07416
1.1157
1.13245
1.13482
1.13312
1.13092
1.13168
1.13478
1.12921
1.11026
1.05462
1.00796
1.00025
1
1
1
1
1
1
1
1
1
1
0.8958
0.883516
0.872059
0.872798
0.880882
0.930626
0.988609
1.05198
1.10288
1.12867
1.13405
1.13245
1.13077
1.13191
1.13511
1.13027
1.11524
1.06392
1.01163
1.00046
1.00001
1
1
1
1
1
1
1
1
1
0.897029
0.888281
0.876213
0.868586
0.872718
0.913285
0.964799
1.02887
1.08634
1.12176
1.13286
1.13164
1.13077
1.13226
1.13539
1.13069
1.11912
1.07318
1.01629
1.0008
1.00001
1
1
1
1
1
1
1
1
1
0.898957
0.890957
0.879146
0.864631
0.868138
0.901206
0.944144
1.00404
1.06501
1.11089
1.13025
1.13122
1.13098
1.13281
1.13538
1.13096
1.12257
1.08275
1.02261
1.00141
1.00002
1
1
1
1
1
1
1
1
1
0.899714
0.892498
0.880482
0.865048
0.8672
0.890835
0.92455
0.981335
1.04261
1.09518
1.12491
1.13074
1.13123
1.13331
1.13532
1.13113
1.12527
1.09137
1.03042
1.00247
1.00005
1
1
1
1
1
1
1
1
1
0.899123
0.892305
0.881825
0.866674
0.867902
0.88361
0.907761
0.95807
1.01815
1.07624
1.11576
1.12929
1.13122
1.13347
1.13508
1.13105
1.12733
1.10044
1.03964
1.00411
1.0001
1
1
1
1
1
1
1
1
1
0.89717
0.89143
0.88293
0.869567
0.871316
0.880007
0.894067
0.939731
0.9941
1.05282
1.10167
1.12554
1.13091
1.13338
1.1346
1.13083
1.12919
1.10788
1.05072
1.00694
1.00021
1
1
1
1
1
1
1
1
1
0.893586
0.890999
0.884713
0.873888
0.875783
0.876231
0.881563
0.921136
0.971777
1.02976
1.08305
1.1176
1.12973
1.13315
1.1339
1.13092
1.1315
1.11456
1.06198
1.01096
1.00044
1.00001
1
1
1
1
1
1
1
1
0.890574
0.89047
0.886216
0.879848
0.878182
0.872752
0.876102
0.907954
0.94925
1.00413
1.06106
1.10529
1.12663
1.13273
1.1336
1.13112
1.13226
1.12007
1.07479
1.017
1.00088
1.00001
1
1
1
1
1
1
1
1
0.888814
0.88962
0.887582
0.883907
0.878831
0.871359
0.873834
0.898257
0.930112
0.979983
1.03577
1.08803
1.12035
1.1317
1.13343
1.13119
1.13239
1.12395
1.08591
1.02548
1.00178
1.00003
1
1
1
1
1
1
1
1
0.888371
0.889182
0.887937
0.885102
0.879698
0.871966
0.873897
0.888812
0.912687
0.958758
1.01185
1.06629
1.10957
1.12908
1.13307
1.13127
1.13272
1.12753
1.09712
1.0354
1.0034
1.00008
1
1
1
1
1
1
1
1
0.888882
0.888936
0.88724
0.884802
0.880004
0.873648
0.876086
0.885624
0.898719
0.936655
0.98699
1.04376
1.09387
1.12334
1.13221
1.13126
1.13303
1.12922
1.10723
1.04851
1.00625
1.00019
1
1
1
1
1
1
1
1
0.890175
0.888661
0.885991
0.883868
0.880558
0.877172
0.88111
0.881891
0.887246
0.920922
0.963802
1.01901
1.07408
1.11324
1.12965
1.1314
1.13348
1.13072
1.1139
1.06257
1.01123
1.00046
1.00001
1
1
1
1
1
1
1
0.890834
0.888685
0.884925
0.882105
0.881627
0.881723
0.881184
0.877502
0.880101
0.907289
0.943782
0.9937
1.0511
1.09814
1.12416
1.13111
1.13351
1.1319
1.12085
1.07562
1.01847
1.00105
1.00002
1
1
1
1
1
1
1
1
1
1
1
1.00002
1.00107
1.0199
1.07965
1.12081
1.12796
1.11982
1.08371
1.03175
0.981306
0.937094
0.905305
0.89204
0.878747
0.876297
0.879746
0.882322
0.882664
0.882135
0.881528
0.881788
0.882427
0.883481
0.885275
0.886884
0.88771
1
1
1
1
1.00001
1.001
1.01916
1.07868
1.1205
1.128
1.12024
1.08493
1.03304
0.982409
0.938187
0.905175
0.892072
0.878878
0.87678
0.879829
0.882294
0.882599
0.882064
0.881496
0.881815
0.882509
0.883551
0.885284
0.886885
0.887692
1
1
1
1
1.00001
1.00094
1.01848
1.07764
1.12025
1.128
1.12071
1.08623
1.03444
0.983518
0.939251
0.904898
0.892208
0.879249
0.877222
0.879846
0.882257
0.88253
0.881975
0.881467
0.881839
0.882591
0.883642
0.885315
0.886889
0.887665
1
1
1
1
1.00001
1.00088
1.0178
1.07638
1.1199
1.12794
1.12124
1.08772
1.03606
0.98486
0.940444
0.905083
0.892557
0.879574
0.87755
0.879829
0.882191
0.882453
0.881879
0.88144
0.881863
0.882665
0.883727
0.885342
0.886876
0.887626
1
1
1
1
1.00001
1.00082
1.01708
1.0751
1.11924
1.12795
1.12177
1.08915
1.03766
0.986247
0.941796
0.906375
0.892903
0.879828
0.877902
0.879856
0.882117
0.882373
0.881779
0.88141
0.881882
0.882731
0.883813
0.885382
0.886881
0.887577
1
1
1
1
1.00001
1.00076
1.01631
1.07385
1.1185
1.12804
1.12233
1.09058
1.03928
0.987609
0.943218
0.907869
0.893246
0.88014
0.87832
0.88005
0.882071
0.882295
0.881661
0.881367
0.881887
0.882791
0.883893
0.885424
0.886909
0.887513
1
1
1
1
1.00001
1.0007
1.01552
1.0725
1.11784
1.12799
1.12292
1.09213
1.04108
0.989219
0.944623
0.90822
0.893484
0.880549
0.878752
0.880414
0.882066
0.882229
0.881517
0.881302
0.881865
0.88285
0.883967
0.885469
0.886926
0.887438
1
1
1
1
1.00001
1.00064
1.01472
1.07101
1.11718
1.12778
1.12356
1.09383
1.04306
0.991171
0.946095
0.907987
0.893582
0.880921
0.879096
0.880786
0.882077
0.882177
0.881339
0.881199
0.88183
0.882918
0.884033
0.88552
0.886947
0.887358
1
1
1
1
1.00001
1.00058
1.01388
1.06942
1.11652
1.12772
1.12423
1.0956
1.04518
0.993173
0.947717
0.907467
0.893591
0.881187
0.879275
0.881048
0.882124
0.882124
0.88113
0.88107
0.881809
0.882995
0.884096
0.88558
0.886977
0.887285
1
1
1
1
1.00001
1.00052
1.01302
1.06769
1.11582
1.12776
1.12494
1.09742
1.04744
0.995218
0.949544
0.907523
0.893596
0.881346
0.879305
0.881174
0.882232
0.882063
0.880898
0.880946
0.881792
0.883063
0.884163
0.885652
0.887015
0.887205
1
1
1
1
1.00001
1.00047
1.01214
1.06581
1.1151
1.12771
1.12565
1.09931
1.04984
0.997421
0.951683
0.908841
0.893689
0.881385
0.879273
0.88122
0.882303
0.881977
0.880652
0.880831
0.881789
0.883101
0.88425
0.885734
0.887033
0.887126
1
1
1
1
1
1.00041
1.01125
1.06377
1.11434
1.12769
1.12626
1.10127
1.05237
0.999794
0.954115
0.911407
0.89387
0.881257
0.879234
0.88126
0.882325
0.881835
0.8804
0.880721
0.881789
0.883133
0.884334
0.885808
0.887047
0.88705
1
1
1
1
1
1.00036
1.01037
1.06162
1.11347
1.12778
1.12663
1.10328
1.05507
1.00238
0.956681
0.914608
0.894216
0.88107
0.879125
0.881359
0.882349
0.881617
0.880179
0.880565
0.881756
0.883151
0.884402
0.885867
0.88706
0.886989
1
1
1
1
1
1.00032
1.00948
1.05935
1.1125
1.128
1.12683
1.10528
1.05794
1.00529
0.959217
0.917907
0.894937
0.880923
0.878756
0.881437
0.882364
0.881315
0.879968
0.880375
0.881662
0.883149
0.884463
0.885916
0.887066
0.88693
1
1
1
1
1
1.00027
1.0086
1.05693
1.1114
1.12815
1.12708
1.10731
1.06097
1.00844
0.961626
0.920879
0.896279
0.880843
0.878563
0.88147
0.882337
0.880946
0.87977
0.880183
0.881551
0.883099
0.884534
0.885969
0.88706
0.886879
1
1
1
1
1
1.00023
1.00774
1.05433
1.11008
1.12817
1.12787
1.10938
1.06422
1.01174
0.96399
0.92367
0.898363
0.880834
0.878622
0.881564
0.88213
0.880578
0.879599
0.880017
0.881444
0.883021
0.884597
0.886036
0.887055
0.886861
1
1
1
1
1
1.0002
1.0069
1.05154
1.1085
1.12818
1.12862
1.11146
1.06762
1.01518
0.966481
0.926393
0.900433
0.880843
0.878713
0.881766
0.881932
0.880239
0.879456
0.8799
0.881366
0.882953
0.884626
0.886114
0.887129
0.886916
1
1
1
1
1
1.00017
1.00609
1.04865
1.10673
1.1281
1.12899
1.11348
1.07114
1.01882
0.969221
0.92894
0.901271
0.880959
0.878709
0.882089
0.8818
0.879895
0.879346
0.879835
0.881336
0.882902
0.884629
0.88618
0.887239
0.887053
1
1
1
1
1
1.00014
1.00532
1.04568
1.10482
1.12756
1.1292
1.11549
1.07483
1.02276
0.972384
0.931369
0.901101
0.881093
0.879104
0.882504
0.881608
0.879584
0.879281
0.879813
0.881337
0.882858
0.884592
0.886235
0.88733
0.88721
1
1
1
1
1
1.00011
1.00459
1.0426
1.10272
1.12702
1.12944
1.11753
1.07875
1.02702
0.976181
0.934015
0.900351
0.881527
0.880555
0.882841
0.881246
0.879403
0.879265
0.879828
0.881385
0.882816
0.884556
0.886303
0.887399
0.887417
1
1
1
1
1
1.00009
1.0039
1.03934
1.10039
1.12672
1.12979
1.11959
1.08286
1.03152
0.980468
0.937254
0.901093
0.882571
0.881934
0.882955
0.880737
0.879364
0.879357
0.880069
0.881487
0.882776
0.884499
0.886328
0.887501
0.887721
1
1
1
1
1
1.00007
1.00327
1.03594
1.09758
1.12636
1.12995
1.12164
1.08715
1.03621
0.985059
0.941225
0.904669
0.883751
0.88315
0.882953
0.880154
0.879513
0.879593
0.880479
0.881542
0.882745
0.884418
0.886299
0.887714
0.888033
1
1
1
1
1
1.00005
1.00269
1.03251
1.09421
1.12521
1.12992
1.12363
1.09161
1.04134
0.989876
0.945136
0.909169
0.885058
0.884202
0.882752
0.879598
0.879665
0.879961
0.880925
0.88157
0.88271
0.884273
0.886267
0.887954
0.888375
1
1
1
1
1
1.00004
1.00218
1.02909
1.09064
1.12368
1.12992
1.12549
1.09622
1.04696
0.995242
0.948407
0.912698
0.886521
0.884898
0.882649
0.879171
0.879738
0.880423
0.881411
0.881593
0.882654
0.884037
0.88626
0.888194
0.888817
1
1
1
1
1
1.00003
1.00172
1.02562
1.08692
1.12253
1.13004
1.12709
1.10094
1.05299
1.0012
0.951567
0.91556
0.887635
0.885128
0.882486
0.878872
0.879725
0.880961
0.881755
0.881725
0.882571
0.883783
0.886275
0.888418
0.889374
1
1
1
1
1
1.00002
1.00132
1.02211
1.08276
1.12166
1.12997
1.12843
1.10567
1.05946
1.00778
0.956044
0.919336
0.888645
0.885004
0.881949
0.878536
0.879848
0.881436
0.881951
0.88181
0.882422
0.883592
0.886258
0.888611
0.889867
1
1
1
1
1
1.00001
1.00099
1.01862
1.07775
1.12101
1.12983
1.12949
1.11028
1.06625
1.01496
0.962996
0.924966
0.891229
0.884704
0.880469
0.878105
0.880004
0.881738
0.88203
0.881832
0.882206
0.883383
0.886229
0.888797
0.890255
1
1
1
1
1
1.00001
1.00072
1.01534
1.07194
1.11978
1.1298
1.13023
1.11461
1.0734
1.02254
0.970929
0.931114
0.89704
0.884913
0.878987
0.877692
0.879998
0.88182
0.882083
0.88178
0.881916
0.883189
0.886157
0.888953
0.890614
1
1
1
1
1
1.00001
1.00051
1.01237
1.06571
1.11674
1.12967
1.13074
1.11848
1.08076
1.0306
0.978893
0.936191
0.902037
0.886255
0.878308
0.87727
0.879821
0.881821
0.882077
0.881536
0.881624
0.883083
0.886121
0.889131
0.890938
1
1
1
1
1
1
1.00035
1.00973
1.05933
1.11317
1.12922
1.13113
1.12184
1.08832
1.03926
0.987159
0.940542
0.906277
0.889073
0.878149
0.876768
0.879556
0.881757
0.881974
0.881271
0.881401
0.883052
0.886199
0.889345
0.891155
1
1
1
1
1
1
1.00023
1.00741
1.05272
1.10932
1.1282
1.13154
1.12469
1.09592
1.04885
0.996204
0.946132
0.91128
0.892308
0.878143
0.876324
0.879388
0.88165
0.881876
0.880933
0.881302
0.883124
0.886318
0.889448
0.891232
1
1
1
1
1
1
1.00015
1.00542
1.04566
1.1048
1.12758
1.13177
1.12714
1.10334
1.05921
1.00643
0.955286
0.916968
0.896402
0.878593
0.876164
0.87952
0.881553
0.881568
0.880562
0.881319
0.883404
0.886485
0.889453
0.891189
1
1
1
1
1
1
1.00009
1.00376
1.03818
1.09957
1.12809
1.1319
1.12906
1.11058
1.07002
1.0175
0.96627
0.922833
0.900302
0.879669
0.876527
0.880042
0.88147
0.881009
0.880389
0.88141
0.883721
0.886657
0.889435
0.890603
1
1
1
1
1
1
1.00005
1.00246
1.03051
1.09296
1.12841
1.1321
1.13039
1.11715
1.08129
1.02961
0.978033
0.930459
0.903252
0.880786
0.877698
0.880463
0.88126
0.880458
0.880431
0.881588
0.883969
0.886858
0.889083
0.890037
1
1
1
1
1
1
1.00003
1.00153
1.02328
1.08402
1.1254
1.13222
1.13117
1.12269
1.09241
1.04309
0.991003
0.941925
0.90704
0.882208
0.879598
0.880984
0.880356
0.880049
0.880556
0.882058
0.884221
0.887018
0.888875
0.889086
1
1
1
1
1
1
1.00001
1.0009
1.01701
1.07371
1.11891
1.13215
1.13147
1.12709
1.10291
1.0575
1.00494
0.955121
0.913358
0.885556
0.882389
0.88138
0.878618
0.879928
0.881361
0.882617
0.884319
0.886836
0.888515
0.888632
1
1
1
1
1
1
1.00001
1.0005
1.01182
1.06379
1.11376
1.13083
1.13155
1.13021
1.11253
1.07266
1.02044
0.969295
0.923598
0.891319
0.884784
0.879559
0.877493
0.879904
0.882378
0.883
0.884058
0.886359
0.888081
0.888574
1
1
1
1
1
1
1
1.00025
1.00759
1.05292
1.10884
1.12906
1.1315
1.13211
1.12046
1.08806
1.03867
0.985552
0.93774
0.899112
0.886166
0.878153
0.876902
0.880644
0.883019
0.883477
0.883817
0.885509
0.887871
0.889169
1
1
1
1
1
1
1
1.00011
1.00435
1.04038
1.10233
1.12787
1.13167
1.13293
1.12618
1.10244
1.05873
1.00465
0.954036
0.910018
0.889161
0.877645
0.876348
0.88125
0.883276
0.883605
0.883034
0.88461
0.887977
0.890112
1
1
1
1
1
1
1
1.00005
1.00223
1.0282
1.08991
1.12612
1.1318
1.13336
1.12963
1.11486
1.07914
1.02698
0.972384
0.9251
0.896341
0.877933
0.876017
0.881592
0.883315
0.882978
0.882256
0.884419
0.88829
0.890693
1
1
1
1
1
1
1
1
1
1
1
1
1
1
1
1
1
1
1
1
1
1
1
1
1
1
1
1
1
1
1
1
1
1
1
1
1
1
1
1.00001
1
1
1
1
1
1
1
1
1
1
1
1
1
1
1
1
1
1
1
1
1
1
1
1
1
1
1
1
1
1
1
1
1
1
1
1
1
1.00002
1.00005
1.00058
1
1
1
1
1
1
1
1
1
1
1
1
1
1
1
1
1
1
1
1
1
1
1
1
1
1
1
1
1
1
1
1
1.00001
1.00002
1.00005
1.00014
1.00038
1.00105
1.00246
1.0105
1
1
1
1
1
1
1
1
1
1
1
1
1
1
1
1
1
1
1
1
1
1
1
1
1.00001
1.00001
1.00002
1.00003
1.00005
1.00009
1.00018
1.00034
1.00067
1.00135
1.0027
1.00536
1.01013
1.01839
1.02944
1.05357
1.00002
1.00002
1.00002
1.00002
1.00002
1.00002
1.00002
1.00002
1.00003
1.00003
1.00003
1.00004
1.00004
1.00005
1.00005
1.00006
1.00007
1.00009
1.00011
1.00014
1.00017
1.00023
1.00031
1.00042
1.00058
1.00083
1.00121
1.0018
1.00272
1.00416
1.0064
1.00982
1.01491
1.02216
1.03202
1.04429
1.0579
1.07233
1.0842
1.09542
1.00111
1.00115
1.0012
1.00124
1.0013
1.00136
1.00144
1.00153
1.00163
1.00174
1.00189
1.00205
1.00225
1.00248
1.00276
1.0031
1.00352
1.00403
1.00466
1.00545
1.00644
1.00771
1.00932
1.0114
1.01398
1.01724
1.02139
1.02653
1.03292
1.0406
1.04936
1.05909
1.06934
1.07987
1.08953
1.0974
1.10287
1.10673
1.10665
1.10458
1.02048
1.02085
1.02118
1.02162
1.02223
1.02284
1.02355
1.02438
1.02522
1.0262
1.02736
1.02861
1.03001
1.03162
1.03342
1.03546
1.03773
1.04029
1.04322
1.04641
1.05008
1.05415
1.05877
1.06384
1.06922
1.07499
1.0807
1.08659
1.09302
1.09869
1.10336
1.10763
1.11083
1.11337
1.11329
1.11305
1.11214
1.1097
1.10518
1.08809
1.08031
1.08077
1.08127
1.08209
1.08307
1.08366
1.08426
1.08515
1.08629
1.08738
1.08852
1.08992
1.09143
1.09293
1.09473
1.0966
1.09839
1.1005
1.10252
1.1045
1.10642
1.10834
1.11021
1.1122
1.11437
1.11623
1.11806
1.11903
1.11905
1.11894
1.11889
1.11874
1.11802
1.11618
1.11289
1.10694
1.09747
1.08386
1.06833
1.04031
1.12104
1.12121
1.12139
1.12154
1.12163
1.12172
1.12169
1.12168
1.12186
1.12194
1.12198
1.12233
1.12241
1.12243
1.12282
1.12306
1.12324
1.12355
1.12386
1.12398
1.12412
1.12402
1.12375
1.12375
1.12377
1.12363
1.12294
1.12151
1.11993
1.11779
1.11438
1.10909
1.1015
1.09133
1.07899
1.06469
1.04896
1.03209
1.01664
0.993229
1.12788
1.12776
1.12753
1.12736
1.12732
1.12723
1.12695
1.12655
1.12648
1.12641
1.12618
1.12593
1.12584
1.12579
1.12574
1.12571
1.12561
1.12527
1.12483
1.12448
1.12377
1.12244
1.12043
1.1178
1.11454
1.11069
1.10601
1.10047
1.0938
1.08562
1.07585
1.06502
1.05274
1.04019
1.02693
1.01364
0.999825
0.986097
0.973529
0.953395
1.11955
1.11934
1.11912
1.1188
1.11848
1.11815
1.11773
1.11726
1.11667
1.11603
1.11529
1.11427
1.113
1.11165
1.11012
1.10834
1.10602
1.10331
1.10044
1.09726
1.09371
1.08943
1.08465
1.07923
1.07307
1.06657
1.05909
1.05164
1.04339
1.03387
1.02373
1.01369
1.00345
0.99276
0.982034
0.971051
0.960857
0.949782
0.940814
0.92557
1.08297
1.08245
1.08181
1.08069
1.07975
1.0789
1.07792
1.07677
1.07532
1.07386
1.07234
1.07048
1.0684
1.06614
1.06361
1.06083
1.05777
1.05444
1.05077
1.04694
1.04268
1.03832
1.03342
1.02787
1.02198
1.0148
1.00813
1.00186
0.994336
0.985821
0.977923
0.96964
0.961022
0.951432
0.942515
0.932954
0.923615
0.91404
0.905612
0.895422
1.03101
1.03042
1.02975
1.02866
1.02758
1.02657
1.02558
1.02453
1.02314
1.02161
1.02011
1.01846
1.01653
1.01434
1.01193
1.00936
1.00658
1.00355
1.00036
0.996744
0.992781
0.988607
0.984251
0.979237
0.974188
0.969808
0.964804
0.958172
0.952268
0.946552
0.940655
0.934333
0.927673
0.921668
0.915736
0.909481
0.902888
0.897228
0.89134
0.884786
0.980668
0.980181
0.979206
0.978318
0.977807
0.977167
0.976319
0.975349
0.97414
0.972987
0.971843
0.97039
0.968704
0.966832
0.964707
0.962414
0.959687
0.956782
0.953887
0.949865
0.946262
0.944276
0.941957
0.938233
0.934921
0.930471
0.924624
0.919792
0.91554
0.910626
0.905622
0.900598
0.895672
0.891746
0.888359
0.885522
0.884418
0.884222
0.884413
0.884588
0.93647
0.936004
0.935528
0.93509
0.934504
0.933907
0.933023
0.931607
0.931283
0.93109
0.930123
0.928069
0.927623
0.927249
0.925439
0.924714
0.924651
0.923449
0.921133
0.918391
0.915738
0.913486
0.910078
0.906506
0.90565
0.90471
0.902869
0.900136
0.896808
0.89421
0.891794
0.888916
0.886394
0.883791
0.880976
0.879454
0.878582
0.878651
0.879186
0.883993
0.905232
0.904831
0.904512
0.904237
0.90398
0.903707
0.903328
0.902855
0.902374
0.901556
0.900124
0.898595
0.897321
0.895405
0.894267
0.894514
0.89442
0.893276
0.892086
0.890584
0.888498
0.886728
0.884805
0.883094
0.882962
0.88339
0.883297
0.882176
0.881345
0.881415
0.881828
0.882036
0.882383
0.88237
0.881982
0.880947
0.8793
0.878615
0.879708
0.905096
0.892178
0.892278
0.892279
0.89221
0.891909
0.891462
0.890708
0.89027
0.889898
0.88909
0.887731
0.886288
0.885279
0.88433
0.883341
0.883047
0.882997
0.883064
0.883532
0.883951
0.884054
0.883704
0.882595
0.881009
0.879603
0.879441
0.879012
0.877915
0.877769
0.877987
0.878366
0.878555
0.878935
0.87987
0.880999
0.880789
0.880508
0.882804
0.896285
0.952088
0.878828
0.879049
0.879113
0.879103
0.878979
0.878847
0.878651
0.878628
0.878894
0.878949
0.878899
0.878944
0.878938
0.878965
0.878972
0.879063
0.879379
0.879859
0.880554
0.881621
0.882866
0.883467
0.883355
0.882819
0.881901
0.881166
0.880116
0.878782
0.878578
0.878664
0.878777
0.878817
0.878674
0.878808
0.879562
0.881234
0.888605
0.910258
0.950163
0.995377
0.87615
0.876151
0.876137
0.876117
0.876105
0.876103
0.876147
0.876255
0.876422
0.876607
0.876808
0.877105
0.877508
0.877946
0.878539
0.879001
0.879029
0.878846
0.878735
0.878933
0.879767
0.881026
0.88166
0.881781
0.881661
0.88135
0.881045
0.880773
0.880743
0.880731
0.880411
0.879782
0.879547
0.879969
0.883029
0.895383
0.928977
0.967973
0.990194
1.00302
0.879585
0.879402
0.879321
0.879314
0.879268
0.879202
0.879195
0.87921
0.879263
0.879367
0.879508
0.879646
0.879798
0.879923
0.879975
0.880022
0.879989
0.87964
0.879209
0.879192
0.879203
0.879384
0.879867
0.880343
0.880524
0.880778
0.881232
0.881707
0.881996
0.88204
0.881819
0.881341
0.882184
0.888031
0.909443
0.94576
0.982851
1.00586
1.00891
1.00717
0.882313
0.8823
0.882302
0.882352
0.882354
0.882276
0.882194
0.882168
0.882172
0.882179
0.882182
0.882178
0.882142
0.882058
0.88191
0.881724
0.881498
0.881071
0.880545
0.880118
0.879826
0.87969
0.879705
0.87979
0.87987
0.880172
0.880918
0.881679
0.882279
0.882261
0.882784
0.885916
0.900345
0.930817
0.964073
0.992373
0.998443
1.00835
1.01082
1.00958
0.882717
0.882761
0.88281
0.882868
0.88292
0.882935
0.882928
0.882916
0.882901
0.882891
0.882878
0.882878
0.882876
0.882854
0.882781
0.882626
0.882435
0.882162
0.881809
0.881441
0.880971
0.880495
0.880351
0.88036
0.880365
0.880494
0.880835
0.88134
0.882094
0.884911
0.895668
0.920179
0.953969
0.988932
1.00441
1.00989
1.00603
1.007
1.00976
1.00988
0.882196
0.882248
0.882298
0.882339
0.882387
0.88244
0.882478
0.882476
0.882482
0.882506
0.882508
0.882537
0.882591
0.882591
0.882587
0.882556
0.882516
0.882422
0.882222
0.88217
0.88211
0.881795
0.881561
0.881535
0.881524
0.881443
0.881896
0.884534
0.893336
0.915313
0.946874
0.976134
0.994163
1.00087
1.00718
1.01086
1.00993
1.00784
1.00853
1.00962
0.881557
0.88158
0.881601
0.881621
0.881644
0.881673
0.881703
0.881729
0.881762
0.881797
0.881811
0.881841
0.881923
0.881943
0.881958
0.882047
0.882146
0.882205
0.882271
0.8824
0.882478
0.882547
0.882616
0.882828
0.88353
0.886573
0.894945
0.915419
0.942817
0.972507
0.995769
1.00624
1.00898
1.00619
1.00669
1.00926
1.00988
1.00909
1.00871
1.00939
0.881757
0.881727
0.881695
0.881661
0.881627
0.881587
0.881537
0.881486
0.88143
0.881373
0.881295
0.881222
0.881168
0.881104
0.881048
0.881058
0.881176
0.881401
0.881744
0.881954
0.882216
0.88278
0.884293
0.889484
0.900192
0.922332
0.94895
0.971267
0.990017
0.995545
1.00071
1.00898
1.0113
1.01038
1.00829
1.00882
1.01008
1.00994
1.00959
1.00991
0.882345
0.882279
0.882206
0.882124
0.88203
0.88193
0.881816
0.881687
0.881544
0.881392
0.881243
0.881094
0.880945
0.880824
0.880705
0.880693
0.88075
0.881011
0.881624
0.883338
0.886884
0.895861
0.910456
0.934056
0.95933
0.980138
0.998616
1.00456
1.00979
1.00949
1.00668
1.00789
1.01064
1.01221
1.01139
1.01035
1.01095
1.01151
1.01128
1.01142
0.883385
0.883296
0.8832
0.883097
0.882984
0.882873
0.882773
0.882674
0.882558
0.882445
0.882338
0.882244
0.882167
0.882226
0.882539
0.883548
0.885668
0.890423
0.898011
0.911704
0.929869
0.951047
0.973392
0.986501
0.998505
1.0012
1.00569
1.0105
1.01533
1.01526
1.01388
1.01166
1.0128
1.01484
1.01444
1.01339
1.01355
1.01414
1.01408
1.01404
0.885213
0.885163
0.885092
0.885015
0.884963
0.884911
0.88494
0.885093
0.885441
0.88616
0.887395
0.889597
0.892803
0.897991
0.904747
0.914868
0.926807
0.942199
0.958768
0.97583
0.993467
1.00532
1.01229
1.01399
1.01547
1.0152
1.01362
1.01471
1.01714
1.01853
1.01809
1.01685
1.01641
1.01721
1.0177
1.01721
1.01681
1.0171
1.01707
1.01687
0.887043
0.887526
0.88854
0.890247
0.892707
0.896114
0.900385
0.905832
0.912129
0.919824
0.92813
0.937816
0.947566
0.958274
0.968599
0.9787
0.988789
0.996383
1.00464
1.00877
1.01204
1.01689
1.02039
1.02244
1.02218
1.02119
1.0206
1.01981
1.01995
1.02085
1.02136
1.02101
1.02005
1.01927
1.01993
1.0199
1.01947
1.01927
1.01922
1.01887
0.895624
0.905221
0.9156
0.925693
0.935598
0.945014
0.954393
0.963247
0.972273
0.980583
0.989254
0.996742
1.00474
1.01095
1.01764
1.02217
1.02603
1.02903
1.02898
1.02785
1.02586
1.0207
1.01836
1.01892
1.01986
1.0211
1.02272
1.02236
1.02167
1.02141
1.02229
1.02243
1.02152
1.02029
1.02038
1.02067
1.02045
1.02004
1.01991
1.01951
)
;

boundaryField
{
    inlet
    {
        type            fixedValue;
        value           uniform 1;
    }
    outlet
    {
        type            inletOutlet;
        inletValue      uniform 1;
        value           nonuniform List<scalar> 
60
(
1.00001
1.00058
1.0105
1.05357
1.09542
1.10458
1.08809
1.04031
0.993229
0.953395
0.92557
0.895422
0.884786
0.884588
0.883993
0.905096
0.952088
0.995377
1.00302
1.00717
1.00958
1.00988
1.00962
1.00939
1.00991
1.01142
1.01404
1.01687
1.01887
1.01951
1.01953
1.01885
1.01684
1.01405
1.01144
1.00993
1.00941
1.00964
1.00988
1.00959
1.00721
1.00308
0.995384
0.952085
0.905076
0.883925
0.884551
0.884858
0.895406
0.925563
0.953418
0.993192
1.04029
1.08808
1.10458
1.09542
1.05357
1.0105
1.00058
1.00001
)
;
    }
    airfoil
    {
        type            zeroGradient;
    }
    top_fore
    {
        type            fixedValue;
        value           uniform 1;
    }
    top_wake
    {
        type            fixedValue;
        value           uniform 1;
    }
    bottom_fore
    {
        type            fixedValue;
        value           uniform 1;
    }
    bottom_wake
    {
        type            fixedValue;
        value           uniform 1;
    }
    defaultFaces
    {
        type            empty;
    }
}


// ************************************************************************* //
