/*--------------------------------*- C++ -*----------------------------------*\
  =========                 |
  \\      /  F ield         | OpenFOAM: The Open Source CFD Toolbox
   \\    /   O peration     | Website:  https://openfoam.org
    \\  /    A nd           | Version:  7
     \\/     M anipulation  |
\*---------------------------------------------------------------------------*/
FoamFile
{
    version     2.0;
    format      ascii;
    class       volScalarField;
    location    "2.1";
    object      rho;
}
// * * * * * * * * * * * * * * * * * * * * * * * * * * * * * * * * * * * * * //

dimensions      [1 -3 0 0 0 0 0];

internalField   nonuniform List<scalar> 
8400
(
0.17643
0.238971
0.306772
0.373553
0.432317
0.486344
0.53339
0.567759
0.606015
0.623898
0.642707
0.657809
0.662043
0.678022
0.690486
0.699657
0.731078
0.783061
0.796393
0.801394
0.811589
0.839829
0.875739
0.945586
1.09242
1.15991
1.1648
1.17147
1.19008
1.19105
0.133874
0.134912
0.139426
0.150477
0.173643
0.206154
0.253127
0.310127
0.368087
0.427629
0.478768
0.528847
0.571549
0.610286
0.647126
0.677512
0.740666
0.755517
0.746814
0.723278
0.731862
0.76566
0.819343
0.900835
1.02319
1.06578
1.07272
1.11795
1.18536
1.18439
0.14848
0.148056
0.148109
0.148376
0.147967
0.147925
0.147537
0.145002
0.143416
0.150998
0.168282
0.195708
0.242658
0.292397
0.352781
0.428819
0.529856
0.654991
0.704443
0.706206
0.717164
0.756564
0.800178
0.868413
0.958117
0.969676
0.976738
1.07942
1.18694
1.17931
0.14329
0.143307
0.14402
0.145225
0.144962
0.142876
0.141166
0.140142
0.138573
0.137807
0.137781
0.138805
0.141798
0.145092
0.145835
0.15546
0.192111
0.304717
0.515263
0.642446
0.706725
0.768976
0.791948
0.829783
0.863404
0.862744
0.911139
1.08277
1.22331
1.22051
0.138802
0.139509
0.140848
0.142956
0.14364
0.142971
0.140915
0.141212
0.143441
0.145472
0.14732
0.151572
0.156243
0.161201
0.165748
0.171402
0.176517
0.180974
0.209591
0.319685
0.493801
0.679765
0.782881
0.805825
0.822841
0.828285
0.872314
1.06601
1.26026
1.27079
0.146616
0.147071
0.147281
0.14738
0.147196
0.147782
0.150996
0.157293
0.164326
0.170336
0.174391
0.176754
0.177779
0.180632
0.18758
0.193667
0.19665
0.202006
0.203166
0.203606
0.221083
0.330627
0.577048
0.737948
0.769186
0.808067
0.896906
1.11523
1.35048
1.36794
0.163416
0.164741
0.165498
0.167348
0.17076
0.175037
0.181107
0.186813
0.19231
0.198587
0.202029
0.203178
0.205143
0.209468
0.21641
0.217906
0.215488
0.216032
0.22264
0.23445
0.250412
0.253959
0.282918
0.42341
0.605774
0.711377
0.811551
0.983923
1.21522
1.34051
0.197852
0.202571
0.207507
0.211879
0.213694
0.214138
0.215175
0.217442
0.221545
0.228554
0.236302
0.243051
0.247218
0.252202
0.255401
0.25617
0.258224
0.263286
0.273042
0.286073
0.294036
0.296335
0.300515
0.304012
0.329914
0.389714
0.447734
0.49595
0.60691
1.00451
0.244194
0.248931
0.251834
0.252566
0.2512
0.250336
0.2517
0.255237
0.260669
0.269382
0.279337
0.28186
0.281268
0.281772
0.285239
0.292111
0.299511
0.306658
0.313041
0.318033
0.317327
0.317401
0.318803
0.325733
0.340602
0.3575
0.380618
0.427515
0.46874
0.651069
0.292648
0.296465
0.301599
0.305391
0.30561
0.305167
0.306011
0.30807
0.311858
0.319423
0.325408
0.325766
0.326438
0.329312
0.334545
0.339848
0.34293
0.344524
0.343314
0.34251
0.345336
0.352788
0.363543
0.37573
0.389511
0.406615
0.435724
0.476103
0.513111
0.579018
0.360714
0.365889
0.372681
0.376957
0.377627
0.375324
0.372135
0.372349
0.375149
0.381968
0.389612
0.395283
0.397279
0.39783
0.398062
0.397111
0.394914
0.39568
0.399757
0.408233
0.416907
0.425416
0.434674
0.442085
0.449154
0.462025
0.486591
0.528452
0.575063
0.637819
0.442135
0.446759
0.452939
0.45734
0.458665
0.45669
0.448275
0.44497
0.445722
0.448972
0.455123
0.457134
0.455471
0.451932
0.451993
0.453889
0.458734
0.464405
0.470001
0.475446
0.476578
0.476983
0.476951
0.478846
0.485983
0.500146
0.519173
0.555143
0.598965
0.67264
0.538419
0.542925
0.549218
0.553023
0.554627
0.554667
0.548862
0.538409
0.534114
0.534747
0.539677
0.544075
0.543744
0.540176
0.538259
0.537762
0.536221
0.5319
0.529042
0.528254
0.528044
0.52882
0.5322
0.539955
0.550945
0.562106
0.575684
0.5961
0.621979
0.685519
0.660898
0.665811
0.666423
0.661834
0.658408
0.658709
0.659059
0.652231
0.643227
0.641878
0.639166
0.637839
0.637752
0.634346
0.626123
0.624067
0.623585
0.621615
0.619636
0.619539
0.620756
0.621491
0.621509
0.622671
0.626081
0.633556
0.647722
0.672091
0.700936
0.748474
0.807183
0.809275
0.806118
0.794276
0.790235
0.788806
0.783107
0.771516
0.768841
0.767991
0.763325
0.752823
0.745621
0.742777
0.737429
0.730088
0.725297
0.720334
0.712636
0.705866
0.701036
0.696812
0.693225
0.691098
0.692832
0.700631
0.711863
0.732737
0.764166
0.825865
0.971801
0.970197
0.961933
0.951626
0.949089
0.944689
0.929744
0.912015
0.909352
0.90873
0.902794
0.887049
0.866678
0.863526
0.861451
0.852723
0.838676
0.82777
0.81785
0.808529
0.800676
0.792201
0.78543
0.782639
0.783659
0.78884
0.795211
0.80603
0.818009
0.860743
1.16026
1.15447
1.14414
1.13396
1.12954
1.11481
1.09162
1.07915
1.0728
1.06467
1.05227
1.03644
1.016
0.999948
0.99215
0.981431
0.965327
0.949621
0.934639
0.921025
0.910322
0.899288
0.885948
0.878065
0.878468
0.884019
0.889482
0.899021
0.910753
0.942994
1.37915
1.36778
1.35674
1.34408
1.32598
1.31173
1.29603
1.27201
1.25303
1.2415
1.22666
1.20517
1.18117
1.16186
1.14687
1.12919
1.10775
1.08894
1.07009
1.04999
1.03601
1.02208
1.00468
0.995076
0.994905
0.998311
1.0005
1.00182
1.00936
1.04391
1.6415
1.62595
1.61377
1.59881
1.57461
1.55366
1.53392
1.50819
1.48475
1.46336
1.44033
1.41563
1.38838
1.35886
1.33557
1.31304
1.28404
1.25847
1.23694
1.21195
1.19239
1.17404
1.15317
1.14296
1.1384
1.1355
1.13721
1.13735
1.13468
1.14602
1.85795
1.84653
1.83534
1.82545
1.81272
1.79546
1.77737
1.7567
1.73463
1.714
1.69005
1.66293
1.63549
1.60531
1.57604
1.54783
1.51479
1.48251
1.45605
1.42717
1.39978
1.37753
1.3549
1.3381
1.32847
1.31861
1.31143
1.30415
1.29875
1.29441
1.89273
1.8902
1.88714
1.88243
1.87706
1.87128
1.86454
1.85429
1.8438
1.83509
1.824
1.81109
1.79655
1.77956
1.76271
1.74488
1.72197
1.69683
1.67422
1.65006
1.62278
1.59847
1.57486
1.55305
1.53523
1.5176
1.49884
1.4814
1.46678
1.44234
1.8515
1.85015
1.8497
1.85108
1.85002
1.8475
1.84595
1.84415
1.84032
1.83448
1.82725
1.82043
1.8127
1.80132
1.78944
1.77915
1.76644
1.75028
1.73452
1.71882
1.70046
1.68098
1.66151
1.64072
1.61953
1.59718
1.57268
1.54682
1.52367
1.48378
1.65229
1.65988
1.6685
1.68219
1.69011
1.69531
1.70374
1.71253
1.71841
1.72445
1.73262
1.73734
1.73933
1.73982
1.73782
1.73529
1.73142
1.72403
1.7141
1.70322
1.69051
1.67483
1.65765
1.6388
1.61659
1.59201
1.56595
1.53868
1.51388
1.47341
1.44987
1.45419
1.45872
1.4643
1.47049
1.47655
1.48323
1.49126
1.49933
1.50761
1.51677
1.52671
1.53659
1.54567
1.55418
1.56187
1.56891
1.57452
1.57724
1.5778
1.57636
1.5718
1.56392
1.55302
1.53888
1.52196
1.50325
1.48352
1.46506
1.43729
1.40217
1.40247
1.40284
1.4033
1.40386
1.40452
1.40529
1.40626
1.40741
1.40875
1.41035
1.41225
1.41449
1.41697
1.41972
1.42277
1.42593
1.4292
1.43231
1.43489
1.43692
1.4379
1.43755
1.43615
1.43346
1.42958
1.42476
1.41931
1.41403
1.40687
1.40003
1.40003
1.40004
1.40004
1.40005
1.40006
1.40008
1.40009
1.40012
1.40015
1.40019
1.40024
1.4003
1.40039
1.4005
1.40063
1.40079
1.40098
1.40119
1.40142
1.40164
1.40181
1.40192
1.40193
1.40187
1.40172
1.40146
1.40112
1.40076
1.40032
1.40001
1.40001
1.40001
1.40001
1.40001
1.40001
1.40001
1.40001
1.40001
1.40001
1.40001
1.40001
1.40001
1.40001
1.40001
1.40001
1.40001
1.40001
1.40002
1.40002
1.40002
1.40002
1.40003
1.40003
1.40003
1.40003
1.40002
1.40002
1.40002
1.40001
1.40001
1.40001
1.40001
1.40001
1.40001
1.40001
1.40001
1.40001
1.40001
1.40001
1.40001
1.40001
1.40001
1.40001
1.40001
1.40001
1.40001
1.40001
1.40001
1.40001
1.40001
1.40001
1.40001
1.40001
1.40001
1.40001
1.40001
1.40001
1.40001
1.40001
1.40001
1.40001
1.40001
1.40001
1.40001
1.40001
1.40001
1.40001
1.40001
1.40001
1.40001
1.40001
1.40001
1.40001
1.40001
1.40001
1.40001
1.40001
1.40001
1.40001
1.40001
1.40001
1.40001
1.40001
1.40001
1.40001
1.40001
1.40001
1.40001
1.40001
1.40001
1.40001
1.40001
1.40001
1.40001
1.40001
1.40001
1.40001
1.40001
1.40001
1.40001
1.40001
1.40001
1.40001
1.40001
1.40001
1.40001
1.40001
1.40001
1.40001
1.40001
1.40001
1.40001
1.40001
1.40001
1.40001
1.40001
1.40001
1.40001
1.40001
0.125356
0.132203
0.148599
0.143606
0.137971
0.145603
0.1624
0.193844
0.239182
0.289855
0.357169
0.439123
0.537364
0.660999
0.805394
0.974538
1.17305
1.40415
1.67359
1.87215
1.89782
1.84646
1.63746
1.44338
1.40186
1.40002
1.40001
1.40001
1.40001
1.40001
0.126666
0.134628
0.149552
0.142183
0.137308
0.14757
0.16744
0.199973
0.245726
0.303314
0.375852
0.466319
0.579839
0.712673
0.86025
1.03999
1.23719
1.47581
1.74054
1.89773
1.90538
1.82594
1.60147
1.42975
1.40094
1.40001
1.40001
1.40001
1.40001
1.40001
0.128168
0.135352
0.149166
0.14161
0.137292
0.148721
0.169561
0.206126
0.255167
0.321356
0.400784
0.4997
0.617968
0.749203
0.908109
1.09321
1.2954
1.53455
1.79043
1.91353
1.91093
1.81095
1.57171
1.42102
1.40055
1.40001
1.40001
1.40001
1.40001
1.40001
0.129064
0.136461
0.149483
0.141415
0.136968
0.151256
0.173647
0.21799
0.272798
0.336458
0.418553
0.520104
0.640508
0.778248
0.943667
1.12766
1.34271
1.59246
1.83713
1.92608
1.91308
1.78984
1.53961
1.41391
1.4003
1.40001
1.40001
1.40001
1.40001
1.40001
0.131297
0.138378
0.150422
0.141743
0.136785
0.15484
0.180057
0.226207
0.278795
0.342076
0.428967
0.533937
0.656789
0.804308
0.97303
1.16312
1.39156
1.65253
1.87731
1.93496
1.91095
1.75535
1.51007
1.40896
1.40017
1.40001
1.40001
1.40001
1.40001
1.40001
0.135256
0.14041
0.150796
0.142034
0.136911
0.156351
0.181926
0.22966
0.283005
0.347312
0.437513
0.547354
0.672344
0.824884
1.00106
1.20871
1.45077
1.71697
1.90984
1.94228
1.90552
1.72312
1.48553
1.40557
1.40009
1.40001
1.40001
1.40001
1.40001
1.40001
0.137886
0.141182
0.150348
0.141216
0.136479
0.156124
0.181936
0.231351
0.289482
0.359226
0.456315
0.572289
0.713936
0.87247
1.0609
1.28322
1.5209
1.77785
1.93462
1.94866
1.89655
1.68896
1.46304
1.40327
1.40005
1.40001
1.40001
1.40001
1.40001
1.40001
0.139111
0.140711
0.147404
0.138942
0.135148
0.155527
0.181665
0.23598
0.306653
0.395726
0.497
0.620315
0.765709
0.934494
1.13364
1.34729
1.59088
1.83362
1.9517
1.95284
1.8768
1.64637
1.44416
1.40183
1.40003
1.40001
1.40001
1.40001
1.40001
1.40001
0.138918
0.137639
0.144709
0.138133
0.135121
0.160025
0.19539
0.258577
0.333452
0.418774
0.521512
0.650593
0.801639
0.97754
1.17438
1.39757
1.65465
1.88316
1.96241
1.9547
1.85361
1.60514
1.43018
1.401
1.40001
1.40001
1.40001
1.40001
1.40001
1.40001
0.136531
0.136633
0.144073
0.139647
0.140572
0.172593
0.214527
0.274241
0.342938
0.42687
0.538793
0.677924
0.835088
1.01655
1.21924
1.45818
1.72011
1.92267
1.96962
1.95145
1.82351
1.56526
1.41935
1.40051
1.40001
1.40001
1.40001
1.40001
1.40001
1.40001
0.134037
0.137063
0.144309
0.141783
0.147171
0.181033
0.221499
0.277011
0.346755
0.432083
0.555504
0.704023
0.868206
1.05778
1.28009
1.53426
1.78674
1.95198
1.97583
1.94522
1.78378
1.5275
1.41178
1.40025
1.40001
1.40001
1.40001
1.40001
1.40001
1.40001
0.13272
0.138364
0.145364
0.142425
0.149626
0.182906
0.223468
0.275133
0.352508
0.453089
0.593442
0.745143
0.926166
1.13598
1.37166
1.61486
1.85213
1.97254
1.98108
1.93851
1.74492
1.49472
1.40685
1.40012
1.40001
1.40001
1.40001
1.40001
1.40001
1.40001
0.132534
0.140189
0.146253
0.141752
0.14899
0.181887
0.226078
0.285155
0.382003
0.511367
0.644456
0.805507
0.99902
1.21473
1.44395
1.69207
1.90827
1.98655
1.98468
1.91692
1.69574
1.46536
1.40364
1.40006
1.40001
1.40001
1.40001
1.40001
1.40001
1.40001
0.1326
0.140631
0.144512
0.138893
0.146814
0.180352
0.233788
0.3289
0.434746
0.545124
0.681254
0.856282
1.05297
1.26799
1.50762
1.76305
1.95001
1.99757
1.98625
1.88969
1.64577
1.44433
1.40191
1.40003
1.40001
1.40001
1.40001
1.40001
1.40001
1.40001
0.13311
0.139946
0.14159
0.136714
0.148734
0.193372
0.266755
0.361707
0.453875
0.563441
0.716936
0.905322
1.10219
1.32695
1.58718
1.83235
1.98116
2.00571
1.98513
1.86609
1.60066
1.42791
1.40092
1.40001
1.40001
1.40001
1.40001
1.40001
1.40001
1.40001
0.133666
0.137826
0.141156
0.136818
0.16016
0.214322
0.285381
0.369949
0.461902
0.586494
0.764467
0.950673
1.16323
1.41781
1.68163
1.89892
2.00237
2.00999
1.98574
1.82211
1.54691
1.41525
1.40039
1.40001
1.40001
1.40001
1.40001
1.40001
1.40001
1.40001
0.134084
0.136232
0.141794
0.141406
0.168204
0.221525
0.288591
0.369347
0.476819
0.645033
0.822462
1.01562
1.26537
1.52351
1.76696
1.95339
2.01527
2.01185
1.96187
1.7581
1.50399
1.40856
1.40018
1.40001
1.40001
1.40001
1.40001
1.40001
1.40001
1.40001
0.134147
0.134799
0.143374
0.144102
0.169111
0.221863
0.29026
0.375521
0.540882
0.709656
0.880299
1.10956
1.36194
1.60615
1.84035
1.99334
2.02552
2.01368
1.93129
1.70934
1.47325
1.40446
1.40008
1.40001
1.40001
1.40001
1.40001
1.40001
1.40001
1.40001
0.134759
0.13312
0.1436
0.143965
0.167003
0.221903
0.301787
0.447066
0.607013
0.752601
0.94831
1.19878
1.44061
1.68907
1.9093
2.02071
2.0342
2.01785
1.91113
1.65517
1.44453
1.40196
1.40003
1.40001
1.40001
1.40001
1.40001
1.40001
1.40001
1.40001
0.135359
0.128927
0.139235
0.143341
0.17122
0.252184
0.361401
0.503893
0.637856
0.800554
1.03754
1.27676
1.52835
1.78416
1.9665
2.03498
2.03863
2.01873
1.87421
1.58438
1.42393
1.4008
1.40001
1.40001
1.40001
1.40001
1.40001
1.40001
1.40001
1.40001
0.132814
0.123024
0.132764
0.144548
0.199098
0.299442
0.404423
0.524718
0.66633
0.88137
1.12179
1.36347
1.64047
1.87098
2.00742
2.04286
2.03873
1.99009
1.7915
1.52628
1.41231
1.40031
1.40001
1.40001
1.40001
1.40001
1.40001
1.40001
1.40001
1.40001
0.131119
0.119238
0.130302
0.160504
0.229835
0.319572
0.417338
0.541068
0.737428
0.978991
1.20784
1.48253
1.74486
1.94236
2.036
2.05079
2.03737
1.9571
1.73574
1.48799
1.40634
1.40012
1.40001
1.40001
1.40001
1.40001
1.40001
1.40001
1.40001
1.40001
0.132051
0.118362
0.132574
0.177901
0.241965
0.319753
0.425165
0.600071
0.85211
1.06503
1.31527
1.59659
1.83634
2.00077
2.05661
2.06058
2.04047
1.93524
1.68003
1.45366
1.40272
1.40004
1.40001
1.40001
1.40001
1.40001
1.40001
1.40001
1.40001
1.40001
0.135931
0.119537
0.135238
0.183043
0.243188
0.314926
0.472905
0.721358
0.93403
1.15374
1.43901
1.70287
1.9218
2.04248
2.06996
2.0706
2.04692
1.90372
1.5964
1.42491
1.40085
1.40002
1.40001
1.40001
1.40001
1.40001
1.40001
1.40001
1.40001
1.40001
0.144145
0.120811
0.135417
0.180231
0.244232
0.37865
0.590893
0.799369
1.00474
1.27516
1.55766
1.81344
1.99288
2.0679
2.07834
2.07387
2.02415
1.80022
1.5199
1.41129
1.40029
1.40001
1.40001
1.40001
1.40001
1.40001
1.40001
1.40001
1.40001
1.40001
0.151165
0.119161
0.13425
0.178612
0.27994
0.480746
0.664104
0.856897
1.11189
1.40927
1.68502
1.9179
2.04468
2.08474
2.08329
2.06873
1.9651
1.71464
1.47625
1.40521
1.4001
1.40001
1.40001
1.40001
1.40001
1.40001
1.40001
1.40001
1.40001
1.40001
0.153343
0.114429
0.132073
0.208707
0.369993
0.539751
0.710299
0.951236
1.27341
1.55214
1.81578
2.00062
2.0814
2.09789
2.09142
2.05595
1.91997
1.64866
1.4426
1.40189
1.40003
1.40001
1.40001
1.40001
1.40001
1.40001
1.40001
1.40001
1.40001
1.40001
0.14397
0.109909
0.134899
0.265886
0.421197
0.573534
0.793223
1.12813
1.42852
1.69851
1.92449
2.06227
2.10623
2.10881
2.10173
2.04712
1.86869
1.56371
1.41769
1.40055
1.40001
1.40001
1.40001
1.40001
1.40001
1.40001
1.40001
1.40001
1.40001
1.40001
0.12701
0.10578
0.161761
0.311408
0.45534
0.643758
0.970569
1.29415
1.57795
1.83707
2.00955
2.10079
2.12061
2.11835
2.10732
2.03661
1.76147
1.48267
1.40595
1.40014
1.40001
1.40001
1.40001
1.40001
1.40001
1.40001
1.40001
1.40001
1.40001
1.40001
0.100508
0.115515
0.203117
0.34196
0.508442
0.817952
1.14227
1.44407
1.73724
1.95278
2.07078
2.11968
2.12715
2.12268
2.09901
1.94109
1.63365
1.43899
1.40188
1.40004
1.40001
1.40001
1.40001
1.40001
1.40001
1.40001
1.40001
1.40001
1.40001
1.40001
0.0770686
0.135378
0.237567
0.39074
0.654379
0.983737
1.29421
1.61681
1.88909
2.04213
2.10811
2.12898
2.12871
2.12296
2.05744
1.84033
1.55351
1.41793
1.40057
1.40001
1.40001
1.40001
1.40001
1.40001
1.40001
1.40001
1.40001
1.40001
1.40001
1.40001
0.0594059
0.145848
0.273352
0.490525
0.82544
1.14109
1.48664
1.80466
2.0126
2.09512
2.12736
2.13649
2.13125
2.11534
2.01498
1.75865
1.48911
1.40633
1.40014
1.40001
1.40001
1.40001
1.40001
1.40001
1.40001
1.40001
1.40001
1.40001
1.40001
1.40001
0.0474313
0.147838
0.343808
0.650505
0.992204
1.34824
1.70922
1.95599
2.09432
2.11768
2.13606
2.14532
2.1363
2.10063
1.96004
1.64346
1.43582
1.4016
1.40003
1.40001
1.40001
1.40001
1.40001
1.40001
1.40001
1.40001
1.40001
1.40001
1.40001
1.40001
0.0420935
0.184996
0.457081
0.826212
1.19921
1.59869
1.89412
2.06148
2.13432
2.12556
2.14017
2.15162
2.14468
2.0888
1.83489
1.5184
1.41093
1.40033
1.40001
1.40001
1.40001
1.40001
1.40001
1.40001
1.40001
1.40001
1.40001
1.40001
1.40001
1.40001
0.0415599
0.263235
0.622584
1.05221
1.48466
1.81958
2.02725
2.12234
2.14592
2.13012
2.14723
2.154
2.14334
1.99683
1.67088
1.45056
1.40301
1.40007
1.40001
1.40001
1.40001
1.40001
1.40001
1.40001
1.40001
1.40001
1.40001
1.40001
1.40001
1.40001
0.0514699
0.378605
0.875355
1.35047
1.74631
1.99161
2.10656
2.14656
2.15008
2.13296
2.15457
2.14949
2.09263
1.85964
1.55947
1.41941
1.40068
1.40001
1.40001
1.40001
1.40001
1.40001
1.40001
1.40001
1.40001
1.40001
1.40001
1.40001
1.40001
1.40001
0.192155
0.623577
1.18829
1.66579
1.95619
2.09526
2.13847
2.15405
2.15302
2.135
2.15898
2.13117
2.01489
1.7412
1.47852
1.40525
1.40012
1.40001
1.40001
1.40001
1.40001
1.40001
1.40001
1.40001
1.40001
1.40001
1.40001
1.40001
1.40001
1.40001
0.397012
0.96361
1.54886
1.9237
2.08693
2.13569
2.148
2.15723
2.1557
2.13621
2.16004
2.10529
1.92904
1.60442
1.42507
1.40096
1.40002
1.40001
1.40001
1.40001
1.40001
1.40001
1.40001
1.40001
1.40001
1.40001
1.40001
1.40001
1.40001
1.40001
0.770062
1.39085
1.89362
2.08798
2.13601
2.14568
2.15213
2.16002
2.15675
2.13389
2.15238
2.06837
1.77365
1.47676
1.40491
1.40012
1.40001
1.40001
1.40001
1.40001
1.40001
1.40001
1.40001
1.40001
1.40001
1.40001
1.40001
1.40001
1.40001
1.40001
1.41528
1.87626
2.09334
2.14167
2.14529
2.1482
2.15516
2.1615
2.15514
2.12945
2.12096
1.95028
1.58341
1.41829
1.40052
1.40001
1.40001
1.40001
1.40001
1.40001
1.40001
1.40001
1.40001
1.40001
1.40001
1.40001
1.40001
1.40001
1.40001
1.40001
2.15358
2.1533
2.15146
2.14965
2.14666
2.14942
2.1564
2.16189
2.1497
2.12
2.0717
1.77603
1.46222
1.39984
1.39998
1.4
1.40001
1.40001
1.40001
1.40001
1.40001
1.40001
1.40001
1.40001
1.40001
1.40001
1.40001
1.40001
1.40001
1.40001
2.15167
2.15205
2.152
2.15155
2.14782
2.14579
2.15137
2.16074
2.15501
2.11616
2.05651
1.75
1.46491
1.40261
1.40003
1.40001
1.40001
1.40001
1.40001
1.40001
1.40001
1.40001
1.40001
1.40001
1.40001
1.40001
1.40001
1.40001
1.40001
1.40001
2.15007
2.15049
2.15282
2.15362
2.14982
2.14467
2.14633
2.15823
2.15611
2.11524
2.00861
1.62723
1.42019
1.40034
1.40001
1.40001
1.40001
1.40001
1.40001
1.40001
1.40001
1.40001
1.40001
1.40001
1.40001
1.40001
1.40001
1.40001
1.40001
1.40001
2.14952
2.14962
2.15317
2.15522
2.15171
2.143
2.14248
2.15503
2.15608
2.10127
1.91104
1.54859
1.40937
1.40012
1.40001
1.40001
1.40001
1.40001
1.40001
1.40001
1.40001
1.40001
1.40001
1.40001
1.40001
1.40001
1.40001
1.40001
1.40001
1.40001
2.14938
2.14923
2.15331
2.1558
2.15297
2.14221
2.13823
2.15254
2.15826
2.0897
1.83057
1.4937
1.4037
1.40004
1.40001
1.40001
1.40001
1.40001
1.40001
1.40001
1.40001
1.40001
1.40001
1.40001
1.40001
1.40001
1.40001
1.40001
1.40001
1.40001
2.14964
2.1491
2.15234
2.15562
2.15319
2.14242
2.13457
2.14763
2.15802
2.06768
1.73757
1.44777
1.40123
1.40001
1.40001
1.40001
1.40001
1.40001
1.40001
1.40001
1.40001
1.40001
1.40001
1.40001
1.40001
1.40001
1.40001
1.40001
1.40001
1.40001
2.15057
2.14963
2.15091
2.15296
2.15267
2.14561
2.1337
2.14357
2.1449
1.98911
1.63759
1.42218
1.40039
1.40001
1.40001
1.40001
1.40001
1.40001
1.40001
1.40001
1.40001
1.40001
1.40001
1.40001
1.40001
1.40001
1.40001
1.40001
1.40001
1.40001
2.15275
2.15146
2.15002
2.14945
2.15018
2.15055
2.13982
2.14344
2.13393
1.9196
1.55887
1.40982
1.40012
1.40001
1.40001
1.40001
1.40001
1.40001
1.40001
1.40001
1.40001
1.40001
1.40001
1.40001
1.40001
1.40001
1.40001
1.40001
1.40001
1.40001
2.15433
2.15276
2.14855
2.14471
2.14795
2.15579
2.15241
2.14195
2.11681
1.83168
1.48745
1.40337
1.40003
1.40001
1.40001
1.40001
1.40001
1.40001
1.40001
1.40001
1.40001
1.40001
1.40001
1.40001
1.40001
1.40001
1.40001
1.40001
1.40001
1.40001
2.15481
2.15281
2.14747
2.14119
2.14444
2.15852
2.16275
2.13221
2.04945
1.72164
1.44343
1.40108
1.40001
1.40001
1.40001
1.40001
1.40001
1.40001
1.40001
1.40001
1.40001
1.40001
1.40001
1.40001
1.40001
1.40001
1.40001
1.40001
1.40001
1.40001
2.15496
2.15253
2.14714
2.13915
2.14041
2.1607
2.1674
2.12403
1.99013
1.63386
1.42086
1.40033
1.40001
1.40001
1.40001
1.40001
1.40001
1.40001
1.40001
1.40001
1.40001
1.40001
1.40001
1.40001
1.40001
1.40001
1.40001
1.40001
1.40001
1.40001
2.1548
2.15175
2.14701
2.13851
2.1379
2.16098
2.16923
2.12031
1.92132
1.54262
1.40776
1.40009
1.40001
1.40001
1.40001
1.40001
1.40001
1.40001
1.40001
1.40001
1.40001
1.40001
1.40001
1.40001
1.40001
1.40001
1.40001
1.40001
1.40001
1.40001
2.15405
2.15031
2.1467
2.14135
2.13703
2.16121
2.16801
2.08066
1.81329
1.4749
1.40258
1.40002
1.40001
1.40001
1.40001
1.40001
1.40001
1.40001
1.40001
1.40001
1.40001
1.40001
1.40001
1.40001
1.40001
1.40001
1.40001
1.40001
1.40001
1.40001
2.15296
2.14872
2.14785
2.14351
2.13916
2.1639
2.1668
2.0337
1.70562
1.43759
1.40081
1.40001
1.40001
1.40001
1.40001
1.40001
1.40001
1.40001
1.40001
1.40001
1.40001
1.40001
1.40001
1.40001
1.40001
1.40001
1.40001
1.40001
1.40001
1.40001
2.15133
2.14656
2.14883
2.14792
2.14551
2.16302
2.16531
1.98395
1.59971
1.41473
1.40021
1.40001
1.40001
1.40001
1.40001
1.40001
1.40001
1.40001
1.40001
1.40001
1.40001
1.40001
1.40001
1.40001
1.40001
1.40001
1.40001
1.40001
1.40001
1.40001
2.15014
2.14374
2.14612
2.1538
2.1532
2.15082
2.13593
1.88187
1.51013
1.40494
1.40005
1.40001
1.40001
1.40001
1.40001
1.40001
1.40001
1.40001
1.40001
1.40001
1.40001
1.40001
1.40001
1.40001
1.40001
1.40001
1.40001
1.40001
1.40001
1.40001
2.14958
2.14164
2.141
2.15825
2.17235
2.1399
2.08148
1.77225
1.4588
1.40162
1.40002
1.40001
1.40001
1.40001
1.40001
1.40001
1.40001
1.40001
1.40001
1.40001
1.40001
1.40001
1.40001
1.40001
1.40001
1.40001
1.40001
1.40001
1.40001
1.40001
2.14802
2.14037
2.13747
2.16881
2.1826
2.13846
2.03322
1.66127
1.42453
1.40042
1.40001
1.40001
1.40001
1.40001
1.40001
1.40001
1.40001
1.40001
1.40001
1.40001
1.40001
1.40001
1.40001
1.40001
1.40001
1.40001
1.40001
1.40001
1.40001
1.40001
2.14407
2.14004
2.13553
2.17823
2.18941
2.13384
1.94888
1.54855
1.40837
1.4001
1.40001
1.40001
1.40001
1.40001
1.40001
1.40001
1.40001
1.40001
1.40001
1.40001
1.40001
1.40001
1.40001
1.40001
1.40001
1.40001
1.40001
1.40001
1.40001
1.40001
2.13929
2.13891
2.13605
2.18569
2.19257
2.09552
1.825
1.48015
1.40276
1.40003
1.40001
1.40001
1.40001
1.40001
1.40001
1.40001
1.40001
1.40001
1.40001
1.40001
1.40001
1.40001
1.40001
1.40001
1.40001
1.40001
1.40001
1.40001
1.40001
1.40001
2.13482
2.14182
2.14239
2.1876
2.19445
2.06142
1.70538
1.43439
1.40068
1.40001
1.40001
1.40001
1.40001
1.40001
1.40001
1.40001
1.40001
1.40001
1.40001
1.40001
1.40001
1.40001
1.40001
1.40001
1.40001
1.40001
1.40001
1.40001
1.40001
1.40001
2.12894
2.146
2.1499
2.18176
2.19186
1.99335
1.57962
1.41154
1.40015
1.40001
1.40001
1.40001
1.40001
1.40001
1.40001
1.40001
1.40001
1.40001
1.40001
1.40001
1.40001
1.40001
1.40001
1.40001
1.40001
1.40001
1.40001
1.40001
1.40001
1.40001
2.12467
2.15345
2.17402
2.1686
2.14766
1.86268
1.49772
1.40378
1.40004
1.40001
1.40001
1.40001
1.40001
1.40001
1.40001
1.40001
1.40001
1.40001
1.40001
1.40001
1.40001
1.40001
1.40001
1.40001
1.40001
1.40001
1.40001
1.40001
1.40001
1.40001
2.12373
2.171
2.20354
2.16467
2.09556
1.74486
1.4437
1.40096
1.40001
1.40001
1.40001
1.40001
1.40001
1.40001
1.40001
1.40001
1.40001
1.40001
1.40001
1.40001
1.40001
1.40001
1.40001
1.40001
1.40001
1.40001
1.40001
1.40001
1.40001
1.40001
2.1263
2.18544
2.21713
2.16833
2.02531
1.60129
1.41403
1.4002
1.40001
1.40001
1.40001
1.40001
1.40001
1.40001
1.40001
1.40001
1.40001
1.40001
1.40001
1.40001
1.40001
1.40001
1.40001
1.40001
1.40001
1.40001
1.40001
1.40001
1.40001
1.40001
2.13308
2.19284
2.22484
2.14198
1.88682
1.50506
1.40438
1.40004
1.40001
1.40001
1.40001
1.40001
1.40001
1.40001
1.40001
1.40001
1.40001
1.40001
1.40001
1.40001
1.40001
1.40001
1.40001
1.40001
1.40001
1.40001
1.40001
1.40001
1.40001
1.40001
2.14631
2.20079
2.2298
2.09778
1.75351
1.44651
1.40106
1.40001
1.40001
1.40001
1.40001
1.40001
1.40001
1.40001
1.40001
1.40001
1.40001
1.40001
1.40001
1.40001
1.40001
1.40001
1.40001
1.40001
1.40001
1.40001
1.40001
1.40001
1.40001
1.40001
2.16341
2.21135
2.23193
2.03827
1.60679
1.41444
1.40021
1.40001
1.40001
1.40001
1.40001
1.40001
1.40001
1.40001
1.40001
1.40001
1.40001
1.40001
1.40001
1.40001
1.40001
1.40001
1.40001
1.40001
1.40001
1.40001
1.40001
1.40001
1.40001
1.40001
2.18865
2.21117
2.19685
1.88102
1.50216
1.40418
1.40004
1.40001
1.40001
1.40001
1.40001
1.40001
1.40001
1.40001
1.40001
1.40001
1.40001
1.40001
1.40001
1.40001
1.40001
1.40001
1.40001
1.40001
1.40001
1.40001
1.40001
1.40001
1.40001
1.40001
2.25769
2.19223
2.12658
1.73776
1.44486
1.40105
1.40001
1.40001
1.40001
1.40001
1.40001
1.40001
1.40001
1.40001
1.40001
1.40001
1.40001
1.40001
1.40001
1.40001
1.40001
1.40001
1.40001
1.40001
1.40001
1.40001
1.40001
1.40001
1.40001
1.40001
2.33237
2.1574
2.03311
1.59428
1.41373
1.40021
1.40001
1.40001
1.40001
1.40001
1.40001
1.40001
1.40001
1.40001
1.40001
1.40001
1.40001
1.40001
1.40001
1.40001
1.40001
1.40001
1.40001
1.40001
1.40001
1.40001
1.40001
1.40001
1.40001
1.40001
2.38557
2.11441
1.86493
1.49286
1.40401
1.40005
1.40001
1.40001
1.40001
1.40001
1.40001
1.40001
1.40001
1.40001
1.40001
1.40001
1.40001
1.40001
1.40001
1.40001
1.40001
1.40001
1.40001
1.40001
1.40001
1.40001
1.40001
1.40001
1.40001
1.40001
2.41702
2.04273
1.71136
1.43984
1.40107
1.40001
1.40001
1.40001
1.40001
1.40001
1.40001
1.40001
1.40001
1.40001
1.40001
1.40001
1.40001
1.40001
1.40001
1.40001
1.40001
1.40001
1.40001
1.40001
1.40001
1.40001
1.40001
1.40001
1.40001
1.40001
2.42355
1.94566
1.58306
1.4139
1.40024
1.40001
1.40001
1.40001
1.40001
1.40001
1.40001
1.40001
1.40001
1.40001
1.40001
1.40001
1.40001
1.40001
1.40001
1.40001
1.40001
1.40001
1.40001
1.40001
1.40001
1.40001
1.40001
1.40001
1.40001
1.40001
2.33303
1.82168
1.49628
1.40459
1.40006
1.40001
1.40001
1.40001
1.40001
1.40001
1.40001
1.40001
1.40001
1.40001
1.40001
1.40001
1.40001
1.40001
1.40001
1.40001
1.40001
1.40001
1.40001
1.40001
1.40001
1.40001
1.40001
1.40001
1.40001
1.40001
2.22904
1.71177
1.44583
1.40131
1.40002
1.40001
1.40001
1.40001
1.40001
1.40001
1.40001
1.40001
1.40001
1.40001
1.40001
1.40001
1.40001
1.40001
1.40001
1.40001
1.40001
1.40001
1.40001
1.40001
1.40001
1.40001
1.40001
1.40001
1.40001
1.40001
2.12447
1.59273
1.41575
1.40027
1.40001
1.40001
1.40001
1.40001
1.40001
1.40001
1.40001
1.40001
1.40001
1.40001
1.40001
1.40001
1.40001
1.40001
1.40001
1.40001
1.40001
1.40001
1.40001
1.40001
1.40001
1.40001
1.40001
1.40001
1.40001
1.40001
1.94767
1.49981
1.40458
1.40005
1.40001
1.40001
1.40001
1.40001
1.40001
1.40001
1.40001
1.40001
1.40001
1.40001
1.40001
1.40001
1.40001
1.40001
1.40001
1.40001
1.40001
1.40001
1.40001
1.40001
1.40001
1.40001
1.40001
1.40001
1.40001
1.40001
1.74515
1.44207
1.40093
1.40001
1.40001
1.40001
1.40001
1.40001
1.40001
1.40001
1.40001
1.40001
1.40001
1.40001
1.40001
1.40001
1.40001
1.40001
1.40001
1.40001
1.40001
1.40001
1.40001
1.40001
1.40001
1.40001
1.40001
1.40001
1.40001
1.40001
1.5329
1.40852
1.40008
1.40001
1.40001
1.40001
1.40001
1.40001
1.40001
1.40001
1.40001
1.40001
1.40001
1.40001
1.40001
1.40001
1.40001
1.40001
1.40001
1.40001
1.40001
1.40001
1.40001
1.40001
1.40001
1.40001
1.40001
1.40001
1.40001
1.40001
1.40001
1.40001
1.40001
1.40001
1.40001
1.40001
1.40001
1.40001
1.40001
1.40001
1.40001
1.40001
1.40001
1.40001
1.40001
1.40001
1.40001
1.40001
1.40001
1.40001
1.40001
1.40001
1.40001
1.40001
1.40001
1.40001
1.40001
1.40001
1.40001
1.40001
1.40001
1.40001
1.40001
1.40001
1.40001
1.40001
1.40001
1.40001
1.40001
1.40001
1.40001
1.40001
1.40001
1.40001
1.40001
1.40001
1.40001
1.40001
1.40001
1.40001
1.40001
1.40001
1.40001
1.40001
1.40001
1.40001
1.40001
1.40001
1.40001
1.40001
1.40001
1.40001
1.40001
1.40001
1.40001
1.40001
1.40001
1.40001
1.40001
1.40001
1.40001
1.40001
1.40001
1.40001
1.40001
1.40001
1.40001
1.40001
1.40001
1.40001
1.40001
1.40001
1.40001
1.40001
1.40001
1.40001
1.40001
1.40001
1.40001
1.40001
1.40001
1.40001
1.40001
1.40001
1.40001
1.40001
1.40001
1.40001
1.40001
1.40001
1.40001
1.40001
1.40001
1.40001
1.40001
1.40001
1.40001
1.40001
1.40001
1.40001
1.40001
1.40001
1.40001
1.40001
1.40001
1.40001
1.40001
1.40001
1.40001
1.40001
1.40001
1.40001
1.40001
1.40001
1.40001
1.40001
1.40001
1.40001
1.40001
1.40001
1.40001
1.40001
1.40001
1.40001
1.40001
1.40001
1.40001
1.40001
1.40001
1.40001
1.40001
1.40001
1.40001
1.40001
1.40001
1.40001
1.40001
1.40001
1.40001
1.40001
1.40001
1.40001
1.40001
1.40001
1.40001
1.40001
1.40001
1.40001
1.40001
1.40001
1.40001
1.40001
1.40001
1.40001
1.40001
1.40001
1.40001
1.40001
1.40001
1.40001
1.40001
1.40001
1.40001
1.40001
1.40001
1.40001
1.40001
1.40001
1.40001
1.40001
1.40001
1.40001
1.40001
1.40001
1.40001
1.40001
1.40001
1.40001
1.40001
1.40001
1.40001
1.40001
1.40001
1.40001
1.40001
1.40001
1.40001
1.40001
1.40001
1.40001
1.40001
1.40001
1.40001
1.40001
1.40001
1.40001
1.40001
1.40001
1.40001
1.40001
1.40001
1.40001
1.40001
1.40001
1.40001
1.40001
1.40001
1.40001
1.40001
1.40001
1.40001
1.40001
1.40001
1.40001
1.40001
1.40001
1.40001
1.40001
1.40001
1.40001
1.40001
1.40001
1.40001
1.40001
1.40001
1.40001
1.40001
1.40001
1.40001
1.40001
1.40001
1.40001
1.40001
1.40001
1.40001
1.40001
1.40001
1.40001
1.40001
1.40001
1.40001
1.40001
1.40001
1.40001
1.40001
1.40001
1.40001
1.40001
1.40001
1.40001
1.40001
1.40001
1.40001
1.40001
1.40001
1.40001
1.40001
1.40001
1.40001
1.40001
1.40001
1.40001
1.40001
1.40001
1.40001
1.40001
1.40001
1.40001
1.40001
1.40001
1.40001
1.40001
1.40001
1.40001
1.40001
1.40001
1.40001
1.40001
1.40001
1.40001
1.40001
1.40001
1.40001
1.40001
1.40001
1.40001
1.40001
1.40001
1.40001
1.40001
1.40001
1.40001
1.40001
1.40001
1.40001
1.40001
1.40001
1.40001
1.40001
1.40001
1.40001
1.40001
1.40001
1.40001
1.40001
1.40001
1.40001
1.40001
1.40001
1.40001
1.40001
1.40001
1.40001
1.40001
1.40001
1.40001
1.40001
1.40001
1.40001
1.40001
1.40001
1.40001
1.40001
1.40001
1.40001
1.40001
1.40001
1.40001
1.40001
1.40001
1.40001
1.40001
1.40001
1.40001
1.40001
1.40001
1.40001
1.40001
1.40001
1.40001
1.40001
1.40001
1.40001
1.40001
1.40001
1.40001
1.40001
1.40001
1.40001
1.40001
1.40001
1.40001
1.40001
1.40001
1.40001
1.40001
1.40001
1.40001
1.40001
1.40001
1.40001
1.40001
1.40001
1.40001
1.40001
1.40001
1.40001
1.40001
1.40001
1.40001
1.40001
1.40001
1.40001
1.40001
1.40001
1.40001
1.40001
1.40001
1.40001
1.40001
1.40001
1.40001
1.40001
1.40001
1.40001
1.40001
1.40001
1.40001
1.40001
1.40001
1.40001
1.40001
1.40001
1.40001
1.40001
1.40001
1.40001
1.40001
1.40001
1.40001
1.40001
1.40001
1.40001
1.40001
1.40001
1.40001
1.40001
1.40001
1.40001
1.40001
1.40001
1.40001
1.40001
1.40001
1.40001
1.40001
1.40001
1.40001
1.40001
1.40001
1.40001
1.40001
1.40001
1.40001
1.40001
1.40001
1.40001
1.40001
1.40001
1.40001
1.40001
1.40001
1.40001
1.40001
1.40001
1.40001
1.40001
1.40001
1.40001
1.40001
1.40001
1.40001
1.40001
1.40001
1.40001
1.40001
1.40001
1.40001
1.40001
1.40001
1.40001
1.40001
1.40001
1.40001
1.40001
1.40001
1.40001
1.40001
1.40001
1.40001
1.40001
1.40001
1.40001
1.40001
1.40001
1.40001
1.40001
1.40001
1.40001
1.40001
1.40001
1.40001
1.40001
1.40001
1.40001
1.40001
1.40001
1.40001
1.40001
1.40001
1.40001
1.40001
1.40001
1.40001
1.40001
1.40001
1.40001
1.40001
1.40001
1.40001
1.40001
1.40001
1.40001
1.40001
1.40001
1.40001
1.40001
1.40001
1.40001
1.40001
1.40001
1.40001
1.40001
1.40001
1.40001
1.40001
1.40001
1.40001
1.40001
1.40001
1.40001
1.40001
1.40001
1.40001
1.40001
1.40001
1.40001
1.40001
1.40001
1.40001
1.40001
1.40001
1.40001
1.40001
1.40001
1.40001
1.40001
1.40001
1.40001
1.40001
1.40001
1.40001
1.40001
1.40001
1.40001
1.40001
1.40001
1.40001
1.40001
1.40001
1.40001
1.40001
1.40001
1.40001
1.40001
1.40001
1.40001
1.40001
1.40001
1.40001
1.40001
1.40001
1.40001
1.40001
1.40001
1.40001
1.40001
1.40001
1.40001
1.40001
1.40001
1.40001
1.40001
1.40001
1.40001
1.40001
1.40001
1.40001
1.40001
1.40001
1.40001
1.40001
1.40001
1.40001
1.40001
1.40001
1.40001
1.40001
1.40001
1.40001
1.40001
1.40001
1.40001
1.40001
1.40001
1.40001
1.40001
1.40001
1.40001
1.40001
1.40001
1.40001
1.40001
1.40001
1.40001
1.40001
1.40001
1.40001
1.40001
1.40001
1.40001
1.40001
1.40001
1.40001
1.40001
1.40001
1.40001
1.40001
1.40001
1.40001
1.40001
1.40001
1.40001
1.40001
1.40001
1.40001
1.40001
1.40001
1.40001
1.40001
1.40001
1.40001
1.40001
1.40001
1.40001
1.40001
1.40001
1.40001
1.40001
1.40001
1.40001
1.40001
1.40001
1.40001
1.40001
1.40001
1.40001
1.40001
1.40001
1.40001
1.40001
1.40001
1.40001
1.40001
1.40001
1.40001
1.40001
1.40001
1.40001
1.40001
1.40001
1.40001
1.40001
1.40001
1.40001
1.40001
1.40001
1.40001
1.40001
1.40001
1.40001
1.40001
1.40001
1.40001
1.40001
1.40001
1.40001
1.40001
1.40001
1.40001
1.40001
1.40001
1.40001
1.40001
1.40001
1.40001
1.40001
1.40001
1.40001
1.40001
1.40001
1.40001
1.40001
1.40001
1.40001
1.40001
1.40001
1.40001
1.40001
1.40001
1.40001
1.40001
1.40001
1.40001
1.40001
1.40001
1.40001
1.40001
1.40001
1.40001
1.40001
1.40001
1.40001
1.40001
1.40001
1.40001
1.40001
1.40001
1.40001
1.40001
1.40001
1.40001
1.40001
1.40001
1.40001
1.40001
1.40001
1.40001
1.40001
1.40001
1.40001
1.40001
1.40001
1.40001
1.40001
1.40001
1.40001
1.40001
1.40001
1.40001
1.40001
1.40001
1.40001
1.40001
1.40001
1.40001
1.40001
1.40001
1.40001
1.40001
1.40001
1.40001
1.40001
1.40001
1.40001
1.40001
1.40001
1.40001
1.40001
1.40001
1.40001
1.40001
1.40001
1.40001
1.40001
1.40001
1.40001
1.40001
1.40001
1.40001
1.40001
1.40001
1.40001
1.40001
1.40001
1.40001
1.40001
1.40001
1.40001
1.40001
1.40001
1.40001
1.40001
1.40001
1.40001
1.40001
1.40001
1.40001
1.40001
1.40001
1.40001
1.40001
1.40001
1.40001
1.40001
1.40001
1.40001
1.40001
1.40001
1.40001
1.40001
1.40001
1.40001
1.40001
1.40001
1.40001
1.40001
1.40001
1.40001
1.40001
1.40001
1.40001
1.40001
1.40001
1.40001
1.40001
1.40001
1.40001
1.40001
1.40001
1.40001
1.40001
1.40001
1.40001
1.40001
1.40001
1.40001
1.40001
1.40001
1.40001
1.40001
1.40001
1.40001
1.40001
1.40001
1.40001
1.40001
1.40001
1.40001
1.40001
1.40001
1.40001
1.40001
1.40001
1.40001
1.40001
1.40001
1.40001
1.40001
1.40001
1.40001
1.40001
1.40001
1.40001
1.40001
1.40001
1.40001
1.40001
1.40001
1.40001
1.40001
1.40001
1.40001
1.40001
1.40001
1.40001
1.40001
1.40001
1.40001
1.40001
1.40001
1.40001
1.40001
1.40001
1.40001
1.40001
1.40001
1.40001
1.40001
1.40001
1.40001
1.40001
1.40001
1.40001
1.40001
1.40001
1.40001
1.40001
1.40001
1.40001
1.40001
1.40001
1.40001
1.40001
1.40001
1.40001
1.40001
1.40001
1.40001
1.40001
1.40001
1.40001
1.40001
1.40001
1.40001
1.40001
1.40001
1.40001
1.40001
1.40001
1.40001
1.40001
1.40001
1.40001
1.40001
1.40001
1.40001
1.40001
1.40001
1.40001
1.40001
1.40001
1.40001
1.40001
1.40001
1.40001
1.40001
1.40001
1.40001
1.40001
1.40001
1.40001
1.40001
1.40001
1.40001
1.40001
1.40001
1.40001
1.40001
1.40001
1.40001
1.40001
1.40001
1.40001
1.40001
1.40001
1.40001
1.40001
1.40001
1.40001
1.40001
1.40001
1.40001
1.40001
1.40001
1.40001
1.40001
1.40001
1.40001
1.40001
1.40001
1.40001
1.40001
1.40001
1.40001
1.40001
1.40001
1.40001
1.40001
1.40001
1.40001
1.40001
1.40001
1.40001
1.40001
1.40001
1.40001
1.40001
1.40001
1.40001
1.40001
1.40001
1.40001
1.40001
1.40001
1.40001
1.40001
1.40001
1.40001
1.40001
1.40001
1.40001
1.40001
1.40001
1.40001
1.40001
1.40001
1.40001
1.40001
1.40001
1.40001
1.40001
1.40001
1.40001
1.40001
1.40001
1.40001
1.40001
1.40001
1.40001
1.40001
1.40001
1.40001
1.40001
1.40001
1.40001
1.40001
1.40001
1.40001
1.40001
1.40001
1.40001
1.40001
1.40001
1.40001
1.40001
1.40001
1.40001
1.40001
1.40001
1.40001
1.40001
1.40001
1.40001
1.40001
1.40001
1.40001
1.40001
1.40001
1.40001
1.40001
1.40001
1.40001
1.40001
1.40001
1.40001
1.40001
1.40001
1.40001
1.40001
1.40001
1.40001
1.40001
1.40001
1.40001
1.40001
1.40001
1.40001
1.40001
1.40001
1.40001
1.40001
1.40001
1.40001
1.40001
1.40001
1.40001
1.40001
1.40001
1.40001
1.40001
1.40001
1.40001
1.40001
1.40001
1.40001
1.40001
1.40001
1.40001
1.40001
1.40001
1.40001
1.40001
1.40001
1.40001
1.40001
1.40001
1.40001
1.40001
1.40001
1.40001
1.40001
1.40001
1.40001
1.40001
1.40001
1.40001
1.40001
1.40001
1.40001
1.40001
1.40001
1.40001
1.40001
1.40001
1.40001
1.40001
1.40001
1.40001
1.40001
1.40001
1.40001
1.40001
1.40001
1.40001
1.40001
1.40001
1.40001
1.40001
1.40001
1.40001
1.40001
1.40001
1.40001
1.40001
1.40001
1.40001
1.40001
1.40001
1.40001
1.40001
1.40001
1.40001
1.40001
1.40001
1.40001
1.40001
1.40001
1.40001
1.40001
1.40001
1.40001
1.40001
1.40001
1.40001
1.40001
1.40001
1.40001
1.40001
1.40001
1.40001
1.40001
1.40001
1.40001
1.40001
1.40001
1.40001
1.40001
1.40001
1.40001
1.40001
1.40001
1.40001
1.40001
1.40001
1.40001
1.40001
1.40001
1.40001
1.40001
1.40001
1.40001
1.40001
1.40001
1.40001
1.40001
1.40001
1.40001
1.40001
1.40001
1.40001
1.40001
1.40001
1.40001
1.40001
1.40001
1.40001
1.40001
1.40001
1.40001
1.40001
1.40001
1.40001
1.40001
1.40001
1.40001
1.40001
1.40001
1.40001
1.40001
1.40001
1.40001
1.40001
1.40001
1.40001
1.40001
1.40001
1.40001
1.40001
1.40001
1.40001
1.40001
1.40001
1.40001
1.40001
1.40001
1.40001
1.40001
1.40001
1.40001
1.40001
1.40001
1.40001
1.40001
1.40001
1.40001
1.40001
1.40001
1.40001
1.40001
1.40001
1.40001
1.40001
1.40001
1.40001
1.40001
1.40001
1.40001
1.40001
1.40001
1.40001
1.40001
1.40001
1.40001
1.40001
1.40001
1.40001
1.40001
1.40001
1.40001
1.40001
1.40001
1.40001
1.40001
1.40001
1.40001
1.40001
1.40001
1.40001
1.40001
1.40001
1.40001
1.40001
1.40001
1.40001
1.40001
1.40001
1.40001
1.40001
1.40001
1.40001
1.40001
1.40001
1.40001
1.40001
1.40001
1.40001
1.40001
1.40001
1.40001
1.40001
1.40001
1.40001
1.40001
1.40001
1.40001
1.40001
1.40001
1.40001
1.40001
1.40001
1.40001
1.40001
1.40001
1.40001
1.40001
1.40001
1.40001
1.40001
1.40001
1.40001
1.40001
1.40001
1.40001
1.40001
1.40001
1.40001
1.40001
1.40001
1.40001
1.40001
1.40001
1.40001
1.40001
1.40001
1.40001
1.40001
1.40001
1.40001
1.40001
1.40001
1.40001
1.40001
1.40001
1.40001
1.40001
1.40001
1.40001
1.40001
1.40001
1.40001
1.40001
1.40001
1.40001
1.40001
1.40001
1.40001
1.40001
1.40001
1.40001
1.40001
1.40001
1.40001
1.40001
1.40001
1.40001
1.40001
1.40001
1.40001
1.40001
1.40001
1.40001
1.40001
1.40001
1.40001
1.40001
1.40001
1.40001
1.40001
1.40001
1.40001
1.40001
1.40001
1.40001
1.40001
1.40001
1.40001
1.40001
1.40001
1.40001
1.40001
1.40001
1.40001
1.40001
1.40001
1.40001
1.40001
1.40001
1.40001
1.40001
1.40001
1.40001
1.40001
1.40001
1.40001
1.40001
1.40001
1.40001
1.40001
1.40001
1.40001
1.40001
1.40001
1.40001
1.40001
1.40001
1.40001
1.40001
1.40001
1.40001
1.40001
1.40001
1.40001
1.40001
1.40001
1.40001
1.40001
1.40001
1.40001
1.40001
1.40001
1.40001
1.40001
1.40001
1.40001
1.40001
1.40001
1.40001
1.40001
1.40001
1.40001
1.40001
1.40001
1.40001
1.40001
1.40001
1.40001
1.40001
1.40001
1.40001
1.40001
1.40001
1.40001
1.40001
1.40001
1.40001
1.40001
1.40001
1.40001
1.40001
1.40001
1.40001
1.40001
1.40001
1.40001
1.40001
1.40001
1.40001
1.40001
1.40001
1.40001
1.40001
1.40001
1.40001
1.40001
1.40001
1.40001
1.40001
1.40001
1.40001
1.40001
1.40001
1.40001
1.40001
1.40001
1.40001
1.40001
1.40001
1.40001
1.40001
1.40001
1.40001
1.40001
1.40001
1.40001
1.40001
1.40001
1.40001
1.40001
1.40001
1.40001
1.40001
1.40001
1.40001
1.40001
1.40001
1.40001
1.40001
1.40001
1.40001
1.40001
1.40001
1.40001
1.40001
1.40001
1.40001
1.40001
1.40001
1.40001
1.40001
1.40001
1.40001
1.40001
1.40001
1.40001
1.40001
1.40001
1.40001
1.40001
1.40001
1.40001
1.40001
1.40001
1.40001
1.40001
1.40001
1.40001
1.40001
1.40001
1.40001
1.40001
1.40001
1.40001
1.40001
1.40001
1.40001
1.40001
1.40001
1.40001
1.40001
1.40001
1.40001
1.40001
1.40001
1.40001
1.40001
1.40001
1.40001
1.40001
1.40001
1.40001
1.40001
1.40001
1.40001
1.40001
1.40001
1.40001
1.40001
1.40001
1.40001
1.40001
1.40001
1.40001
1.40001
1.40001
1.40001
1.40001
1.40001
1.40001
1.40001
1.40001
1.40001
1.40001
1.40001
1.40001
1.40001
1.40001
1.40001
1.40001
1.40001
1.40001
1.40001
1.40001
1.40001
1.40001
1.40001
1.40001
1.40001
1.40001
1.40001
1.40001
1.40001
1.40001
1.40001
1.40001
1.40001
1.40001
1.40001
1.40001
1.40001
1.40001
1.40001
1.40001
1.40001
1.40001
1.40001
1.40001
1.40001
1.40001
1.40001
1.40001
1.40001
1.40001
1.40001
1.40001
1.40001
1.40001
1.40001
1.40001
1.40001
1.40001
1.40001
1.40001
1.40001
1.40001
1.40001
1.40001
1.40001
1.40001
1.40001
1.40001
1.40001
1.40001
1.40001
1.40001
1.40001
1.40001
1.40001
1.40001
1.40001
1.40001
1.40001
1.40001
1.40001
1.40001
1.40001
1.40001
1.40001
1.40001
1.40001
1.40001
1.40001
1.40001
1.40001
1.40001
1.40001
1.40001
1.40001
1.40001
1.40001
1.40001
1.40001
1.40001
1.40001
1.40001
1.40001
1.40001
1.40001
1.40001
1.40001
1.40001
1.40001
1.40001
1.40001
1.40001
1.40001
1.40001
1.40001
1.40001
1.40001
1.40001
1.40001
1.40001
1.40001
1.40001
1.40001
1.40001
1.40001
1.40001
1.40001
1.40001
1.40001
1.40001
1.40001
1.40001
1.40001
1.40001
1.40001
1.40001
1.40001
1.40001
1.40001
1.40001
1.40001
1.40001
1.40001
1.40001
1.40001
1.40001
1.40001
1.40001
1.40001
1.40001
1.40001
1.40001
1.40001
1.40001
1.40001
1.40001
1.40001
1.40001
1.40001
1.40001
1.40001
1.40001
1.40001
1.40001
1.40001
1.40001
1.40001
1.40001
1.40001
1.40001
1.40001
1.40001
1.40001
1.40001
1.40001
1.40001
1.40001
1.40001
1.40001
1.40001
1.40001
1.40001
1.40001
1.40001
1.40001
1.40001
1.40001
1.40001
1.40001
1.40001
1.40001
1.40001
1.40001
1.40001
1.40001
1.40001
1.40001
1.40001
1.40001
1.40001
1.40001
1.40001
1.40001
1.40001
1.40001
1.40001
1.40001
1.40001
1.40001
1.40001
1.40001
1.40001
1.40001
1.40001
1.40001
1.40001
1.40001
1.40001
1.40001
1.40001
1.40001
1.40001
1.40001
1.40001
1.40001
1.40001
1.40001
1.40001
1.40001
1.40001
1.40001
1.40001
1.40001
1.40001
1.40001
1.40001
1.40001
1.40001
1.40001
1.40001
1.40001
1.40001
1.40001
1.40001
1.40001
1.40001
1.40001
1.79679
1.4
1.40001
1.40001
1.40001
1.40001
1.40001
1.40001
1.40001
1.40001
1.40001
1.40001
1.40001
1.40001
1.40001
1.40001
1.40001
1.40001
1.40001
1.40001
1.40001
1.40001
1.40001
1.40001
1.40001
1.40001
1.40001
1.40001
1.40001
1.40001
2.56581
1.39846
1.40001
1.40001
1.40001
1.40001
1.40001
1.40001
1.40001
1.40001
1.40001
1.40001
1.40001
1.40001
1.40001
1.40001
1.40001
1.40001
1.40001
1.40001
1.40001
1.40001
1.40001
1.40001
1.40001
1.40001
1.40001
1.40001
1.40001
1.40001
3.41428
1.46132
1.4
1.40001
1.40001
1.40001
1.40001
1.40001
1.40001
1.40001
1.40001
1.40001
1.40001
1.40001
1.40001
1.40001
1.40001
1.40001
1.40001
1.40001
1.40001
1.40001
1.40001
1.40001
1.40001
1.40001
1.40001
1.40001
1.40001
1.40001
4.3533
1.67863
1.4
1.40001
1.40001
1.40001
1.40001
1.40001
1.40001
1.40001
1.40001
1.40001
1.40001
1.40001
1.40001
1.40001
1.40001
1.40001
1.40001
1.40001
1.40001
1.40001
1.40001
1.40001
1.40001
1.40001
1.40001
1.40001
1.40001
1.40001
5.17338
2.24612
1.39893
1.40001
1.40001
1.40001
1.40001
1.40001
1.40001
1.40001
1.40001
1.40001
1.40001
1.40001
1.40001
1.40001
1.40001
1.40001
1.40001
1.40001
1.40001
1.40001
1.40001
1.40001
1.40001
1.40001
1.40001
1.40001
1.40001
1.40001
5.99994
3.36016
1.48819
1.39989
1.40001
1.40001
1.40001
1.40001
1.40001
1.40001
1.40001
1.40001
1.40001
1.40001
1.40001
1.40001
1.40001
1.40001
1.40001
1.40001
1.40001
1.40001
1.40001
1.40001
1.40001
1.40001
1.40001
1.40001
1.40001
1.40001
6.323
4.74808
2.47143
1.40426
1.40001
1.40001
1.40001
1.40001
1.40001
1.40001
1.40001
1.40001
1.40001
1.40001
1.40001
1.40001
1.40001
1.40001
1.40001
1.40001
1.40001
1.40001
1.40001
1.40001
1.40001
1.40001
1.40001
1.40001
1.40001
1.40001
5.84774
4.8789
4.06942
1.88435
1.39947
1.40001
1.40001
1.40001
1.40001
1.40001
1.40001
1.40001
1.40001
1.40001
1.40001
1.40001
1.40001
1.40001
1.40001
1.40001
1.40001
1.40001
1.40001
1.40001
1.40001
1.40001
1.40001
1.40001
1.40001
1.40001
5.07459
4.65579
4.76822
3.41262
1.57218
1.39976
1.40001
1.40001
1.40001
1.40001
1.40001
1.40001
1.40001
1.40001
1.40001
1.40001
1.40001
1.40001
1.40001
1.40001
1.40001
1.40001
1.40001
1.40001
1.40001
1.40001
1.40001
1.40001
1.40001
1.40001
4.5809
4.44067
4.67412
4.36461
2.46962
1.40739
1.40001
1.40001
1.40001
1.40001
1.40001
1.40001
1.40001
1.40001
1.40001
1.40001
1.40001
1.40001
1.40001
1.40001
1.40001
1.40001
1.40001
1.40001
1.40001
1.40001
1.40001
1.40001
1.40001
1.40001
4.3889
4.37798
4.51547
4.31234
3.5905
1.70993
1.39958
1.40001
1.40001
1.40001
1.40001
1.40001
1.40001
1.40001
1.40001
1.40001
1.40001
1.40001
1.40001
1.40001
1.40001
1.40001
1.40001
1.40001
1.40001
1.40001
1.40001
1.40001
1.40001
1.40001
4.30307
4.32339
4.34275
4.19175
4.14815
2.54485
1.41802
1.40001
1.40001
1.40001
1.40001
1.40001
1.40001
1.40001
1.40001
1.40001
1.40001
1.40001
1.40001
1.40001
1.40001
1.40001
1.40001
1.40001
1.40001
1.40001
1.40001
1.40001
1.40001
1.40001
4.26081
4.26902
4.20798
4.1462
4.2544
3.61361
1.71486
1.39954
1.40001
1.40001
1.40001
1.40001
1.40001
1.40001
1.40001
1.40001
1.40001
1.40001
1.40001
1.40001
1.40001
1.40001
1.40001
1.40001
1.40001
1.40001
1.40001
1.40001
1.40001
1.40001
4.24504
4.25066
4.16777
4.14516
4.21732
4.04635
2.5168
1.41695
1.40001
1.40001
1.40001
1.40001
1.40001
1.40001
1.40001
1.40001
1.40001
1.40001
1.40001
1.40001
1.40001
1.40001
1.40001
1.40001
1.40001
1.40001
1.40001
1.40001
1.40001
1.40001
4.25303
4.26037
4.18051
4.13916
4.16439
4.08914
3.32487
1.61196
1.39978
1.40001
1.40001
1.40001
1.40001
1.40001
1.40001
1.40001
1.40001
1.40001
1.40001
1.40001
1.40001
1.40001
1.40001
1.40001
1.40001
1.40001
1.40001
1.40001
1.40001
1.40001
4.27794
4.28363
4.20277
4.1254
4.10672
4.06872
3.92756
2.18625
1.40026
1.40001
1.40001
1.40001
1.40001
1.40001
1.40001
1.40001
1.40001
1.40001
1.40001
1.40001
1.40001
1.40001
1.40001
1.40001
1.40001
1.40001
1.40001
1.40001
1.40001
1.40001
4.31161
4.31057
4.2212
4.13009
4.06899
4.06478
4.13651
3.10119
1.50614
1.40001
1.40001
1.40001
1.40001
1.40001
1.40001
1.40001
1.40001
1.40001
1.40001
1.40001
1.40001
1.40001
1.40001
1.40001
1.40001
1.40001
1.40001
1.40001
1.40001
1.40001
4.34465
4.33392
4.22953
4.12974
4.04839
4.04878
4.10929
3.69535
1.91733
1.39924
1.40001
1.40001
1.40001
1.40001
1.40001
1.40001
1.40001
1.40001
1.40001
1.40001
1.40001
1.40001
1.40001
1.40001
1.40001
1.40001
1.40001
1.40001
1.40001
1.40001
4.36484
4.34201
4.22461
4.12844
4.05617
4.04247
4.06547
3.93169
2.54303
1.42252
1.40001
1.40001
1.40001
1.40001
1.40001
1.40001
1.40001
1.40001
1.40001
1.40001
1.40001
1.40001
1.40001
1.40001
1.40001
1.40001
1.40001
1.40001
1.40001
1.40001
4.36693
4.335
4.21178
4.12488
4.07071
4.03798
4.06155
4.07808
3.29708
1.58944
1.40001
1.40001
1.40001
1.40001
1.40001
1.40001
1.40001
1.40001
1.40001
1.40001
1.40001
1.40001
1.40001
1.40001
1.40001
1.40001
1.40001
1.40001
1.40001
1.40001
4.36399
4.31942
4.20585
4.12053
4.06964
4.03104
4.05645
4.09615
3.81838
2.05865
1.39904
1.40001
1.40001
1.40001
1.40001
1.40001
1.40001
1.40001
1.40001
1.40001
1.40001
1.40001
1.40001
1.40001
1.40001
1.40001
1.40001
1.40001
1.40001
1.40001
4.35522
4.29628
4.19571
4.11065
4.06231
4.02267
4.04025
4.07742
3.93239
2.66959
1.4377
1.4
1.40001
1.40001
1.40001
1.40001
1.40001
1.40001
1.40001
1.40001
1.40001
1.40001
1.40001
1.40001
1.40001
1.40001
1.40001
1.40001
1.40001
1.40001
4.33317
4.26619
4.17985
4.09478
4.04582
4.01046
4.02094
4.03932
4.00279
3.22093
1.59266
1.4
1.40001
1.40001
1.40001
1.40001
1.40001
1.40001
1.40001
1.40001
1.40001
1.40001
1.40001
1.40001
1.40001
1.40001
1.40001
1.40001
1.40001
1.40001
4.29835
4.23113
4.15867
4.07354
4.02405
3.98935
3.99826
4.02264
4.04532
3.76604
1.98719
1.39909
1.40001
1.40001
1.40001
1.40001
1.40001
1.40001
1.40001
1.40001
1.40001
1.40001
1.40001
1.40001
1.40001
1.40001
1.40001
1.40001
1.40001
1.40001
4.25499
4.19397
4.13366
4.04899
4.00067
3.96787
3.97855
4.01121
4.04883
3.88991
2.5382
1.42411
1.40001
1.40001
1.40001
1.40001
1.40001
1.40001
1.40001
1.40001
1.40001
1.40001
1.40001
1.40001
1.40001
1.40001
1.40001
1.40001
1.40001
1.40001
4.20885
4.15651
4.1054
4.02122
3.97778
3.95005
3.96201
3.99401
4.03629
3.94478
2.99076
1.51908
1.40001
1.40001
1.40001
1.40001
1.40001
1.40001
1.40001
1.40001
1.40001
1.40001
1.40001
1.40001
1.40001
1.40001
1.40001
1.40001
1.40001
1.40001
4.16522
4.12103
4.07382
3.99069
3.95439
3.93195
3.94682
3.97738
4.01666
3.98498
3.49734
1.76244
1.39951
1.40001
1.40001
1.40001
1.40001
1.40001
1.40001
1.40001
1.40001
1.40001
1.40001
1.40001
1.40001
1.40001
1.40001
1.40001
1.40001
1.40001
4.1283
4.09142
4.04669
3.96365
3.93105
3.91145
3.92757
3.96064
4.00564
3.99305
3.75905
2.1832
1.40379
1.40001
1.40001
1.40001
1.40001
1.40001
1.40001
1.40001
1.40001
1.40001
1.40001
1.40001
1.40001
1.40001
1.40001
1.40001
1.40001
1.40001
4.09862
4.06609
4.02347
3.94068
3.90951
3.88937
3.90369
3.9349
3.98603
3.99727
3.8293
2.59952
1.43705
1.4
1.40001
1.40001
1.40001
1.40001
1.40001
1.40001
1.40001
1.40001
1.40001
1.40001
1.40001
1.40001
1.40001
1.40001
1.40001
1.40001
4.07608
4.04607
4.00117
3.92062
3.88801
3.86785
3.88027
3.90974
3.96811
3.99584
3.91469
3.07146
1.5415
1.4
1.40001
1.40001
1.40001
1.40001
1.40001
1.40001
1.40001
1.40001
1.40001
1.40001
1.40001
1.40001
1.40001
1.40001
1.40001
1.40001
4.05854
4.02871
3.9815
3.90403
3.86888
3.84937
3.86047
3.88737
3.9527
3.99757
3.969
3.43807
1.77704
1.39966
1.40001
1.40001
1.40001
1.40001
1.40001
1.40001
1.40001
1.40001
1.40001
1.40001
1.40001
1.40001
1.40001
1.40001
1.40001
1.40001
4.04249
4.01266
3.96354
3.89134
3.85589
3.83462
3.84368
3.86784
3.93321
3.99215
3.96446
3.58423
2.08039
1.40205
1.40001
1.40001
1.40001
1.40001
1.40001
1.40001
1.40001
1.40001
1.40001
1.40001
1.40001
1.40001
1.40001
1.40001
1.40001
1.40001
4.02611
3.99737
3.95014
3.88158
3.84799
3.82406
3.83096
3.85054
3.91008
3.97618
3.9738
3.78134
2.47506
1.42239
1.4
1.40001
1.40001
1.40001
1.40001
1.40001
1.40001
1.40001
1.40001
1.40001
1.40001
1.40001
1.40001
1.40001
1.40001
1.40001
4.01036
3.98297
3.93924
3.87298
3.8419
3.81875
3.82403
3.838
3.88928
3.95857
3.97368
3.89457
2.88958
1.5012
1.40001
1.40001
1.40001
1.40001
1.40001
1.40001
1.40001
1.40001
1.40001
1.40001
1.40001
1.40001
1.40001
1.40001
1.40001
1.40001
3.99527
3.96914
3.92958
3.86469
3.83598
3.81728
3.82177
3.83266
3.87405
3.93756
3.95988
3.91061
3.15383
1.64239
1.40001
1.40001
1.40001
1.40001
1.40001
1.40001
1.40001
1.40001
1.40001
1.40001
1.40001
1.40001
1.40001
1.40001
1.40001
1.40001
3.98067
3.95578
3.91964
3.85646
3.82906
3.81064
3.82081
3.83263
3.86323
3.91699
3.95052
3.94519
3.49137
1.87196
1.39965
1.40001
1.40001
1.40001
1.40001
1.40001
1.40001
1.40001
1.40001
1.40001
1.40001
1.40001
1.40001
1.40001
1.40001
1.40001
3.96705
3.9431
3.90938
3.84885
3.82191
3.80113
3.81836
3.8354
3.85957
3.90486
3.94428
3.94078
3.66686
2.2016
1.40744
1.4
1.40001
1.40001
1.40001
1.40001
1.40001
1.40001
1.40001
1.40001
1.40001
1.40001
1.40001
1.40001
1.40001
1.40001
3.95584
3.93255
3.89959
3.84141
3.81417
3.79283
3.81573
3.84186
3.86535
3.89966
3.93848
3.93502
3.76032
2.49039
1.4306
1.40001
1.40001
1.40001
1.40001
1.40001
1.40001
1.40001
1.40001
1.40001
1.40001
1.40001
1.40001
1.40001
1.40001
1.40001
3.94615
3.92365
3.89153
3.83652
3.8083
3.78558
3.80701
3.84016
3.87171
3.90091
3.9369
3.93185
3.8359
2.9452
1.55094
1.40001
1.40001
1.40001
1.40001
1.40001
1.40001
1.40001
1.40001
1.40001
1.40001
1.40001
1.40001
1.40001
1.40001
1.40001
3.93312
3.91147
3.87844
3.83236
3.80516
3.78336
3.80911
3.84776
3.88317
3.91213
3.94354
3.93681
3.84655
3.06362
1.56293
1.3935
1.40001
1.40001
1.40001
1.40001
1.40001
1.40001
1.40001
1.40001
1.40001
1.40001
1.40001
1.40001
1.40001
1.40001
2.33725
3.15554
3.54647
3.70021
3.76526
3.76755
3.78191
3.81798
3.87039
3.90336
3.94047
3.95221
3.93587
3.5032
2.05566
1.43362
1.40033
1.40001
1.40001
1.40001
1.40001
1.40001
1.40001
1.40001
1.40001
1.40001
1.40001
1.40001
1.40001
1.40001
1.16836
2.25647
2.88268
3.29987
3.53304
3.66297
3.72454
3.77158
3.83346
3.87975
3.93385
3.94871
3.93954
3.87045
2.85317
1.62188
1.40549
1.40004
1.40001
1.40001
1.40001
1.40001
1.40001
1.40001
1.40001
1.40001
1.40001
1.40001
1.40001
1.40001
0.546418
1.59116
2.28195
2.74119
3.14224
3.39172
3.56234
3.68071
3.77041
3.83458
3.90849
3.94456
3.93567
3.90546
3.3996
2.08275
1.44609
1.40054
1.40001
1.40001
1.40001
1.40001
1.40001
1.40001
1.40001
1.40001
1.40001
1.40001
1.40001
1.40001
0.278969
1.09685
1.79588
2.27402
2.69429
3.02123
3.2936
3.49002
3.65157
3.7583
3.85802
3.93241
3.93246
3.93589
3.68282
2.59019
1.57141
1.40386
1.40003
1.40001
1.40001
1.40001
1.40001
1.40001
1.40001
1.40001
1.40001
1.40001
1.40001
1.40001
0.272371
0.845009
1.33177
1.87474
2.26659
2.66039
2.94979
3.22168
3.45189
3.62684
3.77101
3.88567
3.93032
3.96089
3.85876
3.22542
1.89014
1.42534
1.40025
1.40001
1.40001
1.40001
1.40001
1.40001
1.40001
1.40001
1.40001
1.40001
1.40001
1.40001
0.32025
0.754277
1.04799
1.50904
1.91627
2.29903
2.6106
2.93614
3.18999
3.42619
3.63574
3.7955
3.915
3.96854
3.90899
3.62036
2.45121
1.51874
1.40208
1.40002
1.40001
1.40001
1.40001
1.40001
1.40001
1.40001
1.40001
1.40001
1.40001
1.40001
0.345834
0.675967
0.923952
1.25212
1.6468
1.97429
2.33563
2.62241
2.93003
3.18803
3.44128
3.65102
3.84212
3.9571
3.90414
3.72395
3.00621
1.76834
1.41446
1.40011
1.40001
1.40001
1.40001
1.40001
1.40001
1.40001
1.40001
1.40001
1.40001
1.40001
0.361159
0.585105
0.803373
1.07545
1.44109
1.74509
2.08777
2.3535
2.67155
2.95437
3.213
3.47753
3.70564
3.90636
3.87963
3.81588
3.33962
2.11719
1.4547
1.40064
1.40001
1.40001
1.40001
1.40001
1.40001
1.40001
1.40001
1.40001
1.40001
1.40001
0.419983
0.530074
0.681524
0.934138
1.22414
1.54955
1.83589
2.15833
2.39576
2.71085
3.00479
3.29026
3.54852
3.78531
3.84285
3.8638
3.66036
2.68064
1.58615
1.40424
1.40003
1.40001
1.40001
1.40001
1.40001
1.40001
1.40001
1.40001
1.40001
1.40001
0.513168
0.523865
0.607613
0.859702
1.06696
1.37651
1.63389
1.96842
2.20864
2.46729
2.7797
3.06782
3.36006
3.62714
3.77706
3.84295
3.79324
3.15738
1.88145
1.42209
1.40018
1.40001
1.40001
1.40001
1.40001
1.40001
1.40001
1.40001
1.40001
1.40001
0.568671
0.519041
0.55321
0.804546
0.984079
1.2355
1.49449
1.75418
2.0566
2.28392
2.54615
2.85536
3.15444
3.43329
3.6419
3.7846
3.78116
3.40771
2.28329
1.48319
1.40115
1.40001
1.40001
1.40001
1.40001
1.40001
1.40001
1.40001
1.40001
1.40001
0.603105
0.51409
0.508339
0.712155
0.9071
1.11285
1.38586
1.59237
1.89222
2.15362
2.38751
2.69118
2.99426
3.2541
3.46779
3.67702
3.72858
3.6357
2.70928
1.62352
1.40548
1.40003
1.40001
1.40001
1.40001
1.40001
1.40001
1.40001
1.40001
1.40001
0.636665
0.518162
0.508464
0.628047
0.811581
1.00504
1.25033
1.47707
1.68956
1.98361
2.24362
2.52791
2.83674
3.09411
3.32231
3.55224
3.66882
3.66867
3.16976
1.89906
1.42448
1.4002
1.40001
1.40001
1.40001
1.40001
1.40001
1.40001
1.40001
1.40001
0.650638
0.538584
0.522509
0.624958
0.753837
0.938774
1.1216
1.37409
1.55002
1.79494
2.0626
2.33428
2.63619
2.90193
3.16294
3.42631
3.61693
3.63681
3.375
2.27651
1.48031
1.40104
1.40001
1.40001
1.40001
1.40001
1.40001
1.40001
1.40001
1.40001
0.647631
0.562454
0.556714
0.626389
0.712097
0.892428
1.05545
1.28229
1.48709
1.68403
1.9251
2.18334
2.45781
2.71008
2.96778
3.26423
3.5122
3.58192
3.46779
2.67321
1.61019
1.40494
1.40003
1.40001
1.40001
1.40001
1.40001
1.40001
1.40001
1.40001
0.631283
0.563592
0.583768
0.617349
0.665434
0.840257
0.998205
1.19077
1.41926
1.61591
1.83833
2.08646
2.34018
2.5849
2.83923
3.08942
3.37133
3.53184
3.50838
2.95371
1.82304
1.41799
1.40013
1.40001
1.40001
1.40001
1.40001
1.40001
1.40001
1.40001
0.594346
0.565163
0.601409
0.594688
0.610264
0.744035
0.925084
1.08008
1.30916
1.52402
1.73358
1.97759
2.21966
2.46708
2.73437
2.96444
3.22302
3.46264
3.48591
3.22195
2.12329
1.45609
1.40061
1.40001
1.40001
1.40001
1.40001
1.40001
1.40001
1.40001
0.577039
0.573781
0.612856
0.590368
0.595537
0.698662
0.847711
1.00779
1.172
1.40083
1.59542
1.8383
2.05292
2.30593
2.58046
2.83985
3.06549
3.33936
3.44068
3.3158
2.46358
1.54145
1.40254
1.40002
1.40001
1.40001
1.40001
1.40001
1.40001
1.40001
0.578394
0.587426
0.618291
0.592148
0.598679
0.699572
0.815305
0.977932
1.12108
1.32168
1.51684
1.70464
1.92507
2.15478
2.41366
2.68172
2.92148
3.19126
3.37443
3.33197
2.73682
1.69314
1.40923
1.40006
1.40001
1.40001
1.40001
1.40001
1.40001
1.40001
0.582737
0.596453
0.61843
0.590448
0.594576
0.690513
0.785255
0.941629
1.09397
1.2704
1.46376
1.64502
1.86332
2.07282
2.32556
2.55985
2.79704
3.05331
3.2977
3.30806
2.93395
1.88933
1.42664
1.40021
1.40001
1.40001
1.40001
1.40001
1.40001
1.40001
0.590375
0.601481
0.612244
0.581627
0.580471
0.65628
0.737059
0.885678
1.04891
1.21015
1.40863
1.58799
1.78922
1.99764
2.24777
2.47614
2.68255
2.91522
3.20043
3.26847
3.09126
2.15311
1.46595
1.40078
1.40001
1.40001
1.40001
1.40001
1.40001
1.40001
0.596881
0.606274
0.607251
0.580097
0.576573
0.615039
0.671592
0.792226
0.959731
1.12119
1.29563
1.49483
1.68227
1.89123
2.12664
2.36929
2.56794
2.78407
3.07614
3.21843
3.12114
2.39221
1.54465
1.40274
1.40002
1.40001
1.40001
1.40001
1.40001
1.40001
0.596659
0.60885
0.607814
0.584891
0.580157
0.611101
0.651729
0.756941
0.885865
1.04772
1.18962
1.39015
1.56916
1.76744
1.98843
2.22948
2.45088
2.6779
2.95028
3.15869
3.12673
2.59732
1.65663
1.4079
1.40005
1.40001
1.40001
1.40001
1.40001
1.40001
0.593169
0.607095
0.61185
0.600511
0.589056
0.611398
0.645511
0.75594
0.872556
1.02818
1.16406
1.3169
1.51684
1.70514
1.92262
2.14161
2.36043
2.57332
2.83436
3.09187
3.10798
2.77291
1.81715
1.42009
1.40015
1.40001
1.40001
1.40001
1.40001
1.40001
0.585911
0.60244
0.613399
0.606577
0.589295
0.603585
0.628804
0.743249
0.855515
1.00315
1.1438
1.2795
1.46763
1.65362
1.86689
2.0778
2.28893
2.46928
2.71641
3.01138
3.07457
2.85236
1.99009
1.44545
1.40047
1.40001
1.40001
1.40001
1.40001
1.40001
0.574398
0.593834
0.609245
0.602793
0.583528
0.580282
0.594504
0.702675
0.816162
0.957716
1.10918
1.23316
1.40403
1.58617
1.78969
1.99626
2.20477
2.3867
2.60677
2.91316
3.02842
2.92362
2.17698
1.48785
1.40131
1.40001
1.40001
1.40001
1.40001
1.40001
0.562704
0.582862
0.603698
0.598872
0.580362
0.560772
0.566999
0.643368
0.746054
0.876782
1.02801
1.15926
1.30926
1.48038
1.66976
1.87823
2.08389
2.30177
2.51398
2.80781
2.97307
2.92192
2.34194
1.55713
1.40349
1.40002
1.40001
1.40001
1.40001
1.40001
0.558937
0.57488
0.602019
0.598859
0.581161
0.558207
0.564301
0.626201
0.714116
0.836818
0.962102
1.09759
1.23805
1.41241
1.59723
1.80403
2.00275
2.20249
2.41461
2.70031
2.91093
2.9001
2.47068
1.64535
1.40814
1.40005
1.40001
1.40001
1.40001
1.40001
0.557811
0.570919
0.600016
0.598517
0.584295
0.55945
0.56585
0.627904
0.708186
0.827623
0.944088
1.06883
1.21515
1.38366
1.56284
1.75785
1.95196
2.12193
2.30866
2.58702
2.84822
2.86759
2.57754
1.75515
1.41708
1.40013
1.40001
1.40001
1.40001
1.40001
0.555652
0.567462
0.596814
0.597723
0.587652
0.557489
0.56388
0.623418
0.695792
0.812249
0.922652
1.04144
1.18629
1.34653
1.51867
1.70265
1.89808
2.06565
2.23433
2.48502
2.78148
2.83965
2.63339
1.8706
1.43253
1.40031
1.40001
1.40001
1.40001
1.40001
0.551197
0.563535
0.593973
0.595723
0.585808
0.550428
0.555113
0.602293
0.664556
0.77787
0.889968
0.99854
1.1394
1.28728
1.45058
1.62142
1.80755
1.99238
2.17223
2.40536
2.71334
2.80373
2.68273
1.99032
1.45605
1.4007
1.40001
1.40001
1.40001
1.40001
0.545362
0.559253
0.590968
0.592549
0.583235
0.550074
0.552577
0.58092
0.62166
0.720581
0.83663
0.933822
1.06632
1.20471
1.36063
1.52564
1.70554
1.89955
2.09246
2.32578
2.64032
2.75933
2.68807
2.10098
1.49074
1.40154
1.40001
1.40001
1.40001
1.40001
0.540412
0.555625
0.588118
0.592248
0.583503
0.553285
0.553752
0.580419
0.61544
0.701612
0.80192
0.908204
1.0267
1.17315
1.32167
1.48756
1.66374
1.83936
2.00904
2.23474
2.55644
2.71671
2.67958
2.19914
1.53467
1.40309
1.40002
1.40001
1.40001
1.40001
0.536956
0.553063
0.5851
0.593709
0.58595
0.559014
0.556482
0.580261
0.612239
0.69562
0.789095
0.894816
1.01307
1.15246
1.29567
1.45636
1.62727
1.79747
1.95767
2.15634
2.46798
2.67126
2.66764
2.27855
1.58829
1.40579
1.40004
1.40001
1.40001
1.40001
0.534137
0.549872
0.581278
0.594445
0.587978
0.56369
0.556778
0.575085
0.601732
0.684838
0.772314
0.875608
0.991294
1.1216
1.25954
1.41239
1.5781
1.74869
1.91317
2.10117
2.39443
2.62177
2.64457
2.34182
1.64735
1.41005
1.40007
1.40001
1.40001
1.40001
0.533076
0.54618
0.57546
0.5933
0.587428
0.566567
0.555612
0.562623
0.579306
0.657368
0.739277
0.841834
0.953972
1.0722
1.20023
1.34159
1.49855
1.66961
1.84889
2.04182
2.32849
2.57848
2.60884
2.38463
1.71192
1.41652
1.40013
1.40001
1.40001
1.40001
0.53309
0.54444
0.568604
0.589847
0.585284
0.570431
0.555681
0.556038
0.56178
0.624263
0.69172
0.788391
0.900819
1.0114
1.13735
1.27796
1.43303
1.59567
1.76461
1.95792
2.24417
2.53239
2.57318
2.40636
1.77534
1.42538
1.40024
1.40001
1.40001
1.40001
0.533456
0.543481
0.563387
0.586984
0.584987
0.576345
0.558461
0.55585
0.560661
0.621339
0.682438
0.768905
0.879904
0.991516
1.11932
1.2608
1.41462
1.57079
1.72137
1.89074
2.15881
2.47344
2.54605
2.42494
1.83491
1.43673
1.40042
1.40001
1.40001
1.40001
0.53373
0.542607
0.560148
0.585899
0.586409
0.582683
0.563828
0.556286
0.561629
0.622362
0.680074
0.762076
0.868273
0.977549
1.103
1.2415
1.39216
1.5462
1.69487
1.85693
2.10549
2.41979
2.51888
2.43334
1.89045
1.45034
1.4007
1.40001
1.40001
1.40001
0.533121
0.541107
0.557042
0.584673
0.589319
0.586633
0.568971
0.554403
0.559269
0.617205
0.670445
0.747769
0.848323
0.952849
1.07305
1.20519
1.34944
1.50114
1.65267
1.81625
2.05709
2.3751
2.48772
2.42889
1.94601
1.46809
1.40119
1.40001
1.40001
1.40001
0.53354
0.541498
0.557484
0.585556
0.590779
0.587592
0.568243
0.550165
0.55628
0.611807
0.66213
0.737803
0.83505
0.934908
1.0499
1.17505
1.3118
1.46057
1.6156
1.78362
2.02452
2.34856
2.46361
2.42582
1.97545
1.47933
1.40147
1.40001
1.40001
1.40001
0.536818
0.542431
0.558026
0.586224
0.590638
0.58708
0.565665
0.543903
0.549794
0.601815
0.652143
0.728616
0.823081
0.918433
1.02714
1.1461
1.27774
1.42381
1.58124
1.75568
2.00021
2.33101
2.44878
2.4224
1.9891
1.48636
1.40171
1.40001
1.40001
1.40001
0.544243
0.544164
0.558969
0.586534
0.589761
0.585343
0.56064
0.541018
0.547204
0.588136
0.628906
0.7074
0.797329
0.889561
0.996828
1.11735
1.24902
1.39286
1.54548
1.71998
1.96913
2.3084
2.43433
2.41366
2.00147
1.49356
1.40199
1.40001
1.40001
1.40001
0.557756
0.548025
0.56074
0.587066
0.588361
0.583176
0.556816
0.541002
0.547562
0.585075
0.614534
0.687217
0.777972
0.871177
0.982558
1.10353
1.23375
1.3762
1.52502
1.69
1.93459
2.27857
2.41756
2.3982
2.01259
1.50141
1.40232
1.40002
1.40001
1.40001
0.571552
0.554555
0.563153
0.58833
0.588083
0.581334
0.55432
0.540885
0.548675
0.585619
0.613524
0.683575
0.773927
0.866282
0.977843
1.09796
1.22814
1.3656
1.50893
1.66636
1.89918
2.24452
2.40022
2.38895
2.02406
1.50956
1.4027
1.40002
1.40001
1.40001
0.588966
0.563487
0.565921
0.588714
0.587938
0.580749
0.552905
0.541106
0.550522
0.587723
0.614345
0.684161
0.774875
0.867289
0.9795
1.09998
1.23062
1.36466
1.50164
1.64934
1.86576
2.20474
2.38091
2.37963
2.03574
1.5183
1.40314
1.40002
1.40001
1.40001
0.607016
0.574563
0.570003
0.588931
0.587779
0.580226
0.552999
0.541774
0.553334
0.591368
0.618367
0.69047
0.782571
0.87386
0.985598
1.10455
1.23404
1.3669
1.5028
1.64874
1.85963
2.18461
2.3556
2.36674
2.04551
1.52725
1.40363
1.40002
1.40001
1.40001
0.622548
0.589789
0.574754
0.589579
0.588692
0.579493
0.553039
0.541534
0.554574
0.591724
0.620214
0.693952
0.784246
0.874094
0.983695
1.09957
1.22556
1.35725
1.4943
1.64259
1.85711
2.17926
2.34182
2.35931
2.05405
1.5354
1.40414
1.40003
1.40001
1.40001
0.642006
0.607236
0.577385
0.590361
0.588991
0.577627
0.5515
0.538035
0.552511
0.588448
0.617421
0.690378
0.777566
0.864207
0.969124
1.07822
1.19742
1.32659
1.46606
1.61584
1.83158
2.16235
2.33652
2.35129
2.06312
1.54372
1.40468
1.40003
1.40001
1.40001
0.660654
0.627564
0.58151
0.59114
0.588389
0.575061
0.55009
0.53447
0.545548
0.577338
0.607305
0.677102
0.760338
0.843018
0.942466
1.04611
1.16269
1.28902
1.4277
1.58501
1.79693
2.13174
2.32381
2.34188
2.06877
1.5522
1.40528
1.40004
1.40001
1.40001
0.676711
0.644746
0.587668
0.592483
0.588301
0.574264
0.550122
0.534274
0.543062
0.565034
0.594296
0.661055
0.7385
0.820329
0.917105
1.02023
1.13646
1.26389
1.40069
1.55622
1.77499
2.09587
2.29443
2.3226
2.06963
1.55939
1.4059
1.40004
1.40001
1.40001
0.694108
0.662303
0.59602
0.595277
0.590383
0.575957
0.552515
0.535767
0.544447
0.564064
0.588748
0.657564
0.730709
0.815113
0.914203
1.01842
1.13351
1.25994
1.39473
1.54174
1.74962
2.06197
2.26783
2.29895
2.06472
1.5645
1.40646
1.40005
1.40001
1.40001
0.706203
0.677911
0.609136
0.598665
0.593857
0.58199
0.559627
0.540641
0.549131
0.563882
0.588713
0.660031
0.730205
0.816522
0.914555
1.01828
1.13025
1.25424
1.38816
1.53591
1.73813
2.05589
2.26434
2.28957
2.0587
1.56766
1.40693
1.40005
1.40001
1.40001
0.721941
0.692421
0.624285
0.601514
0.596029
0.583854
0.563476
0.543423
0.550172
0.560201
0.585908
0.658943
0.726922
0.81308
0.907221
1.00701
1.11296
1.23281
1.36653
1.52001
1.72942
2.05319
2.26499
2.28662
2.05661
1.56994
1.40729
1.40006
1.40001
1.40001
0.7371
0.714015
0.64913
0.60374
0.595502
0.582805
0.563959
0.543639
0.547938
0.551136
0.575099
0.648766
0.712503
0.796535
0.881597
0.974667
1.07631
1.19354
1.32615
1.48225
1.69982
2.02576
2.24599
2.27148
2.05273
1.57217
1.40762
1.40006
1.40001
1.40001
0.743886
0.731542
0.679228
0.608349
0.592477
0.578882
0.564378
0.543767
0.547064
0.549047
0.572083
0.642448
0.699842
0.780612
0.865682
0.959763
1.0645
1.1829
1.31359
1.46109
1.66972
1.98394
2.19735
2.23163
2.03753
1.57145
1.40775
1.40006
1.40001
1.40001
0.762318
0.754463
0.704572
0.614432
0.591165
0.57764
0.566194
0.54562
0.548266
0.549376
0.573419
0.643668
0.699655
0.78019
0.866392
0.960245
1.06548
1.18435
1.31567
1.4613
1.66617
1.9763
2.18141
2.20935
2.01512
1.56613
1.4076
1.40006
1.40001
1.40001
0.814907
0.806529
0.751283
0.631264
0.592324
0.579254
0.571271
0.551463
0.553077
0.552587
0.580183
0.649205
0.701877
0.780476
0.866032
0.958442
1.06275
1.18061
1.31245
1.46179
1.66877
1.98104
2.18238
2.20385
1.99474
1.55696
1.40716
1.40006
1.40001
1.40001
0.876326
0.874975
0.815295
0.669372
0.599649
0.583962
0.580292
0.561064
0.558877
0.557999
0.586002
0.65044
0.701946
0.778203
0.85999
0.946696
1.04584
1.16045
1.29218
1.44553
1.6554
1.96719
2.17069
2.18834
1.97268
1.54654
1.40652
1.40006
1.40001
1.40001
0.913089
0.953741
0.895115
0.727193
0.615929
0.59303
0.592201
0.57387
0.565939
0.565131
0.59212
0.651586
0.699697
0.771102
0.846504
0.928627
1.02741
1.14437
1.27745
1.43236
1.64373
1.94418
2.13627
2.15728
1.94226
1.53389
1.40574
1.40005
1.40001
1.40001
0.909184
0.997244
0.964341
0.840983
0.665979
0.608082
0.604849
0.589169
0.577206
0.576816
0.604797
0.65711
0.697473
0.765691
0.839139
0.922702
1.02544
1.14484
1.27945
1.4355
1.64827
1.94728
2.11487
2.12506
1.90368
1.51806
1.4048
1.40004
1.40001
1.40001
0.91393
1.00589
1.00164
0.951302
0.780239
0.646069
0.618829
0.601535
0.591076
0.592312
0.618657
0.659456
0.69887
0.767813
0.840769
0.924842
1.02997
1.15116
1.28588
1.43902
1.65238
1.95176
2.09628
2.09297
1.86029
1.50007
1.40377
1.40003
1.40001
1.40001
0.926156
1.01768
1.05885
1.02541
0.882386
0.708087
0.639379
0.613123
0.604424
0.6067
0.629395
0.6598
0.701386
0.770043
0.841297
0.927146
1.03284
1.15354
1.28694
1.43914
1.65276
1.93962
2.0696
2.05489
1.81162
1.48105
1.40275
1.40002
1.40001
1.40001
0.983605
1.0667
1.14081
1.10748
1.00203
0.795694
0.67696
0.635658
0.621425
0.6226
0.638772
0.66316
0.706627
0.772732
0.843973
0.932815
1.03848
1.16095
1.29431
1.44727
1.66018
1.93017
2.03856
2.01034
1.75678
1.46189
1.40184
1.40002
1.40001
1.40001
1.14732
1.20059
1.25419
1.24324
1.17127
0.975096
0.771842
0.685522
0.651949
0.645962
0.652483
0.673886
0.717275
0.783803
0.856851
0.95007
1.05654
1.18088
1.31165
1.46225
1.67197
1.92203
2.00492
1.96038
1.69711
1.4438
1.40111
1.40001
1.40001
1.40001
1.23265
1.26969
1.3047
1.34173
1.28507
1.17525
0.96272
0.785906
0.706127
0.681892
0.679935
0.693632
0.739074
0.808998
0.881232
0.982411
1.08675
1.20648
1.32947
1.47286
1.67983
1.90943
1.96742
1.90378
1.63411
1.42797
1.40058
1.40001
1.40001
1.40001
1.24607
1.29127
1.3172
1.34908
1.32511
1.27373
1.15203
0.949513
0.792982
0.732997
0.725845
0.728131
0.779366
0.844585
0.914413
1.03039
1.1297
1.23413
1.34576
1.48377
1.69104
1.89442
1.92621
1.83784
1.56962
1.41543
1.40025
1.40001
1.40001
1.40001
1.24294
1.29922
1.32211
1.33323
1.32884
1.31438
1.27227
1.13682
0.924908
0.804953
0.785587
0.784355
0.839523
0.896747
0.962824
1.08239
1.17185
1.2576
1.36079
1.49992
1.70834
1.87319
1.88064
1.75854
1.50787
1.40689
1.40008
1.40001
1.40001
1.40001
1.23006
1.28168
1.31594
1.32474
1.33004
1.3361
1.33671
1.28978
1.10639
0.91004
0.860551
0.860109
0.8943
0.952114
1.01926
1.09874
1.18276
1.27403
1.37337
1.5251
1.73077
1.84849
1.83199
1.67149
1.45762
1.40231
1.40002
1.40001
1.40001
1.40001
1.21449
1.26928
1.32537
1.35166
1.36976
1.38849
1.39102
1.37349
1.29483
1.07375
0.956703
0.952391
0.957359
0.997423
1.07762
1.12369
1.19622
1.30827
1.41144
1.57349
1.73684
1.77398
1.70992
1.53253
1.4157
1.40034
1.40001
1.40001
1.40001
1.40001
)
;

boundaryField
{
    inlet
    {
        type            calculated;
        value           uniform 1.40001;
    }
    outlet
    {
        type            calculated;
        value           nonuniform List<scalar> 
60
(
1.2157
1.27069
1.32686
1.35316
1.37128
1.39004
1.3926
1.37506
1.29624
1.07506
0.957336
0.952724
0.957528
0.997642
1.07758
1.12355
1.19612
1.308
1.41095
1.57274
1.73651
1.77459
1.7112
1.53405
1.41606
1.40035
1.40001
1.40001
1.40001
1.40001
1.19184
1.18514
1.17992
1.22098
1.2713
1.36916
1.34165
1.00434
0.650167
0.578948
0.637727
0.672342
0.68519
0.748475
0.825611
0.860439
0.942811
1.04359
1.14571
1.29412
1.44225
1.48403
1.4737
1.43754
1.40695
1.40033
1.40001
1.40001
1.40001
1.40001
)
;
    }
    airfoil
    {
        type            calculated;
        value           nonuniform List<scalar> 
160
(
0.125356
0.126666
0.128168
0.129064
0.131297
0.135256
0.137886
0.139111
0.138918
0.136531
0.134037
0.13272
0.132534
0.1326
0.13311
0.133666
0.134084
0.134147
0.134759
0.135359
0.132814
0.131119
0.132051
0.135931
0.144145
0.151165
0.153343
0.14397
0.12701
0.100508
0.0770686
0.0594059
0.0474313
0.0420935
0.0415599
0.0514699
0.192155
0.397012
0.770062
1.41528
2.15358
2.15167
2.15007
2.14952
2.14938
2.14964
2.15057
2.15275
2.15433
2.15481
2.15496
2.1548
2.15405
2.15296
2.15133
2.15014
2.14958
2.14802
2.14407
2.13929
2.13482
2.12894
2.12467
2.12373
2.1263
2.13308
2.14631
2.16341
2.18865
2.25769
2.33237
2.38557
2.41702
2.42355
2.33303
2.22904
2.12447
1.94767
1.74515
1.5329
1.79679
2.56581
3.41428
4.3533
5.17338
5.99994
6.323
5.84774
5.07459
4.5809
4.3889
4.30307
4.26081
4.24504
4.25303
4.27794
4.31161
4.34465
4.36484
4.36693
4.36399
4.35522
4.33317
4.29835
4.25499
4.20885
4.16522
4.1283
4.09862
4.07608
4.05854
4.04249
4.02611
4.01036
3.99527
3.98067
3.96705
3.95584
3.94615
3.93312
2.33725
1.16836
0.546418
0.278969
0.272371
0.32025
0.345834
0.361159
0.419983
0.513168
0.568671
0.603105
0.636665
0.650638
0.647631
0.631283
0.594346
0.577039
0.578394
0.582737
0.590375
0.596881
0.596659
0.593169
0.585911
0.574398
0.562704
0.558937
0.557811
0.555652
0.551197
0.545362
0.540412
0.536956
0.534137
0.533076
0.53309
0.533456
0.53373
0.533121
)
;
    }
    top
    {
        type            symmetryPlane;
    }
    bottom
    {
        type            symmetryPlane;
    }
    defaultFaces
    {
        type            empty;
    }
}


// ************************************************************************* //
