/*--------------------------------*- C++ -*----------------------------------*\
  =========                 |
  \\      /  F ield         | OpenFOAM: The Open Source CFD Toolbox
   \\    /   O peration     | Website:  https://openfoam.org
    \\  /    A nd           | Version:  7
     \\/     M anipulation  |
\*---------------------------------------------------------------------------*/
FoamFile
{
    version     2.0;
    format      ascii;
    class       volScalarField;
    location    "6.9";
    object      rho;
}
// * * * * * * * * * * * * * * * * * * * * * * * * * * * * * * * * * * * * * //

dimensions      [1 -3 0 0 0 0 0];

internalField   nonuniform List<scalar> 
8400
(
0.230336
0.324605
0.424359
0.511899
0.592366
0.660375
0.710854
0.759824
0.787619
0.800906
0.823202
0.838496
0.848241
0.873263
0.903421
0.919624
0.941521
0.964554
0.963886
0.957987
0.957799
0.961998
0.973316
0.9879
1.00578
1.0235
1.03681
1.05037
1.06179
1.05988
0.153644
0.156174
0.167627
0.190853
0.233604
0.295599
0.378006
0.467534
0.568783
0.655797
0.729684
0.796367
0.833396
0.863606
0.883967
0.878862
0.874529
0.860551
0.831831
0.826536
0.83717
0.86202
0.894321
0.918693
0.934712
0.947746
0.951051
0.947937
0.954984
0.969819
0.172023
0.172548
0.173608
0.175182
0.176094
0.176664
0.176274
0.181256
0.201256
0.248926
0.313925
0.415314
0.530469
0.618024
0.694741
0.742774
0.779001
0.794432
0.798279
0.802497
0.80143
0.802532
0.811885
0.828218
0.853579
0.878452
0.893155
0.889269
0.891037
0.901781
0.169426
0.170487
0.17163
0.171875
0.172035
0.172891
0.172888
0.172213
0.16957
0.165579
0.164871
0.165581
0.182447
0.221614
0.287767
0.389881
0.512877
0.632804
0.742352
0.790904
0.806414
0.805157
0.803246
0.803153
0.822051
0.842185
0.855157
0.860251
0.86827
0.878307
0.164838
0.167714
0.170225
0.170227
0.170169
0.170373
0.170305
0.170016
0.16839
0.165062
0.164535
0.166189
0.174166
0.18436
0.186996
0.187248
0.200463
0.255074
0.3657
0.52206
0.651961
0.747735
0.784577
0.810503
0.854158
0.863242
0.866079
0.878682
0.898033
0.89759
0.169009
0.169064
0.168528
0.168255
0.168811
0.170625
0.172371
0.17589
0.181929
0.182448
0.182451
0.186933
0.198564
0.215941
0.224759
0.225066
0.225067
0.225281
0.227647
0.239803
0.29501
0.406375
0.572048
0.719617
0.797912
0.841207
0.891323
0.931957
0.963141
0.945737
0.178917
0.181819
0.185121
0.188839
0.192861
0.197361
0.204145
0.212482
0.220725
0.225419
0.227332
0.229116
0.230971
0.237359
0.244297
0.245079
0.24542
0.249456
0.258486
0.270373
0.27866
0.281911
0.292026
0.350294
0.452236
0.613469
0.775292
0.878079
0.944212
1.00312
0.22209
0.227639
0.232433
0.23592
0.236994
0.237126
0.238518
0.241358
0.246599
0.253016
0.253555
0.250229
0.250825
0.25554
0.264804
0.272977
0.281764
0.293348
0.308116
0.31936
0.325308
0.32701
0.327143
0.327455
0.329576
0.337632
0.384478
0.50762
0.677708
0.922189
0.262483
0.267909
0.273974
0.277307
0.27636
0.272702
0.272327
0.273902
0.27998
0.290769
0.297806
0.304751
0.313416
0.321596
0.330623
0.338667
0.342103
0.344262
0.350658
0.352365
0.350505
0.350556
0.351191
0.354784
0.361242
0.371332
0.389537
0.388913
0.391501
0.514612
0.319399
0.32874
0.340004
0.34545
0.345269
0.341974
0.339828
0.341077
0.346555
0.357088
0.365466
0.370029
0.372487
0.373973
0.377597
0.378401
0.375089
0.371501
0.373039
0.374638
0.377256
0.382062
0.393282
0.407067
0.417289
0.424785
0.424945
0.424726
0.426064
0.43017
0.388544
0.397621
0.409478
0.415341
0.416067
0.413224
0.405263
0.400873
0.401244
0.406803
0.41607
0.420672
0.420006
0.417283
0.41709
0.419458
0.423644
0.429598
0.437689
0.44739
0.455128
0.459944
0.463936
0.466505
0.467292
0.464966
0.461507
0.461475
0.464183
0.472837
0.469752
0.474156
0.484046
0.496792
0.500779
0.499691
0.492442
0.481759
0.479615
0.482985
0.491554
0.498377
0.499357
0.49955
0.501544
0.505945
0.507107
0.507471
0.509469
0.513011
0.512826
0.511007
0.506287
0.50153
0.495748
0.495428
0.498055
0.505888
0.515106
0.522247
0.572302
0.572534
0.574553
0.580532
0.590144
0.594243
0.593437
0.585403
0.574247
0.571666
0.574867
0.579603
0.579029
0.575529
0.57518
0.57522
0.573744
0.567455
0.56131
0.560339
0.560491
0.559703
0.559959
0.562046
0.566343
0.572753
0.578677
0.580728
0.578335
0.571349
0.70519
0.691811
0.686304
0.686955
0.692489
0.700152
0.702656
0.70042
0.689591
0.676459
0.673803
0.676747
0.676176
0.669577
0.664229
0.664916
0.664973
0.660737
0.65487
0.654179
0.654202
0.652942
0.649582
0.646221
0.643107
0.638095
0.631925
0.623736
0.614282
0.608797
0.865965
0.855415
0.832724
0.822476
0.819307
0.81897
0.82303
0.824137
0.819442
0.804861
0.792316
0.791436
0.790773
0.783628
0.768186
0.765633
0.764738
0.759913
0.749071
0.741558
0.737356
0.732505
0.724878
0.716112
0.70884
0.701624
0.697839
0.693406
0.69254
0.688965
1.02821
1.02381
1.01383
0.993712
0.972398
0.961589
0.96273
0.967044
0.963992
0.949395
0.926563
0.919453
0.919662
0.914123
0.8925
0.880037
0.877582
0.872652
0.861535
0.848267
0.838638
0.831295
0.822577
0.812833
0.804052
0.79635
0.788336
0.780772
0.772648
0.756096
1.20964
1.20575
1.1973
1.1823
1.15822
1.1348
1.12231
1.12428
1.12455
1.11183
1.08333
1.06439
1.06348
1.05908
1.03659
1.01442
1.00678
0.999341
0.98643
0.969357
0.953605
0.941047
0.930036
0.916524
0.901834
0.887523
0.873479
0.859308
0.846325
0.825613
1.4113
1.40671
1.39749
1.38388
1.3605
1.3288
1.30409
1.30187
1.30238
1.29062
1.25588
1.22753
1.22515
1.2197
1.19434
1.16518
1.15221
1.14104
1.12402
1.10324
1.08201
1.06341
1.04748
1.03052
1.01149
0.992496
0.975562
0.957827
0.942693
0.917716
1.63705
1.62808
1.61775
1.60373
1.58181
1.54623
1.50961
1.50352
1.50324
1.48862
1.44793
1.40925
1.40171
1.39218
1.3652
1.33383
1.31301
1.29414
1.27172
1.24756
1.22234
1.19831
1.17645
1.15438
1.13074
1.10721
1.08491
1.06262
1.04258
1.00896
1.89644
1.88004
1.86186
1.84634
1.82863
1.79349
1.76336
1.74651
1.72849
1.70437
1.66513
1.62465
1.60543
1.58674
1.55389
1.52029
1.49208
1.46287
1.43348
1.40456
1.37556
1.34552
1.31713
1.2896
1.26162
1.2332
1.20545
1.17823
1.15437
1.11419
2.04639
2.04422
2.04063
2.0333
2.0227
2.00642
1.9883
1.97183
1.95385
1.93404
1.90684
1.87267
1.84281
1.81426
1.77883
1.74065
1.70279
1.66346
1.62477
1.58737
1.55027
1.51282
1.47568
1.44001
1.40579
1.37187
1.33871
1.30488
1.27588
1.22805
2.04881
2.04881
2.05005
2.05115
2.05195
2.05298
2.05219
2.0492
2.04392
2.03645
2.03059
2.02417
2.0144
1.99946
1.98047
1.95771
1.92746
1.89002
1.84973
1.80764
1.76285
1.71606
1.66848
1.6215
1.57551
1.53116
1.48904
1.44701
1.41104
1.35301
1.93779
1.95042
1.97313
1.99119
1.99249
1.99598
2.00431
2.0105
2.01675
2.02233
2.02637
2.02527
2.02291
2.02375
2.02425
2.0227
2.01731
2.00882
1.99908
1.98413
1.96084
1.92842
1.88718
1.83969
1.78771
1.7327
1.67673
1.62059
1.57292
1.49742
1.63926
1.66571
1.68944
1.70854
1.72982
1.76429
1.78739
1.80655
1.83541
1.86388
1.8908
1.91933
1.93473
1.95041
1.97504
1.98768
1.99323
2.00107
2.00251
2.00222
2.00066
1.99699
1.99037
1.97905
1.95958
1.92881
1.88582
1.83153
1.77683
1.68065
1.43193
1.43762
1.44533
1.45408
1.46395
1.47698
1.49228
1.50903
1.52928
1.55436
1.58167
1.61563
1.65168
1.68712
1.72778
1.77206
1.8132
1.8535
1.88892
1.91808
1.947
1.96134
1.97351
1.97927
1.97867
1.97659
1.97106
1.95882
1.93898
1.87506
1.40093
1.40116
1.40149
1.40197
1.40261
1.40354
1.40481
1.40658
1.40895
1.41241
1.41717
1.42396
1.43371
1.44588
1.46285
1.4852
1.51492
1.54955
1.59379
1.64172
1.69602
1.75261
1.80369
1.85699
1.89437
1.92349
1.94668
1.95375
1.95266
1.94554
1.40001
1.40002
1.40002
1.40002
1.40003
1.40004
1.40006
1.40009
1.40013
1.4002
1.40032
1.40053
1.40089
1.40146
1.40246
1.40415
1.40712
1.41191
1.41968
1.43242
1.45081
1.47916
1.51653
1.5652
1.62585
1.69019
1.75567
1.8196
1.86698
1.90975
1.40001
1.40001
1.40001
1.40001
1.40001
1.40001
1.40001
1.40001
1.40001
1.40001
1.40001
1.40001
1.40001
1.40002
1.40003
1.40005
1.40009
1.40019
1.4004
1.40085
1.4018
1.40377
1.40773
1.41534
1.42907
1.45265
1.48843
1.54094
1.60176
1.7131
1.40001
1.40001
1.40001
1.40001
1.40001
1.40001
1.40001
1.40001
1.40001
1.40001
1.40001
1.40001
1.40001
1.40001
1.40001
1.40001
1.40001
1.40001
1.40001
1.40001
1.40002
1.40005
1.40011
1.40029
1.40077
1.40202
1.40498
1.41208
1.4245
1.47491
1.40001
1.40001
1.40001
1.40001
1.40001
1.40001
1.40001
1.40001
1.40001
1.40001
1.40001
1.40001
1.40001
1.40001
1.40001
1.40001
1.40001
1.40001
1.40001
1.40001
1.40001
1.40001
1.40001
1.40001
1.40001
1.40002
1.40007
1.40023
1.40065
1.4052
0.147759
0.151833
0.171688
0.169092
0.162891
0.167319
0.176801
0.215812
0.257533
0.312273
0.383191
0.468032
0.582533
0.725959
0.872368
1.03201
1.21363
1.41849
1.65931
1.9203
2.05405
2.04848
1.91749
1.61139
1.42563
1.40073
1.40001
1.40001
1.40001
1.40001
0.148611
0.154649
0.173319
0.167436
0.161259
0.166678
0.181388
0.219535
0.263868
0.321362
0.399227
0.505524
0.631236
0.759888
0.89992
1.06513
1.26018
1.48396
1.73849
1.9747
2.06822
2.04405
1.87591
1.56326
1.41466
1.40029
1.40001
1.40001
1.40001
1.40001
0.149828
0.15534
0.172103
0.166864
0.160906
0.165874
0.18567
0.223267
0.273007
0.341288
0.432472
0.537987
0.649423
0.773033
0.920846
1.11262
1.3283
1.55904
1.80858
2.01627
2.07359
2.03554
1.83228
1.52235
1.4085
1.40014
1.40001
1.40001
1.40001
1.40001
0.150388
0.155789
0.169903
0.166417
0.162034
0.167682
0.195814
0.240367
0.295387
0.365793
0.452947
0.549472
0.658222
0.792962
0.976328
1.17847
1.38757
1.61135
1.85865
2.04705
2.07472
2.02151
1.77589
1.48478
1.40453
1.40006
1.40001
1.40001
1.40001
1.40001
0.15093
0.155363
0.168331
0.16611
0.16411
0.174413
0.206691
0.253533
0.308135
0.374422
0.457384
0.553774
0.673066
0.844427
1.03069
1.2155
1.4221
1.65218
1.90582
2.06828
2.07571
1.99012
1.71055
1.45616
1.40231
1.40003
1.40001
1.40001
1.40001
1.40001
0.151231
0.154027
0.167626
0.166007
0.164814
0.178559
0.210655
0.257509
0.312257
0.377714
0.459155
0.56478
0.725684
0.89611
1.05968
1.244
1.465
1.71564
1.96543
2.07974
2.07533
1.9587
1.6508
1.43568
1.40113
1.40002
1.40001
1.40001
1.40001
1.40001
0.150519
0.152117
0.167001
0.164044
0.164007
0.179272
0.210385
0.257081
0.313402
0.381594
0.477261
0.621562
0.775358
0.921358
1.08722
1.30394
1.54874
1.80412
2.01604
2.08553
2.06232
1.90793
1.59361
1.4213
1.40053
1.40001
1.40001
1.40001
1.40001
1.40001
0.148632
0.150366
0.165623
0.160198
0.159886
0.177818
0.206914
0.255245
0.320689
0.411204
0.533118
0.662508
0.795138
0.946194
1.15649
1.38945
1.6217
1.86213
2.04691
2.08962
2.04476
1.85197
1.54535
1.41232
1.40024
1.40001
1.40001
1.40001
1.40001
1.40001
0.146653
0.149657
0.163239
0.157861
0.156679
0.177027
0.207821
0.27179
0.356942
0.449403
0.558281
0.675109
0.811269
1.00347
1.22772
1.44108
1.66852
1.91229
2.07531
2.09226
2.03371
1.80709
1.50467
1.40662
1.40011
1.40001
1.40001
1.40001
1.40001
1.40001
0.145143
0.149698
0.160265
0.156371
0.156034
0.18041
0.225047
0.297513
0.375646
0.460185
0.563518
0.685093
0.855534
1.07364
1.27048
1.4834
1.72949
1.97781
2.09659
2.09578
2.02565
1.74195
1.46501
1.40301
1.40004
1.40001
1.40001
1.40001
1.40001
1.40001
0.144689
0.15052
0.158278
0.155631
0.159031
0.191462
0.239945
0.305346
0.378405
0.463842
0.564675
0.720364
0.934441
1.11815
1.31132
1.56169
1.82426
2.03478
2.10408
2.09586
1.97529
1.65386
1.438
1.40135
1.40002
1.40001
1.40001
1.40001
1.40001
1.40001
0.14496
0.153207
0.157745
0.15529
0.16357
0.196672
0.244494
0.308541
0.377175
0.469685
0.607426
0.804424
0.981858
1.1584
1.3989
1.65894
1.89476
2.0659
2.1056
2.07668
1.90447
1.59459
1.42323
1.40063
1.40001
1.40001
1.40001
1.40001
1.40001
1.40001
0.146755
0.154919
0.157891
0.154255
0.164731
0.197264
0.24687
0.313598
0.397955
0.519527
0.690521
0.851678
1.01598
1.23432
1.48637
1.72309
1.94597
2.08932
2.10552
2.0531
1.85045
1.54631
1.41264
1.40026
1.40001
1.40001
1.40001
1.40001
1.40001
1.40001
0.148501
0.155233
0.158059
0.152366
0.164822
0.195695
0.254929
0.340756
0.455715
0.581129
0.725012
0.874618
1.06697
1.32045
1.54629
1.78141
2.00674
2.10827
2.10629
2.03898
1.79713
1.49759
1.40605
1.4001
1.40001
1.40001
1.40001
1.40001
1.40001
1.40001
0.148902
0.153395
0.157354
0.15042
0.165508
0.209272
0.283118
0.380021
0.489857
0.601926
0.736777
0.907856
1.15646
1.38304
1.61027
1.8689
2.06584
2.11713
2.11096
2.02545
1.71934
1.45673
1.40262
1.40004
1.40001
1.40001
1.40001
1.40001
1.40001
1.40001
0.147272
0.15025
0.157056
0.149524
0.167911
0.230371
0.301438
0.392699
0.498336
0.614027
0.756507
0.995982
1.22834
1.44932
1.71567
1.95226
2.09797
2.11996
2.10358
1.94611
1.62437
1.43104
1.40105
1.40002
1.40001
1.40001
1.40001
1.40001
1.40001
1.40001
0.14316
0.148144
0.157958
0.15138
0.173828
0.2367
0.30408
0.397308
0.497957
0.637783
0.852808
1.0841
1.29267
1.55093
1.80766
2.00842
2.11308
2.11966
2.0721
1.86842
1.56484
1.41754
1.40044
1.40001
1.40001
1.40001
1.40001
1.40001
1.40001
1.40001
0.140623
0.146622
0.161148
0.158784
0.175438
0.236266
0.30173
0.40293
0.534862
0.727491
0.943588
1.1403
1.37383
1.64693
1.88066
2.05517
2.12313
2.11473
2.0414
1.81178
1.51583
1.40857
1.40017
1.40001
1.40001
1.40001
1.40001
1.40001
1.40001
1.40001
0.140292
0.144419
0.161871
0.163892
0.175518
0.233705
0.323558
0.45324
0.628209
0.80498
0.987575
1.19964
1.48053
1.72903
1.95657
2.09697
2.12896
2.10974
2.01568
1.74116
1.46769
1.40351
1.40006
1.40001
1.40001
1.40001
1.40001
1.40001
1.40001
1.40001
0.140724
0.141939
0.159963
0.164396
0.181772
0.26001
0.384894
0.52633
0.679533
0.83832
1.02892
1.30489
1.57632
1.82024
2.03195
2.12461
2.13233
2.11472
1.97926
1.6444
1.43552
1.40137
1.40002
1.40001
1.40001
1.40001
1.40001
1.40001
1.40001
1.40001
0.144871
0.139606
0.153869
0.162045
0.203619
0.309991
0.429711
0.555596
0.703416
0.87907
1.13101
1.42218
1.67643
1.91802
2.08243
2.13574
2.13529
2.10028
1.87917
1.56227
1.41732
1.40047
1.40001
1.40001
1.40001
1.40001
1.40001
1.40001
1.40001
1.40001
0.153052
0.137186
0.145282
0.162865
0.23377
0.334253
0.439762
0.571118
0.735857
0.980697
1.27092
1.52422
1.78294
1.99165
2.11149
2.13749
2.12959
2.03777
1.78608
1.50461
1.40782
1.40016
1.40001
1.40001
1.40001
1.40001
1.40001
1.40001
1.40001
1.40001
0.158445
0.134773
0.138019
0.175115
0.255208
0.339371
0.436966
0.605856
0.853282
1.12056
1.36601
1.62218
1.87935
2.05032
2.12822
2.13383
2.10869
1.98584
1.71069
1.4622
1.40333
1.40006
1.40001
1.40001
1.40001
1.40001
1.40001
1.40001
1.40001
1.40001
0.16012
0.13111
0.136161
0.191308
0.261841
0.339654
0.483879
0.727278
0.976315
1.20597
1.45348
1.74146
1.96865
2.09791
2.13718
2.12939
2.08647
1.93869
1.62844
1.43198
1.40118
1.40002
1.40001
1.40001
1.40001
1.40001
1.40001
1.40001
1.40001
1.40001
0.156383
0.124224
0.14103
0.200222
0.265202
0.373556
0.604979
0.830014
1.04943
1.28488
1.5837
1.85897
2.04815
2.129
2.14062
2.13523
2.08073
1.86683
1.5421
1.41364
1.40036
1.40001
1.40001
1.40001
1.40001
1.40001
1.40001
1.40001
1.40001
1.40001
0.150032
0.118365
0.145982
0.20339
0.283965
0.485091
0.687198
0.891493
1.12692
1.42568
1.73173
1.96229
2.10131
2.14359
2.14431
2.13713
2.05239
1.74454
1.47603
1.40487
1.4001
1.40001
1.40001
1.40001
1.40001
1.40001
1.40001
1.40001
1.40001
1.40001
0.14314
0.115191
0.145288
0.219822
0.356487
0.555055
0.735413
0.969127
1.2812
1.59777
1.85375
2.04025
2.12962
2.14743
2.14536
2.11541
1.94036
1.63823
1.43887
1.4017
1.40003
1.40001
1.40001
1.40001
1.40001
1.40001
1.40001
1.40001
1.40001
1.40001
0.135279
0.113402
0.141971
0.255137
0.427395
0.597599
0.805614
1.13378
1.4609
1.73214
1.95606
2.09364
2.14326
2.14736
2.13849
2.06814
1.85598
1.5623
1.4182
1.40056
1.40001
1.40001
1.40001
1.40001
1.40001
1.40001
1.40001
1.40001
1.40001
1.40001
0.125935
0.119298
0.157779
0.300109
0.475605
0.65573
0.976492
1.31325
1.60292
1.85551
2.04371
2.12726
2.14928
2.14321
2.11963
2.02546
1.77955
1.49585
1.40709
1.40016
1.40001
1.40001
1.40001
1.40001
1.40001
1.40001
1.40001
1.40001
1.40001
1.40001
0.105458
0.124207
0.204412
0.348372
0.534709
0.817686
1.15139
1.46092
1.74758
1.97694
2.10122
2.14455
2.15062
2.14408
2.11128
1.97933
1.66599
1.44345
1.40213
1.40004
1.40001
1.40001
1.40001
1.40001
1.40001
1.40001
1.40001
1.40001
1.40001
1.40001
0.0863424
0.123131
0.237291
0.406972
0.643248
0.987793
1.30776
1.62602
1.90573
2.06179
2.12966
2.15019
2.15171
2.14777
2.10817
1.87607
1.54672
1.41562
1.40051
1.40001
1.40001
1.40001
1.40001
1.40001
1.40001
1.40001
1.40001
1.40001
1.40001
1.40001
0.0731054
0.131145
0.264684
0.500754
0.820456
1.15195
1.49443
1.81262
2.02706
2.10798
2.13995
2.15073
2.15105
2.13816
2.02053
1.7242
1.47416
1.40522
1.40012
1.40001
1.40001
1.40001
1.40001
1.40001
1.40001
1.40001
1.40001
1.40001
1.40001
1.40001
0.0588669
0.164978
0.332087
0.626816
0.996036
1.35192
1.71439
1.96386
2.1026
2.12712
2.14325
2.1503
2.14536
2.09849
1.91495
1.62132
1.43551
1.40157
1.40003
1.40001
1.40001
1.40001
1.40001
1.40001
1.40001
1.40001
1.40001
1.40001
1.40001
1.40001
0.0400182
0.189568
0.45702
0.820502
1.21089
1.6046
1.89811
2.06605
2.13942
2.13236
2.14698
2.15
2.13295
2.05388
1.83034
1.53551
1.413
1.40038
1.40001
1.40001
1.40001
1.40001
1.40001
1.40001
1.40001
1.40001
1.40001
1.40001
1.40001
1.40001
0.0262014
0.231016
0.636451
1.07221
1.48149
1.82129
2.02977
2.12403
2.14854
2.13466
2.15378
2.15249
2.12105
2.00563
1.71094
1.45793
1.40337
1.40007
1.40001
1.40001
1.40001
1.40001
1.40001
1.40001
1.40001
1.40001
1.40001
1.40001
1.40001
1.40001
0.0508152
0.40691
0.876491
1.34539
1.74305
1.99058
2.10733
2.14627
2.15061
2.13476
2.15671
2.15364
2.11853
1.9035
1.55874
1.41773
1.40067
1.40002
1.40001
1.40001
1.40001
1.40001
1.40001
1.40001
1.40001
1.40001
1.40001
1.40001
1.40001
1.40001
0.190728
0.648045
1.18017
1.65371
1.95568
2.09547
2.13827
2.15238
2.15156
2.13346
2.15718
2.14546
2.04613
1.72044
1.46576
1.40446
1.40011
1.40001
1.40001
1.40001
1.40001
1.40001
1.40001
1.40001
1.40001
1.40001
1.40001
1.40001
1.40001
1.40001
0.399167
0.929853
1.54976
1.93147
2.08948
2.13554
2.14658
2.15456
2.15407
2.1326
2.15477
2.10514
1.89864
1.58241
1.42389
1.4009
1.40002
1.40001
1.40001
1.40001
1.40001
1.40001
1.40001
1.40001
1.40001
1.40001
1.40001
1.40001
1.40001
1.40001
0.776179
1.407
1.89257
2.08667
2.13642
2.14438
2.14926
2.15743
2.1553
2.13154
2.13782
2.04844
1.76878
1.48598
1.40557
1.40012
1.40001
1.40001
1.40001
1.40001
1.40001
1.40001
1.40001
1.40001
1.40001
1.40001
1.40001
1.40001
1.40001
1.40001
1.40765
1.87584
2.09517
2.14171
2.14496
2.14584
2.1523
2.15972
2.15499
2.13015
2.11718
1.96645
1.60453
1.4207
1.40055
1.40001
1.40001
1.40001
1.40001
1.40001
1.40001
1.40001
1.40001
1.40001
1.40001
1.40001
1.40001
1.40001
1.40001
1.40001
2.15265
2.15353
2.15185
2.14951
2.14519
2.14697
2.15516
2.16065
2.1499
2.12006
2.08706
1.78443
1.45665
1.3996
1.39994
1.4
1.40001
1.40001
1.40001
1.40001
1.40001
1.40001
1.40001
1.40001
1.40001
1.40001
1.40001
1.40001
1.40001
1.40001
2.15224
2.15276
2.15176
2.15037
2.14605
2.14534
2.15245
2.16003
2.15364
2.11437
2.05133
1.73146
1.46184
1.40257
1.40003
1.40001
1.40001
1.40001
1.40001
1.40001
1.40001
1.40001
1.40001
1.40001
1.40001
1.40001
1.40001
1.40001
1.40001
1.40001
2.15107
2.151
2.1521
2.15172
2.14779
2.14481
2.14861
2.15844
2.15419
2.10663
2.00039
1.63871
1.42185
1.40035
1.40001
1.40001
1.40001
1.40001
1.40001
1.40001
1.40001
1.40001
1.40001
1.40001
1.40001
1.40001
1.40001
1.40001
1.40001
1.40001
2.15044
2.14971
2.15204
2.15343
2.15029
2.14399
2.14411
2.15734
2.15677
2.10519
1.92839
1.55198
1.40934
1.40012
1.40001
1.40001
1.40001
1.40001
1.40001
1.40001
1.40001
1.40001
1.40001
1.40001
1.40001
1.40001
1.40001
1.40001
1.40001
1.40001
2.15026
2.14929
2.15188
2.15484
2.15265
2.1442
2.13894
2.15148
2.15838
2.10379
1.82447
1.48784
1.40356
1.40003
1.40001
1.40001
1.40001
1.40001
1.40001
1.40001
1.40001
1.40001
1.40001
1.40001
1.40001
1.40001
1.40001
1.40001
1.40001
1.40001
2.15057
2.14918
2.1509
2.15483
2.15331
2.1455
2.13406
2.14309
2.15322
2.05144
1.7328
1.4495
1.40127
1.40001
1.40001
1.40001
1.40001
1.40001
1.40001
1.40001
1.40001
1.40001
1.40001
1.40001
1.40001
1.40001
1.40001
1.40001
1.40001
1.40001
2.15138
2.14929
2.14929
2.15267
2.15323
2.14811
2.13259
2.13897
2.1402
1.99585
1.64412
1.42246
1.40039
1.40001
1.40001
1.40001
1.40001
1.40001
1.40001
1.40001
1.40001
1.40001
1.40001
1.40001
1.40001
1.40001
1.40001
1.40001
1.40001
1.40001
2.15236
2.15024
2.14891
2.15016
2.15209
2.15273
2.13732
2.14064
2.13518
1.92961
1.55673
1.40949
1.40012
1.40001
1.40001
1.40001
1.40001
1.40001
1.40001
1.40001
1.40001
1.40001
1.40001
1.40001
1.40001
1.40001
1.40001
1.40001
1.40001
1.40001
2.15313
2.15177
2.14862
2.14647
2.14963
2.15652
2.14926
2.14113
2.12214
1.82833
1.48747
1.40343
1.40003
1.40001
1.40001
1.40001
1.40001
1.40001
1.40001
1.40001
1.40001
1.40001
1.40001
1.40001
1.40001
1.40001
1.40001
1.40001
1.40001
1.40001
2.15325
2.15246
2.14776
2.14264
2.14605
2.15772
2.15916
2.13199
2.05492
1.72069
1.44445
1.40109
1.40001
1.40001
1.40001
1.40001
1.40001
1.40001
1.40001
1.40001
1.40001
1.40001
1.40001
1.40001
1.40001
1.40001
1.40001
1.40001
1.40001
1.40001
2.15323
2.15288
2.14835
2.14028
2.14077
2.15886
2.16603
2.12335
1.98975
1.63214
1.42021
1.40033
1.40001
1.40001
1.40001
1.40001
1.40001
1.40001
1.40001
1.40001
1.40001
1.40001
1.40001
1.40001
1.40001
1.40001
1.40001
1.40001
1.40001
1.40001
2.15329
2.15283
2.14918
2.1392
2.13638
2.15847
2.16881
2.12323
1.91732
1.54235
1.40773
1.40009
1.40001
1.40001
1.40001
1.40001
1.40001
1.40001
1.40001
1.40001
1.40001
1.40001
1.40001
1.40001
1.40001
1.40001
1.40001
1.40001
1.40001
1.40001
2.15252
2.15107
2.14904
2.14122
2.13397
2.15606
2.16814
2.0926
1.81394
1.47534
1.40259
1.40002
1.40001
1.40001
1.40001
1.40001
1.40001
1.40001
1.40001
1.40001
1.40001
1.40001
1.40001
1.40001
1.40001
1.40001
1.40001
1.40001
1.40001
1.40001
2.15206
2.14913
2.14849
2.14453
2.13415
2.15729
2.16349
2.03279
1.70512
1.43733
1.4008
1.40001
1.40001
1.40001
1.40001
1.40001
1.40001
1.40001
1.40001
1.40001
1.40001
1.40001
1.40001
1.40001
1.40001
1.40001
1.40001
1.40001
1.40001
1.40001
2.15183
2.14683
2.14887
2.14768
2.14163
2.16183
2.16382
1.97862
1.60358
1.4151
1.40021
1.40001
1.40001
1.40001
1.40001
1.40001
1.40001
1.40001
1.40001
1.40001
1.40001
1.40001
1.40001
1.40001
1.40001
1.40001
1.40001
1.40001
1.40001
1.40001
2.15093
2.14395
2.14513
2.15249
2.15304
2.15821
2.14643
1.88495
1.51045
1.40498
1.40005
1.40001
1.40001
1.40001
1.40001
1.40001
1.40001
1.40001
1.40001
1.40001
1.40001
1.40001
1.40001
1.40001
1.40001
1.40001
1.40001
1.40001
1.40001
1.40001
2.15031
2.14095
2.13843
2.15498
2.17082
2.14483
2.0835
1.7658
1.45709
1.40157
1.40002
1.40001
1.40001
1.40001
1.40001
1.40001
1.40001
1.40001
1.40001
1.40001
1.40001
1.40001
1.40001
1.40001
1.40001
1.40001
1.40001
1.40001
1.40001
1.40001
2.1495
2.1394
2.13463
2.16474
2.18198
2.14083
2.02608
1.66322
1.42502
1.40042
1.40001
1.40001
1.40001
1.40001
1.40001
1.40001
1.40001
1.40001
1.40001
1.40001
1.40001
1.40001
1.40001
1.40001
1.40001
1.40001
1.40001
1.40001
1.40001
1.40001
2.14675
2.1396
2.13382
2.17409
2.18843
2.14105
1.94958
1.55078
1.40835
1.4001
1.40001
1.40001
1.40001
1.40001
1.40001
1.40001
1.40001
1.40001
1.40001
1.40001
1.40001
1.40001
1.40001
1.40001
1.40001
1.40001
1.40001
1.40001
1.40001
1.40001
2.14109
2.14081
2.13679
2.1824
2.19253
2.10203
1.82548
1.4784
1.40269
1.40002
1.40001
1.40001
1.40001
1.40001
1.40001
1.40001
1.40001
1.40001
1.40001
1.40001
1.40001
1.40001
1.40001
1.40001
1.40001
1.40001
1.40001
1.40001
1.40001
1.40001
2.13648
2.14335
2.14585
2.18884
2.19525
2.0529
1.70682
1.43531
1.4007
1.40001
1.40001
1.40001
1.40001
1.40001
1.40001
1.40001
1.40001
1.40001
1.40001
1.40001
1.40001
1.40001
1.40001
1.40001
1.40001
1.40001
1.40001
1.40001
1.40001
1.40001
2.12898
2.14804
2.15662
2.1892
2.19542
1.99053
1.58219
1.41174
1.40015
1.40001
1.40001
1.40001
1.40001
1.40001
1.40001
1.40001
1.40001
1.40001
1.40001
1.40001
1.40001
1.40001
1.40001
1.40001
1.40001
1.40001
1.40001
1.40001
1.40001
1.40001
2.12255
2.15341
2.17451
2.17793
2.15522
1.86023
1.49388
1.4036
1.40003
1.40001
1.40001
1.40001
1.40001
1.40001
1.40001
1.40001
1.40001
1.40001
1.40001
1.40001
1.40001
1.40001
1.40001
1.40001
1.40001
1.40001
1.40001
1.40001
1.40001
1.40001
2.12023
2.16459
2.19974
2.16432
2.08898
1.74148
1.44419
1.40097
1.40001
1.40001
1.40001
1.40001
1.40001
1.40001
1.40001
1.40001
1.40001
1.40001
1.40001
1.40001
1.40001
1.40001
1.40001
1.40001
1.40001
1.40001
1.40001
1.40001
1.40001
1.40001
2.12054
2.18002
2.21408
2.16518
2.01746
1.60807
1.41451
1.4002
1.40001
1.40001
1.40001
1.40001
1.40001
1.40001
1.40001
1.40001
1.40001
1.40001
1.40001
1.40001
1.40001
1.40001
1.40001
1.40001
1.40001
1.40001
1.40001
1.40001
1.40001
1.40001
2.12993
2.19704
2.22348
2.15097
1.89194
1.5025
1.40419
1.40004
1.40001
1.40001
1.40001
1.40001
1.40001
1.40001
1.40001
1.40001
1.40001
1.40001
1.40001
1.40001
1.40001
1.40001
1.40001
1.40001
1.40001
1.40001
1.40001
1.40001
1.40001
1.40001
2.15243
2.20894
2.22565
2.09127
1.74976
1.44647
1.40108
1.40001
1.40001
1.40001
1.40001
1.40001
1.40001
1.40001
1.40001
1.40001
1.40001
1.40001
1.40001
1.40001
1.40001
1.40001
1.40001
1.40001
1.40001
1.40001
1.40001
1.40001
1.40001
1.40001
2.17077
2.20959
2.22626
2.02688
1.61245
1.41521
1.40021
1.40001
1.40001
1.40001
1.40001
1.40001
1.40001
1.40001
1.40001
1.40001
1.40001
1.40001
1.40001
1.40001
1.40001
1.40001
1.40001
1.40001
1.40001
1.40001
1.40001
1.40001
1.40001
1.40001
2.19473
2.20983
2.20606
1.89074
1.49937
1.404
1.40004
1.40001
1.40001
1.40001
1.40001
1.40001
1.40001
1.40001
1.40001
1.40001
1.40001
1.40001
1.40001
1.40001
1.40001
1.40001
1.40001
1.40001
1.40001
1.40001
1.40001
1.40001
1.40001
1.40001
2.25559
2.19574
2.12454
1.73208
1.44395
1.40103
1.40001
1.40001
1.40001
1.40001
1.40001
1.40001
1.40001
1.40001
1.40001
1.40001
1.40001
1.40001
1.40001
1.40001
1.40001
1.40001
1.40001
1.40001
1.40001
1.40001
1.40001
1.40001
1.40001
1.40001
2.32873
2.15027
2.0306
1.60044
1.41455
1.40022
1.40001
1.40001
1.40001
1.40001
1.40001
1.40001
1.40001
1.40001
1.40001
1.40001
1.40001
1.40001
1.40001
1.40001
1.40001
1.40001
1.40001
1.40001
1.40001
1.40001
1.40001
1.40001
1.40001
1.40001
2.38563
2.11836
1.86602
1.49113
1.40388
1.40005
1.40001
1.40001
1.40001
1.40001
1.40001
1.40001
1.40001
1.40001
1.40001
1.40001
1.40001
1.40001
1.40001
1.40001
1.40001
1.40001
1.40001
1.40001
1.40001
1.40001
1.40001
1.40001
1.40001
1.40001
2.40916
2.04312
1.71032
1.43987
1.40108
1.40001
1.40001
1.40001
1.40001
1.40001
1.40001
1.40001
1.40001
1.40001
1.40001
1.40001
1.40001
1.40001
1.40001
1.40001
1.40001
1.40001
1.40001
1.40001
1.40001
1.40001
1.40001
1.40001
1.40001
1.40001
2.4153
1.94385
1.58553
1.41429
1.40025
1.40001
1.40001
1.40001
1.40001
1.40001
1.40001
1.40001
1.40001
1.40001
1.40001
1.40001
1.40001
1.40001
1.40001
1.40001
1.40001
1.40001
1.40001
1.40001
1.40001
1.40001
1.40001
1.40001
1.40001
1.40001
2.35677
1.82321
1.49398
1.40439
1.40006
1.40001
1.40001
1.40001
1.40001
1.40001
1.40001
1.40001
1.40001
1.40001
1.40001
1.40001
1.40001
1.40001
1.40001
1.40001
1.40001
1.40001
1.40001
1.40001
1.40001
1.40001
1.40001
1.40001
1.40001
1.40001
2.22478
1.70658
1.44568
1.40131
1.40002
1.40001
1.40001
1.40001
1.40001
1.40001
1.40001
1.40001
1.40001
1.40001
1.40001
1.40001
1.40001
1.40001
1.40001
1.40001
1.40001
1.40001
1.40001
1.40001
1.40001
1.40001
1.40001
1.40001
1.40001
1.40001
2.11032
1.59916
1.4165
1.40029
1.40001
1.40001
1.40001
1.40001
1.40001
1.40001
1.40001
1.40001
1.40001
1.40001
1.40001
1.40001
1.40001
1.40001
1.40001
1.40001
1.40001
1.40001
1.40001
1.40001
1.40001
1.40001
1.40001
1.40001
1.40001
1.40001
1.95366
1.49976
1.40456
1.40005
1.40001
1.40001
1.40001
1.40001
1.40001
1.40001
1.40001
1.40001
1.40001
1.40001
1.40001
1.40001
1.40001
1.40001
1.40001
1.40001
1.40001
1.40001
1.40001
1.40001
1.40001
1.40001
1.40001
1.40001
1.40001
1.40001
1.74788
1.44001
1.40087
1.40001
1.40001
1.40001
1.40001
1.40001
1.40001
1.40001
1.40001
1.40001
1.40001
1.40001
1.40001
1.40001
1.40001
1.40001
1.40001
1.40001
1.40001
1.40001
1.40001
1.40001
1.40001
1.40001
1.40001
1.40001
1.40001
1.40001
1.53186
1.40889
1.40008
1.40001
1.40001
1.40001
1.40001
1.40001
1.40001
1.40001
1.40001
1.40001
1.40001
1.40001
1.40001
1.40001
1.40001
1.40001
1.40001
1.40001
1.40001
1.40001
1.40001
1.40001
1.40001
1.40001
1.40001
1.40001
1.40001
1.40001
1.40001
1.40001
1.40001
1.40001
1.40001
1.40001
1.40001
1.40001
1.40001
1.40001
1.40001
1.40001
1.40001
1.40001
1.40001
1.40001
1.40001
1.40001
1.40001
1.40001
1.40001
1.40001
1.40001
1.40001
1.40001
1.40001
1.40001
1.40001
1.40001
1.40001
1.40001
1.40001
1.40001
1.40001
1.40001
1.40001
1.40001
1.40001
1.40001
1.40001
1.40001
1.40001
1.40001
1.40001
1.40001
1.40001
1.40001
1.40001
1.40001
1.40001
1.40001
1.40001
1.40001
1.40001
1.40001
1.40001
1.40001
1.40001
1.40001
1.40001
1.40001
1.40001
1.40001
1.40001
1.40001
1.40001
1.40001
1.40001
1.40001
1.40001
1.40001
1.40001
1.40001
1.40001
1.40001
1.40001
1.40001
1.40001
1.40001
1.40001
1.40001
1.40001
1.40001
1.40001
1.40001
1.40001
1.40001
1.40001
1.40001
1.40001
1.40001
1.40001
1.40001
1.40001
1.40001
1.40001
1.40001
1.40001
1.40001
1.40001
1.40001
1.40001
1.40001
1.40001
1.40001
1.40001
1.40001
1.40001
1.40001
1.40001
1.40001
1.40001
1.40001
1.40001
1.40001
1.40001
1.40001
1.40001
1.40001
1.40001
1.40001
1.40001
1.40001
1.40001
1.40001
1.40001
1.40001
1.40001
1.40001
1.40001
1.40001
1.40001
1.40001
1.40001
1.40001
1.40001
1.40001
1.40001
1.40001
1.40001
1.40001
1.40001
1.40001
1.40001
1.40001
1.40001
1.40001
1.40001
1.40001
1.40001
1.40001
1.40001
1.40001
1.40001
1.40001
1.40001
1.40001
1.40001
1.40001
1.40001
1.40001
1.40001
1.40001
1.40001
1.40001
1.40001
1.40001
1.40001
1.40001
1.40001
1.40001
1.40001
1.40001
1.40001
1.40001
1.40001
1.40001
1.40001
1.40001
1.40001
1.40001
1.40001
1.40001
1.40001
1.40001
1.40001
1.40001
1.40001
1.40001
1.40001
1.40001
1.40001
1.40001
1.40001
1.40001
1.40001
1.40001
1.40001
1.40001
1.40001
1.40001
1.40001
1.40001
1.40001
1.40001
1.40001
1.40001
1.40001
1.40001
1.40001
1.40001
1.40001
1.40001
1.40001
1.40001
1.40001
1.40001
1.40001
1.40001
1.40001
1.40001
1.40001
1.40001
1.40001
1.40001
1.40001
1.40001
1.40001
1.40001
1.40001
1.40001
1.40001
1.40001
1.40001
1.40001
1.40001
1.40001
1.40001
1.40001
1.40001
1.40001
1.40001
1.40001
1.40001
1.40001
1.40001
1.40001
1.40001
1.40001
1.40001
1.40001
1.40001
1.40001
1.40001
1.40001
1.40001
1.40001
1.40001
1.40001
1.40001
1.40001
1.40001
1.40001
1.40001
1.40001
1.40001
1.40001
1.40001
1.40001
1.40001
1.40001
1.40001
1.40001
1.40001
1.40001
1.40001
1.40001
1.40001
1.40001
1.40001
1.40001
1.40001
1.40001
1.40001
1.40001
1.40001
1.40001
1.40001
1.40001
1.40001
1.40001
1.40001
1.40001
1.40001
1.40001
1.40001
1.40001
1.40001
1.40001
1.40001
1.40001
1.40001
1.40001
1.40001
1.40001
1.40001
1.40001
1.40001
1.40001
1.40001
1.40001
1.40001
1.40001
1.40001
1.40001
1.40001
1.40001
1.40001
1.40001
1.40001
1.40001
1.40001
1.40001
1.40001
1.40001
1.40001
1.40001
1.40001
1.40001
1.40001
1.40001
1.40001
1.40001
1.40001
1.40001
1.40001
1.40001
1.40001
1.40001
1.40001
1.40001
1.40001
1.40001
1.40001
1.40001
1.40001
1.40001
1.40001
1.40001
1.40001
1.40001
1.40001
1.40001
1.40001
1.40001
1.40001
1.40001
1.40001
1.40001
1.40001
1.40001
1.40001
1.40001
1.40001
1.40001
1.40001
1.40001
1.40001
1.40001
1.40001
1.40001
1.40001
1.40001
1.40001
1.40001
1.40001
1.40001
1.40001
1.40001
1.40001
1.40001
1.40001
1.40001
1.40001
1.40001
1.40001
1.40001
1.40001
1.40001
1.40001
1.40001
1.40001
1.40001
1.40001
1.40001
1.40001
1.40001
1.40001
1.40001
1.40001
1.40001
1.40001
1.40001
1.40001
1.40001
1.40001
1.40001
1.40001
1.40001
1.40001
1.40001
1.40001
1.40001
1.40001
1.40001
1.40001
1.40001
1.40001
1.40001
1.40001
1.40001
1.40001
1.40001
1.40001
1.40001
1.40001
1.40001
1.40001
1.40001
1.40001
1.40001
1.40001
1.40001
1.40001
1.40001
1.40001
1.40001
1.40001
1.40001
1.40001
1.40001
1.40001
1.40001
1.40001
1.40001
1.40001
1.40001
1.40001
1.40001
1.40001
1.40001
1.40001
1.40001
1.40001
1.40001
1.40001
1.40001
1.40001
1.40001
1.40001
1.40001
1.40001
1.40001
1.40001
1.40001
1.40001
1.40001
1.40001
1.40001
1.40001
1.40001
1.40001
1.40001
1.40001
1.40001
1.40001
1.40001
1.40001
1.40001
1.40001
1.40001
1.40001
1.40001
1.40001
1.40001
1.40001
1.40001
1.40001
1.40001
1.40001
1.40001
1.40001
1.40001
1.40001
1.40001
1.40001
1.40001
1.40001
1.40001
1.40001
1.40001
1.40001
1.40001
1.40001
1.40001
1.40001
1.40001
1.40001
1.40001
1.40001
1.40001
1.40001
1.40001
1.40001
1.40001
1.40001
1.40001
1.40001
1.40001
1.40001
1.40001
1.40001
1.40001
1.40001
1.40001
1.40001
1.40001
1.40001
1.40001
1.40001
1.40001
1.40001
1.40001
1.40001
1.40001
1.40001
1.40001
1.40001
1.40001
1.40001
1.40001
1.40001
1.40001
1.40001
1.40001
1.40001
1.40001
1.40001
1.40001
1.40001
1.40001
1.40001
1.40001
1.40001
1.40001
1.40001
1.40001
1.40001
1.40001
1.40001
1.40001
1.40001
1.40001
1.40001
1.40001
1.40001
1.40001
1.40001
1.40001
1.40001
1.40001
1.40001
1.40001
1.40001
1.40001
1.40001
1.40001
1.40001
1.40001
1.40001
1.40001
1.40001
1.40001
1.40001
1.40001
1.40001
1.40001
1.40001
1.40001
1.40001
1.40001
1.40001
1.40001
1.40001
1.40001
1.40001
1.40001
1.40001
1.40001
1.40001
1.40001
1.40001
1.40001
1.40001
1.40001
1.40001
1.40001
1.40001
1.40001
1.40001
1.40001
1.40001
1.40001
1.40001
1.40001
1.40001
1.40001
1.40001
1.40001
1.40001
1.40001
1.40001
1.40001
1.40001
1.40001
1.40001
1.40001
1.40001
1.40001
1.40001
1.40001
1.40001
1.40001
1.40001
1.40001
1.40001
1.40001
1.40001
1.40001
1.40001
1.40001
1.40001
1.40001
1.40001
1.40001
1.40001
1.40001
1.40001
1.40001
1.40001
1.40001
1.40001
1.40001
1.40001
1.40001
1.40001
1.40001
1.40001
1.40001
1.40001
1.40001
1.40001
1.40001
1.40001
1.40001
1.40001
1.40001
1.40001
1.40001
1.40001
1.40001
1.40001
1.40001
1.40001
1.40001
1.40001
1.40001
1.40001
1.40001
1.40001
1.40001
1.40001
1.40001
1.40001
1.40001
1.40001
1.40001
1.40001
1.40001
1.40001
1.40001
1.40001
1.40001
1.40001
1.40001
1.40001
1.40001
1.40001
1.40001
1.40001
1.40001
1.40001
1.40001
1.40001
1.40001
1.40001
1.40001
1.40001
1.40001
1.40001
1.40001
1.40001
1.40001
1.40001
1.40001
1.40001
1.40001
1.40001
1.40001
1.40001
1.40001
1.40001
1.40001
1.40001
1.40001
1.40001
1.40001
1.40001
1.40001
1.40001
1.40001
1.40001
1.40001
1.40001
1.40001
1.40001
1.40001
1.40001
1.40001
1.40001
1.40001
1.40001
1.40001
1.40001
1.40001
1.40001
1.40001
1.40001
1.40001
1.40001
1.40001
1.40001
1.40001
1.40001
1.40001
1.40001
1.40001
1.40001
1.40001
1.40001
1.40001
1.40001
1.40001
1.40001
1.40001
1.40001
1.40001
1.40001
1.40001
1.40001
1.40001
1.40001
1.40001
1.40001
1.40001
1.40001
1.40001
1.40001
1.40001
1.40001
1.40001
1.40001
1.40001
1.40001
1.40001
1.40001
1.40001
1.40001
1.40001
1.40001
1.40001
1.40001
1.40001
1.40001
1.40001
1.40001
1.40001
1.40001
1.40001
1.40001
1.40001
1.40001
1.40001
1.40001
1.40001
1.40001
1.40001
1.40001
1.40001
1.40001
1.40001
1.40001
1.40001
1.40001
1.40001
1.40001
1.40001
1.40001
1.40001
1.40001
1.40001
1.40001
1.40001
1.40001
1.40001
1.40001
1.40001
1.40001
1.40001
1.40001
1.40001
1.40001
1.40001
1.40001
1.40001
1.40001
1.40001
1.40001
1.40001
1.40001
1.40001
1.40001
1.40001
1.40001
1.40001
1.40001
1.40001
1.40001
1.40001
1.40001
1.40001
1.40001
1.40001
1.40001
1.40001
1.40001
1.40001
1.40001
1.40001
1.40001
1.40001
1.40001
1.40001
1.40001
1.40001
1.40001
1.40001
1.40001
1.40001
1.40001
1.40001
1.40001
1.40001
1.40001
1.40001
1.40001
1.40001
1.40001
1.40001
1.40001
1.40001
1.40001
1.40001
1.40001
1.40001
1.40001
1.40001
1.40001
1.40001
1.40001
1.40001
1.40001
1.40001
1.40001
1.40001
1.40001
1.40001
1.40001
1.40001
1.40001
1.40001
1.40001
1.40001
1.40001
1.40001
1.40001
1.40001
1.40001
1.40001
1.40001
1.40001
1.40001
1.40001
1.40001
1.40001
1.40001
1.40001
1.40001
1.40001
1.40001
1.40001
1.40001
1.40001
1.40001
1.40001
1.40001
1.40001
1.40001
1.40001
1.40001
1.40001
1.40001
1.40001
1.40001
1.40001
1.40001
1.40001
1.40001
1.40001
1.40001
1.40001
1.40001
1.40001
1.40001
1.40001
1.40001
1.40001
1.40001
1.40001
1.40001
1.40001
1.40001
1.40001
1.40001
1.40001
1.40001
1.40001
1.40001
1.40001
1.40001
1.40001
1.40001
1.40001
1.40001
1.40001
1.40001
1.40001
1.40001
1.40001
1.40001
1.40001
1.40001
1.40001
1.40001
1.40001
1.40001
1.40001
1.40001
1.40001
1.40001
1.40001
1.40001
1.40001
1.40001
1.40001
1.40001
1.40001
1.40001
1.40001
1.40001
1.40001
1.40001
1.40001
1.40001
1.40001
1.40001
1.40001
1.40001
1.40001
1.40001
1.40001
1.40001
1.40001
1.40001
1.40001
1.40001
1.40001
1.40001
1.40001
1.40001
1.40001
1.40001
1.40001
1.40001
1.40001
1.40001
1.40001
1.40001
1.40001
1.40001
1.40001
1.40001
1.40001
1.40001
1.40001
1.40001
1.40001
1.40001
1.40001
1.40001
1.40001
1.40001
1.40001
1.40001
1.40001
1.40001
1.40001
1.40001
1.40001
1.40001
1.40001
1.40001
1.40001
1.40001
1.40001
1.40001
1.40001
1.40001
1.40001
1.40001
1.40001
1.40001
1.40001
1.40001
1.40001
1.40001
1.40001
1.40001
1.40001
1.40001
1.40001
1.40001
1.40001
1.40001
1.40001
1.40001
1.40001
1.40001
1.40001
1.40001
1.40001
1.40001
1.40001
1.40001
1.40001
1.40001
1.40001
1.40001
1.40001
1.40001
1.40001
1.40001
1.40001
1.40001
1.40001
1.40001
1.40001
1.40001
1.40001
1.40001
1.40001
1.40001
1.40001
1.40001
1.40001
1.40001
1.40001
1.40001
1.40001
1.40001
1.40001
1.40001
1.40001
1.40001
1.40001
1.40001
1.40001
1.40001
1.40001
1.40001
1.40001
1.40001
1.40001
1.40001
1.40001
1.40001
1.40001
1.40001
1.40001
1.40001
1.40001
1.40001
1.40001
1.40001
1.40001
1.40001
1.40001
1.40001
1.40001
1.40001
1.40001
1.40001
1.40001
1.40001
1.40001
1.40001
1.40001
1.40001
1.40001
1.40001
1.40001
1.40001
1.40001
1.40001
1.40001
1.40001
1.40001
1.40001
1.40001
1.40001
1.40001
1.40001
1.40001
1.40001
1.40001
1.40001
1.40001
1.40001
1.40001
1.40001
1.40001
1.40001
1.40001
1.40001
1.40001
1.40001
1.40001
1.40001
1.40001
1.40001
1.40001
1.40001
1.40001
1.40001
1.40001
1.40001
1.40001
1.40001
1.40001
1.40001
1.40001
1.40001
1.40001
1.40001
1.40001
1.40001
1.40001
1.40001
1.40001
1.40001
1.40001
1.40001
1.40001
1.40001
1.40001
1.40001
1.40001
1.40001
1.40001
1.40001
1.40001
1.40001
1.40001
1.40001
1.40001
1.40001
1.40001
1.40001
1.40001
1.40001
1.40001
1.40001
1.40001
1.40001
1.40001
1.40001
1.40001
1.40001
1.40001
1.40001
1.40001
1.40001
1.40001
1.40001
1.40001
1.40001
1.40001
1.40001
1.40001
1.40001
1.40001
1.40001
1.40001
1.40001
1.40001
1.40001
1.40001
1.40001
1.40001
1.40001
1.40001
1.40001
1.40001
1.40001
1.40001
1.40001
1.40001
1.40001
1.40001
1.40001
1.40001
1.40001
1.40001
1.40001
1.40001
1.40001
1.40001
1.40001
1.40001
1.40001
1.40001
1.40001
1.40001
1.40001
1.40001
1.40001
1.40001
1.40001
1.40001
1.40001
1.40001
1.40001
1.40001
1.40001
1.40001
1.40001
1.40001
1.40001
1.40001
1.40001
1.40001
1.40001
1.40001
1.40001
1.40001
1.40001
1.40001
1.40001
1.40001
1.40001
1.40001
1.40001
1.40001
1.40001
1.40001
1.40001
1.40001
1.40001
1.40001
1.40001
1.40001
1.40001
1.40001
1.40001
1.40001
1.40001
1.40001
1.40001
1.40001
1.40001
1.40001
1.40001
1.40001
1.40001
1.40001
1.40001
1.40001
1.40001
1.40001
1.40001
1.40001
1.40001
1.40001
1.40001
1.40001
1.40001
1.40001
1.40001
1.40001
1.40001
1.40001
1.40001
1.40001
1.40001
1.40001
1.40001
1.40001
1.40001
1.40001
1.40001
1.40001
1.40001
1.40001
1.40001
1.40001
1.40001
1.40001
1.40001
1.40001
1.40001
1.40001
1.40001
1.40001
1.40001
1.40001
1.40001
1.40001
1.40001
1.40001
1.40001
1.40001
1.40001
1.40001
1.40001
1.40001
1.40001
1.40001
1.40001
1.40001
1.40001
1.40001
1.40001
1.40001
1.40001
1.40001
1.40001
1.40001
1.40001
1.40001
1.40001
1.40001
1.40001
1.40001
1.40001
1.40001
1.40001
1.40001
1.40001
1.40001
1.40001
1.40001
1.40001
1.40001
1.40001
1.40001
1.40001
1.40001
1.40001
1.40001
1.40001
1.40001
1.40001
1.40001
1.40001
1.40001
1.40001
1.40001
1.40001
1.40001
1.40001
1.40001
1.40001
1.40001
1.40001
1.40001
1.40001
1.40001
1.40001
1.40001
1.40001
1.40001
1.40001
1.40001
1.40001
1.40001
1.40001
1.40001
1.40001
1.40001
1.40001
1.40001
1.40001
1.40001
1.40001
1.40001
1.40001
1.40001
1.40001
1.40001
1.40001
1.40001
1.40001
1.40001
1.40001
1.40001
1.40001
1.40001
1.40001
1.40001
1.40001
1.40001
1.40001
1.40001
1.40001
1.40001
1.40001
1.40001
1.40001
1.40001
1.40001
1.40001
1.40001
1.40001
1.40001
1.40001
1.40001
1.40001
1.40001
1.40001
1.40001
1.40001
1.40001
1.40001
1.40001
1.40001
1.40001
1.40001
1.40001
1.40001
1.40001
1.40001
1.40001
1.40001
1.40001
1.40001
1.40001
1.40001
1.40001
1.40001
1.40001
1.40001
1.40001
1.40001
1.40001
1.40001
1.40001
1.40001
1.40001
1.40001
1.40001
1.40001
1.40001
1.40001
1.40001
1.40001
1.40001
1.40001
1.40001
1.40001
1.40001
1.40001
1.40001
1.40001
1.40001
1.40001
1.40001
1.40001
1.40001
1.40001
1.40001
1.40001
1.40001
1.40001
1.40001
1.40001
1.40001
1.40001
1.40001
1.40001
1.40001
1.40001
1.40001
1.40001
1.40001
1.40001
1.40001
1.40001
1.40001
1.40001
1.40001
1.40001
1.40001
1.40001
1.40001
1.40001
1.40001
1.40001
1.40001
1.40001
1.40001
1.40001
1.40001
1.40001
1.40001
1.40001
1.40001
1.40001
1.40001
1.40001
1.40001
1.40001
1.40001
1.40001
1.40001
1.40001
1.40001
1.40001
1.40001
1.40001
1.40001
1.40001
1.40001
1.40001
1.40001
1.40001
1.40001
1.40001
1.40001
1.40001
1.40001
1.40001
1.40001
1.40001
1.40001
1.40001
1.40001
1.40001
1.40001
1.40001
1.40001
1.40001
1.40001
1.40001
1.40001
1.40001
1.40001
1.40001
1.40001
1.40001
1.40001
1.40001
1.40001
1.40001
1.40001
1.40001
1.40001
1.40001
1.40001
1.40001
1.40001
1.40001
1.40001
1.40001
1.40001
1.40001
1.40001
1.40001
1.40001
1.40001
1.40001
1.40001
1.40001
1.40001
1.40001
1.40001
1.40001
1.40001
1.40001
1.40001
1.40001
1.40001
1.40001
1.40001
1.40001
1.40001
1.40001
1.40001
1.40001
1.40001
1.40001
1.40001
1.40001
1.40001
1.40001
1.40001
1.40001
1.40001
1.40001
1.40001
1.40001
1.40001
1.40001
1.40001
1.40001
1.40001
1.40001
1.40001
1.40001
1.40001
1.40001
1.40001
1.40001
1.40001
1.40001
1.40001
1.40001
1.40001
1.40001
1.40001
1.40001
1.40001
1.40001
1.40001
1.40001
1.40001
1.40001
1.40001
1.40001
1.40001
1.40001
1.40001
1.40001
1.40001
1.40001
1.40001
1.40001
1.40001
1.40001
1.40001
1.40001
1.40001
1.40001
1.40001
1.40001
1.40001
1.40001
1.40001
1.40001
1.40001
1.40001
1.40001
1.40001
1.40001
1.40001
1.40001
1.40001
1.40001
1.40001
1.40001
1.40001
1.40001
1.40001
1.40001
1.40001
1.40001
1.40001
1.40001
1.40001
1.40001
1.40001
1.40001
1.40001
1.40001
1.40001
1.40001
1.40001
1.40001
1.40001
1.40001
1.40001
1.40001
1.40001
1.40001
1.40001
1.40001
1.40001
1.40001
1.40001
1.40001
1.40001
1.40001
1.40001
1.40001
1.40001
1.40001
1.40001
1.40001
1.40001
1.40001
1.40001
1.40001
1.40001
1.40001
1.40001
1.40001
1.40001
1.40001
1.40001
1.40001
1.40001
1.40001
1.40001
1.40001
1.40001
1.40001
1.40001
1.40001
1.40001
1.40001
1.40001
1.40001
1.40001
1.40001
1.40001
1.40001
1.40001
1.40001
1.40001
1.40001
1.40001
1.40001
1.40001
1.40001
1.40001
1.40001
1.40001
1.40001
1.40001
1.40001
1.40001
1.40001
1.40001
1.40001
1.40001
1.40001
1.40001
1.40001
1.40001
1.40001
1.40001
1.79682
1.4
1.40001
1.40001
1.40001
1.40001
1.40001
1.40001
1.40001
1.40001
1.40001
1.40001
1.40001
1.40001
1.40001
1.40001
1.40001
1.40001
1.40001
1.40001
1.40001
1.40001
1.40001
1.40001
1.40001
1.40001
1.40001
1.40001
1.40001
1.40001
2.56577
1.39846
1.4
1.40001
1.40001
1.40001
1.40001
1.40001
1.40001
1.40001
1.40001
1.40001
1.40001
1.40001
1.40001
1.40001
1.40001
1.40001
1.40001
1.40001
1.40001
1.40001
1.40001
1.40001
1.40001
1.40001
1.40001
1.40001
1.40001
1.40001
3.41431
1.46124
1.40001
1.40001
1.40001
1.40001
1.40001
1.40001
1.40001
1.40001
1.40001
1.40001
1.40001
1.40001
1.40001
1.40001
1.40001
1.40001
1.40001
1.40001
1.40001
1.40001
1.40001
1.40001
1.40001
1.40001
1.40001
1.40001
1.40001
1.40001
4.35359
1.67874
1.40001
1.40001
1.40001
1.40001
1.40001
1.40001
1.40001
1.40001
1.40001
1.40001
1.40001
1.40001
1.40001
1.40001
1.40001
1.40001
1.40001
1.40001
1.40001
1.40001
1.40001
1.40001
1.40001
1.40001
1.40001
1.40001
1.40001
1.40001
5.17216
2.24547
1.39893
1.40001
1.40001
1.40001
1.40001
1.40001
1.40001
1.40001
1.40001
1.40001
1.40001
1.40001
1.40001
1.40001
1.40001
1.40001
1.40001
1.40001
1.40001
1.40001
1.40001
1.40001
1.40001
1.40001
1.40001
1.40001
1.40001
1.40001
6.00075
3.36209
1.4882
1.39989
1.40001
1.40001
1.40001
1.40001
1.40001
1.40001
1.40001
1.40001
1.40001
1.40001
1.40001
1.40001
1.40001
1.40001
1.40001
1.40001
1.40001
1.40001
1.40001
1.40001
1.40001
1.40001
1.40001
1.40001
1.40001
1.40001
6.32227
4.74229
2.4626
1.40427
1.40001
1.40001
1.40001
1.40001
1.40001
1.40001
1.40001
1.40001
1.40001
1.40001
1.40001
1.40001
1.40001
1.40001
1.40001
1.40001
1.40001
1.40001
1.40001
1.40001
1.40001
1.40001
1.40001
1.40001
1.40001
1.40001
5.85006
4.88553
4.07996
1.87749
1.39948
1.40001
1.40001
1.40001
1.40001
1.40001
1.40001
1.40001
1.40001
1.40001
1.40001
1.40001
1.40001
1.40001
1.40001
1.40001
1.40001
1.40001
1.40001
1.40001
1.40001
1.40001
1.40001
1.40001
1.40001
1.40001
5.0707
4.64153
4.7652
3.44175
1.57824
1.39976
1.40001
1.40001
1.40001
1.40001
1.40001
1.40001
1.40001
1.40001
1.40001
1.40001
1.40001
1.40001
1.40001
1.40001
1.40001
1.40001
1.40001
1.40001
1.40001
1.40001
1.40001
1.40001
1.40001
1.40001
4.59544
4.45571
4.66492
4.2814
2.4343
1.40703
1.40001
1.40001
1.40001
1.40001
1.40001
1.40001
1.40001
1.40001
1.40001
1.40001
1.40001
1.40001
1.40001
1.40001
1.40001
1.40001
1.40001
1.40001
1.40001
1.40001
1.40001
1.40001
1.40001
1.40001
4.38549
4.38841
4.51898
4.35502
3.61466
1.70006
1.39958
1.40001
1.40001
1.40001
1.40001
1.40001
1.40001
1.40001
1.40001
1.40001
1.40001
1.40001
1.40001
1.40001
1.40001
1.40001
1.40001
1.40001
1.40001
1.40001
1.40001
1.40001
1.40001
1.40001
4.29079
4.31749
4.35121
4.21458
4.16367
2.61382
1.42257
1.40001
1.40001
1.40001
1.40001
1.40001
1.40001
1.40001
1.40001
1.40001
1.40001
1.40001
1.40001
1.40001
1.40001
1.40001
1.40001
1.40001
1.40001
1.40001
1.40001
1.40001
1.40001
1.40001
4.25798
4.26024
4.20186
4.14713
4.23043
3.52741
1.71184
1.39956
1.40001
1.40001
1.40001
1.40001
1.40001
1.40001
1.40001
1.40001
1.40001
1.40001
1.40001
1.40001
1.40001
1.40001
1.40001
1.40001
1.40001
1.40001
1.40001
1.40001
1.40001
1.40001
4.24446
4.24628
4.15388
4.14165
4.20647
4.09473
2.46377
1.41
1.40001
1.40001
1.40001
1.40001
1.40001
1.40001
1.40001
1.40001
1.40001
1.40001
1.40001
1.40001
1.40001
1.40001
1.40001
1.40001
1.40001
1.40001
1.40001
1.40001
1.40001
1.40001
4.25824
4.26326
4.17366
4.12559
4.16286
4.11478
3.34308
1.60638
1.39996
1.40001
1.40001
1.40001
1.40001
1.40001
1.40001
1.40001
1.40001
1.40001
1.40001
1.40001
1.40001
1.40001
1.40001
1.40001
1.40001
1.40001
1.40001
1.40001
1.40001
1.40001
4.28169
4.28352
4.19415
4.11621
4.09363
4.08564
3.8646
2.15061
1.39948
1.40001
1.40001
1.40001
1.40001
1.40001
1.40001
1.40001
1.40001
1.40001
1.40001
1.40001
1.40001
1.40001
1.40001
1.40001
1.40001
1.40001
1.40001
1.40001
1.40001
1.40001
4.31205
4.30717
4.2138
4.11492
4.04479
4.06686
4.12568
3.08661
1.49987
1.4
1.40001
1.40001
1.40001
1.40001
1.40001
1.40001
1.40001
1.40001
1.40001
1.40001
1.40001
1.40001
1.40001
1.40001
1.40001
1.40001
1.40001
1.40001
1.40001
1.40001
4.34108
4.32821
4.2248
4.12362
4.05479
4.0709
4.14567
3.71032
1.91133
1.39925
1.40001
1.40001
1.40001
1.40001
1.40001
1.40001
1.40001
1.40001
1.40001
1.40001
1.40001
1.40001
1.40001
1.40001
1.40001
1.40001
1.40001
1.40001
1.40001
1.40001
4.36319
4.34555
4.23408
4.1407
4.08693
4.09548
4.1418
3.95964
2.54345
1.42206
1.40001
1.40001
1.40001
1.40001
1.40001
1.40001
1.40001
1.40001
1.40001
1.40001
1.40001
1.40001
1.40001
1.40001
1.40001
1.40001
1.40001
1.40001
1.40001
1.40001
4.37829
4.36021
4.24422
4.16281
4.12183
4.11294
4.14761
4.14643
3.43987
1.625
1.39966
1.40001
1.40001
1.40001
1.40001
1.40001
1.40001
1.40001
1.40001
1.40001
1.40001
1.40001
1.40001
1.40001
1.40001
1.40001
1.40001
1.40001
1.40001
1.40001
4.39011
4.36043
4.25578
4.18287
4.14556
4.12378
4.15148
4.19282
3.93166
2.19711
1.40222
1.40001
1.40001
1.40001
1.40001
1.40001
1.40001
1.40001
1.40001
1.40001
1.40001
1.40001
1.40001
1.40001
1.40001
1.40001
1.40001
1.40001
1.40001
1.40001
4.39439
4.35527
4.26402
4.18993
4.15274
4.13463
4.15667
4.19619
4.07302
2.87173
1.46904
1.40001
1.40001
1.40001
1.40001
1.40001
1.40001
1.40001
1.40001
1.40001
1.40001
1.40001
1.40001
1.40001
1.40001
1.40001
1.40001
1.40001
1.40001
1.40001
4.39197
4.34834
4.26897
4.19529
4.1588
4.14634
4.1705
4.20875
4.20235
3.67358
1.76895
1.39941
1.40001
1.40001
1.40001
1.40001
1.40001
1.40001
1.40001
1.40001
1.40001
1.40001
1.40001
1.40001
1.40001
1.40001
1.40001
1.40001
1.40001
1.40001
4.38538
4.34149
4.27329
4.20083
4.16667
4.15926
4.18594
4.22375
4.27276
4.12472
2.46185
1.41571
1.4
1.40001
1.40001
1.40001
1.40001
1.40001
1.40001
1.40001
1.40001
1.40001
1.40001
1.40001
1.40001
1.40001
1.40001
1.40001
1.40001
1.40001
4.37479
4.33507
4.27421
4.20159
4.17203
4.16911
4.19372
4.23568
4.28968
4.18391
3.14664
1.5425
1.40001
1.40001
1.40001
1.40001
1.40001
1.40001
1.40001
1.40001
1.40001
1.40001
1.40001
1.40001
1.40001
1.40001
1.40001
1.40001
1.40001
1.40001
4.36107
4.33002
4.27373
4.20187
4.17299
4.17161
4.19504
4.23733
4.28225
4.23903
3.86581
1.95392
1.39917
1.40001
1.40001
1.40001
1.40001
1.40001
1.40001
1.40001
1.40001
1.40001
1.40001
1.40001
1.40001
1.40001
1.40001
1.40001
1.40001
1.40001
4.34747
4.32709
4.27349
4.20488
4.17471
4.17214
4.18908
4.23155
4.26581
4.26244
4.22571
2.75775
1.44405
1.40001
1.40001
1.40001
1.40001
1.40001
1.40001
1.40001
1.40001
1.40001
1.40001
1.40001
1.40001
1.40001
1.40001
1.40001
1.40001
1.40001
4.33909
4.32621
4.2741
4.20789
4.17377
4.16989
4.17864
4.21988
4.2585
4.27611
4.24631
3.39249
1.65245
1.39961
1.40001
1.40001
1.40001
1.40001
1.40001
1.40001
1.40001
1.40001
1.40001
1.40001
1.40001
1.40001
1.40001
1.40001
1.40001
1.40001
4.33461
4.32614
4.27454
4.21104
4.17165
4.16554
4.1723
4.21253
4.25609
4.28864
4.26148
3.98642
2.15869
1.4033
1.40001
1.40001
1.40001
1.40001
1.40001
1.40001
1.40001
1.40001
1.40001
1.40001
1.40001
1.40001
1.40001
1.40001
1.40001
1.40001
4.33213
4.32613
4.27559
4.21403
4.17423
4.16366
4.16812
4.20702
4.25496
4.28423
4.26916
4.27318
3.0246
1.4899
1.40001
1.40001
1.40001
1.40001
1.40001
1.40001
1.40001
1.40001
1.40001
1.40001
1.40001
1.40001
1.40001
1.40001
1.40001
1.40001
4.33149
4.32546
4.27675
4.21663
4.17877
4.16471
4.16666
4.19882
4.2525
4.27881
4.26377
4.28705
3.58078
1.78877
1.39939
1.40001
1.40001
1.40001
1.40001
1.40001
1.40001
1.40001
1.40001
1.40001
1.40001
1.40001
1.40001
1.40001
1.40001
1.40001
4.33232
4.32336
4.27658
4.21811
4.1823
4.16705
4.16757
4.19043
4.24858
4.2804
4.26382
4.26416
4.01483
2.34363
1.41222
1.40001
1.40001
1.40001
1.40001
1.40001
1.40001
1.40001
1.40001
1.40001
1.40001
1.40001
1.40001
1.40001
1.40001
1.40001
4.33376
4.31988
4.27574
4.21837
4.18364
4.16931
4.17045
4.18661
4.24396
4.2786
4.2701
4.26043
4.28501
3.23917
1.54544
1.39979
1.40001
1.40001
1.40001
1.40001
1.40001
1.40001
1.40001
1.40001
1.40001
1.40001
1.40001
1.40001
1.40001
1.40001
4.33472
4.31633
4.27366
4.21897
4.18462
4.17146
4.17432
4.18597
4.23903
4.27517
4.27478
4.2598
4.31471
3.72736
1.9266
1.40071
1.4
1.40001
1.40001
1.40001
1.40001
1.40001
1.40001
1.40001
1.40001
1.40001
1.40001
1.40001
1.40001
1.40001
4.33527
4.31459
4.27125
4.2201
4.18605
4.17374
4.17814
4.18643
4.23339
4.2715
4.27774
4.25492
4.28477
4.02051
2.49913
1.42668
1.40001
1.40001
1.40001
1.40001
1.40001
1.40001
1.40001
1.40001
1.40001
1.40001
1.40001
1.40001
1.40001
1.40001
4.33509
4.31489
4.27048
4.22175
4.18755
4.17493
4.18081
4.18811
4.2274
4.26854
4.2817
4.25345
4.25867
4.25842
3.38552
1.60484
1.39968
1.4
1.40001
1.40001
1.40001
1.40001
1.40001
1.40001
1.40001
1.40001
1.40001
1.40001
1.40001
1.40001
4.33392
4.31608
4.2717
4.22398
4.18971
4.1759
4.1824
4.1902
4.22207
4.26469
4.28478
4.26122
4.25932
4.31227
3.83478
2.0485
1.40371
1.4
1.40001
1.40001
1.40001
1.40001
1.40001
1.40001
1.40001
1.40001
1.40001
1.40001
1.40001
1.40001
4.33227
4.31758
4.27408
4.22708
4.19141
4.1769
4.1839
4.19251
4.21972
4.2622
4.28505
4.26753
4.25751
4.3089
4.04603
2.63285
1.44324
1.39993
1.4
1.40001
1.40001
1.40001
1.40001
1.40001
1.40001
1.40001
1.40001
1.40001
1.40001
1.40001
4.32988
4.31932
4.27773
4.23177
4.1937
4.17762
4.18464
4.19459
4.21873
4.25732
4.28155
4.26991
4.25201
4.27291
4.21963
3.49652
1.68118
1.40094
1.4
1.40001
1.40001
1.40001
1.40001
1.40001
1.40001
1.40001
1.40001
1.40001
1.40001
1.40001
4.32879
4.32095
4.2794
4.23319
4.19668
4.18143
4.18824
4.20082
4.2244
4.26085
4.28009
4.27093
4.25037
4.26945
4.28699
3.85963
2.02639
1.37781
1.39969
1.4
1.40001
1.40001
1.40001
1.40001
1.40001
1.40001
1.40001
1.40001
1.40001
1.40001
2.52688
3.43447
3.84548
4.03729
4.09337
4.1319
4.1596
4.18474
4.20964
4.24281
4.27306
4.28006
4.25968
4.25547
4.29433
4.12428
3.08199
1.59296
1.40302
1.40002
1.40001
1.40001
1.40001
1.40001
1.40001
1.40001
1.40001
1.40001
1.40001
1.40001
1.25504
2.42516
3.11802
3.54753
3.78858
3.92672
4.02435
4.10322
4.16145
4.20542
4.2471
4.27637
4.27445
4.25416
4.28139
4.26472
3.88944
2.30002
1.46003
1.40074
1.40001
1.40001
1.40001
1.40001
1.40001
1.40001
1.40001
1.40001
1.40001
1.40001
0.674717
1.76026
2.42948
2.92694
3.34721
3.57086
3.77132
3.90972
4.03112
4.12022
4.18481
4.24417
4.27095
4.2543
4.25637
4.30682
4.25235
3.3097
1.76089
1.41086
1.40008
1.40001
1.40001
1.40001
1.40001
1.40001
1.40001
1.40001
1.40001
1.40001
0.387027
1.31573
1.93336
2.41559
2.83364
3.19273
3.41399
3.63771
3.80888
3.95707
4.06973
4.16139
4.23094
4.24917
4.23519
4.30127
4.33455
3.95359
2.54293
1.50375
1.40154
1.40001
1.40001
1.40001
1.40001
1.40001
1.40001
1.40001
1.40001
1.40001
0.353982
0.999849
1.54381
2.05158
2.40823
2.81952
3.07236
3.31871
3.54227
3.72443
3.89485
4.02355
4.13964
4.20707
4.21514
4.27474
4.32857
4.26036
3.38695
1.82826
1.41453
1.40011
1.40001
1.40001
1.40001
1.40001
1.40001
1.40001
1.40001
1.40001
0.385892
0.833756
1.19234
1.70181
2.11462
2.43704
2.78502
2.99192
3.25504
3.48058
3.66691
3.85203
3.98804
4.11143
4.16461
4.22545
4.30072
4.27884
4.01586
2.63623
1.51774
1.40162
1.40001
1.40001
1.40001
1.40001
1.40001
1.40001
1.40001
1.40001
0.478664
0.793612
0.994718
1.34878
1.8264
2.12994
2.4985
2.75592
2.96009
3.22533
3.44088
3.64308
3.8109
3.97175
4.06924
4.15925
4.24728
4.23731
4.22312
3.43799
1.86845
1.41698
1.40012
1.40001
1.40001
1.40001
1.40001
1.40001
1.40001
1.40001
0.57002
0.756463
0.909516
1.17451
1.53158
1.89783
2.17584
2.51666
2.73369
2.96032
3.22233
3.41836
3.63465
3.7862
3.94649
4.06724
4.17917
4.14947
4.21832
3.96457
2.54356
1.50067
1.40121
1.40001
1.40001
1.40001
1.40001
1.40001
1.40001
1.40001
0.641306
0.707877
0.82128
1.10468
1.35384
1.69667
1.92832
2.26368
2.54356
2.73001
2.99316
3.22536
3.4299
3.60711
3.80073
3.9491
4.07752
4.0548
4.15313
4.1431
3.43896
1.82977
1.41326
1.40008
1.40001
1.40001
1.40001
1.40001
1.40001
1.40001
0.711619
0.672335
0.707984
1.00518
1.2388
1.5284
1.80254
1.99688
2.32331
2.56961
2.75777
3.03418
3.22761
3.44756
3.62026
3.81955
3.95056
3.97597
4.06477
4.13508
3.82498
2.36954
1.47199
1.40078
1.40001
1.40001
1.40001
1.40001
1.40001
1.40001
0.756969
0.672412
0.673942
0.889615
1.12167
1.38078
1.67977
1.85917
2.10669
2.39814
2.59099
2.83119
3.06214
3.26649
3.45334
3.67882
3.82044
3.89631
3.97466
4.07747
4.01223
3.21295
1.70209
1.40655
1.40004
1.40001
1.40001
1.40001
1.40001
1.40001
0.783847
0.682893
0.685011
0.852306
1.00915
1.22671
1.53799
1.78472
1.92952
2.20484
2.4583
2.62727
2.90159
3.08765
3.32069
3.51081
3.68515
3.79705
3.8764
4.00385
4.04796
3.69772
2.20731
1.44426
1.40034
1.40001
1.40001
1.40001
1.40001
1.40001
0.796461
0.70233
0.712128
0.83901
0.95623
1.11603
1.35806
1.66586
1.84378
2.01619
2.3011
2.49659
2.7284
2.9446
3.17288
3.34446
3.55069
3.67396
3.78699
3.9121
4.02211
3.8758
2.77351
1.57103
1.40275
1.40002
1.40001
1.40001
1.40001
1.40001
0.790084
0.710819
0.732712
0.813896
0.912812
1.07363
1.20284
1.51196
1.75885
1.8976
2.1282
2.3786
2.54466
2.81169
3.01366
3.23606
3.40183
3.5348
3.69798
3.80011
3.95382
3.9273
3.41437
1.87896
1.41579
1.4001
1.40001
1.40001
1.40001
1.40001
0.785539
0.72729
0.748766
0.773208
0.852621
1.0393
1.17362
1.34617
1.62827
1.82631
1.96756
2.24174
2.43078
2.67079
2.88136
3.12411
3.23852
3.4061
3.5933
3.69695
3.84887
3.93639
3.7792
2.47072
1.48128
1.40076
1.40001
1.40001
1.40001
1.40001
0.792475
0.756284
0.766425
0.757031
0.783017
0.979029
1.15122
1.2464
1.48107
1.73376
1.88437
2.09
2.32981
2.50378
2.7619
2.98253
3.13529
3.28529
3.46654
3.58851
3.73245
3.89235
3.82601
2.96929
1.66018
1.40532
1.40003
1.40001
1.40001
1.40001
0.797145
0.782402
0.787229
0.762433
0.768897
0.898825
1.09547
1.23099
1.354
1.60832
1.81854
1.95519
2.21697
2.39758
2.64327
2.84388
3.05405
3.15356
3.33385
3.47429
3.61141
3.79634
3.81054
3.38454
1.95862
1.42267
1.40015
1.40001
1.40001
1.40001
0.787406
0.795789
0.807891
0.776299
0.773268
0.854275
1.0246
1.20694
1.3089
1.47553
1.72574
1.88626
2.08635
2.31404
2.50036
2.72817
2.94426
3.06621
3.2162
3.37761
3.48441
3.67285
3.78707
3.69832
2.50387
1.49104
1.40089
1.40001
1.40001
1.40001
0.774357
0.798568
0.819774
0.790211
0.78243
0.836615
0.937868
1.14755
1.28962
1.3941
1.61283
1.82147
1.96503
2.22012
2.39879
2.62264
2.80349
2.98709
3.11158
3.29563
3.39387
3.5626
3.7334
3.73124
2.97717
1.67165
1.40558
1.40003
1.40001
1.40001
0.775002
0.79981
0.819573
0.796873
0.792499
0.834904
0.872455
1.0612
1.24722
1.36842
1.49577
1.734
1.89819
2.10634
2.32371
2.50341
2.67552
2.89241
3.03672
3.21149
3.33573
3.45392
3.63973
3.70542
3.25924
1.92935
1.42093
1.40012
1.40001
1.40001
0.78162
0.802635
0.820213
0.803954
0.801356
0.834944
0.858136
0.966013
1.17505
1.3381
1.44072
1.62908
1.83286
1.9883
2.23932
2.40295
2.58974
2.77367
2.97197
3.10354
3.26834
3.36298
3.55093
3.65944
3.53331
2.36231
1.47291
1.40067
1.40001
1.40001
0.789362
0.806277
0.823267
0.814425
0.808851
0.829227
0.848402
0.924618
1.08834
1.28178
1.41645
1.52628
1.75356
1.92165
2.141
2.32953
2.50829
2.64804
2.89073
3.00375
3.18786
3.30037
3.46143
3.62184
3.61874
2.80887
1.59849
1.40327
1.40002
1.40001
0.796081
0.807018
0.825487
0.822239
0.815757
0.816581
0.8373
0.92667
1.00948
1.1986
1.3763
1.48646
1.65868
1.85997
2.02664
2.2516
2.40604
2.56951
2.79291
2.94149
3.08676
3.23271
3.36097
3.5566
3.60939
3.06974
1.81149
1.41242
1.40007
1.40001
0.797842
0.806096
0.827221
0.82877
0.819183
0.811928
0.828692
0.923116
0.990204
1.10804
1.31121
1.46125
1.5735
1.79183
1.95604
2.1715
2.31714
2.50817
2.66725
2.87364
2.98018
3.15216
3.27968
3.47818
3.56912
3.3362
2.1247
1.44081
1.40029
1.40001
0.797136
0.805844
0.830505
0.834862
0.82286
0.809658
0.81856
0.903893
0.983605
1.06606
1.22792
1.41602
1.53953
1.70643
1.89546
2.07161
2.25165
2.43253
2.58101
2.78795
2.91677
3.05168
3.20387
3.38754
3.52927
3.4891
2.46767
1.50812
1.40119
1.40001
0.793588
0.806938
0.836978
0.840344
0.827544
0.804873
0.809204
0.87449
0.963104
1.05834
1.1527
1.34986
1.51018
1.63157
1.83575
1.98905
2.18733
2.33724
2.52645
2.6726
2.85325
2.96099
3.12558
3.2832
3.48438
3.49405
2.84945
1.64668
1.40494
1.40002
0.787673
0.808908
0.84621
0.847122
0.832742
0.801372
0.804544
0.845003
0.930601
1.0456
1.13277
1.26802
1.46136
1.59735
1.76236
1.92636
2.11785
2.27173
2.46229
2.59356
2.77554
2.91036
3.03987
3.2028
3.42591
3.47007
3.07702
1.84345
1.41519
1.40008
0.784964
0.809133
0.852093
0.854054
0.839627
0.803308
0.803259
0.824053
0.890927
1.01843
1.12407
1.20935
1.39486
1.56278
1.69039
1.86952
2.02327
2.21474
2.37506
2.54643
2.68135
2.85673
2.96522
3.13951
3.35192
3.43895
3.2309
2.13246
1.44273
1.40031
0.784967
0.808733
0.852416
0.861025
0.849269
0.809637
0.804714
0.820989
0.850776
0.973009
1.10111
1.19731
1.31507
1.51277
1.65338
1.81277
1.94971
2.1531
2.30724
2.48998
2.62009
2.79141
2.9215
3.06621
3.25934
3.41932
3.35135
2.41303
1.5029
1.40112
0.787001
0.809382
0.851912
0.865631
0.856725
0.822003
0.809471
0.823229
0.838666
0.918125
1.06118
1.1845
1.27424
1.44915
1.61481
1.74587
1.90096
2.06979
2.25321
2.40711
2.57566
2.71299
2.87714
2.98817
3.18295
3.39009
3.3804
2.69286
1.60852
1.4039
0.792785
0.81125
0.8494
0.866572
0.859913
0.835602
0.817661
0.822292
0.835925
0.896972
1.0071
1.15455
1.26529
1.37627
1.56653
1.69992
1.85694
1.9891
2.19599
2.33357
2.52298
2.65288
2.81942
2.93645
3.11819
3.34166
3.37102
2.97107
1.77115
1.41108
0.800394
0.813034
0.8437
0.866123
0.861321
0.845459
0.823947
0.816197
0.829332
0.893948
0.95841
1.1085
1.2478
1.34488
1.50676
1.6551
1.79659
1.94453
2.12377
2.28635
2.44843
2.60444
2.74289
2.88815
3.03639
3.27311
3.35505
3.08891
1.99765
1.43002
0.805378
0.815217
0.838526
0.864654
0.861654
0.849959
0.824939
0.811154
0.821633
0.887963
0.950234
1.05149
1.21248
1.3315
1.43666
1.60763
1.7372
1.90546
2.04241
2.23911
2.36778
2.55117
2.67389
2.83174
2.95129
3.19104
3.33779
3.18896
2.21661
1.46877
0.806501
0.817012
0.837028
0.864106
0.861988
0.85251
0.825434
0.808678
0.814805
0.873609
0.944526
1.02268
1.1624
1.30725
1.40294
1.55707
1.69445
1.85652
1.99952
2.18423
2.32377
2.48251
2.62026
2.76077
2.899
3.11928
3.30946
3.2705
2.45671
1.53535
0.80656
0.817483
0.836997
0.8646
0.863422
0.855424
0.826263
0.805999
0.810733
0.854155
0.929668
1.0173
1.10852
1.26684
1.38211
1.48997
1.65171
1.79458
1.96439
2.10415
2.28323
2.39832
2.56716
2.68665
2.851
3.04452
3.26842
3.27302
2.73618
1.65994
0.805579
0.81764
0.838047
0.866409
0.866266
0.859136
0.828656
0.805735
0.810324
0.842833
0.904744
1.00626
1.08848
1.21079
1.35327
1.45183
1.61334
1.75321
1.92425
2.04995
2.2363
2.35493
2.50878
2.64157
2.79596
2.95782
3.21622
3.26152
2.85418
1.82306
0.80549
0.816994
0.839416
0.869032
0.870372
0.863526
0.832234
0.806774
0.813023
0.838536
0.872643
0.981724
1.07781
1.16482
1.3133
1.42795
1.55539
1.71487
1.86679
2.01818
2.16925
2.32228
2.43806
2.60179
2.73124
2.903
3.16149
3.24585
2.94651
2.01495
0.807048
0.816622
0.839665
0.86908
0.872327
0.867013
0.836836
0.80991
0.813966
0.835731
0.859849
0.941501
1.05759
1.149
1.26145
1.40023
1.5053
1.67736
1.81869
1.98278
2.10121
2.28009
2.39809
2.55571
2.68544
2.86197
3.09957
3.23268
3.07777
2.27675
0.810787
0.817348
0.839515
0.867794
0.872497
0.868342
0.843208
0.815984
0.813347
0.829601
0.855309
0.914776
1.02716
1.13469
1.22673
1.36731
1.4836
1.62896
1.77945
1.93468
2.06703
2.22492
2.36863
2.49947
2.65068
2.80848
3.03253
3.20985
3.13054
2.55806
0.81703
0.818743
0.838398
0.863856
0.871945
0.868513
0.849638
0.82506
0.813965
0.821015
0.846326
0.907584
0.988206
1.10852
1.20467
1.3243
1.45771
1.57169
1.73741
1.87672
2.03274
2.1559
2.32611
2.45247
2.60887
2.74511
2.96118
3.17744
3.11719
2.83704
0.805395
0.821837
0.839864
0.862599
0.870854
0.867382
0.850657
0.829023
0.815151
0.815989
0.841693
0.910538
0.966134
1.09001
1.19377
1.30004
1.43949
1.55314
1.71268
1.84636
2.00744
2.12017
2.29191
2.42681
2.57711
2.69804
2.90672
3.15051
3.11603
3.05611
0.801311
0.824455
0.841286
0.862118
0.869201
0.866116
0.850986
0.829721
0.815291
0.814944
0.838677
0.910888
0.960839
1.07139
1.18509
1.28641
1.42792
1.54636
1.69803
1.8295
1.99031
2.1124
2.26794
2.4104
2.55323
2.67646
2.88052
3.13157
3.12658
3.21155
0.801445
0.82707
0.842804
0.861587
0.867252
0.864749
0.851395
0.830441
0.815076
0.814435
0.834255
0.907848
0.962162
1.0494
1.17257
1.26926
1.41284
1.53552
1.67123
1.80983
1.96773
2.10015
2.24532
2.38849
2.51747
2.66551
2.85994
3.11247
3.13536
3.36161
0.804822
0.829814
0.844407
0.861231
0.866051
0.862778
0.8518
0.831913
0.815674
0.814052
0.827778
0.901199
0.965442
1.04339
1.16075
1.25972
1.39332
1.52566
1.64115
1.79184
1.93254
2.07801
2.21856
2.36237
2.49152
2.64747
2.82834
3.08459
3.14422
3.51198
0.811564
0.833302
0.846084
0.861018
0.865497
0.860098
0.85204
0.83382
0.817461
0.814182
0.82367
0.8909
0.962818
1.03838
1.15028
1.25283
1.37354
1.5119
1.62514
1.77558
1.90762
2.05915
2.17928
2.33691
2.46831
2.61823
2.78526
3.04967
3.16149
3.68619
0.819736
0.838234
0.848047
0.861047
0.865242
0.858711
0.85189
0.835679
0.818339
0.815339
0.824002
0.882324
0.953709
1.02747
1.13471
1.24378
1.34453
1.49296
1.60577
1.7556
1.88344
2.03961
2.15034
2.31086
2.43784
2.5911
2.75632
3.01269
3.18927
3.84926
0.827884
0.844893
0.850437
0.861474
0.865241
0.858484
0.851554
0.837522
0.818516
0.81531
0.824772
0.876246
0.94197
1.01969
1.11517
1.23199
1.32722
1.47283
1.59219
1.73449
1.85952
2.01471
2.12883
2.27608
2.41338
2.56549
2.72545
2.96429
3.22222
4.01548
0.839659
0.853065
0.853298
0.86261
0.866173
0.858679
0.851784
0.838473
0.817999
0.812457
0.823312
0.869443
0.932052
1.01347
1.09826
1.21939
1.32293
1.45669
1.58171
1.71425
1.84355
1.98864
2.11109
2.24187
2.38833
2.5358
2.68535
2.92625
3.2643
4.19879
0.85067
0.862806
0.856278
0.864282
0.867643
0.860102
0.853365
0.839153
0.816054
0.806596
0.816729
0.860632
0.921929
1.0059
1.08189
1.20107
1.31305
1.43522
1.56609
1.67912
1.82223
1.95842
2.09226
2.21347
2.36051
2.50035
2.65737
2.88696
3.31277
4.37132
0.859085
0.871235
0.860145
0.865115
0.867674
0.8623
0.8566
0.841004
0.815728
0.804639
0.813922
0.855993
0.908968
0.996111
1.06954
1.17708
1.29619
1.40229
1.54702
1.65001
1.7995
1.91736
2.06862
2.18037
2.33347
2.46666
2.62877
2.84465
3.34486
4.56906
0.870755
0.877898
0.863505
0.864939
0.866468
0.862776
0.858956
0.84424
0.81632
0.804672
0.813755
0.855016
0.897833
0.98579
1.06313
1.15568
1.28125
1.38506
1.52613
1.63804
1.77743
1.89117
2.04244
2.15538
2.30418
2.43915
2.59541
2.81223
3.35714
4.76158
0.884018
0.884113
0.866741
0.863098
0.863937
0.862336
0.860173
0.845824
0.81781
0.805649
0.813747
0.851115
0.886737
0.971726
1.05631
1.1371
1.26178
1.3713
1.4909
1.62061
1.73953
1.86987
2.00521
2.13567
2.26216
2.41282
2.56052
2.76956
3.37368
4.94566
0.896172
0.891411
0.871424
0.859772
0.86089
0.86107
0.860331
0.846016
0.819821
0.806753
0.811983
0.841758
0.875204
0.955145
1.04621
1.12944
1.22682
1.35606
1.46363
1.60204
1.71177
1.84808
1.95837
2.1118
2.23082
2.38239
2.51199
2.7384
3.43963
5.14514
0.915099
0.904251
0.878764
0.858713
0.857895
0.858971
0.859553
0.845983
0.821834
0.807412
0.810834
0.830579
0.866547
0.940221
1.02898
1.12326
1.2085
1.33269
1.44326
1.56927
1.68999
1.81661
1.932
2.07404
2.20478
2.34186
2.46446
2.71679
3.50562
5.31547
0.936642
0.921071
0.8898
0.860206
0.857386
0.856682
0.857092
0.844956
0.822585
0.807759
0.812296
0.824567
0.857657
0.929388
1.00347
1.10841
1.20047
1.30123
1.42271
1.53337
1.66431
1.77649
1.9082
2.02368
2.17153
2.29233
2.43407
2.67829
3.52621
5.46688
0.958242
0.941307
0.904502
0.864994
0.858166
0.856031
0.853865
0.842546
0.822731
0.806458
0.811931
0.821011
0.847784
0.917926
0.985893
1.08333
1.18672
1.28307
1.39253
1.50738
1.62942
1.74803
1.87285
1.9907
2.11996
2.25402
2.39766
2.66333
3.62873
5.6372
0.982677
0.96358
0.92122
0.873532
0.860472
0.856206
0.851823
0.841586
0.82366
0.805939
0.807558
0.815265
0.840755
0.905481
0.972481
1.06498
1.16326
1.26581
1.3655
1.48083
1.59426
1.71991
1.83328
1.95836
2.07339
2.21548
2.35024
2.65687
3.7056
5.71344
1.01923
0.997491
0.94411
0.884344
0.863061
0.855844
0.849971
0.841504
0.826298
0.806215
0.804007
0.805347
0.834913
0.897922
0.95759
1.04717
1.1405
1.24139
1.34304
1.45034
1.56485
1.68153
1.80065
1.91771
2.03872
2.16955
2.31641
2.65373
3.78487
5.80171
1.05043
1.03004
0.971029
0.89726
0.864562
0.8545
0.84731
0.840574
0.828927
0.807599
0.799534
0.796441
0.826363
0.888933
0.944409
1.02859
1.11851
1.21489
1.31814
1.42281
1.53618
1.64388
1.763
1.87878
2.00331
2.12709
2.27699
2.67782
3.90493
5.8451
1.06688
1.05673
1.00578
0.915953
0.866307
0.851733
0.844182
0.839278
0.830936
0.8088
0.795577
0.791603
0.811933
0.873336
0.931314
1.01333
1.09591
1.19141
1.29053
1.39497
1.50485
1.61312
1.7233
1.84106
1.9614
2.0882
2.24331
2.7189
3.98197
5.8186
1.07777
1.07843
1.04201
0.942799
0.870924
0.847804
0.84069
0.837421
0.831083
0.808335
0.792256
0.78963
0.80584
0.855824
0.91372
0.997966
1.07656
1.16874
1.26466
1.36594
1.47092
1.57905
1.6871
1.80109
1.91849
2.04258
2.20881
2.78812
4.09585
5.79946
1.0763
1.09827
1.07558
0.977811
0.884638
0.847313
0.838474
0.835745
0.828888
0.805624
0.789157
0.788196
0.805026
0.842579
0.895029
0.979067
1.05637
1.14676
1.23865
1.33615
1.43826
1.54279
1.65149
1.76134
1.87325
1.99479
2.18125
2.90179
4.16522
5.71314
1.07318
1.11965
1.10122
1.0164
0.910297
0.850521
0.836649
0.83326
0.825311
0.803834
0.786352
0.785776
0.803106
0.834449
0.879126
0.9599
1.03443
1.12221
1.21067
1.3052
1.40477
1.50632
1.61273
1.71981
1.82834
1.94875
2.17759
3.0493
4.20708
5.57148
1.06499
1.11824
1.10704
1.04906
0.951028
0.861583
0.835316
0.829843
0.820707
0.802711
0.784022
0.783807
0.799391
0.825382
0.867711
0.943185
1.01055
1.09589
1.18202
1.27388
1.37111
1.47019
1.57335
1.67678
1.78102
1.91074
2.20285
3.23328
4.25568
5.40351
1.06252
1.11032
1.10572
1.07742
0.996586
0.885757
0.836278
0.825804
0.815569
0.800686
0.784171
0.78293
0.795619
0.815782
0.857107
0.926516
0.988969
1.07037
1.15288
1.24348
1.33751
1.43327
1.53246
1.63387
1.73756
1.87505
2.27492
3.42043
4.22863
5.18724
1.06498
1.09881
1.10454
1.09551
1.04448
0.926654
0.843179
0.818852
0.809973
0.800584
0.785555
0.781779
0.79171
0.80498
0.84506
0.910514
0.967935
1.04731
1.12537
1.21281
1.30381
1.39677
1.49284
1.58875
1.68925
1.84935
2.40186
3.57966
4.18535
4.9365
1.07229
1.09716
1.10699
1.10506
1.07419
0.974349
0.86494
0.817978
0.805291
0.800119
0.788098
0.781208
0.787803
0.795383
0.831673
0.89103
0.947983
1.02575
1.09899
1.18326
1.27049
1.35987
1.4522
1.54605
1.65067
1.85933
2.59078
3.72286
4.14425
4.6534
1.08849
1.10149
1.10734
1.10481
1.08252
1.01808
0.906579
0.825538
0.805256
0.800362
0.790318
0.781224
0.784
0.786001
0.818472
0.871182
0.92587
1.00191
1.07174
1.15268
1.23616
1.32271
1.41237
1.50134
1.61511
1.9137
2.7806
3.78028
4.0785
4.3606
1.1097
1.11018
1.10766
1.10176
1.07913
1.0441
0.958943
0.849533
0.807538
0.800068
0.791785
0.780288
0.779031
0.781583
0.813445
0.852842
0.905512
0.980658
1.04668
1.1257
1.20556
1.28849
1.3736
1.46247
1.58802
2.01447
2.95828
3.77565
3.99636
4.09741
1.12875
1.12794
1.11709
1.09591
1.07698
1.06414
1.0241
0.926385
0.838692
0.803851
0.79013
0.777367
0.773027
0.777093
0.802361
0.826476
0.875545
0.943657
1.0047
1.08028
1.15357
1.2308
1.31176
1.41365
1.64886
2.30672
3.10533
3.70931
3.78888
3.70181
)
;

boundaryField
{
    inlet
    {
        type            calculated;
        value           uniform 1.40001;
    }
    outlet
    {
        type            calculated;
        value           nonuniform List<scalar> 
60
(
1.12873
1.12794
1.11711
1.09593
1.07699
1.06415
1.0241
0.926397
0.83871
0.803875
0.790154
0.777389
0.773047
0.777109
0.802368
0.826484
0.875558
0.943677
1.00472
1.0803
1.15359
1.23083
1.31179
1.41371
1.64914
2.30722
3.10558
3.70945
3.7889
3.7017
1.05985
0.969794
0.901772
0.878311
0.897605
0.945791
1.00325
0.922336
0.514749
0.430173
0.472847
0.522248
0.571352
0.608785
0.688977
0.756098
0.825614
0.917718
1.00896
1.11419
1.22805
1.35301
1.49742
1.68065
1.87505
1.94554
1.90975
1.71311
1.47491
1.4052
)
;
    }
    airfoil
    {
        type            calculated;
        value           nonuniform List<scalar> 
160
(
0.147759
0.148611
0.149828
0.150388
0.15093
0.151231
0.150519
0.148632
0.146653
0.145143
0.144689
0.14496
0.146755
0.148501
0.148902
0.147272
0.14316
0.140623
0.140292
0.140724
0.144871
0.153052
0.158445
0.16012
0.156383
0.150032
0.14314
0.135279
0.125935
0.105458
0.0863424
0.0731054
0.0588669
0.0400182
0.0262014
0.0508152
0.190728
0.399167
0.776179
1.40765
2.15265
2.15224
2.15107
2.15044
2.15026
2.15057
2.15138
2.15236
2.15313
2.15325
2.15323
2.15329
2.15252
2.15206
2.15183
2.15093
2.15031
2.1495
2.14675
2.14109
2.13648
2.12898
2.12255
2.12023
2.12054
2.12993
2.15243
2.17077
2.19473
2.25559
2.32873
2.38563
2.40916
2.4153
2.35677
2.22478
2.11032
1.95366
1.74788
1.53186
1.79682
2.56577
3.41431
4.35359
5.17216
6.00075
6.32227
5.85006
5.0707
4.59544
4.38549
4.29079
4.25798
4.24446
4.25824
4.28169
4.31205
4.34108
4.36319
4.37829
4.39011
4.39439
4.39197
4.38538
4.37479
4.36107
4.34747
4.33909
4.33461
4.33213
4.33149
4.33232
4.33376
4.33472
4.33527
4.33509
4.33392
4.33227
4.32988
4.32879
2.52688
1.25504
0.674717
0.387027
0.353982
0.385892
0.478664
0.57002
0.641306
0.711619
0.756969
0.783847
0.796461
0.790084
0.785539
0.792475
0.797145
0.787406
0.774357
0.775002
0.78162
0.789362
0.796081
0.797842
0.797136
0.793588
0.787673
0.784964
0.784967
0.787001
0.792785
0.800394
0.805378
0.806501
0.80656
0.805579
0.80549
0.807048
0.810787
0.81703
)
;
    }
    top
    {
        type            symmetryPlane;
    }
    bottom
    {
        type            symmetryPlane;
    }
    defaultFaces
    {
        type            empty;
    }
}


// ************************************************************************* //
