/*--------------------------------*- C++ -*----------------------------------*\
  =========                 |
  \\      /  F ield         | OpenFOAM: The Open Source CFD Toolbox
   \\    /   O peration     | Website:  https://openfoam.org
    \\  /    A nd           | Version:  7
     \\/     M anipulation  |
\*---------------------------------------------------------------------------*/
FoamFile
{
    version     2.0;
    format      ascii;
    class       volVectorField;
    location    "2.5";
    object      U;
}
// * * * * * * * * * * * * * * * * * * * * * * * * * * * * * * * * * * * * * //

dimensions      [0 1 -1 0 0 0 0];

internalField   nonuniform List<vector> 
3600
(
(3.13226 -0.288606 0)
(3.1269 -0.26669 0)
(3.12133 -0.242247 0)
(3.11633 -0.217649 0)
(3.11221 -0.193633 0)
(3.10812 -0.170685 0)
(3.10444 -0.149661 0)
(3.10086 -0.126834 0)
(3.09824 -0.107655 0)
(3.09283 -0.0833108 0)
(3.08899 -0.0675505 0)
(3.0775 -0.0399284 0)
(3.0634 -0.0175739 0)
(3.05888 -0.00443762 0)
(3.04882 0.00400394 0)
(3.044 0.000653899 0)
(3.04896 -0.000744845 0)
(3.05155 0.00215975 0)
(3.04221 0.0050291 0)
(2.9859 -0.000791785 0)
(3.12633 -0.302862 0)
(3.12549 -0.3027 0)
(3.12339 -0.301603 0)
(3.11984 -0.298045 0)
(3.11487 -0.291947 0)
(3.10879 -0.282555 0)
(3.10231 -0.267606 0)
(3.09527 -0.243219 0)
(3.08919 -0.21459 0)
(3.07952 -0.167696 0)
(3.07548 -0.133447 0)
(3.0574 -0.0575725 0)
(3.05237 -0.0341113 0)
(3.04713 0.028323 0)
(3.0316 0.0186066 0)
(3.03598 -0.000710669 0)
(3.04664 -0.000751812 0)
(3.05245 0.009999 0)
(3.04233 0.0123745 0)
(2.98433 -0.00249017 0)
(3.10876 -0.2999 0)
(3.10885 -0.301096 0)
(3.10954 -0.302071 0)
(3.11037 -0.303518 0)
(3.11051 -0.305508 0)
(3.11096 -0.307347 0)
(3.1119 -0.308253 0)
(3.11272 -0.307677 0)
(3.11292 -0.304956 0)
(3.11099 -0.296995 0)
(3.10438 -0.277454 0)
(3.0929 -0.244707 0)
(3.07586 -0.188716 0)
(3.06023 -0.105327 0)
(3.0568 -0.0720051 0)
(3.04932 -0.0291821 0)
(3.0569 -0.000456603 0)
(3.05246 0.0207266 0)
(3.03852 0.0143475 0)
(2.98274 -0.00769723 0)
(3.09724 -0.317393 0)
(3.09792 -0.318133 0)
(3.09929 -0.318911 0)
(3.10071 -0.321131 0)
(3.10191 -0.322444 0)
(3.10475 -0.324026 0)
(3.10788 -0.32545 0)
(3.11082 -0.325293 0)
(3.11348 -0.325659 0)
(3.11563 -0.324504 0)
(3.11526 -0.320214 0)
(3.11381 -0.313811 0)
(3.10965 -0.293993 0)
(3.10117 -0.247737 0)
(3.09394 -0.175078 0)
(3.06735 -0.0589529 0)
(3.06606 0.0027547 0)
(3.05553 0.0312529 0)
(3.03635 0.0190373 0)
(2.98686 -0.0064752 0)
(3.1072 -0.340656 0)
(3.10859 -0.340984 0)
(3.1103 -0.340954 0)
(3.1122 -0.341373 0)
(3.11464 -0.340853 0)
(3.11729 -0.338935 0)
(3.11874 -0.337265 0)
(3.12124 -0.334217 0)
(3.12186 -0.330071 0)
(3.11879 -0.325695 0)
(3.11734 -0.321005 0)
(3.11805 -0.315196 0)
(3.12139 -0.313344 0)
(3.12868 -0.306082 0)
(3.13114 -0.289751 0)
(3.11953 -0.243468 0)
(3.09772 -0.149805 0)
(3.08591 -0.0868808 0)
(3.05373 -0.0219672 0)
(2.99619 -0.00557543 0)
(3.12002 -0.348001 0)
(3.12109 -0.347593 0)
(3.12287 -0.34614 0)
(3.12356 -0.345538 0)
(3.12635 -0.341091 0)
(3.12762 -0.337265 0)
(3.12756 -0.333909 0)
(3.12615 -0.327014 0)
(3.12352 -0.320897 0)
(3.11965 -0.318412 0)
(3.11549 -0.316503 0)
(3.11744 -0.317321 0)
(3.12509 -0.322979 0)
(3.1367 -0.326161 0)
(3.13802 -0.325387 0)
(3.13621 -0.314233 0)
(3.12596 -0.299682 0)
(3.10229 -0.22342 0)
(3.06799 -0.100198 0)
(3.00377 -0.00380153 0)
(3.09404 -0.248151 0)
(3.09383 -0.24733 0)
(3.09337 -0.24704 0)
(3.09234 -0.246116 0)
(3.09146 -0.247658 0)
(3.09057 -0.249972 0)
(3.0894 -0.249548 0)
(3.08936 -0.252048 0)
(3.09299 -0.259369 0)
(3.09253 -0.265805 0)
(3.0938 -0.273162 0)
(3.10364 -0.283096 0)
(3.11215 -0.292009 0)
(3.11389 -0.300863 0)
(3.11394 -0.310591 0)
(3.11736 -0.316766 0)
(3.12352 -0.329368 0)
(3.13053 -0.334268 0)
(3.11507 -0.289245 0)
(3.03371 -0.0904482 0)
(3.07425 -0.215018 0)
(3.07386 -0.219166 0)
(3.0731 -0.219488 0)
(3.07358 -0.22271 0)
(3.07544 -0.230136 0)
(3.07657 -0.237418 0)
(3.07867 -0.243116 0)
(3.08176 -0.246535 0)
(3.08707 -0.259056 0)
(3.09024 -0.271637 0)
(3.09537 -0.268111 0)
(3.09688 -0.272479 0)
(3.1029 -0.28932 0)
(3.10371 -0.314153 0)
(3.10068 -0.330687 0)
(3.10938 -0.341559 0)
(3.1191 -0.366605 0)
(3.13165 -0.357263 0)
(3.13121 -0.329187 0)
(3.07979 -0.222057 0)
(3.02322 0.021792 0)
(3.02383 0.0212869 0)
(3.02415 0.0220616 0)
(3.02709 0.014853 0)
(3.02848 0.0102222 0)
(3.03107 0.00410741 0)
(3.03358 -0.000616779 0)
(3.03865 -0.0141661 0)
(3.04146 -0.0217591 0)
(3.04792 -0.0409777 0)
(3.05164 -0.0537735 0)
(3.05951 -0.0806396 0)
(3.06556 -0.105241 0)
(3.07009 -0.108876 0)
(3.07884 -0.130394 0)
(3.08698 -0.14995 0)
(3.09441 -0.183949 0)
(3.10043 -0.175583 0)
(3.10929 -0.21043 0)
(3.08738 -0.209682 0)
(2.96108 0.197415 0)
(2.96178 0.196691 0)
(2.96343 0.193869 0)
(2.96469 0.190876 0)
(2.96592 0.18889 0)
(2.96768 0.186632 0)
(2.9705 0.181663 0)
(2.97281 0.177742 0)
(2.97695 0.169859 0)
(2.98108 0.162506 0)
(2.98754 0.150474 0)
(2.99425 0.138457 0)
(3.00401 0.118879 0)
(3.01415 0.0991984 0)
(3.03087 0.0616222 0)
(3.04276 0.0332272 0)
(3.06436 -0.0217063 0)
(3.07972 -0.0674143 0)
(3.10227 -0.121711 0)
(3.10096 -0.194858 0)
(2.94531 0.194393 0)
(2.94576 0.194447 0)
(2.94652 0.194043 0)
(2.94738 0.193314 0)
(2.9482 0.19328 0)
(2.94921 0.192957 0)
(2.95033 0.192244 0)
(2.95133 0.192124 0)
(2.9533 0.190342 0)
(2.95574 0.187759 0)
(2.95856 0.186251 0)
(2.96234 0.184704 0)
(2.96797 0.180444 0)
(2.9745 0.175366 0)
(2.98384 0.165012 0)
(2.9942 0.156071 0)
(3.01045 0.13586 0)
(3.02592 0.114711 0)
(3.04876 0.076221 0)
(3.06809 0.000450236 0)
(2.95999 0.110752 0)
(2.95955 0.112207 0)
(2.95941 0.114272 0)
(2.9597 0.114494 0)
(2.95952 0.115715 0)
(2.95962 0.117319 0)
(2.95972 0.11957 0)
(2.95997 0.121527 0)
(2.96023 0.12375 0)
(2.96103 0.125635 0)
(2.96132 0.129471 0)
(2.96341 0.132022 0)
(2.9637 0.134826 0)
(2.97051 0.136874 0)
(2.97378 0.136297 0)
(2.98018 0.133437 0)
(2.98931 0.126383 0)
(3.0014 0.11611 0)
(3.01636 0.0994719 0)
(3.03354 0.0574317 0)
(2.99335 0.0150178 0)
(2.99313 0.0156646 0)
(2.99304 0.0159558 0)
(2.99288 0.0163014 0)
(2.99263 0.0169358 0)
(2.99234 0.0178259 0)
(2.99207 0.0187287 0)
(2.99163 0.0200513 0)
(2.99119 0.0214669 0)
(2.99054 0.0235411 0)
(2.98992 0.0257292 0)
(2.98898 0.0292592 0)
(2.98826 0.0325464 0)
(2.98729 0.0377793 0)
(2.9869 0.0428866 0)
(2.9866 0.0483492 0)
(2.98644 0.0571672 0)
(2.99446 0.057785 0)
(2.9988 0.0550996 0)
(3.00923 0.0381754 0)
(2.99981 0.000404976 0)
(2.9998 0.000418675 0)
(2.9998 0.000435192 0)
(2.99979 0.000455966 0)
(2.99977 0.000482047 0)
(2.99976 0.000517659 0)
(2.99974 0.000561831 0)
(2.99972 0.00062182 0)
(2.99968 0.000700638 0)
(2.99964 0.000807049 0)
(2.99958 0.000957786 0)
(2.9995 0.00116519 0)
(2.99939 0.00146932 0)
(2.99925 0.00188973 0)
(2.99906 0.00254107 0)
(2.99883 0.00340831 0)
(2.99853 0.00473671 0)
(2.99846 0.00645636 0)
(2.99912 0.00736719 0)
(2.99998 0.00615882 0)
(3 4.68939e-06 0)
(3 4.85733e-06 0)
(3 5.07878e-06 0)
(3 5.35769e-06 0)
(3 5.72396e-06 0)
(3 6.19656e-06 0)
(3 6.83022e-06 0)
(3 7.66544e-06 0)
(3 8.83093e-06 0)
(3 1.04141e-05 0)
(2.99999 1.27562e-05 0)
(2.99999 1.60964e-05 0)
(2.99999 2.12802e-05 0)
(2.99999 2.91184e-05 0)
(2.99998 4.19398e-05 0)
(2.99998 6.22153e-05 0)
(2.99997 9.43968e-05 0)
(2.99996 0.000149445 0)
(2.99998 0.00020538 0)
(2.99999 0.000192852 0)
(3.13674 -0.305926 0)
(3.12623 -0.302529 0)
(3.10879 -0.298662 0)
(3.09677 -0.315462 0)
(3.10565 -0.339533 0)
(3.1184 -0.349639 0)
(3.09443 -0.247821 0)
(3.07243 -0.208991 0)
(3.02167 0.027943 0)
(2.96015 0.1982 0)
(2.94478 0.194751 0)
(2.95972 0.110392 0)
(2.99354 0.0145764 0)
(2.99981 0.000391562 0)
(3 4.51048e-06 0)
(3.13564 -0.304824 0)
(3.12576 -0.300929 0)
(3.10846 -0.297259 0)
(3.09617 -0.313849 0)
(3.1038 -0.338125 0)
(3.11548 -0.353079 0)
(3.09443 -0.246281 0)
(3.07331 -0.203127 0)
(3.01934 0.0343028 0)
(2.95892 0.19945 0)
(2.94429 0.195057 0)
(2.95977 0.109249 0)
(2.99369 0.0141832 0)
(2.99982 0.000368916 0)
(3 4.23077e-06 0)
(3.13561 -0.304607 0)
(3.12517 -0.299832 0)
(3.10828 -0.295722 0)
(3.09683 -0.310501 0)
(3.10207 -0.336554 0)
(3.11318 -0.354639 0)
(3.09451 -0.247902 0)
(3.07227 -0.194304 0)
(3.01756 0.0386188 0)
(2.95715 0.202261 0)
(2.94386 0.195879 0)
(2.96022 0.107073 0)
(2.99393 0.0135785 0)
(2.99983 0.000346455 0)
(3 3.94812e-06 0)
(3.13558 -0.305044 0)
(3.12562 -0.298602 0)
(3.10844 -0.294162 0)
(3.0974 -0.308489 0)
(3.10107 -0.335586 0)
(3.11018 -0.35713 0)
(3.09446 -0.248163 0)
(3.07135 -0.184938 0)
(3.01513 0.0449604 0)
(2.95515 0.205043 0)
(2.94304 0.197152 0)
(2.96052 0.105224 0)
(2.99422 0.0128515 0)
(2.99985 0.000321818 0)
(3 3.64796e-06 0)
(3.13547 -0.304973 0)
(3.12542 -0.297045 0)
(3.10929 -0.292916 0)
(3.09905 -0.305619 0)
(3.09739 -0.331058 0)
(3.10722 -0.359463 0)
(3.09435 -0.248634 0)
(3.06928 -0.174116 0)
(3.01212 0.0529875 0)
(2.95294 0.207673 0)
(2.94159 0.198653 0)
(2.96098 0.102924 0)
(2.99451 0.0121073 0)
(2.99986 0.000296438 0)
(3 3.33315e-06 0)
(3.13571 -0.304154 0)
(3.12527 -0.295692 0)
(3.11054 -0.291297 0)
(3.10033 -0.304472 0)
(3.09504 -0.329443 0)
(3.10467 -0.361094 0)
(3.09391 -0.251585 0)
(3.06959 -0.167099 0)
(3.00884 0.0616592 0)
(2.9505 0.210129 0)
(2.94025 0.200034 0)
(2.96141 0.100559 0)
(2.99484 0.0112947 0)
(2.99987 0.000269257 0)
(3 3.00722e-06 0)
(3.13612 -0.303791 0)
(3.12494 -0.294729 0)
(3.1126 -0.289221 0)
(3.1012 -0.303782 0)
(3.09516 -0.330913 0)
(3.1024 -0.36226 0)
(3.09325 -0.255162 0)
(3.06681 -0.153134 0)
(3.00486 0.0721263 0)
(2.94766 0.212964 0)
(2.93922 0.200708 0)
(2.96225 0.0972025 0)
(2.99519 0.0104243 0)
(2.99988 0.000241743 0)
(3 2.67316e-06 0)
(3.13642 -0.303135 0)
(3.1248 -0.293812 0)
(3.11377 -0.288337 0)
(3.10141 -0.303855 0)
(3.09522 -0.327413 0)
(3.10058 -0.362707 0)
(3.09302 -0.258119 0)
(3.06275 -0.137491 0)
(3.00087 0.0823908 0)
(2.94433 0.216313 0)
(2.93817 0.201306 0)
(2.96294 0.0940349 0)
(2.99555 0.00952927 0)
(2.99989 0.000213179 0)
(3 2.3358e-06 0)
(3.13624 -0.302942 0)
(3.12555 -0.293011 0)
(3.11498 -0.287643 0)
(3.10153 -0.303846 0)
(3.09503 -0.321846 0)
(3.09952 -0.362433 0)
(3.09218 -0.261201 0)
(3.05958 -0.124621 0)
(2.99551 0.096088 0)
(2.94088 0.21938 0)
(2.93678 0.202055 0)
(2.96396 0.0896158 0)
(2.99596 0.00852513 0)
(2.99991 0.000184647 0)
(3 2.00035e-06 0)
(3.13565 -0.303832 0)
(3.1266 -0.293474 0)
(3.11611 -0.286923 0)
(3.10253 -0.30452 0)
(3.09472 -0.319389 0)
(3.09652 -0.358679 0)
(3.08958 -0.262828 0)
(3.0559 -0.1111 0)
(2.98991 0.109897 0)
(2.93731 0.222431 0)
(2.93415 0.201478 0)
(2.96486 0.085137 0)
(2.99638 0.0075154 0)
(2.99992 0.000156127 0)
(3 1.67348e-06 0)
(3.13337 -0.306239 0)
(3.12693 -0.29555 0)
(3.11699 -0.286727 0)
(3.10452 -0.30692 0)
(3.09448 -0.318865 0)
(3.09032 -0.348922 0)
(3.08518 -0.257219 0)
(3.04909 -0.0893119 0)
(2.98276 0.126768 0)
(2.93345 0.226108 0)
(2.93207 0.197194 0)
(2.96633 0.0792544 0)
(2.99685 0.00643434 0)
(2.99993 0.00012872 0)
(3 1.36219e-06 0)
(3.13038 -0.308654 0)
(3.12684 -0.29622 0)
(3.11833 -0.289227 0)
(3.1072 -0.310187 0)
(3.09541 -0.317823 0)
(3.08863 -0.339857 0)
(3.07874 -0.242135 0)
(3.04194 -0.0692031 0)
(2.97528 0.143379 0)
(2.92976 0.229545 0)
(2.93177 0.192492 0)
(2.96807 0.073073 0)
(2.99731 0.00539249 0)
(2.99995 0.000102778 0)
(3 1.07394e-06 0)
(3.12688 -0.311842 0)
(3.12541 -0.298337 0)
(3.11762 -0.297027 0)
(3.10884 -0.312377 0)
(3.09731 -0.318462 0)
(3.089 -0.341835 0)
(3.07029 -0.218132 0)
(3.03437 -0.05056 0)
(2.96579 0.163583 0)
(2.92574 0.233708 0)
(2.9307 0.18806 0)
(2.97069 0.0651844 0)
(2.99779 0.00435414 0)
(2.99996 7.92232e-05 0)
(3 8.15388e-07 0)
(3.12323 -0.314977 0)
(3.12115 -0.304731 0)
(3.1129 -0.305557 0)
(3.1081 -0.31827 0)
(3.09723 -0.319683 0)
(3.08858 -0.348795 0)
(3.05836 -0.186788 0)
(3.02432 -0.0254643 0)
(2.95568 0.182983 0)
(2.92124 0.238053 0)
(2.9287 0.185914 0)
(2.97345 0.0574244 0)
(2.99825 0.00339547 0)
(2.99997 5.84548e-05 0)
(3 5.92044e-07 0)
(3.12017 -0.317276 0)
(3.11644 -0.311814 0)
(3.10735 -0.311322 0)
(3.10192 -0.326282 0)
(3.09428 -0.319747 0)
(3.08592 -0.356199 0)
(3.0442 -0.148665 0)
(3.01169 0.0077197 0)
(2.94403 0.202838 0)
(2.9164 0.241499 0)
(2.92826 0.180542 0)
(2.97695 0.0484476 0)
(2.99869 0.00250366 0)
(2.99998 4.09614e-05 0)
(3 4.07446e-07 0)
(3.11817 -0.31878 0)
(3.11247 -0.318436 0)
(3.10113 -0.316021 0)
(3.093 -0.326599 0)
(3.08683 -0.317296 0)
(3.08221 -0.357087 0)
(3.04086 -0.118577 0)
(2.99686 0.0473681 0)
(2.93131 0.221389 0)
(2.91179 0.242914 0)
(2.92855 0.17266 0)
(2.98079 0.039163 0)
(2.99907 0.00174591 0)
(2.99998 2.69815e-05 0)
(3 2.62816e-07 0)
(3.11295 -0.321811 0)
(3.10647 -0.326495 0)
(3.09152 -0.324723 0)
(3.08531 -0.326438 0)
(3.08024 -0.306803 0)
(3.07964 -0.334951 0)
(3.04043 -0.100058 0)
(2.97442 0.104099 0)
(2.91883 0.236429 0)
(2.90762 0.243001 0)
(2.9309 0.159359 0)
(2.98484 0.0299192 0)
(2.99938 0.00112623 0)
(2.99999 1.64559e-05 0)
(3 1.56531e-07 0)
(3.11136 -0.316444 0)
(3.10332 -0.330866 0)
(3.08425 -0.332479 0)
(3.07795 -0.326615 0)
(3.06737 -0.285172 0)
(3.06475 -0.274483 0)
(3.03259 -0.0846198 0)
(2.95394 0.148448 0)
(2.90736 0.248608 0)
(2.90428 0.242906 0)
(2.93705 0.138441 0)
(2.98927 0.0204887 0)
(2.99963 0.00066018 0)
(2.99999 9.13454e-06 0)
(3 8.43949e-08 0)
(3.11322 -0.31751 0)
(3.09638 -0.330811 0)
(3.07925 -0.338903 0)
(3.0692 -0.342309 0)
(3.04335 -0.258419 0)
(3.04145 -0.201703 0)
(3.01097 -0.0239066 0)
(2.9283 0.201606 0)
(2.8982 0.256893 0)
(2.90302 0.2355 0)
(2.94675 0.112908 0)
(2.99313 0.0128994 0)
(2.9998 0.000348026 0)
(3 4.51181e-06 0)
(3 4.00777e-08 0)
(3.11891 -0.311862 0)
(3.10041 -0.317879 0)
(3.07665 -0.342644 0)
(3.06839 -0.363593 0)
(3.04098 -0.224976 0)
(3.0353 -0.161361 0)
(2.9786 0.0673038 0)
(2.9061 0.242942 0)
(2.89188 0.262099 0)
(2.90265 0.222395 0)
(2.95846 0.0849628 0)
(2.99617 0.00708637 0)
(2.99991 0.000158186 0)
(3 1.89803e-06 0)
(3 1.59364e-08 0)
(3 7.07911e-14 0)
(3 1.39217e-11 0)
(3 2.11274e-09 0)
(3 2.79808e-07 0)
(2.99998 2.92908e-05 0)
(2.99881 0.00196134 0)
(2.9764 0.0422016 0)
(2.90996 0.193664 0)
(2.88507 0.268412 0)
(2.87481 0.300263 0)
(2.87901 0.290501 0)
(2.8799 0.285308 0)
(2.87305 0.281803 0)
(2.86916 0.282151 0)
(2.87516 0.284981 0)
(3 8.93891e-14 0)
(3 1.90092e-11 0)
(3 2.79501e-09 0)
(3 3.85925e-07 0)
(2.99998 3.73603e-05 0)
(2.99864 0.00232377 0)
(2.97417 0.0477677 0)
(2.90692 0.204842 0)
(2.88431 0.270463 0)
(2.87499 0.300291 0)
(2.87938 0.290621 0)
(2.88005 0.285919 0)
(2.87355 0.281867 0)
(2.88012 0.276429 0)
(2.89167 0.273793 0)
(3 1.07874e-13 0)
(3 2.28471e-11 0)
(3 3.66895e-09 0)
(3 4.59751e-07 0)
(2.99997 4.30376e-05 0)
(2.99849 0.00254691 0)
(2.97215 0.0539455 0)
(2.9059 0.214161 0)
(2.88335 0.270487 0)
(2.87501 0.299898 0)
(2.87967 0.291115 0)
(2.88054 0.286687 0)
(2.87454 0.281738 0)
(2.8957 0.26428 0)
(2.90552 0.279961 0)
(3 1.29876e-13 0)
(3 2.67122e-11 0)
(3 4.42341e-09 0)
(3 5.49152e-07 0)
(2.99997 5.20682e-05 0)
(2.99816 0.00312683 0)
(2.97039 0.0573665 0)
(2.9055 0.21285 0)
(2.8825 0.270141 0)
(2.87513 0.299309 0)
(2.87993 0.291683 0)
(2.88068 0.287684 0)
(2.87628 0.281004 0)
(2.91615 0.242266 0)
(2.92031 0.2568 0)
(3 1.71699e-13 0)
(3 3.44538e-11 0)
(3 5.63604e-09 0)
(3 7.1628e-07 0)
(2.99996 6.79991e-05 0)
(2.99779 0.00377821 0)
(2.96645 0.0645444 0)
(2.90163 0.218579 0)
(2.8819 0.271024 0)
(2.87529 0.298261 0)
(2.88022 0.291965 0)
(2.88137 0.287455 0)
(2.87934 0.278559 0)
(2.93707 0.210098 0)
(2.93296 0.261746 0)
(3 2.09206e-13 0)
(3 4.64345e-11 0)
(3 7.58869e-09 0)
(3 9.60148e-07 0)
(2.99995 8.8598e-05 0)
(2.99723 0.00483765 0)
(2.96292 0.0720728 0)
(2.8973 0.23137 0)
(2.88169 0.270926 0)
(2.87536 0.296732 0)
(2.88007 0.292639 0)
(2.88215 0.287861 0)
(2.88485 0.273085 0)
(2.96018 0.163208 0)
(2.95223 0.223887 0)
(3 2.9553e-13 0)
(3 6.37423e-11 0)
(3 1.0466e-08 0)
(3 1.31352e-06 0)
(2.99993 0.000120082 0)
(2.99659 0.0059994 0)
(2.95858 0.0830081 0)
(2.8979 0.23632 0)
(2.88138 0.270762 0)
(2.87525 0.295634 0)
(2.88 0.292653 0)
(2.88252 0.288355 0)
(2.89376 0.260592 0)
(2.97958 0.105726 0)
(2.96978 0.226105 0)
(3 4.33337e-13 0)
(3 9.16383e-11 0)
(3 1.50221e-08 0)
(3 1.87289e-06 0)
(2.9999 0.000165898 0)
(2.99561 0.00791019 0)
(2.95514 0.0914918 0)
(2.89394 0.247811 0)
(2.88104 0.271591 0)
(2.87422 0.2958 0)
(2.87833 0.294037 0)
(2.88403 0.286591 0)
(2.90575 0.239787 0)
(3.00083 0.0295435 0)
(3.00335 0.166438 0)
(3 6.48734e-13 0)
(3 1.3829e-10 0)
(3 2.2566e-08 0)
(3 2.77164e-06 0)
(2.99986 0.000239099 0)
(2.99437 0.0102156 0)
(2.94858 0.107388 0)
(2.89267 0.254761 0)
(2.8811 0.273213 0)
(2.87321 0.295427 0)
(2.87712 0.294337 0)
(2.8866 0.282492 0)
(2.92217 0.2047 0)
(3.01599 -0.0491406 0)
(3.02305 0.156128 0)
(3 1.04848e-12 0)
(3 2.19207e-10 0)
(3 3.54767e-08 0)
(3 4.27263e-06 0)
(2.9998 0.000352451 0)
(2.99254 0.0137437 0)
(2.94438 0.117398 0)
(2.88952 0.264565 0)
(2.88144 0.27398 0)
(2.87292 0.294707 0)
(2.87684 0.293871 0)
(2.89354 0.269061 0)
(2.94063 0.15696 0)
(3.03763 -0.149224 0)
(3.06423 0.0717974 0)
(3 1.73491e-12 0)
(3 3.68092e-10 0)
(3 5.8694e-08 0)
(3 6.89309e-06 0)
(2.99969 0.000542436 0)
(2.98997 0.0187017 0)
(2.9355 0.138558 0)
(2.88699 0.272608 0)
(2.88163 0.273988 0)
(2.87378 0.293511 0)
(2.87793 0.290708 0)
(2.90251 0.250871 0)
(2.96117 0.0947313 0)
(3.04936 -0.23416 0)
(3.07205 0.0242287 0)
(3 3.18951e-12 0)
(3 6.58072e-10 0)
(3 1.02506e-07 0)
(2.99999 1.16164e-05 0)
(2.99951 0.000858638 0)
(2.98674 0.025082 0)
(2.9308 0.150815 0)
(2.88527 0.275642 0)
(2.88121 0.273002 0)
(2.87467 0.290934 0)
(2.88162 0.283297 0)
(2.92406 0.202855 0)
(2.9799 0.023038 0)
(3.06464 -0.342458 0)
(3.093 -0.0848143 0)
(3 6.19649e-12 0)
(3 1.25528e-09 0)
(3 1.89376e-07 0)
(2.99999 2.05871e-05 0)
(2.99921 0.00140123 0)
(2.98166 0.0356841 0)
(2.921 0.1747 0)
(2.88187 0.282683 0)
(2.88063 0.271708 0)
(2.87589 0.286578 0)
(2.89126 0.264126 0)
(2.94102 0.161361 0)
(2.99572 -0.0437715 0)
(3.07283 -0.402134 0)
(3.10644 -0.177663 0)
(3 1.31026e-11 0)
(3 2.55532e-09 0)
(3 3.69261e-07 0)
(2.99998 3.78498e-05 0)
(2.99871 0.00234614 0)
(2.97673 0.0460374 0)
(2.91519 0.190779 0)
(2.88077 0.28266 0)
(2.88021 0.270774 0)
(2.879 0.27863 0)
(2.90476 0.236256 0)
(2.97827 0.055566 0)
(3.00563 -0.118499 0)
(3.07191 -0.484451 0)
(3.12392 -0.275285 0)
(3 2.9816e-11 0)
(3 5.55079e-09 0)
(3 7.6108e-07 0)
(2.99996 7.31877e-05 0)
(2.99784 0.00397631 0)
(2.96779 0.0662034 0)
(2.9086 0.208572 0)
(2.87917 0.284295 0)
(2.87998 0.271125 0)
(2.88492 0.264562 0)
(2.93036 0.175198 0)
(2.99132 -0.00337052 0)
(3.00764 -0.161758 0)
(3.08998 -0.464892 0)
(3.13607 -0.338189 0)
(3 7.26744e-11 0)
(3 1.27962e-08 0)
(3 1.64652e-06 0)
(2.99992 0.000145749 0)
(2.99635 0.00684787 0)
(2.96011 0.082667 0)
(2.89959 0.232742 0)
(2.87778 0.290803 0)
(2.87979 0.271314 0)
(2.89476 0.242161 0)
(2.95271 0.113408 0)
(3.01917 -0.147823 0)
(3.01712 -0.20498 0)
(3.09929 -0.432313 0)
(3.12662 -0.399668 0)
(3 1.90603e-10 0)
(3 3.14073e-08 0)
(3 3.76337e-06 0)
(2.99983 0.000304239 0)
(2.99369 0.0118782 0)
(2.94724 0.111811 0)
(2.89617 0.244188 0)
(2.87606 0.292847 0)
(2.88128 0.269353 0)
(2.91506 0.195756 0)
(2.98455 0.00947303 0)
(3.03213 -0.228035 0)
(3.05162 -0.280653 0)
(3.10581 -0.37842 0)
(3.1207 -0.353374 0)
(3 5.36719e-10 0)
(3 8.20507e-08 0)
(2.99999 9.06726e-06 0)
(2.99963 0.000656291 0)
(2.98933 0.0203732 0)
(2.93377 0.143145 0)
(2.89168 0.252723 0)
(2.87697 0.291784 0)
(2.89208 0.253169 0)
(2.941 0.132885 0)
(3.00705 -0.0731215 0)
(3.03946 -0.29126 0)
(3.05913 -0.297832 0)
(3.10683 -0.334366 0)
(3.12456 -0.334437 0)
(3 1.61277e-09 0)
(3 2.27061e-07 0)
(2.99999 2.29376e-05 0)
(2.99919 0.00145318 0)
(2.98211 0.0347118 0)
(2.92352 0.167376 0)
(2.8883 0.262645 0)
(2.88083 0.286679 0)
(2.91514 0.211513 0)
(2.97633 0.0415598 0)
(3.02512 -0.151154 0)
(3.05344 -0.356314 0)
(3.06578 -0.313821 0)
(3.10827 -0.31634 0)
(3.12912 -0.31625 0)
(3 5.20381e-09 0)
(3 6.70783e-07 0)
(2.99996 6.16261e-05 0)
(2.99816 0.0033316 0)
(2.97101 0.0574217 0)
(2.90556 0.214724 0)
(2.8889 0.263758 0)
(2.88921 0.272703 0)
(2.94413 0.152472 0)
(3.01571 -0.0775247 0)
(3.03403 -0.225295 0)
(3.05003 -0.387797 0)
(3.07436 -0.339727 0)
(3.10839 -0.307168 0)
(3.12617 -0.302315 0)
(2.86138 0.282741 0)
(2.86497 0.283688 0)
(2.8728 0.280862 0)
(2.87923 0.284938 0)
(2.87865 0.290345 0)
(2.87458 0.300492 0)
(2.88575 0.266453 0)
(2.91126 0.187342 0)
(2.97834 0.0384616 0)
(2.99903 0.00151617 0)
(2.99999 2.09297e-05 0)
(3 2.18431e-07 0)
(3 2.03625e-09 0)
(3 1.04366e-11 0)
(3 5.63666e-14 0)
(2.86072 0.28257 0)
(2.86447 0.28292 0)
(2.87211 0.280376 0)
(2.87865 0.284292 0)
(2.87778 0.289927 0)
(2.87432 0.300893 0)
(2.88693 0.26433 0)
(2.915 0.181029 0)
(2.97936 0.0372961 0)
(2.99913 0.00139046 0)
(2.99999 2.37361e-05 0)
(3 2.59981e-07 0)
(3 2.08768e-09 0)
(3 1.16783e-11 0)
(3 5.3338e-14 0)
(2.86027 0.283072 0)
(2.86434 0.282107 0)
(2.87156 0.279923 0)
(2.8779 0.283628 0)
(2.87716 0.290161 0)
(2.87384 0.301413 0)
(2.88825 0.262068 0)
(2.91526 0.180774 0)
(2.98062 0.035367 0)
(2.99917 0.0013785 0)
(2.99999 2.08461e-05 0)
(3 2.08096e-07 0)
(3 1.53682e-09 0)
(3 1.07652e-11 0)
(3 4.45003e-14 0)
(2.85967 0.283383 0)
(2.86422 0.281556 0)
(2.87109 0.279557 0)
(2.87726 0.283332 0)
(2.8762 0.290562 0)
(2.87306 0.301657 0)
(2.88871 0.260823 0)
(2.91707 0.178004 0)
(2.98226 0.031847 0)
(2.99927 0.00118094 0)
(2.99999 1.66152e-05 0)
(3 1.62568e-07 0)
(3 1.22519e-09 0)
(3 8.26821e-12 0)
(3 3.68783e-14 0)
(2.85906 0.283115 0)
(2.86395 0.281665 0)
(2.87073 0.279155 0)
(2.87639 0.282368 0)
(2.8752 0.29047 0)
(2.87227 0.302046 0)
(2.88975 0.258298 0)
(2.92009 0.170439 0)
(2.98409 0.0282161 0)
(2.99939 0.000980485 0)
(2.99999 1.41508e-05 0)
(3 1.42235e-07 0)
(3 1.11139e-09 0)
(3 6.35055e-12 0)
(3 2.95036e-14 0)
(2.85863 0.282935 0)
(2.8641 0.281287 0)
(2.87047 0.279001 0)
(2.87566 0.282008 0)
(2.87411 0.28973 0)
(2.87125 0.301674 0)
(2.89167 0.254302 0)
(2.92432 0.161203 0)
(2.98584 0.025129 0)
(2.99949 0.000816263 0)
(2.99999 1.14499e-05 0)
(3 1.12213e-07 0)
(3 8.55976e-10 0)
(3 5.22124e-12 0)
(3 2.34082e-14 0)
(2.85854 0.28298 0)
(2.86435 0.281301 0)
(2.87036 0.278974 0)
(2.87489 0.281666 0)
(2.87276 0.289708 0)
(2.86997 0.301879 0)
(2.89425 0.249509 0)
(2.92806 0.153642 0)
(2.98759 0.0221372 0)
(2.99958 0.000678811 0)
(2.99999 9.48839e-06 0)
(3 9.36323e-08 0)
(3 7.15615e-10 0)
(3 4.1268e-12 0)
(3 1.72485e-14 0)
(2.85898 0.28273 0)
(2.86472 0.281146 0)
(2.87058 0.278987 0)
(2.87435 0.282218 0)
(2.8714 0.290102 0)
(2.86861 0.302532 0)
(2.89701 0.244347 0)
(2.93378 0.142417 0)
(2.98968 0.0183007 0)
(2.99967 0.000528268 0)
(3 7.00676e-06 0)
(3 6.60942e-08 0)
(3 4.84361e-10 0)
(3 3.06252e-12 0)
(3 1.27243e-14 0)
(2.85991 0.28332 0)
(2.86493 0.281031 0)
(2.87083 0.278969 0)
(2.87416 0.283041 0)
(2.87045 0.290631 0)
(2.86746 0.304734 0)
(2.90112 0.238242 0)
(2.93906 0.132471 0)
(2.99143 0.0153566 0)
(2.99975 0.000413168 0)
(3 5.5189e-06 0)
(3 5.3453e-08 0)
(3 4.02816e-10 0)
(3 2.20997e-12 0)
(3 8.79148e-15 0)
(2.86115 0.283592 0)
(2.86539 0.28112 0)
(2.87136 0.279156 0)
(2.8745 0.283571 0)
(2.87003 0.291405 0)
(2.86715 0.30838 0)
(2.9041 0.233795 0)
(2.94522 0.11962 0)
(2.99327 0.0120028 0)
(2.99981 0.00030082 0)
(3 3.7343e-06 0)
(3 3.38106e-08 0)
(3 2.35833e-10 0)
(3 1.44106e-12 0)
(3 6.04075e-15 0)
(2.86276 0.284245 0)
(2.8665 0.281052 0)
(2.87224 0.279562 0)
(2.87491 0.284146 0)
(2.87071 0.292082 0)
(2.86847 0.312794 0)
(2.90693 0.229015 0)
(2.95088 0.106445 0)
(2.99467 0.00958857 0)
(2.99987 0.000215378 0)
(3 2.7626e-06 0)
(3 2.60026e-08 0)
(3 1.95186e-10 0)
(3 1.07182e-12 0)
(3 4.05202e-15 0)
(2.86421 0.284852 0)
(2.86758 0.281577 0)
(2.87291 0.279658 0)
(2.87557 0.285072 0)
(2.87311 0.291598 0)
(2.87106 0.31658 0)
(2.90811 0.224413 0)
(2.95714 0.0901583 0)
(2.99616 0.00671161 0)
(2.99991 0.000144108 0)
(3 1.6414e-06 0)
(3 1.41008e-08 0)
(3 9.31085e-11 0)
(3 5.38846e-13 0)
(3 1.40754e-15 0)
(2.86523 0.285626 0)
(2.86833 0.282679 0)
(2.87385 0.279643 0)
(2.87748 0.284936 0)
(2.8764 0.288765 0)
(2.87181 0.317314 0)
(2.90938 0.213905 0)
(2.96348 0.0735957 0)
(2.99725 0.00478295 0)
(2.99994 9.08455e-05 0)
(3 1.11289e-06 0)
(3 1.01307e-08 0)
(3 7.46711e-11 0)
(3 4.10907e-13 0)
(3 3.6092e-16 0)
(2.86584 0.286284 0)
(2.86861 0.28365 0)
(2.87449 0.280065 0)
(2.87912 0.284383 0)
(2.87954 0.283876 0)
(2.87109 0.309925 0)
(2.9103 0.201924 0)
(2.97073 0.0559711 0)
(2.99823 0.00298154 0)
(2.99997 5.27868e-05 0)
(3 5.46766e-07 0)
(3 4.42609e-09 0)
(3 2.67863e-11 0)
(3 1.44659e-13 0)
(3 -4.051e-16 0)
(2.86614 0.286804 0)
(2.86835 0.285345 0)
(2.87418 0.280315 0)
(2.87935 0.283558 0)
(2.88242 0.279551 0)
(2.87843 0.2927 0)
(2.91544 0.182523 0)
(2.97871 0.0387908 0)
(2.99897 0.00168183 0)
(2.99998 2.72798e-05 0)
(3 3.31277e-07 0)
(3 2.88018e-09 0)
(3 2.1119e-11 0)
(3 9.89017e-14 0)
(3 -7.31221e-16 0)
(2.8664 0.288364 0)
(2.86835 0.288093 0)
(2.87358 0.281958 0)
(2.87907 0.283637 0)
(2.88408 0.276897 0)
(2.88603 0.275145 0)
(2.92634 0.156216 0)
(2.98636 0.0241095 0)
(2.99947 0.000852214 0)
(2.99999 1.35891e-05 0)
(3 1.19033e-07 0)
(3 9.22872e-10 0)
(3 4.93173e-12 0)
(3 3.59097e-14 0)
(3 -8.7215e-16 0)
(2.86474 0.287169 0)
(2.86764 0.289857 0)
(2.87292 0.287329 0)
(2.87836 0.286849 0)
(2.88482 0.273739 0)
(2.89635 0.252621 0)
(2.94364 0.118267 0)
(2.99239 0.0133817 0)
(2.99976 0.000379955 0)
(3 4.95319e-06 0)
(3 6.29476e-08 0)
(3 5.08654e-10 0)
(3 3.75054e-12 0)
(3 1.15893e-14 0)
(3 -8.80762e-16 0)
(2.86219 0.28664 0)
(2.86801 0.290472 0)
(2.87489 0.292124 0)
(2.87721 0.292591 0)
(2.88421 0.270818 0)
(2.89364 0.246927 0)
(2.96077 0.0793841 0)
(2.99646 0.0062215 0)
(2.99991 0.000141128 0)
(3 2.03314e-06 0)
(3 1.45265e-08 0)
(3 1.04698e-10 0)
(3 4.97724e-13 0)
(3 2.82507e-15 0)
(3 -8.63557e-16 0)
(2.8577 0.284768 0)
(2.86998 0.290418 0)
(2.87806 0.29418 0)
(2.87578 0.300639 0)
(2.88642 0.267826 0)
(2.90519 0.215069 0)
(2.97658 0.0448236 0)
(2.99861 0.00242514 0)
(2.99997 4.46922e-05 0)
(3 4.88391e-07 0)
(3 5.75448e-09 0)
(3 4.26051e-11 0)
(3 3.17901e-13 0)
(3 6.09618e-16 0)
(3 -8.41846e-16 0)
(2.85439 0.282061 0)
(2.86973 0.283802 0)
(2.87916 0.293911 0)
(2.87576 0.312278 0)
(2.89836 0.247035 0)
(2.93658 0.135046 0)
(2.98941 0.0192021 0)
(2.99962 0.000626617 0)
(2.99999 9.99502e-06 0)
(3 1.14313e-07 0)
(3 6.77634e-10 0)
(3 3.76582e-12 0)
(3 1.84891e-14 0)
(3 -2.48419e-16 0)
(3 -8.10443e-16 0)
(3 -5.37976e-16 0)
(3 -5.3902e-17 0)
(3 -1.26299e-16 0)
(3 -9.16729e-17 0)
(3 -6.38797e-17 0)
(3 -9.23918e-17 0)
(3 3.17188e-17 0)
(3 7.92876e-17 0)
(3 3.19388e-16 0)
(3 5.78866e-15 0)
(3 3.72454e-12 0)
(3 1.93519e-09 0)
(3 8.8371e-07 0)
(2.99976 0.00027547 0)
(2.99355 -0.00210778 0)
(3 -5.41354e-16 0)
(3 -5.68042e-17 0)
(3 -1.28968e-16 0)
(3 -8.88466e-17 0)
(3 -5.5551e-17 0)
(3 -8.91976e-17 0)
(3 3.34377e-17 0)
(3 6.71327e-17 0)
(3 5.40512e-16 0)
(3 1.42198e-13 0)
(3 7.31928e-11 0)
(3 3.10413e-08 0)
(2.99999 9.04063e-06 0)
(2.99873 0.00170558 0)
(2.98287 0.0060532 0)
(3 -5.43995e-16 0)
(3 -6.04081e-17 0)
(3 -1.29028e-16 0)
(3 -8.97299e-17 0)
(3 -5.76325e-17 0)
(3 -8.77177e-17 0)
(3 3.42608e-17 0)
(3 1.01672e-16 0)
(3 2.85876e-15 0)
(3 1.58441e-12 0)
(3 6.49229e-10 0)
(3 1.86435e-07 0)
(2.99997 4.07933e-05 0)
(2.99676 0.00460887 0)
(2.97233 0.0033772 0)
(3 -5.48332e-16 0)
(3 -6.23495e-17 0)
(3 -1.18549e-16 0)
(3 -8.2402e-17 0)
(3 -7.78147e-17 0)
(3 -8.4154e-17 0)
(3 3.27664e-17 0)
(3 -6.72173e-17 0)
(3 3.59844e-14 0)
(3 1.09736e-11 0)
(3 3.46871e-09 0)
(3 8.56437e-07 0)
(2.9999 0.00013481 0)
(2.99312 0.0106056 0)
(2.95972 0.0195801 0)
(3 -5.51727e-16 0)
(3 -6.70826e-17 0)
(3 -1.2196e-16 0)
(3 -8.4268e-17 0)
(3 -6.69785e-17 0)
(3 -8.27146e-17 0)
(3 1.45734e-17 0)
(3 4.19966e-16 0)
(3 1.69047e-13 0)
(3 6.33227e-11 0)
(3 1.68258e-08 0)
(3 3.04308e-06 0)
(2.99975 0.000376458 0)
(2.98836 0.0192808 0)
(2.94942 0.0213488 0)
(3 -5.57903e-16 0)
(3 -6.84214e-17 0)
(3 -1.24428e-16 0)
(3 -8.9828e-17 0)
(3 -7.18244e-17 0)
(3 -7.09938e-17 0)
(3 9.65338e-18 0)
(3 2.39628e-15 0)
(3 1.1026e-12 0)
(3 2.99522e-10 0)
(3 6.33179e-08 0)
(2.99999 1.00375e-05 0)
(2.99941 0.000927714 0)
(2.98053 0.0347143 0)
(2.93536 0.0455639 0)
(3 -5.61979e-16 0)
(3 -7.01001e-17 0)
(3 -1.324e-16 0)
(3 -9.42781e-17 0)
(3 -7.32095e-17 0)
(3 -5.54043e-17 0)
(3 1.9809e-17 0)
(3 2.01793e-14 0)
(3 5.02005e-12 0)
(3 1.31828e-09 0)
(3 2.40137e-07 0)
(2.99998 2.91161e-05 0)
(2.99875 0.00211255 0)
(2.97252 0.0529645 0)
(2.926 0.0532223 0)
(3 -5.66582e-16 0)
(3 -7.38068e-17 0)
(3 -1.32017e-16 0)
(3 -1.0305e-16 0)
(3 -7.46052e-17 0)
(3 -2.4847e-17 0)
(3 1.18019e-16 0)
(3 9.80625e-14 0)
(3 2.65916e-11 0)
(3 5.2428e-09 0)
(3 7.7975e-07 0)
(2.99995 8.39718e-05 0)
(2.99744 0.00455805 0)
(2.95852 0.0846438 0)
(2.91036 0.0846165 0)
(3 -5.73338e-16 0)
(3 -8.72142e-17 0)
(3 -1.34412e-16 0)
(3 -9.33222e-17 0)
(3 -7.9056e-17 0)
(3 -1.19452e-17 0)
(3 1.1503e-15 0)
(3 4.91255e-13 0)
(3 1.09409e-10 0)
(3 2.03642e-08 0)
(3 2.65396e-06 0)
(2.99986 0.000222776 0)
(2.99524 0.00913682 0)
(2.94829 0.114982 0)
(2.90254 0.0998785 0)
(3 -5.93466e-16 0)
(3 -7.68946e-17 0)
(3 -1.39636e-16 0)
(3 -9.82962e-17 0)
(3 -6.6612e-17 0)
(3 1.50727e-17 0)
(3 8.74879e-15 0)
(3 2.31004e-12 0)
(3 5.1144e-10 0)
(3 7.55914e-08 0)
(2.99999 8.23274e-06 0)
(2.99964 0.000615291 0)
(2.99112 0.0182592 0)
(2.92626 0.168478 0)
(2.88612 0.13435 0)
(3 -6.08546e-16 0)
(3 -8.33906e-17 0)
(3 -1.4386e-16 0)
(3 -2.46084e-17 0)
(3 -3.86094e-17 0)
(3 4.51674e-17 0)
(3 5.63643e-14 0)
(3 1.19492e-11 0)
(3 2.05733e-09 0)
(3 2.83007e-07 0)
(2.99998 2.71564e-05 0)
(2.99913 0.00156086 0)
(2.98534 0.0324719 0)
(2.9169 0.208233 0)
(2.88009 0.159542 0)
(3 -6.3e-16 0)
(3 -7.59955e-17 0)
(3 -1.51942e-16 0)
(3 -3.39116e-17 0)
(3 -2.84749e-17 0)
(3 6.65929e-16 0)
(3 2.88545e-13 0)
(3 5.67788e-11 0)
(3 9.27713e-09 0)
(3 1.05492e-06 0)
(2.99995 8.65967e-05 0)
(2.99774 0.0043067 0)
(2.97488 0.0603843 0)
(2.88738 0.278438 0)
(2.86482 0.190381 0)
(3 -6.33412e-16 0)
(3 -8.40758e-17 0)
(3 -1.53474e-16 0)
(3 -3.17528e-17 0)
(3 -2.9155e-17 0)
(3 8.81749e-15 0)
(3 1.60309e-12 0)
(3 2.84838e-10 0)
(3 3.88018e-08 0)
(3 4.09396e-06 0)
(2.99983 0.000288895 0)
(2.99491 0.0102787 0)
(2.96453 0.0921471 0)
(2.87977 0.317055 0)
(2.86363 0.231671 0)
(3 -6.4119e-16 0)
(3 -1.03054e-16 0)
(3 -1.54235e-16 0)
(3 -2.96484e-17 0)
(3 1.91722e-16 0)
(3 3.62838e-14 0)
(3 8.47841e-12 0)
(3 1.45083e-09 0)
(3 1.82415e-07 0)
(2.99999 1.61548e-05 0)
(2.99941 0.000993389 0)
(2.98679 0.0278214 0)
(2.9444 0.153192 0)
(2.85256 0.375274 0)
(2.85241 0.261757 0)
(3 -6.68062e-16 0)
(3 -1.07534e-16 0)
(3 -1.35859e-16 0)
(3 -4.29062e-17 0)
(3 1.02517e-15 0)
(3 3.06179e-13 0)
(3 5.45898e-11 0)
(3 7.69824e-09 0)
(3 8.44529e-07 0)
(2.99996 7.13064e-05 0)
(2.99807 0.00346396 0)
(2.97566 0.060086 0)
(2.93967 0.198639 0)
(2.84527 0.379112 0)
(2.84246 0.295734 0)
(3 -7.00812e-16 0)
(3 -1.03434e-16 0)
(3 -1.36052e-16 0)
(3 -3.70001e-17 0)
(3 7.90701e-15 0)
(3 2.07141e-12 0)
(3 3.34636e-10 0)
(3 4.64151e-08 0)
(3 4.76347e-06 0)
(2.9998 0.000326603 0)
(2.99319 0.0130455 0)
(2.94755 0.138027 0)
(2.90495 0.254808 0)
(2.83035 0.351235 0)
(2.84846 0.307751 0)
(3 -7.2761e-16 0)
(3 -1.21942e-16 0)
(3 -1.55146e-16 0)
(3 2.71051e-16 0)
(3 1.03379e-13 0)
(3 1.55524e-11 0)
(3 2.59932e-09 0)
(3 3.03247e-07 0)
(2.99998 2.67972e-05 0)
(2.99902 0.00171428 0)
(2.98178 0.0370198 0)
(2.92595 0.195339 0)
(2.89284 0.277672 0)
(2.85718 0.322668 0)
(2.84892 0.303863 0)
(3 -7.44688e-16 0)
(3 -1.41453e-16 0)
(3 -1.39445e-16 0)
(3 3.67697e-15 0)
(3 1.0948e-12 0)
(3 1.47761e-10 0)
(3 2.00021e-08 0)
(3 2.19372e-06 0)
(2.99989 0.000174511 0)
(2.99592 0.00695417 0)
(2.95543 0.0944128 0)
(2.89453 0.26934 0)
(2.88802 0.287509 0)
(2.86033 0.303872 0)
(2.84691 0.291664 0)
(3 -7.65915e-16 0)
(3 -1.90512e-16 0)
(3 -1.07553e-17 0)
(3 4.70109e-14 0)
(3 6.25133e-12 0)
(3 1.37176e-09 0)
(3 1.70724e-07 0)
(2.99999 1.55809e-05 0)
(2.99942 0.000951482 0)
(2.98542 0.0277083 0)
(2.93112 0.153211 0)
(2.88399 0.29679 0)
(2.88497 0.287321 0)
(2.86741 0.283478 0)
(2.84955 0.284886 0)
(3 -7.85906e-16 0)
(3 -2.52445e-16 0)
(3 2.28648e-15 0)
(3 8.38083e-13 0)
(3 1.22801e-10 0)
(3 1.30355e-08 0)
(3 1.41923e-06 0)
(2.99993 0.000111083 0)
(2.99709 0.00503714 0)
(2.9645 0.0695851 0)
(2.90609 0.22611 0)
(2.87734 0.318788 0)
(2.88017 0.288252 0)
(2.86525 0.275053 0)
(2.84983 0.279498 0)
(3 -5.34995e-16 0)
(3 -5.33951e-16 0)
(3 -5.32612e-16 0)
(3 -5.30376e-16 0)
(3 -5.24195e-16 0)
(3 -5.16308e-16 0)
(3 -5.16995e-16 0)
(3 -5.03352e-16 0)
(3 -4.97733e-16 0)
(3 -4.65686e-16 0)
(3 -4.39855e-16 0)
(3 -4.27274e-16 0)
(3 -4.07532e-16 0)
(3 -3.96897e-16 0)
(3 -2.82043e-16 0)
(3 -2.23843e-16 0)
(3 -1.8646e-16 0)
(3 -1.03956e-16 0)
(3 -4.40919e-17 0)
(3 -5.58213e-17 0)
(3 -5.28229e-17 0)
(3 -5.05665e-17 0)
(3 -4.95799e-17 0)
(3 -4.83218e-17 0)
(3 -4.82822e-17 0)
(3 -4.41845e-17 0)
(3 -4.17135e-17 0)
(3 -4.135e-17 0)
(3 -2.38064e-17 0)
(3 -3.07982e-17 0)
(3 -4.03367e-17 0)
(3 -3.7436e-17 0)
(3 -2.12558e-18 0)
(3 -8.00147e-18 0)
(3 -1.2761e-17 0)
(3 -8.0697e-17 0)
(3 -1.31511e-17 0)
(3 -6.89283e-17 0)
(3 -5.94676e-17 0)
(3 8.49658e-18 0)
(3 -1.25934e-16 0)
(3 -1.26268e-16 0)
(3 -1.27045e-16 0)
(3 -1.27725e-16 0)
(3 -1.29984e-16 0)
(3 -1.5388e-16 0)
(3 -1.50592e-16 0)
(3 -1.51246e-16 0)
(3 -1.53888e-16 0)
(3 -1.60096e-16 0)
(3 -1.76248e-16 0)
(3 -1.76245e-16 0)
(3 -1.65733e-16 0)
(3 -1.32664e-16 0)
(3 -2.4492e-16 0)
(3 -1.90675e-16 0)
(3 -1.85812e-16 0)
(3 -2.07827e-16 0)
(3 -2.20942e-16 0)
(3 -1.25908e-16 0)
(3 -9.19095e-17 0)
(3 -9.24527e-17 0)
(3 -8.94829e-17 0)
(3 -8.87725e-17 0)
(3 -8.87957e-17 0)
(3 -9.62907e-17 0)
(3 -9.53023e-17 0)
(3 -7.65799e-17 0)
(3 -9.13385e-17 0)
(3 -9.93837e-17 0)
(3 -9.07569e-17 0)
(3 -7.8197e-17 0)
(3 -2.02468e-16 0)
(3 -1.49886e-16 0)
(3 -1.62904e-16 0)
(3 -1.26641e-16 0)
(3 -2.96168e-16 0)
(3 -1.61404e-16 0)
(3 -1.51953e-16 0)
(3 -1.43356e-16 0)
(3 -6.45861e-17 0)
(3 -6.48958e-17 0)
(3 -6.40375e-17 0)
(3 -6.591e-17 0)
(3 -4.83682e-17 0)
(3 -1.90311e-17 0)
(3 -1.88854e-17 0)
(3 -2.99598e-17 0)
(3 -2.66035e-17 0)
(3 -2.85921e-17 0)
(3 -1.04246e-17 0)
(3 -4.05186e-17 0)
(3 -4.26976e-17 0)
(3 -3.22868e-17 0)
(3 -9.41258e-17 0)
(3 -1.29091e-16 0)
(3 -1.08076e-16 0)
(3 -7.53289e-17 0)
(3 -1.61456e-17 0)
(3 -1.61279e-17 0)
(3 -9.31088e-17 0)
(3 -9.2531e-17 0)
(3 -9.40642e-17 0)
(3 -9.58832e-17 0)
(3 -9.62034e-17 0)
(3 -9.52665e-17 0)
(3 -1.04724e-16 0)
(3 -1.20703e-16 0)
(3 -9.77337e-17 0)
(3 -8.6278e-17 0)
(3 -7.61903e-17 0)
(3 -2.12105e-17 0)
(3 -1.14949e-16 0)
(3 -4.90791e-17 0)
(3 -1.87304e-17 0)
(3 3.17905e-18 0)
(3 1.28531e-16 0)
(3 4.78956e-17 0)
(3 3.22305e-17 0)
(3 1.99971e-17 0)
(3 4.09915e-17 0)
(3 4.08556e-17 0)
(3 3.79145e-17 0)
(3 4.79984e-17 0)
(3 4.4296e-17 0)
(3 4.35565e-17 0)
(3 1.62941e-17 0)
(3 4.23224e-17 0)
(3 2.54334e-17 0)
(3 1.90333e-17 0)
(3 -1.85398e-17 0)
(3 1.75029e-17 0)
(3 -6.30139e-17 0)
(3 5.35396e-17 0)
(3 1.21128e-16 0)
(3 1.92434e-16 0)
(3 2.50974e-16 0)
(3 2.7239e-16 0)
(3 1.73354e-16 0)
(3 2.72374e-16 0)
(3 8.53295e-17 0)
(3 8.43395e-17 0)
(3 8.52277e-17 0)
(3 7.84117e-17 0)
(3 5.68382e-17 0)
(3 9.05025e-17 0)
(3 3.74764e-17 0)
(3 8.05252e-17 0)
(3 5.75386e-17 0)
(3 8.89293e-17 0)
(3 1.18334e-16 0)
(3 1.67202e-16 0)
(3 2.07011e-16 0)
(3 6.05695e-17 0)
(3 1.53359e-16 0)
(3 3.61716e-17 0)
(3 2.78469e-17 0)
(3 4.31762e-17 0)
(3 -1.48536e-16 0)
(3 1.89452e-16 0)
(3 3.01691e-16 0)
(3 3.15892e-16 0)
(3 3.16273e-16 0)
(3 3.14035e-16 0)
(3 2.83291e-16 0)
(3 2.82508e-16 0)
(3 3.11535e-16 0)
(3 3.17868e-16 0)
(3 3.27375e-16 0)
(3 2.95498e-16 0)
(3 3.24974e-16 0)
(3 3.80146e-16 0)
(3 4.08753e-16 0)
(3 2.90967e-16 0)
(3 2.74494e-16 0)
(3 2.46892e-16 0)
(3 4.82354e-17 0)
(3 3.80167e-17 0)
(3 -6.76589e-17 0)
(3 3.79979e-17 0)
(3 2.95628e-16 0)
(3 3.01483e-16 0)
(3 2.83799e-16 0)
(3 2.92561e-16 0)
(3 3.12596e-16 0)
(3 3.17618e-16 0)
(3 3.01118e-16 0)
(3 2.76503e-16 0)
(3 3.05417e-16 0)
(3 4.16354e-16 0)
(3 3.26738e-16 0)
(3 2.10852e-16 0)
(3 3.19159e-16 0)
(3 3.52947e-16 0)
(3 3.26687e-16 0)
(3 4.31295e-16 0)
(3 3.60265e-16 0)
(3 3.29387e-16 0)
(3 3.29341e-16 0)
(3 2.53231e-17 0)
(3 1.87559e-16 0)
(3 1.91919e-16 0)
(3 1.8778e-16 0)
(3 1.83363e-16 0)
(3 2.14283e-16 0)
(3 1.85809e-16 0)
(3 1.67224e-16 0)
(3 9.66915e-17 0)
(3 8.01824e-17 0)
(3 1.48515e-16 0)
(3 1.89475e-16 0)
(3 1.52937e-16 0)
(3 4.56833e-16 0)
(3 6.2241e-16 0)
(3 7.3569e-16 0)
(3 8.51394e-16 0)
(3 9.61648e-16 0)
(3 5.48715e-16 0)
(3 6.97509e-16 0)
(3 2.72488e-16 0)
(3 2.12991e-16 0)
(3 2.88282e-16 0)
(3 3.18854e-16 0)
(3 3.2498e-16 0)
(3 2.75288e-16 0)
(3 3.00336e-16 0)
(3 3.22577e-16 0)
(3 3.40661e-16 0)
(3 3.51963e-16 0)
(3 7.66459e-17 0)
(3 2.16049e-17 0)
(3 3.96293e-19 0)
(3 -1.31439e-17 0)
(3 7.70522e-17 0)
(3 1.02244e-16 0)
(3 1.64176e-16 0)
(3 1.4764e-16 0)
(3 2.57039e-16 0)
(3 3.07295e-16 0)
(3 2.6637e-17 0)
(3 -4.72673e-17 0)
(3 -3.01762e-17 0)
(3 -6.22342e-17 0)
(3 -5.01756e-17 0)
(3 -7.67611e-17 0)
(3 -1.12592e-16 0)
(3 1.39136e-17 0)
(3 1.26667e-16 0)
(3 2.79475e-16 0)
(3 4.19097e-16 0)
(3 2.90528e-16 0)
(3 4.69373e-16 0)
(3 -1.20452e-16 0)
(3 -3.24192e-16 0)
(3 -3.53586e-16 0)
(3 -4.59257e-16 0)
(3 -7.60043e-16 0)
(3 -2.6828e-16 0)
(3 -3.24168e-16 0)
(3 -4.47149e-16 0)
(3 -2.96385e-16 0)
(3 -2.45849e-16 0)
(3 -2.58641e-16 0)
(3 -2.69898e-16 0)
(3 -2.36376e-16 0)
(3 -2.3369e-16 0)
(3 -2.65521e-16 0)
(3 -2.63041e-16 0)
(3 -3.47567e-16 0)
(3 -2.28171e-16 0)
(3 -2.56207e-16 0)
(3 -2.65984e-16 0)
(3 -2.74632e-16 0)
(3 -3.41937e-16 0)
(3 -2.76997e-16 0)
(3 -2.76947e-16 0)
(3 -1.66127e-16 0)
(3 -4.48239e-16 0)
(3 -5.53862e-16 0)
(3 -2.56662e-16 0)
(3 -1.91936e-16 0)
(3 -2.96762e-16 0)
(3 -2.97684e-16 0)
(3 -3.00328e-16 0)
(3 -2.97964e-16 0)
(3 -2.22899e-16 0)
(3 -3.28216e-16 0)
(3 -3.25587e-16 0)
(3 -4.93343e-16 0)
(3 -5.65083e-16 0)
(3 -6.14553e-16 0)
(3 -9.59916e-16 0)
(3 -4.21061e-16 0)
(3 -6.05353e-16 0)
(3 -4.59211e-16 0)
(3 -3.2105e-16 0)
(3 -7.50438e-17 0)
(3 -1.59157e-16 0)
(3 -1.37203e-16 0)
(3 -1.98689e-17 0)
(3 -3.17535e-16 0)
(3 -3.17203e-16 0)
(3 -3.27258e-16 0)
(3 -3.31118e-16 0)
(3 -3.38917e-16 0)
(3 -3.48645e-16 0)
(3 -3.62319e-16 0)
(3 -3.65267e-16 0)
(3 -3.87901e-16 0)
(3 -4.32373e-16 0)
(3 -4.48482e-16 0)
(3 -3.55991e-16 0)
(3 -4.9798e-17 0)
(3 -7.74214e-16 0)
(3 -6.99779e-16 0)
(3 -9.68273e-16 0)
(3 -2.098e-17 0)
(3 2.42785e-16 0)
(3 2.74405e-16 0)
(3 5.85914e-17 0)
(3 -2.54489e-16 0)
(3 -3.05115e-16 0)
(3 -3.0809e-16 0)
(3 -2.97716e-16 0)
(3 -3.39092e-16 0)
(3 -3.66874e-16 0)
(3 -3.56369e-16 0)
(3 -3.8495e-16 0)
(3 -4.02535e-16 0)
(3 -1.90544e-16 0)
(3 -3.84684e-16 0)
(3 -4.15391e-16 0)
(3 -2.78343e-17 0)
(3 -5.51771e-17 0)
(3 -3.80257e-17 0)
(3 -2.80149e-18 0)
(3 2.66455e-16 0)
(3 4.17838e-16 0)
(3 5.53862e-16 0)
(3 2.9296e-16 0)
(3 -1.17617e-16 0)
(3 -1.4475e-16 0)
(3 -1.08714e-16 0)
(3 -1.28545e-16 0)
(3 -1.14977e-16 0)
(3 -1.11764e-16 0)
(3 -1.31578e-16 0)
(3 -2.22436e-16 0)
(3 -2.34641e-16 0)
(3 -7.58542e-17 0)
(3 9.04602e-19 0)
(3 2.23336e-17 0)
(3 2.22727e-17 0)
(3 4.80273e-16 0)
(3 5.99058e-16 0)
(3 6.86408e-16 0)
(3 1.34827e-16 0)
(3 1.01889e-16 0)
(3 2.70856e-16 0)
(3 4.47149e-16 0)
(3 2.24559e-16 0)
(3 1.85684e-16 0)
(3 1.54924e-16 0)
(3 1.39792e-16 0)
(3 1.76022e-16 0)
(3 2.1864e-16 0)
(3 2.21061e-16 0)
(3 2.25527e-16 0)
(3 2.43461e-16 0)
(3 1.89484e-16 0)
(3 3.06744e-16 0)
(3 3.62608e-16 0)
(3 1.98449e-16 0)
(3 3.59664e-17 0)
(3 -1.35685e-17 0)
(3 3.60874e-17 0)
(3 -5.35777e-17 0)
(3 -7.70412e-17 0)
(3 -1.82014e-16 0)
(3 -2.90031e-17 0)
(3 -3.05217e-17 0)
(3 -4.70198e-18 0)
(3 -2.09849e-17 0)
(3 -1.29787e-17 0)
(3 -3.59162e-17 0)
(3 -4.01006e-17 0)
(3 -6.71806e-18 0)
(3 3.04382e-17 0)
(3 -7.86248e-18 0)
(3 -1.38312e-16 0)
(3 -2.30357e-16 0)
(3 -1.47578e-16 0)
(3 -2.42056e-16 0)
(3 -3.00978e-16 0)
(3 -3.39509e-16 0)
(3 -4.3865e-16 0)
(3 -5.10281e-16 0)
(3 -5.50947e-16 0)
(3 -7.57622e-16 0)
(3 -5.3407e-16 0)
(3 -2.51343e-16 0)
(3 -2.72062e-16 0)
(3 -2.47081e-16 0)
(3 -2.35976e-16 0)
(3 -2.32714e-16 0)
(3 -2.6746e-16 0)
(3 -2.42133e-16 0)
(3 -2.17641e-16 0)
(3 -2.26068e-16 0)
(3 -1.88193e-16 0)
(3 -1.67892e-16 0)
(3 -1.29417e-16 0)
(3 -1.49803e-16 0)
(3 -1.84474e-16 0)
(3 -2.1735e-16 0)
(3 -3.5296e-16 0)
(3 -3.5293e-16 0)
(3 -3.09861e-16 0)
(3 -2.35209e-16 0)
(3 -3.69697e-16 0)
(3 -3.31948e-16 0)
(3 -3.31778e-16 0)
(3 -3.15899e-16 0)
(3 -3.20532e-16 0)
(3 -3.18315e-16 0)
(3 -2.96787e-16 0)
(3 -3.01572e-16 0)
(3 -2.99215e-16 0)
(3 -3.04795e-16 0)
(3 -2.73736e-16 0)
(3 -3.52391e-16 0)
(3 -3.51418e-16 0)
(3 -3.31136e-16 0)
(3 -3.04921e-16 0)
(3 -2.46944e-16 0)
(3 -2.46938e-16 0)
(3 -4.41755e-17 0)
(3 -2.45562e-17 0)
(3 1.47557e-17 0)
(3 -3.79979e-17 0)
(3 -4.19148e-16 0)
(3 -4.18893e-16 0)
(3 -4.22513e-16 0)
(3 -4.31237e-16 0)
(3 -4.29235e-16 0)
(3 -4.35492e-16 0)
(3 -4.43588e-16 0)
(3 -4.71593e-16 0)
(3 -4.63939e-16 0)
(3 -5.15498e-16 0)
(3 -5.11349e-16 0)
(3 -5.94216e-16 0)
(3 -6.21103e-16 0)
(3 -5.33159e-16 0)
(3 -7.43655e-16 0)
(3 4.62583e-17 0)
(3 5.44007e-17 0)
(3 2.57001e-17 0)
(3 0 0)
(3 3.24293e-20 0)
(3 -3.40778e-17 0)
(3 -3.87579e-17 0)
(3 -4.10853e-17 0)
(3 -3.97046e-17 0)
(3 -3.86718e-17 0)
(3 -4.7988e-17 0)
(3 -3.63941e-17 0)
(3 -3.25259e-17 0)
(3 -3.11378e-17 0)
(3 -4.80964e-17 0)
(3 -6.34695e-18 0)
(3 -2.48779e-17 0)
(3 -1.86718e-17 0)
(3 -8.13226e-17 0)
(3 -1.11379e-16 0)
(3 -5.32467e-17 0)
(3 -1.11417e-16 0)
(3 -2.83377e-17 0)
(3 7.43084e-17 0)
(3 -5.23644e-20 0)
(3 3.40539e-16 0)
(3 3.4222e-16 0)
(3 3.42998e-16 0)
(3 3.32599e-16 0)
(3 3.26841e-16 0)
(3 3.24053e-16 0)
(3 3.29285e-16 0)
(3 3.2347e-16 0)
(3 3.12412e-16 0)
(3 3.53727e-16 0)
(3 3.55397e-16 0)
(3 3.54871e-16 0)
(3 3.71782e-16 0)
(3 3.49843e-16 0)
(3 3.67181e-16 0)
(3 -3.47528e-17 0)
(3 -8.97976e-17 0)
(3 -9.99713e-17 0)
(3 -1.9972e-17 0)
(3 -1.99971e-17 0)
(3 4.09834e-16 0)
(3 4.10103e-16 0)
(3 4.09098e-16 0)
(3 4.10758e-16 0)
(3 4.08321e-16 0)
(3 4.14368e-16 0)
(3 4.19572e-16 0)
(3 4.20675e-16 0)
(3 4.31655e-16 0)
(3 4.5652e-16 0)
(3 4.55988e-16 0)
(3 4.88306e-16 0)
(3 4.88299e-16 0)
(3 5.10923e-16 0)
(3 6.17671e-16 0)
(3 7.52301e-17 0)
(3 4.03565e-17 0)
(3 4.84331e-17 0)
(3 -4.8416e-17 0)
(3 -4.84177e-17 0)
(3 1.38467e-16 0)
(3 1.3726e-16 0)
(3 1.39787e-16 0)
(3 1.48914e-16 0)
(3 1.58834e-16 0)
(3 1.67789e-16 0)
(3 1.69123e-16 0)
(3 1.75209e-16 0)
(3 1.87338e-16 0)
(3 1.72562e-16 0)
(3 1.67823e-16 0)
(3 1.93132e-16 0)
(3 1.96222e-16 0)
(3 2.06855e-16 0)
(3 2.12127e-16 0)
(3 2.41665e-16 0)
(3 3.3441e-16 0)
(3 2.22929e-16 0)
(3 1.19756e-16 0)
(3 1.3699e-16 0)
(3 -1.05544e-16 0)
(3 -1.05174e-16 0)
(3 -1.06168e-16 0)
(3 -1.04688e-16 0)
(3 -1.08474e-16 0)
(3 -1.12814e-16 0)
(3 -1.21626e-16 0)
(3 -1.19658e-16 0)
(3 -1.20986e-16 0)
(3 -1.35464e-16 0)
(3 -1.23625e-16 0)
(3 -1.34151e-16 0)
(3 -1.44319e-16 0)
(3 -2.03722e-16 0)
(3 -9.10197e-17 0)
(3 1.49192e-16 0)
(3 1.57381e-16 0)
(3 1.75955e-16 0)
(3 2.20956e-16 0)
(3 1.11902e-16 0)
(3 5.84021e-17 0)
(3 5.47813e-17 0)
(3 4.64655e-17 0)
(3 4.83521e-17 0)
(3 4.48463e-17 0)
(3 4.25498e-17 0)
(3 4.07507e-17 0)
(3 3.90122e-17 0)
(3 2.17199e-17 0)
(3 3.07982e-17 0)
(3 4.03367e-17 0)
(3 1.97148e-17 0)
(3 1.48601e-17 0)
(3 1.41648e-17 0)
(3 4.24949e-18 0)
(3 -9.79293e-18 0)
(3 -5.35207e-17 0)
(3 2.25332e-17 0)
(3 7.64505e-17 0)
(3 2.96392e-18 0)
(3 5.93505e-16 0)
(3 5.92188e-16 0)
(3 5.97328e-16 0)
(3 5.84137e-16 0)
(3 5.85973e-16 0)
(3 5.72652e-16 0)
(3 5.76452e-16 0)
(3 5.62411e-16 0)
(3 5.55787e-16 0)
(3 5.25619e-16 0)
(3 5.00998e-16 0)
(3 4.87808e-16 0)
(3 4.69059e-16 0)
(3 4.58492e-16 0)
(3 3.35466e-16 0)
(3 3.73859e-16 0)
(3 2.53165e-16 0)
(3 1.54373e-16 0)
(3 -2.05091e-17 0)
(3 9.86191e-17 0)
(2.99355 0.00210778 0)
(2.99976 -0.00027547 0)
(3 -8.8371e-07 0)
(3 -1.93518e-09 0)
(3 -3.72515e-12 0)
(3 -9.5931e-15 0)
(3 -3.36897e-16 0)
(3 -4.1706e-16 0)
(3 -3.28561e-17 0)
(3 3.37488e-16 0)
(3 4.08998e-16 0)
(3 1.37744e-16 0)
(3 -1.01961e-16 0)
(3 6.00137e-17 0)
(3 5.94923e-16 0)
(2.98287 -0.0060532 0)
(2.99873 -0.00170558 0)
(2.99999 -9.04063e-06 0)
(3 -3.10413e-08 0)
(3 -7.31951e-11 0)
(3 -1.41423e-13 0)
(3 -5.36575e-16 0)
(3 -4.10557e-16 0)
(3 -2.87434e-17 0)
(3 3.3758e-16 0)
(3 4.06279e-16 0)
(3 1.36786e-16 0)
(3 -1.0257e-16 0)
(3 6.17923e-17 0)
(3 5.97213e-16 0)
(2.97233 -0.0033772 0)
(2.99676 -0.00460887 0)
(2.99997 -4.07933e-05 0)
(3 -1.86435e-07 0)
(3 -6.49226e-10 0)
(3 -1.58067e-12 0)
(3 -3.31389e-15 0)
(3 -4.10673e-16 0)
(3 -2.31038e-17 0)
(3 3.377e-16 0)
(3 4.04414e-16 0)
(3 1.3765e-16 0)
(3 -1.02676e-16 0)
(3 6.35765e-17 0)
(3 6.0082e-16 0)
(2.95972 -0.0195801 0)
(2.99312 -0.0106056 0)
(2.9999 -0.00013481 0)
(3 -8.56437e-07 0)
(3 -3.4687e-09 0)
(3 -1.09704e-11 0)
(3 -3.50207e-14 0)
(3 -2.43807e-16 0)
(3 -1.91352e-17 0)
(3 3.37844e-16 0)
(3 4.01142e-16 0)
(3 1.37874e-16 0)
(3 -1.02742e-16 0)
(3 6.74109e-17 0)
(3 6.03459e-16 0)
(2.94942 -0.0213488 0)
(2.98836 -0.0192808 0)
(2.99975 -0.000376458 0)
(3 -3.04308e-06 0)
(3 -1.68258e-08 0)
(3 -6.33175e-11 0)
(3 -1.71831e-13 0)
(3 -6.93433e-16 0)
(3 8.68847e-18 0)
(3 3.38e-16 0)
(3 4.22984e-16 0)
(3 1.3194e-16 0)
(3 -1.13338e-16 0)
(3 7.05312e-17 0)
(3 6.0796e-16 0)
(2.93536 -0.0455639 0)
(2.98053 -0.0347143 0)
(2.99941 -0.000927714 0)
(2.99999 -1.00375e-05 0)
(3 -6.33179e-08 0)
(3 -2.99527e-10 0)
(3 -1.10469e-12 0)
(3 -2.64342e-15 0)
(3 9.3585e-18 0)
(3 3.38261e-16 0)
(3 4.31916e-16 0)
(3 1.23318e-16 0)
(3 -1.11466e-16 0)
(3 7.15676e-17 0)
(3 6.14296e-16 0)
(2.926 -0.0532223 0)
(2.97252 -0.0529645 0)
(2.99875 -0.00211255 0)
(2.99998 -2.91161e-05 0)
(3 -2.40137e-07 0)
(3 -1.31827e-09 0)
(3 -5.00504e-12 0)
(3 -2.0349e-14 0)
(3 4.52463e-18 0)
(3 3.21012e-16 0)
(3 4.31025e-16 0)
(3 1.33195e-16 0)
(3 -1.10336e-16 0)
(3 7.32708e-17 0)
(3 6.21683e-16 0)
(2.91036 -0.0846165 0)
(2.95852 -0.0846438 0)
(2.99744 -0.00455805 0)
(2.99995 -8.39718e-05 0)
(3 -7.7975e-07 0)
(3 -5.2428e-09 0)
(3 -2.6587e-11 0)
(3 -9.80887e-14 0)
(3 -8.94303e-17 0)
(3 3.21166e-16 0)
(3 4.25947e-16 0)
(3 1.31534e-16 0)
(3 -1.08131e-16 0)
(3 7.76739e-17 0)
(3 6.27697e-16 0)
(2.90254 -0.0998785 0)
(2.94829 -0.114982 0)
(2.99524 -0.00913682 0)
(2.99986 -0.000222776 0)
(3 -2.65396e-06 0)
(3 -2.03642e-08 0)
(3 -1.09405e-10 0)
(3 -4.91496e-13 0)
(3 -1.09832e-15 0)
(3 3.31477e-16 0)
(3 4.22852e-16 0)
(3 1.29319e-16 0)
(3 -1.08091e-16 0)
(3 8.96263e-17 0)
(3 6.3283e-16 0)
(2.88612 -0.13435 0)
(2.92626 -0.168478 0)
(2.99112 -0.0182592 0)
(2.99964 -0.000615291 0)
(2.99999 -8.23274e-06 0)
(3 -7.55914e-08 0)
(3 -5.11415e-10 0)
(3 -2.30607e-12 0)
(3 -1.20305e-14 0)
(3 3.11679e-16 0)
(3 3.91669e-16 0)
(3 1.33953e-16 0)
(3 -1.00507e-16 0)
(3 7.6129e-17 0)
(3 6.51445e-16 0)
(2.88009 -0.159542 0)
(2.9169 -0.208233 0)
(2.98534 -0.0324719 0)
(2.99913 -0.00156086 0)
(2.99998 -2.71564e-05 0)
(3 -2.83007e-07 0)
(3 -2.0573e-09 0)
(3 -1.19331e-11 0)
(3 -4.53675e-14 0)
(3 7.87744e-17 0)
(3 4.06807e-16 0)
(3 1.14034e-16 0)
(3 -1.01957e-16 0)
(3 7.91142e-17 0)
(3 6.69933e-16 0)
(2.86482 -0.190381 0)
(2.88738 -0.278438 0)
(2.97488 -0.0603843 0)
(2.99774 -0.0043067 0)
(2.99995 -8.65967e-05 0)
(3 -1.05492e-06 0)
(3 -9.2771e-09 0)
(3 -5.6765e-11 0)
(3 -2.77333e-13 0)
(3 -5.61075e-16 0)
(3 3.89635e-16 0)
(3 1.30877e-16 0)
(3 -8.88264e-17 0)
(3 8.03769e-17 0)
(3 6.82278e-16 0)
(2.86363 -0.231671 0)
(2.87977 -0.317055 0)
(2.96453 -0.0921471 0)
(2.99491 -0.0102787 0)
(2.99983 -0.000288895 0)
(3 -4.09396e-06 0)
(3 -3.88018e-08 0)
(3 -2.84813e-10 0)
(3 -1.62206e-12 0)
(3 -8.80514e-15 0)
(3 3.77092e-16 0)
(3 1.25589e-16 0)
(3 -1.08859e-16 0)
(3 8.31607e-17 0)
(3 7.09402e-16 0)
(2.85241 -0.261757 0)
(2.85256 -0.375274 0)
(2.9444 -0.153192 0)
(2.98679 -0.0278214 0)
(2.99941 -0.000993389 0)
(2.99999 -1.61548e-05 0)
(3 -1.82415e-07 0)
(3 -1.45078e-09 0)
(3 -8.50376e-12 0)
(3 -3.80696e-14 0)
(3 1.30547e-16 0)
(3 1.15274e-16 0)
(3 -1.09025e-16 0)
(3 9.785e-17 0)
(3 7.23326e-16 0)
(2.84246 -0.295734 0)
(2.84527 -0.379112 0)
(2.93967 -0.198639 0)
(2.97566 -0.060086 0)
(2.99807 -0.00346396 0)
(2.99996 -7.13063e-05 0)
(3 -8.44529e-07 0)
(3 -7.69817e-09 0)
(3 -5.46395e-11 0)
(3 -3.05662e-13 0)
(3 -6.33899e-16 0)
(3 1.15787e-16 0)
(3 -1.0054e-16 0)
(3 1.06097e-16 0)
(3 7.36757e-16 0)
(2.84846 -0.307751 0)
(2.83035 -0.351235 0)
(2.90495 -0.254808 0)
(2.94755 -0.138027 0)
(2.99319 -0.0130455 0)
(2.9998 -0.000326603 0)
(3 -4.76347e-06 0)
(3 -4.64151e-08 0)
(3 -3.34619e-10 0)
(3 -2.07737e-12 0)
(3 -1.37746e-14 0)
(3 9.79132e-17 0)
(3 -9.0747e-17 0)
(3 1.22823e-16 0)
(3 7.62095e-16 0)
(2.84892 -0.303863 0)
(2.85718 -0.322668 0)
(2.89284 -0.277672 0)
(2.92595 -0.195339 0)
(2.98178 -0.0370198 0)
(2.99902 -0.00171428 0)
(2.99998 -2.67972e-05 0)
(3 -3.03247e-07 0)
(3 -2.59936e-09 0)
(3 -1.5558e-11 0)
(3 -6.52235e-14 0)
(3 -1.30758e-16 0)
(3 -9.3608e-17 0)
(3 1.19647e-16 0)
(3 8.03811e-16 0)
(2.84691 -0.291664 0)
(2.86033 -0.303872 0)
(2.88802 -0.287509 0)
(2.89453 -0.26934 0)
(2.95543 -0.0944128 0)
(2.99592 -0.00695417 0)
(2.99989 -0.000174511 0)
(3 -2.19373e-06 0)
(3 -2.00021e-08 0)
(3 -1.47791e-10 0)
(3 -1.08112e-12 0)
(3 -3.40519e-15 0)
(3 -1.50172e-16 0)
(3 1.12537e-16 0)
(3 8.63315e-16 0)
(2.84955 -0.284886 0)
(2.86741 -0.283478 0)
(2.88497 -0.287321 0)
(2.88399 -0.29679 0)
(2.93112 -0.153211 0)
(2.98542 -0.0277084 0)
(2.99942 -0.000951481 0)
(2.99999 -1.55809e-05 0)
(3 -1.70724e-07 0)
(3 -1.37178e-09 0)
(3 -6.23542e-12 0)
(3 -4.66473e-14 0)
(3 -2.79687e-16 0)
(3 1.47326e-16 0)
(3 8.93878e-16 0)
(2.84983 -0.279498 0)
(2.86525 -0.275053 0)
(2.88017 -0.288252 0)
(2.87734 -0.318788 0)
(2.90609 -0.22611 0)
(2.9645 -0.0695849 0)
(2.99709 -0.00503714 0)
(2.99993 -0.000111083 0)
(3 -1.41923e-06 0)
(3 -1.30356e-08 0)
(3 -1.22772e-10 0)
(3 -8.41357e-13 0)
(3 -2.55036e-15 0)
(3 2.43532e-16 0)
(3 9.18788e-16 0)
(3 -5.62035e-14 0)
(3 -1.0429e-11 0)
(3 -2.03512e-09 0)
(3 -2.18432e-07 0)
(2.99999 -2.09296e-05 0)
(2.99903 -0.00151616 0)
(2.97834 -0.0384616 0)
(2.91126 -0.187342 0)
(2.88575 -0.266453 0)
(2.87458 -0.300492 0)
(2.87865 -0.290345 0)
(2.87924 -0.284938 0)
(2.8728 -0.280862 0)
(2.86497 -0.283688 0)
(2.86138 -0.282741 0)
(3 -5.33709e-14 0)
(3 -1.18481e-11 0)
(3 -2.08816e-09 0)
(3 -2.59983e-07 0)
(2.99999 -2.37362e-05 0)
(2.99913 -0.00139046 0)
(2.97936 -0.0372961 0)
(2.915 -0.181029 0)
(2.88693 -0.26433 0)
(2.87432 -0.300893 0)
(2.87778 -0.289927 0)
(2.87865 -0.284292 0)
(2.87211 -0.280376 0)
(2.86447 -0.28292 0)
(2.86072 -0.28257 0)
(3 -4.43872e-14 0)
(3 -1.07847e-11 0)
(3 -1.53874e-09 0)
(3 -2.08097e-07 0)
(2.99999 -2.08461e-05 0)
(2.99917 -0.00137851 0)
(2.98062 -0.035367 0)
(2.91526 -0.180774 0)
(2.88824 -0.262068 0)
(2.87384 -0.301413 0)
(2.87716 -0.290161 0)
(2.8779 -0.283628 0)
(2.87156 -0.279923 0)
(2.86434 -0.282107 0)
(2.86027 -0.283072 0)
(3 -3.66982e-14 0)
(3 -8.26294e-12 0)
(3 -1.22679e-09 0)
(3 -1.62569e-07 0)
(2.99999 -1.66151e-05 0)
(2.99927 -0.00118093 0)
(2.98226 -0.0318469 0)
(2.91707 -0.178004 0)
(2.88871 -0.260823 0)
(2.87306 -0.301657 0)
(2.8762 -0.290562 0)
(2.87726 -0.283332 0)
(2.87109 -0.279557 0)
(2.86422 -0.281556 0)
(2.85967 -0.283383 0)
(3 -2.92842e-14 0)
(3 -6.36563e-12 0)
(3 -1.11108e-09 0)
(3 -1.42234e-07 0)
(2.99999 -1.41508e-05 0)
(2.99939 -0.000980484 0)
(2.98409 -0.0282161 0)
(2.92009 -0.170439 0)
(2.88975 -0.258297 0)
(2.87227 -0.302046 0)
(2.8752 -0.29047 0)
(2.87639 -0.282368 0)
(2.87073 -0.279155 0)
(2.86395 -0.281665 0)
(2.85906 -0.283115 0)
(3 -2.3244e-14 0)
(3 -5.20085e-12 0)
(3 -8.54723e-10 0)
(3 -1.12212e-07 0)
(2.99999 -1.14499e-05 0)
(2.99949 -0.000816262 0)
(2.98584 -0.025129 0)
(2.92432 -0.161202 0)
(2.89167 -0.254302 0)
(2.87125 -0.301674 0)
(2.87411 -0.28973 0)
(2.87566 -0.282008 0)
(2.87047 -0.279001 0)
(2.8641 -0.281287 0)
(2.85863 -0.282935 0)
(3 -1.70592e-14 0)
(3 -4.1388e-12 0)
(3 -7.15818e-10 0)
(3 -9.36321e-08 0)
(2.99999 -9.48839e-06 0)
(2.99958 -0.000678811 0)
(2.98759 -0.0221372 0)
(2.92806 -0.153641 0)
(2.89425 -0.249509 0)
(2.86997 -0.301879 0)
(2.87276 -0.289708 0)
(2.87489 -0.281665 0)
(2.87036 -0.278974 0)
(2.86435 -0.281301 0)
(2.85854 -0.28298 0)
(3 -1.25531e-14 0)
(3 -3.08327e-12 0)
(3 -4.84515e-10 0)
(3 -6.60943e-08 0)
(3 -7.00676e-06 0)
(2.99967 -0.000528267 0)
(2.98968 -0.0183007 0)
(2.93378 -0.142417 0)
(2.89701 -0.244347 0)
(2.86861 -0.302532 0)
(2.8714 -0.290102 0)
(2.87435 -0.282218 0)
(2.87058 -0.278987 0)
(2.86472 -0.281146 0)
(2.85898 -0.28273 0)
(3 -8.58875e-15 0)
(3 -2.19491e-12 0)
(3 -4.02687e-10 0)
(3 -5.34529e-08 0)
(3 -5.51889e-06 0)
(2.99975 -0.000413168 0)
(2.99143 -0.0153566 0)
(2.93906 -0.132471 0)
(2.90112 -0.238243 0)
(2.86746 -0.304734 0)
(2.87045 -0.290631 0)
(2.87416 -0.283041 0)
(2.87083 -0.278969 0)
(2.86493 -0.281031 0)
(2.85991 -0.283319 0)
(3 -5.83477e-15 0)
(3 -1.45729e-12 0)
(3 -2.36081e-10 0)
(3 -3.38105e-08 0)
(3 -3.7343e-06 0)
(2.99981 -0.000300819 0)
(2.99327 -0.0120028 0)
(2.94522 -0.11962 0)
(2.9041 -0.233796 0)
(2.86715 -0.30838 0)
(2.87003 -0.291404 0)
(2.8745 -0.283571 0)
(2.87136 -0.279156 0)
(2.86539 -0.28112 0)
(2.86115 -0.283592 0)
(3 -3.81983e-15 0)
(3 -1.07305e-12 0)
(3 -1.95358e-10 0)
(3 -2.60026e-08 0)
(3 -2.7626e-06 0)
(2.99987 -0.000215378 0)
(2.99467 -0.00958857 0)
(2.95088 -0.106445 0)
(2.90693 -0.229015 0)
(2.86847 -0.312793 0)
(2.87071 -0.292082 0)
(2.87491 -0.284146 0)
(2.87224 -0.279562 0)
(2.8665 -0.281052 0)
(2.86276 -0.284245 0)
(3 -1.16e-15 0)
(3 -5.4847e-13 0)
(3 -9.30576e-11 0)
(3 -1.41008e-08 0)
(3 -1.6414e-06 0)
(2.99991 -0.000144108 0)
(2.99616 -0.00671161 0)
(2.95714 -0.0901584 0)
(2.90811 -0.224413 0)
(2.87106 -0.31658 0)
(2.87311 -0.291598 0)
(2.87557 -0.285072 0)
(2.87291 -0.279658 0)
(2.86758 -0.281577 0)
(2.86421 -0.284852 0)
(3 -8.56697e-17 0)
(3 -4.03515e-13 0)
(3 -7.47379e-11 0)
(3 -1.01307e-08 0)
(3 -1.11289e-06 0)
(2.99994 -9.08457e-05 0)
(2.99725 -0.00478295 0)
(2.96348 -0.0735958 0)
(2.90938 -0.213904 0)
(2.87181 -0.317314 0)
(2.8764 -0.288766 0)
(2.87748 -0.284936 0)
(2.87385 -0.279643 0)
(2.86833 -0.282679 0)
(2.86523 -0.285626 0)
(3 6.89236e-16 0)
(3 -1.46687e-13 0)
(3 -2.68231e-11 0)
(3 -4.42604e-09 0)
(3 -5.46766e-07 0)
(2.99997 -5.27868e-05 0)
(2.99823 -0.00298154 0)
(2.97073 -0.0559712 0)
(2.9103 -0.201924 0)
(2.87109 -0.309926 0)
(2.87954 -0.283876 0)
(2.87912 -0.284383 0)
(2.87449 -0.280065 0)
(2.86861 -0.28365 0)
(2.86584 -0.286284 0)
(3 1.03854e-15 0)
(3 -1.01245e-13 0)
(3 -2.11448e-11 0)
(3 -2.88016e-09 0)
(3 -3.31277e-07 0)
(2.99998 -2.72799e-05 0)
(2.99897 -0.00168184 0)
(2.97871 -0.0387909 0)
(2.91544 -0.182523 0)
(2.87843 -0.2927 0)
(2.88242 -0.279551 0)
(2.87935 -0.283558 0)
(2.87418 -0.280315 0)
(2.86835 -0.285345 0)
(2.86614 -0.286804 0)
(3 1.17224e-15 0)
(3 -3.45423e-14 0)
(3 -4.94354e-12 0)
(3 -9.22844e-10 0)
(3 -1.19033e-07 0)
(2.99999 -1.35891e-05 0)
(2.99947 -0.000852215 0)
(2.98636 -0.0241095 0)
(2.92634 -0.156216 0)
(2.88603 -0.275146 0)
(2.88408 -0.276897 0)
(2.87907 -0.283637 0)
(2.87358 -0.281958 0)
(2.86835 -0.288093 0)
(2.8664 -0.288364 0)
(3 1.11735e-15 0)
(3 -1.15136e-14 0)
(3 -3.7578e-12 0)
(3 -5.08665e-10 0)
(3 -6.29476e-08 0)
(3 -4.95319e-06 0)
(2.99976 -0.000379955 0)
(2.99239 -0.0133817 0)
(2.94364 -0.118267 0)
(2.89635 -0.252621 0)
(2.88482 -0.273739 0)
(2.87836 -0.286848 0)
(2.87292 -0.287329 0)
(2.86764 -0.289857 0)
(2.86474 -0.287169 0)
(3 1.09699e-15 0)
(3 -2.6025e-15 0)
(3 -5.25956e-13 0)
(3 -1.04706e-10 0)
(3 -1.45265e-08 0)
(3 -2.03314e-06 0)
(2.99991 -0.000141128 0)
(2.99646 -0.00622149 0)
(2.96077 -0.0793841 0)
(2.89364 -0.246926 0)
(2.88421 -0.270818 0)
(2.87721 -0.292591 0)
(2.87489 -0.292124 0)
(2.86801 -0.290472 0)
(2.86219 -0.28664 0)
(3 1.04663e-15 0)
(3 -5.12409e-16 0)
(3 -3.01741e-13 0)
(3 -4.26162e-11 0)
(3 -5.75445e-09 0)
(3 -4.88391e-07 0)
(2.99997 -4.46922e-05 0)
(2.99861 -0.00242513 0)
(2.97658 -0.0448235 0)
(2.90519 -0.215069 0)
(2.88642 -0.267826 0)
(2.87578 -0.300639 0)
(2.87806 -0.29418 0)
(2.86998 -0.290418 0)
(2.8577 -0.284768 0)
(3 9.51607e-16 0)
(3 2.21953e-16 0)
(3 -1.99497e-14 0)
(3 -3.767e-12 0)
(3 -6.77625e-10 0)
(3 -1.14313e-07 0)
(2.99999 -9.99503e-06 0)
(2.99962 -0.000626617 0)
(2.98941 -0.0192021 0)
(2.93658 -0.135046 0)
(2.89836 -0.247035 0)
(2.87576 -0.312278 0)
(2.87916 -0.293911 0)
(2.86973 -0.283802 0)
(2.85439 -0.282061 0)
(2.87516 -0.284981 0)
(2.86916 -0.282151 0)
(2.87305 -0.281803 0)
(2.8799 -0.285308 0)
(2.87901 -0.290501 0)
(2.87481 -0.300263 0)
(2.88507 -0.268412 0)
(2.90996 -0.193664 0)
(2.9764 -0.0422015 0)
(2.99881 -0.00196133 0)
(2.99998 -2.92906e-05 0)
(3 -2.79806e-07 0)
(3 -2.11117e-09 0)
(3 -1.37492e-11 0)
(3 -7.31207e-14 0)
(2.89167 -0.273793 0)
(2.88012 -0.276429 0)
(2.87355 -0.281867 0)
(2.88005 -0.285919 0)
(2.87938 -0.290621 0)
(2.87499 -0.300291 0)
(2.88431 -0.270463 0)
(2.90692 -0.204841 0)
(2.97417 -0.0477677 0)
(2.99864 -0.00232378 0)
(2.99998 -3.73603e-05 0)
(3 -3.85923e-07 0)
(3 -2.79487e-09 0)
(3 -1.89448e-11 0)
(3 -8.95872e-14 0)
(2.90552 -0.279961 0)
(2.8957 -0.26428 0)
(2.87454 -0.281738 0)
(2.88054 -0.286687 0)
(2.87967 -0.291116 0)
(2.87501 -0.299898 0)
(2.88335 -0.270488 0)
(2.9059 -0.214161 0)
(2.97215 -0.0539454 0)
(2.99849 -0.00254691 0)
(2.99997 -4.30377e-05 0)
(3 -4.59751e-07 0)
(3 -3.66904e-09 0)
(3 -2.29449e-11 0)
(3 -1.07511e-13 0)
(2.92031 -0.2568 0)
(2.91615 -0.242266 0)
(2.87628 -0.281004 0)
(2.88068 -0.287684 0)
(2.87993 -0.291683 0)
(2.87513 -0.299309 0)
(2.8825 -0.270141 0)
(2.9055 -0.212851 0)
(2.97039 -0.0573666 0)
(2.99816 -0.00312683 0)
(2.99997 -5.20682e-05 0)
(3 -5.49154e-07 0)
(3 -4.42428e-09 0)
(3 -2.68111e-11 0)
(3 -1.30778e-13 0)
(2.93296 -0.261746 0)
(2.93707 -0.210098 0)
(2.87934 -0.278559 0)
(2.88137 -0.287455 0)
(2.88022 -0.291965 0)
(2.87529 -0.298261 0)
(2.8819 -0.271023 0)
(2.90163 -0.218579 0)
(2.96645 -0.0645444 0)
(2.99779 -0.00377821 0)
(2.99996 -6.79992e-05 0)
(3 -7.16281e-07 0)
(3 -5.63757e-09 0)
(3 -3.44702e-11 0)
(3 -1.68156e-13 0)
(2.95223 -0.223887 0)
(2.96018 -0.163208 0)
(2.88485 -0.273086 0)
(2.88215 -0.287861 0)
(2.88007 -0.292639 0)
(2.87536 -0.296732 0)
(2.88169 -0.270926 0)
(2.8973 -0.23137 0)
(2.96292 -0.0720728 0)
(2.99723 -0.00483766 0)
(2.99995 -8.8598e-05 0)
(3 -9.60149e-07 0)
(3 -7.58882e-09 0)
(3 -4.64159e-11 0)
(3 -2.13753e-13 0)
(2.96978 -0.226105 0)
(2.97958 -0.105726 0)
(2.89376 -0.260592 0)
(2.88252 -0.288355 0)
(2.88 -0.292654 0)
(2.87525 -0.295634 0)
(2.88138 -0.270762 0)
(2.8979 -0.23632 0)
(2.95858 -0.0830081 0)
(2.99659 -0.0059994 0)
(2.99993 -0.000120082 0)
(3 -1.31352e-06 0)
(3 -1.04656e-08 0)
(3 -6.37577e-11 0)
(3 -2.88652e-13 0)
(3.00335 -0.166439 0)
(3.00083 -0.0295439 0)
(2.90575 -0.239787 0)
(2.88403 -0.286592 0)
(2.87833 -0.294037 0)
(2.87422 -0.2958 0)
(2.88104 -0.271591 0)
(2.89394 -0.247812 0)
(2.95514 -0.0914919 0)
(2.99561 -0.0079102 0)
(2.9999 -0.000165898 0)
(3 -1.87289e-06 0)
(3 -1.50224e-08 0)
(3 -9.16216e-11 0)
(3 -4.33256e-13 0)
(3.02305 -0.156127 0)
(3.01599 0.0491412 0)
(2.92217 -0.2047 0)
(2.8866 -0.282492 0)
(2.87712 -0.294337 0)
(2.87321 -0.295427 0)
(2.8811 -0.273213 0)
(2.89267 -0.254761 0)
(2.94858 -0.107388 0)
(2.99437 -0.0102156 0)
(2.99986 -0.000239099 0)
(3 -2.77164e-06 0)
(3 -2.25661e-08 0)
(3 -1.38255e-10 0)
(3 -6.4871e-13 0)
(3.06423 -0.0717979 0)
(3.03763 0.149223 0)
(2.94063 -0.15696 0)
(2.89354 -0.269061 0)
(2.87684 -0.293871 0)
(2.87292 -0.294708 0)
(2.88144 -0.27398 0)
(2.88952 -0.264565 0)
(2.94438 -0.117398 0)
(2.99254 -0.0137437 0)
(2.9998 -0.00035245 0)
(3 -4.27263e-06 0)
(3 -3.54766e-08 0)
(3 -2.19282e-10 0)
(3 -1.04688e-12 0)
(3.07205 -0.0242288 0)
(3.04936 0.234161 0)
(2.96117 -0.0947306 0)
(2.90251 -0.250871 0)
(2.87793 -0.290708 0)
(2.87378 -0.293511 0)
(2.88163 -0.273988 0)
(2.88699 -0.272608 0)
(2.9355 -0.138558 0)
(2.98997 -0.0187017 0)
(2.99969 -0.000542436 0)
(3 -6.89309e-06 0)
(3 -5.86943e-08 0)
(3 -3.68233e-10 0)
(3 -1.7411e-12 0)
(3.093 0.0848146 0)
(3.06464 0.342457 0)
(2.9799 -0.0230387 0)
(2.92406 -0.202856 0)
(2.88162 -0.283296 0)
(2.87467 -0.290934 0)
(2.88121 -0.273002 0)
(2.88527 -0.275642 0)
(2.9308 -0.150815 0)
(2.98674 -0.025082 0)
(2.99951 -0.000858638 0)
(2.99999 -1.16164e-05 0)
(3 -1.02506e-07 0)
(3 -6.58071e-10 0)
(3 -3.18755e-12 0)
(3.10644 0.177663 0)
(3.07283 0.402135 0)
(2.99572 0.0437721 0)
(2.94102 -0.161361 0)
(2.89126 -0.264126 0)
(2.87589 -0.286578 0)
(2.88063 -0.271707 0)
(2.88187 -0.282683 0)
(2.921 -0.1747 0)
(2.98166 -0.0356842 0)
(2.99921 -0.00140123 0)
(2.99999 -2.05871e-05 0)
(3 -1.89376e-07 0)
(3 -1.25516e-09 0)
(3 -6.19829e-12 0)
(3.12392 0.275285 0)
(3.07191 0.484451 0)
(3.00563 0.118499 0)
(2.97827 -0.0555654 0)
(2.90476 -0.236256 0)
(2.879 -0.27863 0)
(2.88021 -0.270774 0)
(2.88077 -0.28266 0)
(2.91519 -0.190779 0)
(2.97673 -0.0460373 0)
(2.99871 -0.00234614 0)
(2.99998 -3.78498e-05 0)
(3 -3.69261e-07 0)
(3 -2.5553e-09 0)
(3 -1.31119e-11 0)
(3.13607 0.338189 0)
(3.08998 0.464892 0)
(3.00764 0.161757 0)
(2.99132 0.00336892 0)
(2.93036 -0.175197 0)
(2.88492 -0.264562 0)
(2.87998 -0.271125 0)
(2.87917 -0.284295 0)
(2.9086 -0.208572 0)
(2.96779 -0.0662035 0)
(2.99784 -0.00397631 0)
(2.99996 -7.31878e-05 0)
(3 -7.61081e-07 0)
(3 -5.55091e-09 0)
(3 -2.98339e-11 0)
(3.12662 0.399668 0)
(3.09929 0.432313 0)
(3.01712 0.204981 0)
(3.01917 0.147826 0)
(2.95271 -0.11341 0)
(2.89476 -0.242161 0)
(2.87979 -0.271314 0)
(2.87778 -0.290803 0)
(2.89959 -0.232742 0)
(2.96011 -0.082667 0)
(2.99635 -0.00684787 0)
(2.99992 -0.000145749 0)
(3 -1.64652e-06 0)
(3 -1.27964e-08 0)
(3 -7.26923e-11 0)
(3.1207 0.353374 0)
(3.10581 0.37842 0)
(3.05162 0.280653 0)
(3.03213 0.228033 0)
(2.98455 -0.00946962 0)
(2.91506 -0.195755 0)
(2.88128 -0.269353 0)
(2.87606 -0.292847 0)
(2.89617 -0.244188 0)
(2.94724 -0.111811 0)
(2.99369 -0.0118782 0)
(2.99983 -0.000304239 0)
(3 -3.76337e-06 0)
(3 -3.14073e-08 0)
(3 -1.90621e-10 0)
(3.12456 0.334437 0)
(3.10683 0.334365 0)
(3.05913 0.297831 0)
(3.03946 0.291258 0)
(3.00705 0.073118 0)
(2.941 -0.132886 0)
(2.89208 -0.253169 0)
(2.87697 -0.291784 0)
(2.89168 -0.252723 0)
(2.93377 -0.143145 0)
(2.98933 -0.0203732 0)
(2.99963 -0.000656291 0)
(2.99999 -9.06726e-06 0)
(3 -8.20507e-08 0)
(3 -5.36764e-10 0)
(3.12912 0.316249 0)
(3.10827 0.316341 0)
(3.06578 0.313821 0)
(3.05344 0.356317 0)
(3.02512 0.151156 0)
(2.97633 -0.0415612 0)
(2.91514 -0.211513 0)
(2.88083 -0.286679 0)
(2.8883 -0.262645 0)
(2.92352 -0.167375 0)
(2.98211 -0.0347118 0)
(2.99919 -0.00145318 0)
(2.99999 -2.29375e-05 0)
(3 -2.27061e-07 0)
(3 -1.61282e-09 0)
(3.12617 0.302315 0)
(3.10839 0.307168 0)
(3.07436 0.339727 0)
(3.05003 0.387798 0)
(3.03403 0.225296 0)
(3.01571 0.0775337 0)
(2.94413 -0.152474 0)
(2.88921 -0.272702 0)
(2.8889 -0.263758 0)
(2.90556 -0.214724 0)
(2.97101 -0.0574217 0)
(2.99816 -0.0033316 0)
(2.99996 -6.16261e-05 0)
(3 -6.70783e-07 0)
(3 -5.20387e-09 0)
(3 -4.51048e-06 0)
(2.99981 -0.000391562 0)
(2.99354 -0.0145764 0)
(2.95972 -0.110392 0)
(2.94478 -0.194751 0)
(2.96015 -0.1982 0)
(3.02167 -0.0279456 0)
(3.07243 0.208993 0)
(3.09443 0.247821 0)
(3.1184 0.349635 0)
(3.10565 0.339543 0)
(3.09677 0.315468 0)
(3.10879 0.298665 0)
(3.12622 0.302528 0)
(3.13674 0.305926 0)
(3 -4.23076e-06 0)
(2.99982 -0.000368916 0)
(2.99369 -0.0141832 0)
(2.95977 -0.109249 0)
(2.94429 -0.195057 0)
(2.95892 -0.19945 0)
(3.01934 -0.0343042 0)
(3.07331 0.203131 0)
(3.09442 0.246277 0)
(3.11548 0.353077 0)
(3.1038 0.338136 0)
(3.09617 0.313853 0)
(3.10845 0.297263 0)
(3.12577 0.30093 0)
(3.13564 0.304825 0)
(3 -3.94811e-06 0)
(2.99983 -0.000346454 0)
(2.99393 -0.0135785 0)
(2.96022 -0.107073 0)
(2.94386 -0.195879 0)
(2.95715 -0.202262 0)
(3.01756 -0.0386207 0)
(3.07227 0.194312 0)
(3.09451 0.247897 0)
(3.11318 0.354639 0)
(3.10207 0.336561 0)
(3.09682 0.310512 0)
(3.10828 0.295724 0)
(3.12517 0.299833 0)
(3.13561 0.304608 0)
(3 -3.64796e-06 0)
(2.99985 -0.000321818 0)
(2.99422 -0.0128515 0)
(2.96052 -0.105224 0)
(2.94304 -0.197152 0)
(2.95515 -0.205043 0)
(3.01513 -0.0449614 0)
(3.07135 0.184941 0)
(3.09445 0.248159 0)
(3.11018 0.357128 0)
(3.10107 0.335587 0)
(3.0974 0.308491 0)
(3.10844 0.294163 0)
(3.12561 0.298603 0)
(3.13558 0.305045 0)
(3 -3.33315e-06 0)
(2.99986 -0.000296438 0)
(2.99451 -0.0121073 0)
(2.96098 -0.102923 0)
(2.94159 -0.198653 0)
(2.95294 -0.207673 0)
(3.01212 -0.0529872 0)
(3.06928 0.174109 0)
(3.09435 0.248627 0)
(3.10722 0.359461 0)
(3.09739 0.331055 0)
(3.09905 0.305621 0)
(3.10929 0.292917 0)
(3.12542 0.297045 0)
(3.13547 0.304974 0)
(3 -3.00722e-06 0)
(2.99987 -0.000269257 0)
(2.99484 -0.0112947 0)
(2.96141 -0.100559 0)
(2.94025 -0.200034 0)
(2.9505 -0.210129 0)
(3.00884 -0.0616588 0)
(3.06959 0.167094 0)
(3.09391 0.251572 0)
(3.10467 0.361094 0)
(3.09504 0.329444 0)
(3.10032 0.304472 0)
(3.11053 0.2913 0)
(3.12527 0.295692 0)
(3.13571 0.304155 0)
(3 -2.67316e-06 0)
(2.99988 -0.000241743 0)
(2.99519 -0.0104243 0)
(2.96225 -0.0972025 0)
(2.93922 -0.200708 0)
(2.94766 -0.212964 0)
(3.00486 -0.0721269 0)
(3.06681 0.153138 0)
(3.09325 0.255154 0)
(3.1024 0.362259 0)
(3.09516 0.330911 0)
(3.1012 0.303782 0)
(3.1126 0.289221 0)
(3.12494 0.294729 0)
(3.13612 0.303791 0)
(3 -2.3358e-06 0)
(2.99989 -0.000213179 0)
(2.99555 -0.00952927 0)
(2.96294 -0.0940349 0)
(2.93817 -0.201306 0)
(2.94433 -0.216312 0)
(3.00087 -0.0823915 0)
(3.06275 0.137498 0)
(3.09302 0.258111 0)
(3.10058 0.362707 0)
(3.09522 0.327414 0)
(3.10141 0.303854 0)
(3.11377 0.288337 0)
(3.1248 0.293813 0)
(3.13642 0.303135 0)
(3 -2.00035e-06 0)
(2.99991 -0.000184647 0)
(2.99596 -0.00852513 0)
(2.96396 -0.0896158 0)
(2.93678 -0.202055 0)
(2.94088 -0.21938 0)
(2.99551 -0.0960883 0)
(3.05958 0.124623 0)
(3.09218 0.261193 0)
(3.09952 0.362434 0)
(3.09503 0.321848 0)
(3.10153 0.303845 0)
(3.11498 0.287642 0)
(3.12554 0.293012 0)
(3.13624 0.302942 0)
(3 -1.67348e-06 0)
(2.99992 -0.000156127 0)
(2.99638 -0.0075154 0)
(2.96486 -0.085137 0)
(2.93415 -0.201478 0)
(2.93731 -0.222431 0)
(2.98991 -0.109897 0)
(3.0559 0.111106 0)
(3.08958 0.262825 0)
(3.09651 0.358687 0)
(3.09472 0.319386 0)
(3.10253 0.304519 0)
(3.11611 0.286922 0)
(3.1266 0.293474 0)
(3.13564 0.303831 0)
(3 -1.36219e-06 0)
(2.99993 -0.00012872 0)
(2.99685 -0.00643434 0)
(2.96633 -0.0792544 0)
(2.93207 -0.197193 0)
(2.93345 -0.226108 0)
(2.98276 -0.126768 0)
(3.04909 0.0893213 0)
(3.08518 0.257223 0)
(3.09032 0.348918 0)
(3.09448 0.318862 0)
(3.10452 0.306917 0)
(3.11699 0.286726 0)
(3.12693 0.295549 0)
(3.13337 0.306239 0)
(3 -1.07394e-06 0)
(2.99995 -0.000102778 0)
(2.99731 -0.0053925 0)
(2.96807 -0.073073 0)
(2.93177 -0.192492 0)
(2.92976 -0.229545 0)
(2.97528 -0.143379 0)
(3.04194 0.0691987 0)
(3.07874 0.242146 0)
(3.08863 0.339852 0)
(3.0954 0.31782 0)
(3.1072 0.310184 0)
(3.11833 0.289224 0)
(3.12684 0.29622 0)
(3.13038 0.308653 0)
(3 -8.15389e-07 0)
(2.99996 -7.92232e-05 0)
(2.99779 -0.00435414 0)
(2.97069 -0.0651844 0)
(2.9307 -0.18806 0)
(2.92574 -0.233708 0)
(2.96579 -0.163583 0)
(3.03437 0.0505528 0)
(3.0703 0.218144 0)
(3.089 0.341825 0)
(3.0973 0.318456 0)
(3.10884 0.312375 0)
(3.11762 0.297023 0)
(3.12541 0.298336 0)
(3.12688 0.311842 0)
(3 -5.92044e-07 0)
(2.99997 -5.84549e-05 0)
(2.99825 -0.00339547 0)
(2.97345 -0.0574244 0)
(2.9287 -0.185914 0)
(2.92124 -0.238054 0)
(2.95568 -0.182983 0)
(3.02432 0.0254578 0)
(3.05837 0.186802 0)
(3.08858 0.348785 0)
(3.09723 0.319678 0)
(3.10811 0.318266 0)
(3.1129 0.305556 0)
(3.12115 0.304731 0)
(3.12323 0.314977 0)
(3 -4.07446e-07 0)
(2.99998 -4.09614e-05 0)
(2.99869 -0.00250366 0)
(2.97695 -0.0484476 0)
(2.92826 -0.180542 0)
(2.9164 -0.241499 0)
(2.94403 -0.202837 0)
(3.01169 -0.00772252 0)
(3.0442 0.148678 0)
(3.08592 0.356191 0)
(3.09428 0.319743 0)
(3.10192 0.326282 0)
(3.10735 0.311323 0)
(3.11644 0.311814 0)
(3.12017 0.317276 0)
(3 -2.62816e-07 0)
(2.99998 -2.69815e-05 0)
(2.99907 -0.00174591 0)
(2.98079 -0.039163 0)
(2.92855 -0.17266 0)
(2.91179 -0.242914 0)
(2.93131 -0.221389 0)
(2.99686 -0.0473653 0)
(3.04085 0.118578 0)
(3.0822 0.357087 0)
(3.08683 0.317296 0)
(3.093 0.326601 0)
(3.10113 0.316022 0)
(3.11247 0.318436 0)
(3.11817 0.318779 0)
(3 -1.56531e-07 0)
(2.99999 -1.64559e-05 0)
(2.99938 -0.00112623 0)
(2.98484 -0.0299192 0)
(2.9309 -0.159359 0)
(2.90762 -0.243001 0)
(2.91883 -0.236429 0)
(2.97442 -0.104096 0)
(3.04043 0.100047 0)
(3.07964 0.334964 0)
(3.08025 0.306809 0)
(3.08532 0.32644 0)
(3.09152 0.324724 0)
(3.10647 0.326495 0)
(3.11295 0.321811 0)
(3 -8.43949e-08 0)
(2.99999 -9.13454e-06 0)
(2.99963 -0.000660179 0)
(2.98927 -0.0204887 0)
(2.93705 -0.138441 0)
(2.90428 -0.242905 0)
(2.90736 -0.248608 0)
(2.95394 -0.148449 0)
(3.03258 0.0846077 0)
(3.06476 0.2745 0)
(3.06737 0.285174 0)
(3.07795 0.326617 0)
(3.08424 0.33248 0)
(3.10332 0.330866 0)
(3.11136 0.316444 0)
(3 -4.00778e-08 0)
(3 -4.51181e-06 0)
(2.9998 -0.000348026 0)
(2.99313 -0.0128993 0)
(2.94675 -0.112909 0)
(2.90302 -0.235499 0)
(2.8982 -0.256893 0)
(2.9283 -0.201605 0)
(3.01097 0.0239099 0)
(3.04144 0.201696 0)
(3.04335 0.258424 0)
(3.06919 0.342306 0)
(3.07925 0.338903 0)
(3.09638 0.33081 0)
(3.11322 0.31751 0)
(3 -1.59365e-08 0)
(3 -1.89803e-06 0)
(2.99991 -0.000158186 0)
(2.99617 -0.00708637 0)
(2.95846 -0.0849627 0)
(2.90265 -0.222396 0)
(2.89188 -0.262099 0)
(2.9061 -0.242942 0)
(2.9786 -0.0672989 0)
(3.0353 0.161348 0)
(3.04097 0.22497 0)
(3.06839 0.363591 0)
(3.07665 0.342644 0)
(3.10041 0.317878 0)
(3.11891 0.311862 0)
(3 -4.68939e-06 0)
(3 -4.85733e-06 0)
(3 -5.07878e-06 0)
(3 -5.35769e-06 0)
(3 -5.72396e-06 0)
(3 -6.19656e-06 0)
(3 -6.83022e-06 0)
(3 -7.66544e-06 0)
(3 -8.83093e-06 0)
(3 -1.04141e-05 0)
(2.99999 -1.27562e-05 0)
(2.99999 -1.60965e-05 0)
(2.99999 -2.12802e-05 0)
(2.99999 -2.91184e-05 0)
(2.99998 -4.19398e-05 0)
(2.99998 -6.22153e-05 0)
(2.99997 -9.43968e-05 0)
(2.99996 -0.000149445 0)
(2.99998 -0.00020538 0)
(2.99999 -0.000192853 0)
(2.99981 -0.000404976 0)
(2.9998 -0.000418675 0)
(2.9998 -0.000435191 0)
(2.99979 -0.000455966 0)
(2.99977 -0.000482046 0)
(2.99976 -0.000517659 0)
(2.99974 -0.000561831 0)
(2.99972 -0.00062182 0)
(2.99968 -0.000700638 0)
(2.99964 -0.000807049 0)
(2.99958 -0.000957786 0)
(2.9995 -0.00116519 0)
(2.99939 -0.00146932 0)
(2.99925 -0.00188973 0)
(2.99906 -0.00254107 0)
(2.99883 -0.00340831 0)
(2.99853 -0.00473671 0)
(2.99846 -0.00645636 0)
(2.99912 -0.00736719 0)
(2.99998 -0.00615883 0)
(2.99335 -0.0150177 0)
(2.99313 -0.0156645 0)
(2.99304 -0.0159558 0)
(2.99288 -0.0163014 0)
(2.99263 -0.0169357 0)
(2.99234 -0.0178259 0)
(2.99207 -0.0187286 0)
(2.99163 -0.0200513 0)
(2.99119 -0.0214669 0)
(2.99054 -0.0235412 0)
(2.98992 -0.0257292 0)
(2.98898 -0.0292592 0)
(2.98826 -0.0325464 0)
(2.98729 -0.0377793 0)
(2.9869 -0.0428866 0)
(2.9866 -0.0483492 0)
(2.98644 -0.0571672 0)
(2.99446 -0.057785 0)
(2.9988 -0.0550996 0)
(3.00923 -0.0381754 0)
(2.95999 -0.110752 0)
(2.95955 -0.112207 0)
(2.95941 -0.114272 0)
(2.9597 -0.114494 0)
(2.95952 -0.115715 0)
(2.95962 -0.117319 0)
(2.95972 -0.11957 0)
(2.95997 -0.121527 0)
(2.96023 -0.12375 0)
(2.96103 -0.125635 0)
(2.96132 -0.129471 0)
(2.96341 -0.132022 0)
(2.9637 -0.134826 0)
(2.97051 -0.136874 0)
(2.97378 -0.136297 0)
(2.98018 -0.133437 0)
(2.98931 -0.126383 0)
(3.0014 -0.11611 0)
(3.01636 -0.0994719 0)
(3.03354 -0.0574314 0)
(2.94531 -0.194393 0)
(2.94576 -0.194447 0)
(2.94652 -0.194043 0)
(2.94738 -0.193314 0)
(2.9482 -0.19328 0)
(2.94921 -0.192957 0)
(2.95033 -0.192244 0)
(2.95133 -0.192124 0)
(2.9533 -0.190342 0)
(2.95574 -0.187759 0)
(2.95856 -0.186251 0)
(2.96234 -0.184704 0)
(2.96797 -0.180444 0)
(2.9745 -0.175366 0)
(2.98384 -0.165012 0)
(2.9942 -0.15607 0)
(3.01045 -0.13586 0)
(3.02592 -0.114711 0)
(3.04876 -0.076221 0)
(3.06809 -0.000449988 0)
(2.96108 -0.197414 0)
(2.96178 -0.196691 0)
(2.96343 -0.193869 0)
(2.96469 -0.190876 0)
(2.96592 -0.18889 0)
(2.96768 -0.186631 0)
(2.9705 -0.181663 0)
(2.97281 -0.177742 0)
(2.97695 -0.169859 0)
(2.98108 -0.162506 0)
(2.98754 -0.150474 0)
(2.99425 -0.138457 0)
(3.00401 -0.118879 0)
(3.01415 -0.0991986 0)
(3.03087 -0.0616215 0)
(3.04276 -0.0332274 0)
(3.06436 0.0217056 0)
(3.07972 0.0674146 0)
(3.10227 0.121709 0)
(3.10095 0.194853 0)
(3.02322 -0.0217926 0)
(3.02383 -0.0212851 0)
(3.02415 -0.0220603 0)
(3.02709 -0.0148533 0)
(3.02848 -0.0102226 0)
(3.03107 -0.00410831 0)
(3.03359 0.000618372 0)
(3.03865 0.0141672 0)
(3.04146 0.0217599 0)
(3.04792 0.040979 0)
(3.05164 0.0537745 0)
(3.05951 0.0806427 0)
(3.06556 0.105239 0)
(3.07009 0.108874 0)
(3.07884 0.130391 0)
(3.08698 0.149955 0)
(3.09441 0.183948 0)
(3.10042 0.175579 0)
(3.10928 0.210428 0)
(3.08737 0.209671 0)
(3.07425 0.215021 0)
(3.07386 0.219161 0)
(3.0731 0.21948 0)
(3.07358 0.22271 0)
(3.07544 0.230141 0)
(3.07657 0.237422 0)
(3.07867 0.243113 0)
(3.08176 0.246532 0)
(3.08707 0.259061 0)
(3.09024 0.271638 0)
(3.09537 0.268106 0)
(3.09688 0.272477 0)
(3.1029 0.289319 0)
(3.10371 0.314151 0)
(3.10068 0.33069 0)
(3.10938 0.341557 0)
(3.11911 0.366599 0)
(3.13167 0.357308 0)
(3.13123 0.329225 0)
(3.07979 0.22204 0)
(3.09404 0.248148 0)
(3.09382 0.247332 0)
(3.09337 0.247041 0)
(3.09233 0.246112 0)
(3.09146 0.247659 0)
(3.09057 0.249972 0)
(3.0894 0.249545 0)
(3.08936 0.252049 0)
(3.09299 0.259373 0)
(3.09253 0.265806 0)
(3.0938 0.273164 0)
(3.10364 0.283098 0)
(3.11215 0.292008 0)
(3.11388 0.300868 0)
(3.11394 0.31058 0)
(3.11735 0.316786 0)
(3.12353 0.329355 0)
(3.13058 0.334359 0)
(3.11513 0.289346 0)
(3.03379 0.0902775 0)
(3.12002 0.348005 0)
(3.12109 0.3476 0)
(3.12287 0.346138 0)
(3.12356 0.345534 0)
(3.12635 0.34109 0)
(3.12762 0.337264 0)
(3.12756 0.333906 0)
(3.12615 0.327011 0)
(3.12352 0.320896 0)
(3.11965 0.31841 0)
(3.11549 0.316504 0)
(3.11744 0.317325 0)
(3.12509 0.322978 0)
(3.13671 0.326164 0)
(3.13803 0.325389 0)
(3.13622 0.314258 0)
(3.12598 0.299861 0)
(3.10243 0.223965 0)
(3.06833 0.100088 0)
(3.00397 0.00358243 0)
(3.1072 0.340663 0)
(3.10859 0.340988 0)
(3.1103 0.340958 0)
(3.11221 0.341377 0)
(3.11464 0.340854 0)
(3.11729 0.338935 0)
(3.11874 0.337266 0)
(3.12124 0.334215 0)
(3.12186 0.33007 0)
(3.11879 0.325685 0)
(3.11735 0.321013 0)
(3.11805 0.315193 0)
(3.12134 0.313369 0)
(3.12875 0.306006 0)
(3.13119 0.289957 0)
(3.11966 0.243662 0)
(3.09772 0.148981 0)
(3.08639 0.0882317 0)
(3.05444 0.0218604 0)
(2.99626 0.00531844 0)
(3.09724 0.317397 0)
(3.09792 0.318136 0)
(3.0993 0.318916 0)
(3.10071 0.321135 0)
(3.10191 0.322448 0)
(3.10475 0.324032 0)
(3.10788 0.325446 0)
(3.11082 0.325304 0)
(3.11348 0.325639 0)
(3.11564 0.324535 0)
(3.11525 0.320173 0)
(3.11385 0.313885 0)
(3.10958 0.293725 0)
(3.10128 0.24838 0)
(3.09395 0.174203 0)
(3.06873 0.0605468 0)
(3.06775 -0.00116695 0)
(3.05648 -0.0313241 0)
(3.03683 -0.0200734 0)
(2.98618 0.00637338 0)
(3.10876 0.299903 0)
(3.10885 0.301095 0)
(3.10954 0.302079 0)
(3.11038 0.303517 0)
(3.11051 0.305514 0)
(3.11096 0.307349 0)
(3.1119 0.308249 0)
(3.11272 0.307692 0)
(3.11292 0.304924 0)
(3.11099 0.297054 0)
(3.10438 0.277345 0)
(3.09296 0.244895 0)
(3.07584 0.18839 0)
(3.05964 0.105495 0)
(3.05959 0.0727413 0)
(3.05027 0.0282069 0)
(3.05828 -0.0003404 0)
(3.05412 -0.0212697 0)
(3.03908 -0.0154368 0)
(2.98143 0.00729558 0)
(3.12634 0.302867 0)
(3.12549 0.302693 0)
(3.1234 0.301621 0)
(3.11983 0.298011 0)
(3.11489 0.292013 0)
(3.10874 0.282446 0)
(3.10238 0.267789 0)
(3.09517 0.242929 0)
(3.08937 0.214981 0)
(3.07936 0.167219 0)
(3.07572 0.133768 0)
(3.05745 0.0576069 0)
(3.05224 0.0336725 0)
(3.04671 -0.0278773 0)
(3.03339 -0.0192332 0)
(3.03597 0.000598227 0)
(3.04774 0.000342223 0)
(3.05179 -0.00992931 0)
(3.04217 -0.0116349 0)
(2.9839 0.00412869 0)
(3.13228 0.288673 0)
(3.12686 0.266532 0)
(3.12138 0.242484 0)
(3.11627 0.217332 0)
(3.11229 0.19404 0)
(3.10804 0.170186 0)
(3.10456 0.150247 0)
(3.10075 0.126204 0)
(3.0984 0.108251 0)
(3.09274 0.0828742 0)
(3.08909 0.0676925 0)
(3.07753 0.0400177 0)
(3.06334 0.0174909 0)
(3.05893 0.00466657 0)
(3.04885 -0.00421928 0)
(3.04469 0.00016377 0)
(3.04901 0.000760914 0)
(3.05304 -0.00270662 0)
(3.04136 -0.00306327 0)
(2.98702 0.0011465 0)
)
;

boundaryField
{
    inlet
    {
        type            fixedValue;
        value           uniform (3 0 0);
    }
    outlet
    {
        type            inletOutlet;
        inletValue      uniform (3 0 0);
        value           nonuniform List<vector> 
30
(
(2.99999 -0.000192853 0)
(2.99998 -0.00615883 0)
(3.00923 -0.0381754 0)
(3.03354 -0.0574314 0)
(3.06809 -0.000449988 0)
(3.10095 0.194853 0)
(3.08737 0.209671 0)
(3.07979 0.22204 0)
(3.03379 0.0902775 0)
(3.00397 0.00358243 0)
(2.99626 0.00531844 0)
(2.98618 0.00637338 0)
(2.98143 0.00729558 0)
(2.9839 0.00412869 0)
(2.98702 0.0011465 0)
(2.9859 -0.000791785 0)
(2.98433 -0.00249017 0)
(2.98274 -0.00769723 0)
(2.98686 -0.0064752 0)
(2.99619 -0.00557543 0)
(3.00377 -0.00380153 0)
(3.03371 -0.0904482 0)
(3.07979 -0.222057 0)
(3.08738 -0.209682 0)
(3.10096 -0.194858 0)
(3.06809 0.000450236 0)
(3.03354 0.0574317 0)
(3.00923 0.0381754 0)
(2.99998 0.00615882 0)
(2.99999 0.000192852 0)
)
;
    }
    airfoil
    {
        type            slip;
    }
    top_fore
    {
        type            fixedValue;
        value           uniform (3 0 0);
    }
    top_wake
    {
        type            fixedValue;
        value           uniform (3 0 0);
    }
    bottom_fore
    {
        type            fixedValue;
        value           uniform (3 0 0);
    }
    bottom_wake
    {
        type            fixedValue;
        value           uniform (3 0 0);
    }
    defaultFaces
    {
        type            empty;
    }
}


// ************************************************************************* //
