/*--------------------------------*- C++ -*----------------------------------*\
  =========                 |
  \\      /  F ield         | OpenFOAM: The Open Source CFD Toolbox
   \\    /   O peration     | Website:  https://openfoam.org
    \\  /    A nd           | Version:  7
     \\/     M anipulation  |
\*---------------------------------------------------------------------------*/
FoamFile
{
    version     2.0;
    format      ascii;
    class       volScalarField;
    location    "6.1";
    object      T;
}
// * * * * * * * * * * * * * * * * * * * * * * * * * * * * * * * * * * * * * //

dimensions      [0 0 0 1 0 0 0];

internalField   nonuniform List<scalar> 
11200
(
1.1164
1.28245
1.36118
1.39135
1.42077
1.4165
1.41247
1.40196
1.39712
1.39606
1.391
1.39202
1.38856
1.37735
1.36346
1.34242
1.33314
1.32514
1.31936
1.31062
1.2968
1.27797
1.26254
1.25403
1.24759
1.24098
1.23484
1.23397
1.2298
1.22477
0.565251
0.58738
0.718368
0.925135
1.1316
1.31398
1.44035
1.52663
1.58395
1.62419
1.61473
1.59287
1.56205
1.52205
1.49156
1.46685
1.46959
1.47328
1.46546
1.44359
1.41411
1.38804
1.37481
1.36951
1.36331
1.35235
1.33927
1.3325
1.32366
1.3119
0.550294
0.539567
0.526514
0.511735
0.494876
0.522376
0.646118
0.887673
1.11925
1.32374
1.45786
1.54475
1.59909
1.5943
1.57431
1.57644
1.57546
1.56972
1.5541
1.53593
1.5173
1.50053
1.49299
1.48881
1.4812
1.46659
1.45364
1.44719
1.43782
1.42035
0.514235
0.505348
0.495368
0.48659
0.481295
0.478244
0.475842
0.475008
0.473635
0.495344
0.69399
0.980283
1.25808
1.46039
1.57187
1.63208
1.62669
1.61627
1.59493
1.57848
1.56803
1.56872
1.56738
1.56344
1.55652
1.54734
1.54204
1.53515
1.52548
1.50722
0.486869
0.481486
0.477053
0.474427
0.473809
0.473493
0.472944
0.472633
0.471539
0.468525
0.463601
0.45959
0.475192
0.699095
1.05335
1.33951
1.48173
1.57762
1.58289
1.58915
1.58635
1.58711
1.5848
1.58308
1.58051
1.57661
1.57452
1.56791
1.55932
1.5442
0.474036
0.471594
0.4707
0.470906
0.471397
0.471542
0.470946
0.469033
0.466399
0.463052
0.458034
0.45549
0.455234
0.454934
0.454019
0.526378
0.868571
1.16628
1.39625
1.52198
1.55409
1.58035
1.57653
1.5783
1.57535
1.5776
1.577
1.56894
1.56191
1.55044
0.468386
0.468138
0.468223
0.468152
0.467884
0.467034
0.465656
0.46427
0.462663
0.459612
0.454895
0.452534
0.452685
0.453118
0.453183
0.453271
0.453961
0.456688
0.711933
1.03999
1.2955
1.44119
1.49255
1.53012
1.53071
1.5376
1.53654
1.53083
1.53333
1.52967
0.466672
0.466603
0.46638
0.465708
0.46413
0.46271
0.462168
0.46172
0.461099
0.458895
0.454268
0.451309
0.451511
0.452577
0.453713
0.453383
0.453769
0.45849
0.468621
0.473272
0.623561
0.925805
1.19614
1.32971
1.40037
1.44408
1.46605
1.4641
1.46927
1.46629
0.46443
0.464442
0.463952
0.462717
0.460868
0.460345
0.460781
0.460897
0.46055
0.461145
0.460882
0.456579
0.455799
0.461409
0.473128
0.475582
0.475386
0.475938
0.481381
0.489484
0.492136
0.494109
0.59291
0.84772
1.10396
1.23197
1.30314
1.34994
1.37952
1.36989
0.462105
0.461848
0.461151
0.459762
0.458883
0.458975
0.459169
0.460144
0.463664
0.469225
0.4735
0.475388
0.478408
0.484431
0.493413
0.499589
0.503584
0.505829
0.50536
0.506826
0.510339
0.514977
0.518209
0.522122
0.594606
0.811304
1.02602
1.16832
1.22398
1.27337
0.469933
0.470332
0.469327
0.467177
0.46713
0.468184
0.470169
0.472248
0.475545
0.480362
0.48652
0.491706
0.495725
0.498878
0.503725
0.509775
0.514751
0.520093
0.526121
0.529252
0.532761
0.537724
0.538979
0.542226
0.548771
0.553862
0.602219
0.814084
0.983761
1.15309
0.494178
0.494899
0.496103
0.497704
0.50062
0.504484
0.504364
0.50427
0.506134
0.50959
0.514064
0.517957
0.517429
0.516514
0.517439
0.520536
0.524723
0.531268
0.539676
0.546208
0.550515
0.555235
0.560672
0.563883
0.565579
0.572922
0.578224
0.578946
0.618923
0.932958
0.51563
0.516703
0.51914
0.523048
0.527441
0.531577
0.533095
0.533092
0.534124
0.536408
0.540728
0.545625
0.547624
0.549632
0.552864
0.555521
0.556196
0.555758
0.556109
0.560906
0.567532
0.573938
0.580303
0.583406
0.584426
0.58669
0.590792
0.596766
0.599046
0.626792
0.551495
0.552365
0.553835
0.555692
0.558167
0.560236
0.560251
0.55859
0.558373
0.560325
0.564329
0.569549
0.573453
0.575473
0.577677
0.581926
0.586507
0.588298
0.588571
0.588643
0.589954
0.593504
0.597924
0.602565
0.604784
0.604882
0.607901
0.614633
0.616999
0.619762
0.585829
0.585871
0.586231
0.587422
0.589513
0.592663
0.59404
0.593541
0.593394
0.594414
0.597875
0.599437
0.599434
0.599717
0.600891
0.603017
0.606362
0.609781
0.613843
0.617905
0.618432
0.618326
0.619974
0.624069
0.628669
0.632907
0.634481
0.635493
0.637476
0.639783
0.62276
0.62194
0.621722
0.62197
0.623244
0.626336
0.627374
0.626403
0.6256
0.62637
0.629216
0.632872
0.635501
0.636068
0.636106
0.635875
0.636349
0.637386
0.639053
0.642486
0.645692
0.647254
0.648606
0.65067
0.653098
0.655411
0.655995
0.656119
0.657363
0.660974
0.663514
0.662472
0.661984
0.661827
0.662435
0.664778
0.667767
0.668147
0.667144
0.6667
0.66694
0.667536
0.668473
0.669534
0.671378
0.673198
0.673625
0.673249
0.672036
0.671353
0.671836
0.673176
0.673823
0.673535
0.672947
0.673146
0.674589
0.677054
0.678874
0.680988
0.709003
0.706082
0.705447
0.705077
0.70552
0.707076
0.708777
0.709398
0.708905
0.706859
0.705646
0.705671
0.706034
0.706078
0.705626
0.704031
0.702452
0.702319
0.70301
0.704027
0.703926
0.703075
0.702938
0.70365
0.704315
0.704115
0.703732
0.70306
0.702319
0.702262
0.759313
0.753692
0.752444
0.752071
0.753289
0.755244
0.75515
0.754329
0.752703
0.750519
0.75043
0.750191
0.748182
0.7459
0.745761
0.745623
0.744734
0.74329
0.741457
0.740146
0.739469
0.738607
0.736865
0.735373
0.734091
0.732471
0.730666
0.728474
0.726263
0.724577
0.812431
0.806222
0.803451
0.803436
0.806176
0.807453
0.805855
0.802886
0.799389
0.797641
0.79805
0.797339
0.793591
0.789774
0.788223
0.787027
0.784982
0.782409
0.779735
0.777149
0.774449
0.771832
0.769419
0.766029
0.763082
0.760725
0.758893
0.757895
0.756334
0.752009
0.867676
0.861175
0.858621
0.859035
0.862677
0.863282
0.860191
0.855166
0.849666
0.84834
0.848824
0.847183
0.841122
0.83655
0.834661
0.832594
0.829489
0.825598
0.82172
0.818154
0.81488
0.810893
0.807735
0.804283
0.800662
0.797138
0.792749
0.788334
0.785023
0.779182
0.924573
0.918761
0.917005
0.918251
0.922165
0.921653
0.916895
0.909736
0.902829
0.902056
0.902373
0.899274
0.890766
0.886026
0.884233
0.881249
0.876389
0.871194
0.86636
0.861312
0.856861
0.852046
0.846465
0.841405
0.836099
0.830648
0.825633
0.819935
0.814803
0.807306
0.98374
0.978211
0.977168
0.979376
0.982812
0.981687
0.97591
0.9669
0.958512
0.957681
0.95766
0.953442
0.943129
0.938609
0.936699
0.932612
0.925891
0.919329
0.913577
0.908013
0.901842
0.895607
0.88896
0.882604
0.876134
0.869155
0.862753
0.856162
0.850037
0.839898
1.04924
1.04123
1.03969
1.04136
1.0439
1.04283
1.03661
1.02767
1.01766
1.01524
1.01476
1.01012
0.998784
0.993564
0.991076
0.98588
0.977596
0.969982
0.963113
0.956434
0.949158
0.941178
0.933464
0.925419
0.917524
0.909468
0.900982
0.892494
0.885043
0.872936
1.12318
1.1157
1.10981
1.10813
1.1069
1.10464
1.09999
1.09338
1.08275
1.07799
1.07591
1.07068
1.05919
1.05164
1.04726
1.0408
1.03186
1.02297
1.01467
1.00619
0.997764
0.988708
0.979422
0.970201
0.960825
0.951285
0.941771
0.93199
0.923219
0.908966
1.17728
1.17417
1.17154
1.16987
1.16752
1.1644
1.16084
1.15626
1.14978
1.14403
1.13949
1.13329
1.1245
1.11637
1.10879
1.10007
1.09033
1.08027
1.06997
1.05954
1.04914
1.0386
1.02771
1.01676
1.00589
0.994849
0.984047
0.972846
0.962809
0.94652
1.18824
1.18815
1.1881
1.18806
1.18748
1.1864
1.18562
1.18504
1.18413
1.18254
1.18088
1.17856
1.17465
1.16976
1.16447
1.15821
1.15053
1.14146
1.13106
1.11956
1.10749
1.09473
1.08153
1.06809
1.05475
1.04153
1.02862
1.01561
1.00409
0.985545
1.17469
1.17629
1.17827
1.18054
1.18213
1.18273
1.18217
1.1817
1.18249
1.18234
1.18206
1.18244
1.18274
1.18232
1.18145
1.18048
1.17901
1.1768
1.17339
1.16833
1.16122
1.15195
1.14024
1.12667
1.11176
1.09585
1.07981
1.06353
1.04918
1.02694
1.11365
1.11724
1.1208
1.12473
1.12962
1.13764
1.14312
1.14411
1.14668
1.15173
1.15906
1.16269
1.16466
1.16871
1.17191
1.17343
1.17482
1.1754
1.17539
1.17521
1.17457
1.17334
1.171
1.16708
1.16023
1.15001
1.13638
1.11981
1.10304
1.0754
1.02643
1.02856
1.03084
1.03447
1.03846
1.04292
1.04842
1.0544
1.06009
1.06627
1.07524
1.08446
1.09227
1.10186
1.11277
1.12208
1.13191
1.14055
1.14838
1.15686
1.16132
1.16434
1.16764
1.16773
1.16733
1.1662
1.16376
1.15884
1.15062
1.12827
1.00117
1.00136
1.00156
1.00185
1.00227
1.00279
1.0035
1.00445
1.00563
1.007
1.00897
1.01187
1.01539
1.01977
1.02593
1.03347
1.04268
1.05402
1.06683
1.08125
1.09688
1.11125
1.12542
1.13819
1.14754
1.15402
1.15885
1.15878
1.15831
1.15406
1.00001
1.00001
1.00002
1.00002
1.00003
1.00004
1.00005
1.00007
1.0001
1.00014
1.0002
1.0003
1.00046
1.0007
1.0011
1.00176
1.00284
1.00456
1.00736
1.01169
1.01836
1.02788
1.04064
1.05693
1.07584
1.09497
1.11394
1.13002
1.14121
1.14864
1
1
1
1
1
1
1
1
1
1
1
1
1
1.00001
1.00001
1.00002
1.00004
1.00007
1.00015
1.0003
1.00064
1.00134
1.00275
1.00555
1.01075
1.01965
1.03331
1.05263
1.07342
1.10689
1
1
1
1
1
1
1
1
1
1
1
1
1
1
1
1
1
1
1
1
1.00001
1.00001
1.00004
1.0001
1.00029
1.00079
1.00204
1.00519
1.01089
1.0337
1
1
1
1
1
1
1
1
1
1
1
1
1
1
1
1
1
1
1
1
1
1
1
1
1
1.00001
1.00003
1.00011
1.00033
1.00301
0.578809
0.574624
0.559975
0.524565
0.49364
0.477519
0.46964
0.46629
0.463538
0.462252
0.469193
0.493591
0.515351
0.550961
0.586061
0.624933
0.667869
0.714726
0.765483
0.819815
0.877347
0.936559
0.997214
1.06262
1.13094
1.18018
1.18839
1.17296
1.10791
1.02277
1.00093
1.00001
1
1
1
0.578292
0.578136
0.557421
0.520654
0.492201
0.477402
0.469818
0.464702
0.461055
0.461912
0.474037
0.499923
0.525367
0.560783
0.596172
0.634477
0.677375
0.72403
0.775298
0.831041
0.890365
0.951828
1.01449
1.07812
1.14308
1.18516
1.18864
1.17039
1.09524
1.01571
1.00049
1
1
1
1
0.582472
0.582678
0.558286
0.520694
0.492839
0.479714
0.470568
0.46321
0.459211
0.461685
0.477309
0.502773
0.531377
0.565047
0.599937
0.637832
0.681266
0.728599
0.78042
0.836963
0.897227
0.959393
1.0222
1.08619
1.15116
1.18828
1.18905
1.16732
1.08112
1.0108
1.00028
1
1
1
1
0.587647
0.583934
0.555201
0.516505
0.493024
0.481849
0.472392
0.462652
0.457872
0.462446
0.481381
0.504671
0.533893
0.567226
0.603095
0.641341
0.684497
0.732599
0.784437
0.841112
0.901825
0.964688
1.02834
1.0946
1.16026
1.19048
1.18939
1.15534
1.06665
1.00728
1.00016
1
1
1
1
0.593029
0.583843
0.548937
0.513046
0.495606
0.484105
0.474175
0.462718
0.456996
0.463827
0.482901
0.504246
0.53472
0.569151
0.607392
0.647191
0.692692
0.743221
0.797676
0.854626
0.91349
0.974191
1.03881
1.11013
1.17111
1.19192
1.18744
1.14514
1.05531
1.00489
1.00009
1
1
1
1
0.597096
0.583043
0.544854
0.511961
0.498317
0.484726
0.474634
0.461358
0.456356
0.463965
0.482979
0.503022
0.536081
0.577058
0.619862
0.663871
0.710888
0.762243
0.817655
0.876486
0.937792
0.999891
1.06355
1.12891
1.17912
1.19271
1.18426
1.13695
1.04454
1.00307
1.00005
1
1
1
1
0.5999
0.58105
0.543583
0.511568
0.499491
0.484734
0.473674
0.457706
0.454197
0.463773
0.482585
0.511652
0.551942
0.592528
0.632176
0.672844
0.718837
0.77022
0.826528
0.886776
0.949684
1.0135
1.07674
1.13906
1.18428
1.19316
1.18249
1.12652
1.03335
1.00183
1.00002
1
1
1
1
0.600486
0.578356
0.544571
0.511778
0.499775
0.484204
0.469909
0.455324
0.452027
0.464321
0.488913
0.527734
0.561691
0.598168
0.635933
0.676618
0.723522
0.775765
0.832526
0.893774
0.957563
1.02162
1.08495
1.14775
1.18917
1.19342
1.18158
1.11133
1.02422
1.00107
1.00001
1
1
1
1
0.596348
0.57626
0.549393
0.513668
0.499364
0.480862
0.465642
0.455167
0.453662
0.472982
0.500122
0.534389
0.56383
0.599973
0.638242
0.679744
0.726972
0.780393
0.837582
0.89903
0.963364
1.02867
1.09508
1.15971
1.19294
1.19378
1.17435
1.09667
1.01705
1.00059
1.00001
1
1
1
1
0.589118
0.574326
0.552357
0.513957
0.495594
0.475998
0.463266
0.458148
0.462499
0.481556
0.503186
0.535351
0.563726
0.60006
0.640807
0.688037
0.741893
0.798958
0.859155
0.920563
0.982912
1.04767
1.1155
1.17217
1.19474
1.19352
1.16363
1.08153
1.01137
1.00032
1
1
1
1
1
0.585762
0.573906
0.552523
0.511822
0.491787
0.473437
0.462941
0.4614
0.468445
0.483649
0.503463
0.53373
0.565881
0.609254
0.659306
0.71062
0.763865
0.82081
0.880839
0.943734
1.00779
1.07136
1.1326
1.17994
1.19562
1.19091
1.15582
1.06714
1.00751
1.00017
1
1
1
1
1
0.58533
0.574143
0.55111
0.510384
0.490386
0.472722
0.464089
0.462711
0.469517
0.481283
0.506229
0.539068
0.584118
0.629156
0.674685
0.720879
0.772944
0.830084
0.891215
0.954951
1.01933
1.08216
1.14217
1.18579
1.19625
1.18879
1.1469
1.05381
1.00476
1.00009
1
1
1
1
1
0.586019
0.574787
0.549259
0.509772
0.490207
0.47267
0.464853
0.463009
0.469699
0.478619
0.514833
0.554908
0.595485
0.635883
0.679774
0.725704
0.778249
0.836421
0.898452
0.963366
1.02837
1.09163
1.15243
1.19154
1.19668
1.18855
1.13377
1.0405
1.00268
1.00004
1
1
1
1
1
0.590055
0.575582
0.54779
0.509784
0.490965
0.473029
0.46376
0.460461
0.470678
0.485412
0.527633
0.561565
0.59866
0.638667
0.682619
0.729632
0.783172
0.843621
0.907669
0.973388
1.04
1.10649
1.16656
1.19567
1.19718
1.18685
1.1188
1.02857
1.00147
1.00002
1
1
1
1
1
0.594765
0.576865
0.54806
0.513123
0.491773
0.473061
0.458972
0.456084
0.473108
0.498145
0.534857
0.565554
0.599615
0.641301
0.689044
0.746131
0.808266
0.871988
0.937629
1.00304
1.06802
1.1298
1.17805
1.19747
1.19733
1.17567
1.10192
1.01968
1.0008
1.00001
1
1
1
1
1
0.596816
0.578275
0.551781
0.517387
0.49159
0.471837
0.457207
0.455188
0.476699
0.502914
0.536797
0.571917
0.611357
0.660028
0.715593
0.771792
0.830609
0.892978
0.957698
1.02323
1.08641
1.14334
1.18473
1.19825
1.19538
1.166
1.08469
1.01311
1.00042
1
1
1
1
1
1
0.597392
0.579576
0.556711
0.519005
0.488748
0.467007
0.45696
0.456447
0.479189
0.505354
0.538994
0.584408
0.632538
0.679739
0.729617
0.782139
0.84056
0.903667
0.969138
1.03486
1.09726
1.15323
1.19034
1.19872
1.19305
1.1581
1.07024
1.00849
1.00021
1
1
1
1
1
1
0.596083
0.581548
0.55855
0.518504
0.481683
0.462862
0.459418
0.466429
0.481557
0.513408
0.550584
0.598312
0.641148
0.686556
0.736234
0.788655
0.847626
0.911954
0.97882
1.04622
1.10981
1.16564
1.19554
1.19907
1.19297
1.14916
1.05444
1.00485
1.0001
1
1
1
1
1
1
0.593825
0.583743
0.557487
0.516384
0.478604
0.46195
0.464934
0.475355
0.486678
0.525927
0.566071
0.60368
0.643175
0.68941
0.741505
0.797465
0.861391
0.929989
0.999696
1.06864
1.13139
1.17909
1.19857
1.19951
1.19212
1.13203
1.03768
1.00248
1.00004
1
1
1
1
1
1
0.594211
0.586231
0.554236
0.513978
0.478226
0.463459
0.469715
0.480474
0.49647
0.536738
0.571064
0.606658
0.646174
0.698853
0.760917
0.829321
0.896691
0.964885
1.03233
1.0957
1.14992
1.18701
1.19963
1.1994
1.18098
1.11151
1.0258
1.00134
1.00002
1
1
1
1
1
1
0.596169
0.58698
0.548177
0.511469
0.478641
0.469458
0.47215
0.483157
0.505393
0.540158
0.572525
0.613699
0.671486
0.730233
0.79171
0.853444
0.917335
0.983695
1.0492
1.10977
1.16038
1.19191
1.19997
1.19735
1.1703
1.09428
1.01761
1.0007
1.00001
1
1
1
1
1
1
0.599781
0.586564
0.543397
0.510229
0.479374
0.472308
0.472098
0.48404
0.5098
0.540231
0.576841
0.637939
0.694546
0.748349
0.804518
0.864562
0.929799
0.997403
1.06293
1.12261
1.17108
1.19636
1.20025
1.19492
1.163
1.07848
1.01104
1.00033
1
1
1
1
1
1
1
0.602394
0.586697
0.54353
0.51313
0.480666
0.47171
0.472038
0.483948
0.511792
0.543521
0.600038
0.658178
0.704023
0.755489
0.813435
0.873841
0.94202
1.0132
1.08159
1.14142
1.18333
1.19951
1.20065
1.195
1.15501
1.05987
1.00602
1.00014
1
1
1
1
1
1
1
0.602241
0.586873
0.546998
0.516347
0.480611
0.466729
0.47112
0.482481
0.516472
0.56639
0.622638
0.666276
0.707332
0.760535
0.826506
0.899586
0.974008
1.04618
1.11126
1.16149
1.19154
1.20075
1.20122
1.1943
1.13492
1.04024
1.00293
1.00005
1
1
1
1
1
1
1
0.601275
0.587617
0.554142
0.515743
0.475935
0.459274
0.46727
0.48523
0.534384
0.588726
0.631151
0.670761
0.719378
0.790285
0.86531
0.936555
1.00599
1.07247
1.13055
1.17272
1.19567
1.20106
1.20074
1.18175
1.11137
1.0269
1.00151
1.00002
1
1
1
1
1
1
1
0.601653
0.587987
0.557949
0.50201
0.464469
0.454174
0.463645
0.505449
0.556325
0.599147
0.634904
0.681435
0.757694
0.824753
0.891404
0.957396
1.0246
1.08906
1.14415
1.18169
1.19851
1.20098
1.19752
1.16932
1.09418
1.0181
1.00076
1.00001
1
1
1
1
1
1
1
0.60378
0.594055
0.557496
0.48676
0.454521
0.453031
0.46952
0.527056
0.567115
0.602029
0.640658
0.718196
0.782714
0.842835
0.906755
0.973151
1.04272
1.10787
1.16028
1.19097
1.20035
1.20052
1.19403
1.16083
1.07682
1.01042
1.00031
1
1
1
1
1
1
1
1
0.610193
0.596088
0.545724
0.478679
0.452503
0.461524
0.49357
0.539737
0.569595
0.603937
0.668906
0.742803
0.796088
0.85562
0.924524
0.99865
1.07186
1.13454
1.17705
1.19721
1.20107
1.20129
1.19375
1.1505
1.05425
1.00515
1.00012
1
1
1
1
1
1
1
1
0.621153
0.594771
0.530131
0.472114
0.457467
0.481545
0.505402
0.541942
0.570438
0.619966
0.701998
0.757405
0.807877
0.88217
0.962225
1.03795
1.10403
1.155
1.18658
1.19976
1.2014
1.2016
1.19252
1.12591
1.03429
1.00236
1.00004
1
1
1
1
1
1
1
1
0.633603
0.594038
0.524292
0.471643
0.466695
0.491705
0.50698
0.538675
0.573959
0.659517
0.718403
0.771108
0.844746
0.924559
0.998369
1.06526
1.12437
1.16818
1.19261
1.20074
1.20146
1.20043
1.17582
1.09973
1.02137
1.00106
1.00002
1
1
1
1
1
1
1
1
0.643537
0.596505
0.525075
0.478178
0.472534
0.493066
0.505621
0.534398
0.609951
0.682625
0.733318
0.802379
0.883403
0.954121
1.02258
1.08726
1.14354
1.18105
1.19734
1.20102
1.20126
1.19544
1.16078
1.08086
1.013
1.00047
1.00001
1
1
1
1
1
1
1
1
0.649646
0.602511
0.529253
0.487909
0.474162
0.485515
0.506337
0.555373
0.644967
0.695735
0.754328
0.843938
0.911025
0.977811
1.04879
1.115
1.16546
1.19193
1.19999
1.20098
1.20025
1.19067
1.14971
1.06167
1.0067
1.00018
1
1
1
1
1
1
1
1
1
0.654294
0.60493
0.532389
0.491042
0.474731
0.474362
0.510201
0.601246
0.66085
0.712001
0.797361
0.87178
0.935318
1.0112
1.08611
1.14418
1.18107
1.19743
1.20113
1.20127
1.20097
1.18959
1.13371
1.03846
1.00282
1.00006
1
1
1
1
1
1
1
1
1
0.65698
0.604085
0.53195
0.486381
0.475726
0.473207
0.54542
0.625053
0.672156
0.742253
0.830586
0.899782
0.975152
1.05267
1.11771
1.16385
1.18993
1.20005
1.20164
1.2018
1.20101
1.18391
1.10233
1.02082
1.00107
1.00002
1
1
1
1
1
1
1
1
1
0.658484
0.597828
0.521275
0.472083
0.473789
0.491038
0.588349
0.637234
0.690402
0.790763
0.862738
0.937882
1.01742
1.08606
1.14153
1.17893
1.19602
1.20141
1.20181
1.20175
1.19666
1.15818
1.07361
1.01125
1.0004
1.00001
1
1
1
1
1
1
1
1
1
0.658355
0.595017
0.514867
0.458508
0.470588
0.539811
0.606051
0.65373
0.739345
0.823087
0.897947
0.984148
1.05359
1.11535
1.16407
1.1908
1.19959
1.20194
1.20156
1.20069
1.18835
1.1393
1.054
1.00574
1.00015
1
1
1
1
1
1
1
1
1
1
0.659033
0.594929
0.513186
0.454407
0.475346
0.576859
0.616179
0.679423
0.786111
0.861966
0.946987
1.0235
1.08881
1.14509
1.18243
1.19711
1.20111
1.20198
1.20101
1.19783
1.18139
1.12295
1.03474
1.00237
1.00005
1
1
1
1
1
1
1
1
1
1
0.659066
0.590317
0.51444
0.4633
0.522293
0.589454
0.641807
0.744708
0.824544
0.904883
0.992168
1.06341
1.12553
1.16895
1.19325
1.19978
1.20158
1.20198
1.20142
1.19744
1.17515
1.09499
1.01687
1.00077
1.00001
1
1
1
1
1
1
1
1
1
1
0.649693
0.565948
0.50689
0.500916
0.563284
0.601986
0.680718
0.787936
0.869526
0.961368
1.03787
1.10579
1.15522
1.18458
1.19912
1.20083
1.2016
1.2019
1.20182
1.19788
1.15436
1.05929
1.00695
1.00022
1
1
1
1
1
1
1
1
1
1
1
0.642874
0.542761
0.483448
0.536231
0.570574
0.637987
0.754395
0.837723
0.925361
1.01142
1.084
1.14148
1.17688
1.194
1.20182
1.2012
1.2015
1.20156
1.20094
1.18535
1.12047
1.03564
1.0029
1.00006
1
1
1
1
1
1
1
1
1
1
1
0.6498
0.528491
0.474114
0.556541
0.590374
0.691694
0.800833
0.891802
0.986423
1.0629
1.12677
1.16889
1.19087
1.19856
1.20272
1.20151
1.20175
1.2008
1.19661
1.16826
1.09565
1.0208
1.00108
1.00002
1
1
1
1
1
1
1
1
1
1
1
0.661073
0.502239
0.493852
0.561733
0.65626
0.776359
0.866686
0.961667
1.04295
1.11183
1.1598
1.18786
1.19789
1.20024
1.20324
1.20175
1.20208
1.20005
1.19102
1.15443
1.0703
1.00921
1.00031
1
1
1
1
1
1
1
1
1
1
1
1
0.661134
0.456685
0.525841
0.584649
0.724927
0.834892
0.933371
1.02546
1.09712
1.15182
1.18322
1.19791
1.20053
1.20081
1.20355
1.20179
1.20221
1.2009
1.18718
1.13064
1.03739
1.00292
1.00007
1
1
1
1
1
1
1
1
1
1
1
1
0.61352
0.466584
0.544718
0.682288
0.812085
0.914674
1.01181
1.08623
1.14433
1.17959
1.19637
1.20184
1.20124
1.20094
1.20376
1.20152
1.20175
1.20068
1.1751
1.08772
1.01567
1.00079
1.00001
1
1
1
1
1
1
1
1
1
1
1
1
0.598933
0.515009
0.598516
0.778218
0.896432
0.997268
1.08029
1.13925
1.17653
1.1952
1.20192
1.20285
1.20132
1.20093
1.20391
1.20117
1.19942
1.19006
1.1402
1.05386
1.0065
1.0002
1
1
1
1
1
1
1
1
1
1
1
1
1
0.490405
0.561898
0.73376
0.878247
0.991819
1.08023
1.13824
1.17567
1.19417
1.20162
1.20358
1.20301
1.20069
1.20077
1.20408
1.20019
1.19663
1.17528
1.112
1.03127
1.00223
1.00005
1
1
1
1
1
1
1
1
1
1
1
1
1
0.332239
0.612933
0.851853
0.992896
1.08407
1.14251
1.17741
1.19451
1.20118
1.20354
1.20381
1.20279
1.20005
1.20064
1.20436
1.19894
1.19491
1.16219
1.08019
1.01237
1.0005
1.00001
1
1
1
1
1
1
1
1
1
1
1
1
1
0.271112
0.735819
0.977003
1.09285
1.15208
1.18197
1.19605
1.20143
1.20315
1.20389
1.20381
1.20187
1.19955
1.20065
1.2045
1.199
1.1918
1.13495
1.03818
1.00292
1.00007
1
1
1
1
1
1
1
1
1
1
1
1
1
1
0.566554
0.93194
1.10218
1.16346
1.18877
1.19894
1.20209
1.20303
1.20357
1.2039
1.20337
1.20087
1.19938
1.20125
1.20451
1.19924
1.16791
1.08353
1.01337
1.00055
1.00001
1
1
1
1
1
1
1
1
1
1
1
1
1
1
0.937442
1.11131
1.17871
1.1971
1.20224
1.20326
1.20321
1.20326
1.20361
1.20353
1.20261
1.20023
1.19942
1.20168
1.20314
1.1884
1.13529
1.045
1.00369
1.00006
1
1
1
1
1
1
1
1
1
1
1
1
1
1
1
1.2034
1.20362
1.204
1.20431
1.20425
1.20376
1.20327
1.2031
1.20305
1.20319
1.20206
1.20009
1.19977
1.2019
1.19983
1.17009
1.09852
1.01353
0.99982
0.999982
1
1
1
1
1
1
1
1
1
1
1
1
1
1
1
1.20321
1.20346
1.20402
1.20448
1.20456
1.20415
1.20314
1.20247
1.20249
1.20331
1.203
1.20163
1.19961
1.20076
1.20024
1.1709
1.0896
1.01307
1.00041
1
1
1
1
1
1
1
1
1
1
1
1
1
1
1
1
1.20301
1.20325
1.204
1.20454
1.20466
1.20442
1.20327
1.20226
1.20203
1.20298
1.20344
1.20336
1.20039
1.19949
1.198
1.15441
1.0573
1.00431
1.00006
1
1
1
1
1
1
1
1
1
1
1
1
1
1
1
1
1.20287
1.20294
1.20364
1.20442
1.20468
1.20452
1.20343
1.2022
1.20183
1.20259
1.20376
1.20437
1.20094
1.19587
1.19098
1.13663
1.03931
1.00209
1.00002
1
1
1
1
1
1
1
1
1
1
1
1
1
1
1
1
1.20285
1.20286
1.20329
1.20393
1.2045
1.20444
1.2036
1.20232
1.20174
1.2022
1.20376
1.20462
1.20195
1.19323
1.18407
1.11806
1.02391
1.00079
1.00001
1
1
1
1
1
1
1
1
1
1
1
1
1
1
1
1
1.20294
1.20291
1.20315
1.20347
1.20399
1.20421
1.20386
1.20264
1.2017
1.20169
1.20326
1.20459
1.20268
1.19233
1.17682
1.09397
1.01311
1.00031
1
1
1
1
1
1
1
1
1
1
1
1
1
1
1
1
1
1.20342
1.20319
1.20309
1.20323
1.20357
1.20405
1.20415
1.20334
1.20183
1.20108
1.20219
1.20409
1.20272
1.19119
1.16454
1.06679
1.00609
1.0001
1
1
1
1
1
1
1
1
1
1
1
1
1
1
1
1
1
1.204
1.20366
1.20328
1.20314
1.20334
1.20394
1.20435
1.2041
1.20242
1.20079
1.20104
1.20365
1.20202
1.18689
1.14275
1.04513
1.00267
1.00003
1
1
1
1
1
1
1
1
1
1
1
1
1
1
1
1
1
1.20426
1.20404
1.20366
1.20329
1.20325
1.20374
1.20449
1.20454
1.20339
1.20066
1.19995
1.20296
1.20218
1.18426
1.1231
1.02838
1.00107
1.00001
1
1
1
1
1
1
1
1
1
1
1
1
1
1
1
1
1
1.20428
1.20418
1.20396
1.20361
1.20331
1.20349
1.20432
1.20477
1.20405
1.20083
1.19878
1.20072
1.20194
1.18068
1.09828
1.01459
1.00037
1
1
1
1
1
1
1
1
1
1
1
1
1
1
1
1
1
1
1.2041
1.20419
1.2041
1.20398
1.20341
1.20329
1.20385
1.20482
1.20429
1.20192
1.19822
1.19836
1.19827
1.16261
1.07193
1.007
1.00012
1
1
1
1
1
1
1
1
1
1
1
1
1
1
1
1
1
1
1.20336
1.20386
1.20413
1.20423
1.20357
1.20314
1.20318
1.20421
1.20433
1.20321
1.19881
1.19729
1.19546
1.14611
1.0499
1.00313
1.00004
1
1
1
1
1
1
1
1
1
1
1
1
1
1
1
1
1
1
1.20262
1.20327
1.20404
1.20437
1.20389
1.20311
1.20259
1.20308
1.20401
1.20426
1.20118
1.19646
1.1925
1.12473
1.02819
1.00111
1.00001
1
1
1
1
1
1
1
1
1
1
1
1
1
1
1
1
1
1
1.2023
1.20279
1.20374
1.20444
1.20424
1.20337
1.20233
1.20197
1.20336
1.20477
1.20274
1.19411
1.17779
1.096
1.0144
1.00037
1
1
1
1
1
1
1
1
1
1
1
1
1
1
1
1
1
1
1
1.20226
1.20261
1.20343
1.20439
1.20437
1.20374
1.20224
1.2014
1.20244
1.2051
1.20334
1.19188
1.16234
1.07256
1.00706
1.00012
1
1
1
1
1
1
1
1
1
1
1
1
1
1
1
1
1
1
1
1.20254
1.20263
1.20326
1.20413
1.20452
1.20449
1.20274
1.201
1.20116
1.20467
1.20341
1.19107
1.1461
1.04653
1.00268
1.00003
1
1
1
1
1
1
1
1
1
1
1
1
1
1
1
1
1
1
1
1.20356
1.20319
1.20318
1.20384
1.20468
1.20497
1.20365
1.20083
1.20023
1.20265
1.20157
1.18372
1.12098
1.02559
1.00095
1.00001
1
1
1
1
1
1
1
1
1
1
1
1
1
1
1
1
1
1
1
1.20444
1.20376
1.20329
1.20353
1.20458
1.20509
1.20448
1.20183
1.20012
1.20209
1.20023
1.17142
1.0938
1.01334
1.00031
1
1
1
1
1
1
1
1
1
1
1
1
1
1
1
1
1
1
1
1
1.20477
1.20401
1.20341
1.20331
1.20424
1.20509
1.20496
1.20324
1.20073
1.20193
1.20014
1.15937
1.06443
1.00539
1.00008
1
1
1
1
1
1
1
1
1
1
1
1
1
1
1
1
1
1
1
1
1.20481
1.2041
1.20344
1.20315
1.20344
1.20459
1.205
1.20475
1.2014
1.19897
1.19501
1.13608
1.03722
1.00189
1.00002
1
1
1
1
1
1
1
1
1
1
1
1
1
1
1
1
1
1
1
1
1.20425
1.20392
1.20343
1.2032
1.20282
1.20335
1.2047
1.20571
1.20298
1.19467
1.18196
1.10981
1.02064
1.00064
1.00001
1
1
1
1
1
1
1
1
1
1
1
1
1
1
1
1
1
1
1
1
1.20298
1.20331
1.20343
1.20343
1.20258
1.20222
1.20358
1.20595
1.20414
1.19349
1.17002
1.08181
1.00884
1.00017
1
1
1
1
1
1
1
1
1
1
1
1
1
1
1
1
1
1
1
1
1
1.20212
1.20285
1.20366
1.20376
1.20249
1.20146
1.20209
1.20553
1.20415
1.19265
1.15132
1.04921
1.00313
1.00004
1
1
1
1
1
1
1
1
1
1
1
1
1
1
1
1
1
1
1
1
1
1.20181
1.20254
1.20401
1.20453
1.20329
1.20117
1.20113
1.20376
1.20263
1.18317
1.12326
1.02789
1.00108
1.00001
1
1
1
1
1
1
1
1
1
1
1
1
1
1
1
1
1
1
1
1
1
1.20178
1.20236
1.20402
1.20488
1.20437
1.20199
1.20105
1.20337
1.20234
1.1742
1.09391
1.01265
1.00028
1
1
1
1
1
1
1
1
1
1
1
1
1
1
1
1
1
1
1
1
1
1
1.20221
1.20255
1.20397
1.20497
1.20499
1.20377
1.20145
1.20245
1.20218
1.15893
1.058
1.00437
1.00006
1
1
1
1
1
1
1
1
1
1
1
1
1
1
1
1
1
1
1
1
1
1
1.203
1.20316
1.20385
1.20483
1.20531
1.20598
1.20259
1.199
1.1931
1.12809
1.03189
1.00141
1.00001
1
1
1
1
1
1
1
1
1
1
1
1
1
1
1
1
1
1
1
1
1
1
1.2034
1.20344
1.20333
1.20374
1.20544
1.20733
1.20545
1.19621
1.17922
1.09944
1.01497
1.00037
1
1
1
1
1
1
1
1
1
1
1
1
1
1
1
1
1
1
1
1
1
1
1
1.20351
1.20342
1.2026
1.20209
1.20407
1.20767
1.20688
1.1963
1.16227
1.06242
1.00486
1.00008
1
1
1
1
1
1
1
1
1
1
1
1
1
1
1
1
1
1
1
1
1
1
1
1.20358
1.20296
1.20196
1.20127
1.20199
1.2064
1.20678
1.1916
1.13297
1.03257
1.00146
1.00001
1
1
1
1
1
1
1
1
1
1
1
1
1
1
1
1
1
1
1
1
1
1
1
1.20345
1.20273
1.20175
1.20174
1.20085
1.20429
1.20496
1.17855
1.09987
1.01474
1.00037
1
1
1
1
1
1
1
1
1
1
1
1
1
1
1
1
1
1
1
1
1
1
1
1
1.20293
1.20232
1.20205
1.20235
1.20073
1.20378
1.20435
1.1636
1.06218
1.00467
1.00007
1
1
1
1
1
1
1
1
1
1
1
1
1
1
1
1
1
1
1
1
1
1
1
1
1.20249
1.20164
1.20226
1.2038
1.20175
1.2024
1.19952
1.13025
1.02879
1.00117
1.00001
1
1
1
1
1
1
1
1
1
1
1
1
1
1
1
1
1
1
1
1
1
1
1
1
1.2023
1.20128
1.20203
1.20641
1.20706
1.19858
1.18097
1.09051
1.0118
1.00026
1
1
1
1
1
1
1
1
1
1
1
1
1
1
1
1
1
1
1
1
1
1
1
1
1
1.20211
1.20092
1.20099
1.20881
1.21168
1.1982
1.15664
1.05258
1.00338
1.00005
1
1
1
1
1
1
1
1
1
1
1
1
1
1
1
1
1
1
1
1
1
1
1
1
1
1.20121
1.20055
1.20014
1.21028
1.21327
1.19678
1.11784
1.02136
1.0007
1.00001
1
1
1
1
1
1
1
1
1
1
1
1
1
1
1
1
1
1
1
1
1
1
1
1
1
1.19985
1.20118
1.20108
1.20988
1.21332
1.17315
1.07274
1.00696
1.00013
1
1
1
1
1
1
1
1
1
1
1
1
1
1
1
1
1
1
1
1
1
1
1
1
1
1
1.19852
1.20333
1.20686
1.20836
1.20586
1.13913
1.03676
1.00168
1.00002
1
1
1
1
1
1
1
1
1
1
1
1
1
1
1
1
1
1
1
1
1
1
1
1
1
1
1.19757
1.20605
1.21277
1.20728
1.18922
1.09532
1.01177
1.00028
1
1
1
1
1
1
1
1
1
1
1
1
1
1
1
1
1
1
1
1
1
1
1
1
1
1
1
1.19693
1.20756
1.21488
1.20578
1.1552
1.04681
1.00272
1.00004
1
1
1
1
1
1
1
1
1
1
1
1
1
1
1
1
1
1
1
1
1
1
1
1
1
1
1
1.19743
1.20902
1.21543
1.1903
1.10885
1.01765
1.00051
1
1
1
1
1
1
1
1
1
1
1
1
1
1
1
1
1
1
1
1
1
1
1
1
1
1
1
1
1.20857
1.21349
1.21444
1.16557
1.06037
1.00417
1.00007
1
1
1
1
1
1
1
1
1
1
1
1
1
1
1
1
1
1
1
1
1
1
1
1
1
1
1
1
1.223
1.21449
1.20613
1.11624
1.01963
1.00068
1.00001
1
1
1
1
1
1
1
1
1
1
1
1
1
1
1
1
1
1
1
1
1
1
1
1
1
1
1
1
1.24011
1.19386
1.16851
1.0597
1.0048
1.00009
1
1
1
1
1
1
1
1
1
1
1
1
1
1
1
1
1
1
1
1
1
1
1
1
1
1
1
1
1
1.25509
1.17628
1.11428
1.02226
1.00087
1.00001
1
1
1
1
1
1
1
1
1
1
1
1
1
1
1
1
1
1
1
1
1
1
1
1
1
1
1
1
1
1.25948
1.15021
1.05642
1.00497
1.00011
1
1
1
1
1
1
1
1
1
1
1
1
1
1
1
1
1
1
1
1
1
1
1
1
1
1
1
1
1
1
1.23469
1.10482
1.02386
1.00114
1.00002
1
1
1
1
1
1
1
1
1
1
1
1
1
1
1
1
1
1
1
1
1
1
1
1
1
1
1
1
1
1
1.19247
1.06488
1.00691
1.00017
1
1
1
1
1
1
1
1
1
1
1
1
1
1
1
1
1
1
1
1
1
1
1
1
1
1
1
1
1
1
1
1.13331
1.02635
1.00131
1.00002
1
1
1
1
1
1
1
1
1
1
1
1
1
1
1
1
1
1
1
1
1
1
1
1
1
1
1
1
1
1
1
1.05485
1.00535
1.00009
1
1
1
1
1
1
1
1
1
1
1
1
1
1
1
1
1
1
1
1
1
1
1
1
1
1
1
1
1
1
1
1
1
1
1
1
1
1
1
1
1
1
1
1
1
1
1
1
1
1
1
1
1
1
1
1
1
1
1
1
1
1
1
1
1
1
1
1
1
1
1
1
1
1
1
1
1
1
1
1
1
1
1
1
1
1
1
1
1
1
1
1
1
1
1
1
1
1
1
1
1
1
1
1
1
1
1
1
1
1
1
1
1
1
1
1
1
1
1
1
1
1
1
1
1
1
1
1
1
1
1
1
1
1
1
1
1
1
1
1
1
1
1
1
1
1
1
1
1
1
1
1
1
1
1
1
1
1
1
1
1
1
1
1
1
1
1
1
1
1
1
1
1
1
1
1
1
1
1
1
1
1
1
1
1
1
1
1
1
1
1
1
1
1
1
1
1
1
1
1
1
1
1
1
1
1
1
1
1
1
1
1
1
1
1
1
1
1
1
1
1
1
1
1
1
1
1
1
1
1
1
1
1
1
1
1
1
1
1
1
1
1
1
1
1
1
1
1
1
1
1
1
1
1
1
1
1
1
1
1
1
1
1
1
1
1
1
1
1
1
1
1
1
1
1
1
1
1
1
1
1
1
1
1
1
1
1
1
1
1
1
1
1
1
1
1
1
1
1
1
1
1
1
1
1
1
1
1
1
1
1
1
1
1
1
1
1
1
1
1
1
1
1
1
1
1
1
1
1
1
1
1
1
1
1
1
1
1
1
1
1
1
1
1
1
1
1
1
1
1
1
1
1
1
1
1
1
1
1
1
1
1
1
1
1
1
1
1
1
1
1
1
1
1
1
1
1
1
1
1
1
1
1
1
1
1
1
1
1
1
1
1
1
1
1
1
1
1
1
1
1
1
1
1
1
1
1
1
1
1
1
1
1
1
1
1
1
1
1
1
1
1
1
1
1
1
1
1
1
1
1
1
1
1
1
1
1
1
1
1
1
1
1
1
1
1
1
1
1
1
1
1
1
1
1
1
1
1
1
1
1
1
1
1
1
1
1
1
1
1
1
1
1
1
1
1
1
1
1
1
1
1
1
1
1
1
1
1
1
1
1
1
1
1
1
1
1
1
1
1
1
1
1
1
1
1
1
1
1
1
1
1
1
1
1
1
1
1
1
1
1
1
1
1
1
1
1
1
1
1
1
1
1
1
1
1
1
1
1
1
1
1
1
1
1
1
1
1
1
1
1
1
1
1
1
1
1
1
1
1
1
1
1
1
1
1
1
1
1
1
1
1
1
1
1
1
1
1
1
1
1
1
1
1
1
1
1
1
1
1
1
1
1
1
1
1
1
1
1
1
1
1
1
1
1
1
1
1
1
1
1
1
1
1
1
1
1
1
1
1
1
1
1
1
1
1
1
1
1
1
1
1
1
1
1
1
1
1
1
1
1
1
1
1
1
1
1
1
1
1
1
1
1
1
1
1
1
1
1
1
1
1
1
1
1
1
1
1
1
1
1
1
1
1
1
1
1
1
1
1
1
1
1
1
1
1
1
1
1
1
1
1
1
1
1
1
1
1
1
1
1
1
1
1
1
1
1
1
1
1
1
1
1
1
1
1
1
1
1
1
1
1
1
1
1
1
1
1
1
1
1
1
1
1
1
1
1
1
1
1
1
1
1
1
1
1
1
1
1
1
1
1
1
1
1
1
1
1
1
1
1
1
1
1
1
1
1
1
1
1
1
1
1
1
1
1
1
1
1
1
1
1
1
1
1
1
1
1
1
1
1
1
1
1
1
1
1
1
1
1
1
1
1
1
1
1
1
1
1
1
1
1
1
1
1
1
1
1
1
1
1
1
1
1
1
1
1
1
1
1
1
1
1
1
1
1
1
1
1
1
1
1
1
1
1
1
1
1
1
1
1
1
1
1
1
1
1
1
1
1
1
1
1
1
1
1
1
1
1
1
1
1
1
1
1
1
1
1
1
1
1
1
1
1
1
1
1
1
1
1
1
1
1
1
1
1
1
1
1
1
1
1
1
1
1
1
1
1
1
1
1
1
1
1
1
1
1
1
1
1
1
1
1
1
1
1
1
1
1
1
1
1
1
1
1
1
1
1
1
1
1
1
1
1
1
1
1
1
1
1
1
1
1
1
1
1
1
1
1
1
1
1
1
1
1
1
1
1
1
1
1
1
1
1
1
1
1
1
1
1
1
1
1
1
1
1
1
1
1
1
1
1
1
1
1
1
1
1
1
1
1
1
1
1
1
1
1
1
1
1
1
1
1
1
1
1
1
1
1
1
1
1
1
1
1
1
1
1
1
1
1
1
1
1
1
1
1
1
1
1
1
1
1
1
1
1
1
1
1
1
1
1
1
1
1
1
1
1
1
1
1
1
1
1
1
1
1
1
1
1
1
1
1
1
1
1
1
1
1
1
1
1
1
1
1
1
1
1
1
1
1
1
1
1
1
1
1
1
1
1
1
1
1
1
1
1
1
1
1
1
1
1
1
1
1
1
1
1
1
1
1
1
1
1
1
1
1
1
1
1
1
1
1
1
1
1
1
1
1
1
1
1
1
1
1
1
1
1
1
1
1
1
1
1
1
1
1
1
1
1
1
1
1
1
1
1
1
1
1
1
1
1
1
1
1
1
1
1
1
1
1
1
1
1
1
1
1
1
1
1
1
1
1
1
1
1
1
1
1
1
1
1
1
1
1
1
1
1
1
1
1
1
1
1
1
1
1
1
1
1
1
1
1
1
1
1
1
1
1
1
1
1
1
1
1
1
1
1
1
1
1
1
1
1
1
1
1
1
1
1
1
1
1
1
1
1
1
1
1
1
1
1
1
1
1
1
1
1
1
1
1
1
1
1
1
1
1
1
1
1
1
1
1
1
1
1
1
1
1
1
1
1
1
1
1
1
1
1
1
1
1
1
1
1
1
1
1
1
1
1
1
1
1
1
1
1
1
1
1
1
1
1
1
1
1
1
1
1
1
1
1
1
1
1
1
1
1
1
1
1
1
1
1
1
1
1
1
1
1
1
1
1
1
1
1
1
1
1
1
1
1
1
1
1
1
1
1
1
1
1
1
1
1
1
1
1
1
1
1
1
1
1
1
1
1
1
1
1
1
1
1
1
1
1
1
1
1
1
1
1
1
1
1
1
1
1
1
1
1
1
1
1
1
1
1
1
1
1
1
1
1
1
1
1
1
1
1
1
1
1
1
1
1
1
1
1
1
1
1
1
1
1
1
1
1
1
1
1
1
1
1
1
1
1
1
1
1
1
1
1
1
1
1
1
1
1
1
1
1
1
1
1
1
1
1
1
1
1
1
1
1
1
1
1
1
1
1
1
1
1
1
1
1
1
1
1
1
1
1
1
1
1
1
1
1
1
1
1
1
1
1
1
1
1
1
1
1
1
1
1
1
1
1
1
1
1
1
1
1
1
1
1
1
1
1
1
1
1
1
1
1
1
1
1
1
1
1
1
1
1
1
1
1
1
1
1
1
1
1
1
1
1
1
1
1
1
1
1
1
1
1
1
1
1
1
1
1
1
1
1
1
1
1
1
1
1
1
1
1
1
1
1
1
1
1
1
1
1
1
1
1
1
1
1
1
1
1
1
1
1
1
1
1
1
1
1
1
1
1
1
1
1
1
1
1
1
1
1
1
1
1
1
1
1
1
1
1
1
1
1
1
1
1
1
1
1
1
1
1
1
1
1
1
1
1
1
1
1
1
1
1
1
1
1
1
1
1
1
1
1
1
1
1
1
1
1
1
1
1
1
1
1
1
1
1
1
1
1
1
1
1
1
1
1
1
1
1
1
1
1
1
1
1
1
1
1
1
1
1
1
1
1
1
1
1
1
1
1
1
1
1
1
1
1
1
1
1
1
1
1
1
1
1
1
1
1
1
1
1
1
1
1
1
1
1
1
1
1
1
1
1
1
1
1
1
1
1
1
1
1
1
1
1
1
1
1
1
1
1
1
1
1
1
1
1
1
1
1
1
1
1
1
1
1
1
1
1
1
1
1
1
1
1
1
1
1
1
1
1
1
1
1
1
1
1
1
1
1
1
1
1
1
1
1
1
1
1
1
1
1
1
1
1
1
1
1
1
1
1
1
1
1
1
1
1
1
1
1
1
1
1
1
1
1
1
1
1
1
1
1
1
1
1
1
1
1
1
1
1
1
1
1
1
1
1
1
1
1
1
1
1
1
1
1
1
1
1
1
1
1
1
1
1
1
1
1
1
1
1
1
1
1
1
1
1
1
1
1
1
1
1
1
1
1
1
1
1
1
1
1
1
1
1
1
1
1
1
1
1
1
1
1
1
1
1
1
1
1
1
1
1
1
1
1
1
1
1
1
1
1
1
1
1
1
1
1
1
1
1
1
1
1
1
1
1
1
1
1
1
1
1
1
1
1
1
1
1
1
1
1
1
1
1
1
1
1
1
1
1
1
1
1
1
1
1
1
1
1
1
1
1
1
1
1
1
1
1
1
1
1
1
1
1
1
1
1
1
1
1
1
1
1
1
1
1
1
1
1
1
1
1
1
1
1
1
1
1
1
1
1
1
1
1
1
1
1
1
1
1
1
1
1
1
1
1
1
1
1
1
1
1
1
1
1
1
1
1
1
1
1
1
1
1
1
1
1
1
1
1
1
1
1
1
1
1
1
1
1
1
1
1
1
1
1
1
1
1
1
1
1
1
1
1
1
1
1
1
1
1
1
1
1
1
1
1
1
1
1
1
1
1
1
1
1
1
1
1
1
1
1
1
1
1
1
1
1
1
1
1
1
1
1
1.16479
0.999858
1
1
1
1
1
1
1
1
1
1
1
1
1
1
1
1
1
1
1
1
1
1
1
1
1
1
1
1
1
1
1
1
1
1.43671
1.02109
1
1
1
1
1
1
1
1
1
1
1
1
1
1
1
1
1
1
1
1
1
1
1
1
1
1
1
1
1
1
1
1
1
1.73003
1.17789
0.999851
1
1
1
1
1
1
1
1
1
1
1
1
1
1
1
1
1
1
1
1
1
1
1
1
1
1
1
1
1
1
1
1
1.97299
1.57584
1.04563
0.999984
1
1
1
1
1
1
1
1
1
1
1
1
1
1
1
1
1
1
1
1
1
1
1
1
1
1
1
1
1
1
1
2.08139
1.90064
1.65239
1.04703
0.999974
1
1
1
1
1
1
1
1
1
1
1
1
1
1
1
1
1
1
1
1
1
1
1
1
1
1
1
1
1
1
1.97981
1.89904
2.00729
1.63583
1.03296
1
1
1
1
1
1
1
1
1
1
1
1
1
1
1
1
1
1
1
1
1
1
1
1
1
1
1
1
1
1
1.89479
1.90322
1.99759
1.99658
1.46474
0.999666
1
1
1
1
1
1
1
1
1
1
1
1
1
1
1
1
1
1
1
1
1
1
1
1
1
1
1
1
1
1.86535
1.89865
1.96828
1.98775
1.87053
1.24677
0.99977
1
1
1
1
1
1
1
1
1
1
1
1
1
1
1
1
1
1
1
1
1
1
1
1
1
1
1
1
1.86845
1.89024
1.92359
1.95833
1.98222
1.64532
1.04932
1
1
1
1
1
1
1
1
1
1
1
1
1
1
1
1
1
1
1
1
1
1
1
1
1
1
1
1
1.86988
1.88683
1.91067
1.95201
1.98881
1.89541
1.35232
0.999682
1
1
1
1
1
1
1
1
1
1
1
1
1
1
1
1
1
1
1
1
1
1
1
1
1
1
1
1.87327
1.88857
1.91645
1.95462
1.98221
1.96036
1.72693
1.11231
0.999896
1
1
1
1
1
1
1
1
1
1
1
1
1
1
1
1
1
1
1
1
1
1
1
1
1
1
1.87845
1.89265
1.92074
1.95449
1.97097
1.95631
1.87376
1.42256
1.00134
1
1
1
1
1
1
1
1
1
1
1
1
1
1
1
1
1
1
1
1
1
1
1
1
1
1
1.88472
1.89784
1.92331
1.95267
1.95922
1.95382
1.92188
1.68971
1.10087
0.999896
1
1
1
1
1
1
1
1
1
1
1
1
1
1
1
1
1
1
1
1
1
1
1
1
1
1.89055
1.90239
1.924
1.9504
1.95661
1.95473
1.94089
1.87054
1.41048
1.00047
1
1
1
1
1
1
1
1
1
1
1
1
1
1
1
1
1
1
1
1
1
1
1
1
1
1.89494
1.90601
1.92535
1.95054
1.95756
1.95827
1.95226
1.90978
1.69009
1.10282
1
1
1
1
1
1
1
1
1
1
1
1
1
1
1
1
1
1
1
1
1
1
1
1
1
1.89738
1.90577
1.92565
1.95102
1.96203
1.96319
1.95171
1.9201
1.83232
1.35568
0.999637
1
1
1
1
1
1
1
1
1
1
1
1
1
1
1
1
1
1
1
1
1
1
1
1
1.8972
1.90446
1.92597
1.95092
1.96368
1.96501
1.95284
1.92791
1.90358
1.65185
1.06581
1
1
1
1
1
1
1
1
1
1
1
1
1
1
1
1
1
1
1
1
1
1
1
1
1.8968
1.90368
1.92601
1.9502
1.96296
1.96451
1.95246
1.93234
1.92575
1.82607
1.32609
0.999641
1
1
1
1
1
1
1
1
1
1
1
1
1
1
1
1
1
1
1
1
1
1
1
1.89687
1.90397
1.92545
1.94845
1.96077
1.96199
1.95209
1.93543
1.92722
1.88626
1.58382
1.03376
1
1
1
1
1
1
1
1
1
1
1
1
1
1
1
1
1
1
1
1
1
1
1
1.89759
1.9051
1.92477
1.94648
1.95833
1.95904
1.9516
1.93786
1.92929
1.9158
1.7967
1.22639
0.999738
1
1
1
1
1
1
1
1
1
1
1
1
1
1
1
1
1
1
1
1
1
1
1.89882
1.90704
1.9247
1.94553
1.95636
1.95744
1.95132
1.93744
1.92894
1.92647
1.89187
1.53306
1.01589
1
1
1
1
1
1
1
1
1
1
1
1
1
1
1
1
1
1
1
1
1
1
1.89984
1.90837
1.92466
1.94508
1.95536
1.95655
1.95131
1.93688
1.92718
1.92695
1.90879
1.74348
1.15034
0.999833
1
1
1
1
1
1
1
1
1
1
1
1
1
1
1
1
1
1
1
1
1
1.90117
1.90937
1.92485
1.94476
1.95468
1.9559
1.95123
1.93761
1.92764
1.92507
1.91312
1.8681
1.40835
1.00164
1
1
1
1
1
1
1
1
1
1
1
1
1
1
1
1
1
1
1
1
1
1.90277
1.90995
1.92487
1.94415
1.95398
1.95534
1.95112
1.93878
1.92833
1.92333
1.91679
1.92025
1.67213
1.06891
1
1
1
1
1
1
1
1
1
1
1
1
1
1
1
1
1
1
1
1
1
1.90433
1.91032
1.92467
1.94322
1.95302
1.95473
1.95092
1.93962
1.9296
1.92294
1.91756
1.9208
1.83343
1.29449
0.99965
1
1
1
1
1
1
1
1
1
1
1
1
1
1
1
1
1
1
1
1
1.90539
1.91076
1.92452
1.94216
1.95194
1.95401
1.95053
1.94027
1.93064
1.92353
1.91696
1.915
1.89605
1.55143
1.02036
1
1
1
1
1
1
1
1
1
1
1
1
1
1
1
1
1
1
1
1
1.90574
1.91124
1.92437
1.94123
1.95095
1.95334
1.9504
1.94087
1.93153
1.9248
1.9177
1.91642
1.92682
1.74605
1.14379
0.999827
1
1
1
1
1
1
1
1
1
1
1
1
1
1
1
1
1
1
1
1.90573
1.91178
1.92437
1.94047
1.95027
1.95292
1.95043
1.94143
1.93208
1.92506
1.91925
1.91867
1.92986
1.87667
1.40468
1.00165
1
1
1
1
1
1
1
1
1
1
1
1
1
1
1
1
1
1
1
1.90575
1.91204
1.92445
1.93995
1.94989
1.95272
1.95051
1.94189
1.93219
1.92491
1.92007
1.91836
1.92715
1.91053
1.64344
1.05503
1
1
1
1
1
1
1
1
1
1
1
1
1
1
1
1
1
1
1
1.90631
1.91215
1.92443
1.93946
1.94948
1.95243
1.95047
1.94223
1.93229
1.92482
1.92052
1.91746
1.92279
1.92544
1.79389
1.21982
0.999727
1
1
1
1
1
1
1
1
1
1
1
1
1
1
1
1
1
1
1.90733
1.91249
1.92427
1.93889
1.94889
1.9519
1.95021
1.94256
1.9327
1.92522
1.92129
1.9182
1.92257
1.92937
1.89794
1.47996
1.00728
1
1
1
1
1
1
1
1
1
1
1
1
1
1
1
1
1
1
1.90849
1.91304
1.92424
1.93839
1.9482
1.95116
1.94963
1.94256
1.9332
1.92592
1.92234
1.91952
1.92297
1.92974
1.91449
1.6932
1.09046
1
1
1
1
1
1
1
1
1
1
1
1
1
1
1
1
1
1
1.90951
1.91384
1.92436
1.9381
1.94756
1.95041
1.94893
1.94245
1.93359
1.9266
1.92317
1.92111
1.92299
1.92889
1.9225
1.81588
1.27458
0.999654
1
1
1
1
1
1
1
1
1
1
1
1
1
1
1
1
1
1.91033
1.91464
1.92459
1.93789
1.94699
1.94985
1.94837
1.9423
1.93401
1.92709
1.92339
1.92148
1.9229
1.92714
1.92574
1.90866
1.52872
1.01381
1
1
1
1
1
1
1
1
1
1
1
1
1
1
1
1
1
1.9108
1.91519
1.92475
1.93757
1.94653
1.94953
1.94812
1.9422
1.93439
1.92746
1.92352
1.9215
1.92253
1.92632
1.92764
1.92606
1.72559
1.11666
0.999928
1
1
1
1
1
1
1
1
1
1
1
1
1
1
1
1
1.91106
1.91527
1.92484
1.93708
1.94607
1.94927
1.94808
1.94227
1.93476
1.92778
1.92358
1.92162
1.92233
1.92581
1.92761
1.92344
1.82298
1.30524
1.0001
1
1
1
1
1
1
1
1
1
1
1
1
1
1
1
1
1.91144
1.91514
1.92474
1.93654
1.94553
1.9489
1.94803
1.94253
1.93518
1.92805
1.92366
1.92204
1.92248
1.9257
1.92753
1.92362
1.90533
1.54331
1.01783
1
1
1
1
1
1
1
1
1
1
1
1
1
1
1
1
1.91197
1.91507
1.9244
1.9361
1.94506
1.94844
1.94784
1.94278
1.93552
1.92828
1.92373
1.92264
1.92299
1.92555
1.92686
1.92482
1.93283
1.74145
1.12666
0.99986
1
1
1
1
1
1
1
1
1
1
1
1
1
1
1
1.91241
1.91525
1.92413
1.93575
1.94471
1.94802
1.94757
1.94294
1.93578
1.92839
1.92386
1.92296
1.92329
1.92529
1.92637
1.92461
1.93205
1.82359
1.31386
1.00045
1
1
1
1
1
1
1
1
1
1
1
1
1
1
1
1.91274
1.9158
1.92414
1.93559
1.94435
1.948
1.94742
1.94304
1.93598
1.92845
1.92399
1.92308
1.92331
1.92512
1.92644
1.92402
1.92588
1.89281
1.52539
1.01661
1
1
1
1
1
1
1
1
1
1
1
1
1
1
1
1.91305
1.91646
1.92434
1.93552
1.94415
1.94786
1.94732
1.94323
1.93621
1.9287
1.92427
1.92321
1.92332
1.92507
1.92671
1.92429
1.92558
1.93191
1.73843
1.11816
0.999859
1
1
1
1
1
1
1
1
1
1
1
1
1
1
1.9135
1.91697
1.92465
1.93538
1.94394
1.94763
1.94718
1.94353
1.93653
1.92917
1.92482
1.92341
1.92336
1.92504
1.92693
1.92513
1.92499
1.93624
1.82196
1.30524
1.00053
1
1
1
1
1
1
1
1
1
1
1
1
1
1
1.91406
1.91725
1.92497
1.93517
1.94363
1.94724
1.94689
1.94381
1.93693
1.92972
1.92539
1.92365
1.92341
1.92496
1.927
1.92591
1.92416
1.93139
1.87849
1.49243
1.01258
1
1
1
1
1
1
1
1
1
1
1
1
1
1
1.9147
1.91744
1.92511
1.93495
1.9432
1.94659
1.94643
1.94393
1.93735
1.93029
1.92587
1.92385
1.9234
1.92474
1.92697
1.92672
1.92366
1.92635
1.92376
1.71127
1.09454
0.999884
1
1
1
1
1
1
1
1
1
1
1
1
1
1.91539
1.91769
1.92507
1.93466
1.94266
1.94588
1.94603
1.94392
1.93774
1.93085
1.92625
1.92398
1.92334
1.92438
1.92689
1.92755
1.92388
1.92586
1.93608
1.81533
1.27338
1.00035
1
1
1
1
1
1
1
1
1
1
1
1
1
1.91601
1.918
1.92496
1.93429
1.94196
1.94527
1.94578
1.9439
1.93811
1.93139
1.9266
1.92405
1.92321
1.92402
1.92677
1.92825
1.92512
1.92536
1.93592
1.86718
1.45369
1.0082
0.999994
1
1
1
1
1
1
1
1
1
1
1
1
1.91643
1.91827
1.9248
1.93389
1.94118
1.94475
1.94563
1.94393
1.93851
1.9319
1.92688
1.92413
1.92315
1.92372
1.92641
1.92851
1.9266
1.92438
1.92909
1.91273
1.66373
1.06648
0.999981
1
1
1
1
1
1
1
1
1
1
1
1
1.91654
1.91841
1.92471
1.93356
1.94043
1.94431
1.94542
1.94398
1.93886
1.93237
1.92711
1.92424
1.92326
1.92351
1.92578
1.92841
1.92783
1.92423
1.92715
1.93264
1.79489
1.2178
1.00013
1
1
1
1
1
1
1
1
1
1
1
1
1.91654
1.9184
1.92456
1.93313
1.93974
1.9439
1.94516
1.9439
1.93902
1.9326
1.92727
1.92436
1.92355
1.92342
1.92492
1.92795
1.92858
1.9249
1.92626
1.93582
1.85436
1.40884
1.00627
1
1
1
1
1
1
1
1
1
1
1
1
1.91759
1.92064
1.9277
1.93573
1.9412
1.94454
1.94499
1.94341
1.93868
1.93254
1.92735
1.9248
1.92398
1.92342
1.92426
1.92752
1.92895
1.92594
1.92515
1.93249
1.89781
1.57871
1.01632
0.999423
0.999995
1
1
1
1
1
1
1
1
1
1
1.49144
1.71851
1.802
1.85585
1.8917
1.91506
1.92935
1.93615
1.93557
1.93192
1.92768
1.92515
1.92488
1.9241
1.92385
1.92538
1.92835
1.92838
1.92494
1.9267
1.93098
1.77925
1.24242
1.00563
1.00002
1
1
1
1
1
1
1
1
1
1
1.04398
1.4586
1.60934
1.70637
1.77874
1.8335
1.87078
1.89976
1.91343
1.92024
1.92117
1.92138
1.92261
1.92394
1.92364
1.92406
1.9264
1.92885
1.92638
1.92508
1.93385
1.90973
1.54614
1.05786
1.00055
1
1
1
1
1
1
1
1
1
1
0.999685
1.29265
1.4266
1.53644
1.63382
1.71797
1.78182
1.8273
1.86394
1.88476
1.89892
1.90612
1.91267
1.91819
1.92152
1.92276
1.92431
1.92788
1.9286
1.9251
1.93076
1.93793
1.79656
1.24944
1.00691
1.00003
1
1
1
1
1
1
1
1
1
1.00763
1.1489
1.2772
1.39845
1.49602
1.58575
1.67789
1.73899
1.79339
1.82976
1.85585
1.87597
1.88903
1.90249
1.91169
1.91801
1.9217
1.92539
1.92833
1.92593
1.92638
1.93857
1.9239
1.54313
1.05351
1.00047
1
1
1
1
1
1
1
1
1
1.07107
1.08643
1.14339
1.27618
1.38935
1.4726
1.5631
1.65027
1.70651
1.76526
1.79976
1.83091
1.85453
1.87307
1.89174
1.90432
1.91403
1.92031
1.92563
1.927
1.92604
1.93738
1.9301
1.74215
1.1973
1.00443
1.00002
1
1
1
1
1
1
1
1
1.16619
1.07029
1.03986
1.1466
1.28615
1.39082
1.46095
1.55934
1.62792
1.68979
1.74234
1.77448
1.81167
1.83565
1.86094
1.88123
1.89782
1.90962
1.91902
1.92481
1.92643
1.93715
1.92566
1.89544
1.46027
1.03088
1.00021
1
1
1
1
1
1
1
1
1.22998
1.07318
1.00108
1.06935
1.17004
1.30759
1.3938
1.46691
1.55605
1.61071
1.68013
1.7246
1.75813
1.79622
1.82049
1.85171
1.87262
1.89268
1.90562
1.91787
1.92661
1.93602
1.92155
1.92938
1.70509
1.14554
1.0023
1.00001
1
1
1
1
1
1
1
1.2316
1.0883
1.0086
1.04846
1.08664
1.20217
1.32778
1.39633
1.48554
1.55212
1.60853
1.67251
1.70779
1.75103
1.78353
1.81309
1.84398
1.86713
1.88726
1.9046
1.92059
1.93493
1.92125
1.92869
1.83062
1.33998
1.01375
1.00007
1
1
1
1
1
1
1
1.221
1.09462
1.02598
1.03847
1.05976
1.11465
1.24681
1.33843
1.41031
1.49711
1.54518
1.61492
1.66764
1.69796
1.74541
1.77322
1.81177
1.83813
1.86435
1.88497
1.90779
1.92892
1.92397
1.92448
1.91828
1.60049
1.07244
1.00066
1
1
1
1
1
1
1
1.18949
1.09582
1.04362
1.02302
1.04243
1.09911
1.16173
1.27797
1.34845
1.43904
1.50523
1.55014
1.6201
1.65942
1.70093
1.74039
1.77129
1.80996
1.83509
1.86374
1.88874
1.91597
1.91844
1.91992
1.92901
1.76625
1.22397
1.00507
1.00002
1
1
1
1
1
1
1.16702
1.10488
1.04915
1.01082
1.02534
1.09015
1.1324
1.2155
1.29678
1.37215
1.46028
1.50502
1.567
1.62442
1.65341
1.70531
1.73644
1.77786
1.80781
1.83908
1.86602
1.89729
1.90714
1.91719
1.9239
1.85844
1.42747
1.02548
1.00015
1
1
1
1
1
1
1.16725
1.11726
1.05433
1.00659
1.00509
1.06786
1.11666
1.1727
1.25311
1.31199
1.40818
1.47566
1.51082
1.58114
1.62356
1.66246
1.70736
1.73885
1.78153
1.81074
1.84494
1.8733
1.88905
1.90757
1.91511
1.91259
1.65765
1.10618
1.00121
1
1
1
1
1
1
1.1718
1.12965
1.06034
1.00759
0.992921
1.03386
1.09206
1.14644
1.21655
1.2781
1.34599
1.43401
1.47924
1.53152
1.59156
1.62175
1.67546
1.70948
1.75044
1.78538
1.82109
1.84705
1.86736
1.89058
1.90775
1.91439
1.77868
1.25924
1.00669
1.00003
1
1
1
1
1
1.17767
1.1405
1.06831
1.0122
0.992718
1.00697
1.05201
1.11704
1.18571
1.2538
1.29395
1.38548
1.45452
1.48552
1.55304
1.59731
1.63456
1.68325
1.71473
1.76075
1.79432
1.82684
1.84275
1.87136
1.89628
1.90935
1.85143
1.45332
1.02991
1.00017
1
1
1
1
1
1.17661
1.14182
1.07946
1.02505
0.999692
1.00441
1.01368
1.07193
1.14682
1.22663
1.27872
1.33233
1.41668
1.46341
1.50701
1.56804
1.59969
1.65375
1.69003
1.73148
1.76994
1.80546
1.82043
1.85205
1.87897
1.89806
1.89072
1.61949
1.0982
1.00106
1
1
1
1
1
1.16729
1.13822
1.08846
1.04245
1.015
1.00613
1.00962
1.04308
1.09926
1.19208
1.2641
1.29379
1.37231
1.44057
1.47069
1.53374
1.57873
1.61486
1.66605
1.70086
1.74695
1.77918
1.80395
1.82955
1.86195
1.88711
1.89216
1.75723
1.2334
1.00546
1.00002
1
1
1
1
1.14924
1.12927
1.09048
1.05355
1.0259
1.00925
1.01163
1.04002
1.06867
1.14166
1.23357
1.2816
1.32409
1.40588
1.45367
1.49118
1.55216
1.58511
1.63859
1.67933
1.72052
1.75283
1.78522
1.80955
1.84491
1.87271
1.88697
1.83155
1.41393
1.02255
1.00011
1
1
1
1
1.13623
1.11951
1.08823
1.05537
1.02845
1.01128
1.01227
1.03754
1.06247
1.09766
1.19401
1.2664
1.29806
1.36498
1.43137
1.46213
1.52107
1.56654
1.60238
1.65697
1.69335
1.73197
1.76115
1.79468
1.823
1.85641
1.87694
1.85093
1.56788
1.07252
1.00064
1
1
1
1
1.13564
1.11731
1.08509
1.05466
1.02837
1.01372
1.0135
1.03296
1.05702
1.08923
1.14753
1.23714
1.28861
1.32272
1.39937
1.44736
1.48172
1.54244
1.57754
1.63117
1.6728
1.71074
1.73785
1.77693
1.80256
1.83857
1.86656
1.85849
1.66934
1.16032
1.00261
1.00001
1
1
1
1.13927
1.11915
1.08475
1.05191
1.02598
1.01371
1.01336
1.02524
1.04883
1.08801
1.11347
1.19958
1.27235
1.30595
1.36077
1.42561
1.45824
1.51343
1.56035
1.59868
1.65254
1.68376
1.71994
1.75347
1.78724
1.81845
1.85315
1.8574
1.76579
1.30604
1.01058
1.00004
1
1
1
1.14883
1.12621
1.08509
1.05093
1.02507
1.01381
1.00941
1.01454
1.03589
1.08068
1.10932
1.15771
1.24397
1.29699
1.32579
1.39658
1.44468
1.47752
1.53826
1.57725
1.62978
1.65988
1.70187
1.73126
1.76987
1.8007
1.8362
1.8536
1.80809
1.44875
1.03466
1.0002
1
1
1
1.1533
1.13165
1.08607
1.05241
1.02683
1.0155
1.00803
1.00734
1.01875
1.06733
1.10802
1.13564
1.20779
1.27896
1.31466
1.36021
1.42378
1.45864
1.51038
1.56005
1.60128
1.6447
1.67765
1.71493
1.74678
1.78408
1.81623
1.84582
1.82254
1.57067
1.08717
1.00089
1
1
1
1.15142
1.13133
1.08661
1.05392
1.03189
1.02071
1.01028
1.00657
1.00896
1.04892
1.09801
1.13337
1.17015
1.25077
1.3053
1.33255
1.39696
1.44532
1.47904
1.53968
1.57927
1.62799
1.65376
1.69776
1.72757
1.76625
1.79844
1.83598
1.82483
1.66698
1.1761
1.00327
1.00001
1
1
1.14278
1.12727
1.08546
1.05358
1.039
1.02842
1.01665
1.0073
1.00807
1.02899
1.08082
1.12859
1.15735
1.21547
1.28628
1.3245
1.36249
1.42503
1.46395
1.51348
1.56076
1.60515
1.63941
1.67585
1.71505
1.74514
1.78359
1.82288
1.82328
1.72367
1.29211
1.01039
1.00004
1
1
1.13134
1.11988
1.0842
1.05333
1.04217
1.03212
1.02398
1.00991
1.00897
1.01916
1.05878
1.11584
1.15464
1.18502
1.25943
1.31435
1.34131
1.39908
1.45028
1.48755
1.54181
1.57717
1.62427
1.65557
1.7009
1.72979
1.76771
1.8043
1.81993
1.76348
1.41214
1.02955
1.00017
1
1
1.12779
1.11478
1.08449
1.05362
1.04225
1.03235
1.02657
1.0157
1.01264
1.01966
1.03704
1.09419
1.1459
1.17806
1.22557
1.29463
1.33427
1.36734
1.43066
1.4741
1.51903
1.55794
1.60428
1.64217
1.68172
1.71913
1.74946
1.78648
1.81264
1.78058
1.50955
1.06784
1.00061
1
1
1.12809
1.11393
1.08542
1.05365
1.04111
1.03174
1.0264
1.01949
1.02006
1.02496
1.03072
1.06644
1.12931
1.17454
1.20236
1.2679
1.32258
1.35254
1.40499
1.45933
1.4967
1.5428
1.57812
1.62758
1.66018
1.70584
1.73516
1.77135
1.80406
1.78689
1.60772
1.136
1.00209
1.00001
1
1.13165
1.11545
1.08705
1.05347
1.03728
1.02869
1.02426
1.01991
1.02423
1.02748
1.03098
1.0502
1.10753
1.16422
1.19807
1.23526
1.30238
1.34566
1.37809
1.4402
1.48225
1.52481
1.56022
1.60948
1.64635
1.68792
1.72305
1.75433
1.79206
1.78595
1.66207
1.22677
1.00607
1.00002
1
1.13614
1.12004
1.08818
1.05321
1.03405
1.02568
1.02112
1.01905
1.02421
1.02588
1.02993
1.04914
1.08111
1.14588
1.19258
1.2195
1.27569
1.33263
1.36804
1.41463
1.46663
1.5014
1.54742
1.58597
1.63342
1.66654
1.70918
1.73712
1.77866
1.78379
1.69438
1.32279
1.01602
1.00008
1
1.13566
1.1217
1.08877
1.05324
1.03372
1.02565
1.02049
1.01832
1.02136
1.02255
1.02758
1.05042
1.0686
1.12064
1.1795
1.21621
1.24759
1.31241
1.35999
1.39234
1.44941
1.48572
1.53315
1.57017
1.61755
1.65269
1.69209
1.72494
1.76459
1.77948
1.72566
1.40768
1.03563
1.00023
1
1.13154
1.12065
1.08922
1.0542
1.03404
1.02701
1.02158
1.01913
1.01635
1.01878
1.026
1.04865
1.06821
1.09515
1.15938
1.20896
1.23877
1.28533
1.34527
1.38338
1.42647
1.47222
1.51162
1.55859
1.59549
1.6407
1.67342
1.71362
1.74607
1.77224
1.74391
1.50204
1.07328
1.00074
1
1.12355
1.11686
1.08888
1.05575
1.03558
1.02982
1.02448
1.02091
1.01612
1.01511
1.02319
1.04348
1.06551
1.08854
1.1328
1.194
1.23469
1.26466
1.32416
1.37338
1.40587
1.45825
1.49375
1.54519
1.57966
1.62628
1.66118
1.70019
1.73055
1.76418
1.74518
1.57176
1.13292
1.0021
1.00001
1.11914
1.11231
1.08765
1.05659
1.03664
1.03077
1.02792
1.02411
1.01766
1.01429
1.01872
1.03534
1.05866
1.08773
1.11354
1.17232
1.2249
1.25955
1.29794
1.35806
1.39509
1.43991
1.4821
1.52589
1.56954
1.6068
1.65039
1.68285
1.71982
1.7556
1.74407
1.60689
1.20412
1.00544
1.00002
1.11965
1.11037
1.08624
1.05652
1.03657
1.03009
1.02884
1.02729
1.02065
1.01459
1.01686
1.02656
1.04945
1.08338
1.11076
1.14658
1.20775
1.25318
1.28527
1.33667
1.38372
1.41658
1.46967
1.50782
1.55757
1.59189
1.63806
1.66977
1.7074
1.7439
1.74221
1.64603
1.27646
1.01236
1.00006
1.12259
1.11034
1.08521
1.05562
1.03541
1.02815
1.02845
1.02768
1.02429
1.01677
1.01695
1.022
1.0384
1.07438
1.10781
1.136
1.18356
1.24025
1.27998
1.31423
1.37
1.40489
1.45463
1.49677
1.54016
1.58185
1.62178
1.66123
1.69229
1.7306
1.7393
1.67768
1.35519
1.02571
1.00016
1.12788
1.1128
1.08471
1.05433
1.03266
1.02492
1.02652
1.02716
1.02622
1.0212
1.01869
1.02194
1.02893
1.0608
1.09974
1.13318
1.16497
1.22045
1.27076
1.30452
1.35075
1.3948
1.43244
1.48493
1.52126
1.57055
1.60643
1.65072
1.67938
1.7185
1.73429
1.68981
1.4375
1.05164
1.00044
1.13069
1.11528
1.08456
1.05384
1.03126
1.02258
1.02331
1.02584
1.02599
1.02435
1.02266
1.02317
1.02724
1.04565
1.08704
1.12732
1.16057
1.19815
1.25541
1.29701
1.33042
1.38282
1.41906
1.47027
1.50999
1.55553
1.59595
1.63603
1.66823
1.70393
1.72763
1.69482
1.48556
1.08911
1.00112
1.12968
1.11544
1.08478
1.05383
1.03159
1.02231
1.02122
1.02358
1.02501
1.02479
1.02468
1.02409
1.02786
1.04024
1.07014
1.11614
1.15592
1.18956
1.23401
1.28592
1.32043
1.36601
1.4098
1.45
1.4994
1.53641
1.58505
1.61905
1.6574
1.68625
1.72113
1.69828
1.52859
1.13537
1.00266
1.12519
1.11423
1.0855
1.05448
1.03346
1.02293
1.021
1.02106
1.02334
1.02458
1.0244
1.02307
1.02696
1.04085
1.05748
1.0993
1.14648
1.18518
1.21877
1.26959
1.31163
1.34544
1.39869
1.4374
1.48704
1.52465
1.5719
1.60811
1.64589
1.67542
1.71397
1.70092
1.58064
1.19414
1.00573
1.11747
1.11085
1.08625
1.05613
1.03729
1.02516
1.02085
1.02004
1.02161
1.02362
1.02319
1.02203
1.02518
1.03964
1.05645
1.08354
1.1312
1.17719
1.21294
1.2494
1.30079
1.33608
1.38309
1.42825
1.46854
1.51522
1.5534
1.5984
1.63099
1.6669
1.70364
1.69963
1.60495
1.26297
1.01216
1.11247
1.10695
1.08652
1.05776
1.03958
1.02643
1.02101
1.01998
1.02086
1.0222
1.02127
1.02086
1.02351
1.03584
1.05443
1.07964
1.11319
1.16379
1.20629
1.23863
1.28527
1.32799
1.36468
1.41769
1.45483
1.50466
1.54002
1.58738
1.61908
1.65495
1.6899
1.69632
1.6187
1.32079
1.02403
1.11178
1.10508
1.0865
1.05812
1.03955
1.02637
1.02107
1.02039
1.02073
1.0214
1.01983
1.01884
1.02166
1.03061
1.04902
1.07704
1.1062
1.14514
1.1954
1.23248
1.26611
1.31753
1.35557
1.40307
1.44633
1.48926
1.5318
1.57259
1.6117
1.64113
1.67921
1.69249
1.6357
1.36889
1.04064
1.11268
1.10465
1.08583
1.05771
1.03832
1.02591
1.02097
1.02066
1.02137
1.02112
1.01946
1.01771
1.02098
1.02868
1.04114
1.07141
1.10295
1.13382
1.17947
1.22446
1.25689
1.30197
1.34717
1.38639
1.43711
1.47358
1.52262
1.55877
1.60313
1.63238
1.66848
1.68767
1.64892
1.43026
1.06814
1.11549
1.10537
1.08409
1.05593
1.03521
1.02477
1.02099
1.02086
1.02215
1.02135
1.0194
1.0176
1.02105
1.02883
1.03587
1.06054
1.09684
1.13045
1.16347
1.21271
1.25056
1.28298
1.33678
1.3773
1.4253
1.46503
1.51048
1.55054
1.59113
1.62262
1.65392
1.68165
1.65364
1.4739
1.10798
1.11671
1.10649
1.08196
1.05346
1.03262
1.0239
1.0208
1.02084
1.02204
1.02197
1.02005
1.01796
1.02044
1.02773
1.03396
1.05137
1.0865
1.12526
1.1569
1.19558
1.24214
1.27558
1.32173
1.36856
1.40807
1.45651
1.49447
1.54205
1.57673
1.61132
1.64289
1.67513
1.65329
1.49777
1.15113
1.11589
1.10625
1.08058
1.05236
1.0324
1.02387
1.02052
1.02041
1.02134
1.02191
1.02079
1.01892
1.01978
1.02373
1.03132
1.04951
1.07253
1.11607
1.15227
1.18256
1.22999
1.26991
1.30505
1.35871
1.39719
1.44658
1.48446
1.53167
1.56769
1.6024
1.63468
1.66778
1.65268
1.52863
1.20231
1.11295
1.10457
1.07994
1.05227
1.03263
1.02447
1.02025
1.01909
1.01995
1.02121
1.02096
1.02005
1.01988
1.02143
1.02718
1.04768
1.06754
1.10213
1.14481
1.17685
1.21233
1.26152
1.29855
1.34445
1.38887
1.43096
1.47639
1.51634
1.55956
1.59281
1.62335
1.65857
1.65175
1.55783
1.26043
1.10856
1.10219
1.07997
1.05246
1.03381
1.02537
1.01994
1.01772
1.01791
1.01952
1.02089
1.02111
1.02062
1.02058
1.02288
1.04348
1.06593
1.09064
1.13279
1.17101
1.20213
1.24881
1.29247
1.32952
1.38024
1.41767
1.46736
1.50408
1.5497
1.58026
1.60993
1.64911
1.6497
1.56792
1.31523
1.10565
1.09926
1.08011
1.05324
1.03447
1.02517
1.01954
1.01707
1.0163
1.01753
1.02012
1.02151
1.02115
1.02043
1.02193
1.03583
1.0613
1.08777
1.11894
1.16199
1.19678
1.23233
1.28366
1.32288
1.36869
1.41017
1.45425
1.49614
1.53678
1.57018
1.60136
1.63987
1.64666
1.57665
1.36847
1.105
1.09817
1.08118
1.05466
1.03482
1.02462
1.01933
1.017
1.01583
1.01645
1.01899
1.02126
1.02113
1.02043
1.02205
1.03098
1.05348
1.08365
1.11072
1.14958
1.18973
1.22311
1.27193
1.31586
1.35395
1.4018
1.4394
1.48716
1.52337
1.56286
1.5935
1.62956
1.64276
1.58737
1.42325
1.12285
1.09691
1.07852
1.05243
1.03306
1.02329
1.01887
1.01681
1.0158
1.01645
1.01886
1.02107
1.02094
1.02061
1.0224
1.03051
1.0483
1.08033
1.1076
1.14062
1.18483
1.2205
1.26224
1.31054
1.34778
1.3962
1.43405
1.48095
1.51867
1.55777
1.58763
1.62116
1.63975
1.59311
1.46052
1.14426
1.09571
1.07617
1.05058
1.03169
1.02231
1.01865
1.01675
1.01578
1.01644
1.01881
1.0209
1.02071
1.02084
1.02297
1.03067
1.04485
1.07715
1.10656
1.13573
1.18189
1.21968
1.25399
1.30661
1.34472
1.39286
1.43141
1.47701
1.51669
1.55412
1.58371
1.61386
1.63804
1.59514
1.47949
1.163
1.09448
1.07332
1.04846
1.03002
1.02114
1.01847
1.01687
1.01591
1.01643
1.01871
1.02077
1.02067
1.02057
1.0241
1.03228
1.04154
1.07306
1.10545
1.13358
1.1771
1.21782
1.25032
1.30281
1.34138
1.38707
1.42739
1.47093
1.51256
1.55016
1.57777
1.60925
1.63634
1.59772
1.50004
1.17672
1.09297
1.06979
1.04588
1.02788
1.01995
1.01847
1.01728
1.01625
1.01644
1.01866
1.02062
1.02057
1.02009
1.02429
1.0326
1.03824
1.06831
1.10274
1.13255
1.16885
1.21388
1.25039
1.29653
1.33922
1.38017
1.42438
1.46396
1.50814
1.54569
1.57167
1.60683
1.63359
1.59943
1.52619
1.1899
1.09181
1.06556
1.04251
1.02549
1.01884
1.01847
1.01722
1.01635
1.01649
1.01868
1.02031
1.02024
1.01967
1.02376
1.03233
1.03653
1.06393
1.09839
1.13083
1.16463
1.20895
1.24886
1.29118
1.33572
1.37527
1.42052
1.45927
1.50334
1.53965
1.56927
1.60197
1.62945
1.60041
1.54953
1.20045
1.09217
1.06096
1.03878
1.02331
1.01782
1.01809
1.01703
1.01644
1.01673
1.01861
1.01987
1.01967
1.01913
1.02255
1.03115
1.03685
1.06049
1.0934
1.12749
1.16123
1.20464
1.24528
1.28588
1.33064
1.36835
1.41491
1.45304
1.49766
1.53395
1.56549
1.59574
1.62503
1.60053
1.57472
1.21574
1.09508
1.0574
1.03528
1.02161
1.01713
1.01764
1.01692
1.01667
1.01718
1.01857
1.01941
1.01905
1.01845
1.02145
1.02966
1.0378
1.05638
1.0893
1.12343
1.15629
1.2001
1.24129
1.27817
1.32514
1.36311
1.40963
1.44819
1.49258
1.52949
1.56061
1.59072
1.62044
1.60003
1.60195
1.21961
1.10022
1.05262
1.03181
1.02004
1.01673
1.01712
1.0167
1.01668
1.0176
1.01871
1.01915
1.01861
1.01804
1.02088
1.02753
1.03685
1.05417
1.08487
1.11937
1.15263
1.1923
1.23618
1.2732
1.32031
1.36001
1.40485
1.44445
1.48783
1.5243
1.55499
1.58331
1.61518
1.60088
1.62795
1.21698
1.10418
1.05199
1.03022
1.01851
1.01592
1.01624
1.01609
1.01646
1.01762
1.01877
1.01906
1.01842
1.01796
1.02057
1.02489
1.03337
1.05456
1.07887
1.11448
1.14932
1.18421
1.23079
1.26894
1.3137
1.35517
1.39704
1.43906
1.48061
1.51771
1.5484
1.57629
1.60886
1.60464
1.65424
1.21183
1.10612
1.05392
1.02946
1.01773
1.01471
1.01454
1.01451
1.01573
1.01749
1.01875
1.01894
1.01843
1.01776
1.02024
1.02286
1.03125
1.05363
1.07353
1.10879
1.14539
1.18032
1.22588
1.26489
1.30194
1.34884
1.38574
1.43281
1.46959
1.51053
1.54188
1.56937
1.60224
1.6107
1.6788
1.20216
1.10681
1.05813
1.02924
1.0177
1.01322
1.01213
1.01263
1.01457
1.01697
1.01867
1.01875
1.01861
1.01777
1.0198
1.02126
1.02953
1.05015
1.07065
1.10289
1.14118
1.17628
1.21684
1.2607
1.29507
1.34291
1.37972
1.42629
1.46287
1.50369
1.53357
1.56103
1.59543
1.61855
1.70536
1.20414
1.10935
1.06281
1.03065
1.01731
1.01191
1.01071
1.0122
1.01392
1.01616
1.01819
1.01874
1.01919
1.01854
1.01953
1.01971
1.02687
1.04658
1.0673
1.09627
1.13475
1.17198
1.20725
1.25407
1.29085
1.33203
1.37428
1.41461
1.45688
1.49479
1.52481
1.55395
1.58856
1.62871
1.73452
1.21171
1.11515
1.06748
1.03319
1.01633
1.01122
1.01047
1.01218
1.01368
1.01532
1.01719
1.01869
1.0198
1.01991
1.01943
1.01857
1.02282
1.04118
1.06345
1.09167
1.12542
1.16595
1.20212
1.24211
1.28574
1.32253
1.36819
1.40535
1.44953
1.48419
1.51932
1.5449
1.578
1.63571
1.764
1.22418
1.12676
1.07494
1.03684
1.01603
1.01115
1.01058
1.01228
1.01336
1.01448
1.01624
1.01844
1.01976
1.01992
1.01875
1.01629
1.01832
1.03633
1.05781
1.0877
1.11959
1.15711
1.19713
1.23419
1.27698
1.31656
1.35745
1.39865
1.43794
1.47764
1.51206
1.53574
1.56853
1.6419
1.79222
1.23616
1.13999
1.08475
1.04239
1.01711
1.0111
1.01071
1.01202
1.01276
1.01357
1.01543
1.01795
1.01934
1.01926
1.01718
1.01397
1.01542
1.03318
1.05183
1.08113
1.1145
1.15077
1.18956
1.22808
1.26716
1.30905
1.34778
1.38975
1.42835
1.46965
1.50163
1.52687
1.56068
1.65079
1.82251
1.24019
1.15393
1.10063
1.05477
1.02158
1.01072
1.01031
1.01129
1.01211
1.01288
1.01456
1.01696
1.01835
1.01816
1.01571
1.01284
1.01338
1.02903
1.0469
1.0753
1.10694
1.14389
1.18198
1.2201
1.25894
1.29897
1.33971
1.37907
1.42007
1.45882
1.49223
1.51732
1.55103
1.65471
1.85299
1.23667
1.16819
1.11624
1.06871
1.03031
1.01168
1.0089
1.01001
1.01156
1.01256
1.01415
1.01593
1.01696
1.0166
1.01396
1.01194
1.01263
1.02412
1.04051
1.07032
1.10021
1.1352
1.17379
1.21127
1.25001
1.28931
1.32955
1.36918
1.40942
1.44755
1.48229
1.50718
1.54503
1.66733
1.88297
1.22406
1.17031
1.12538
1.08977
1.05012
1.01587
1.0078
1.00885
1.01075
1.01229
1.0139
1.01514
1.0158
1.01439
1.01164
1.01052
1.01203
1.02083
1.03352
1.0636
1.09415
1.12725
1.16419
1.20234
1.23991
1.27947
1.31833
1.35868
1.39778
1.43645
1.47056
1.49504
1.53565
1.67415
1.9119
1.21157
1.16987
1.13505
1.11139
1.07248
1.02593
1.00868
1.00759
1.00961
1.01177
1.01334
1.0143
1.0146
1.01223
1.00929
1.00842
1.01008
1.01781
1.02869
1.05626
1.08627
1.1201
1.1548
1.19207
1.22965
1.26855
1.30724
1.34671
1.38559
1.42386
1.45858
1.48474
1.52942
1.68438
1.93983
1.20755
1.16635
1.13723
1.11857
1.09263
1.04983
1.0145
1.00771
1.00919
1.0109
1.01209
1.01269
1.01291
1.01029
1.00767
1.00649
1.00612
1.01296
1.02452
1.05092
1.07774
1.11135
1.14576
1.18159
1.21901
1.25715
1.29583
1.33452
1.37318
1.41099
1.44541
1.47249
1.52587
1.69742
1.96287
1.20296
1.16063
1.13921
1.12429
1.11226
1.07681
1.02848
1.00958
1.0085
1.00974
1.0105
1.01064
1.01023
1.00829
1.00615
1.00489
1.00365
1.00789
1.01925
1.04524
1.06972
1.10237
1.13655
1.17123
1.20802
1.24577
1.28372
1.3219
1.36002
1.39776
1.43269
1.4608
1.51995
1.70575
1.98318
1.19452
1.15207
1.13772
1.12508
1.11585
1.09895
1.05885
1.01805
1.00878
1.00879
1.00833
1.00769
1.00704
1.0058
1.00409
1.00304
1.00212
1.00395
1.01319
1.0385
1.06234
1.09336
1.12628
1.16095
1.19679
1.23379
1.27108
1.30892
1.34672
1.3838
1.41813
1.44849
1.52194
1.72255
2.00098
1.18679
1.14742
1.13413
1.12738
1.12344
1.12145
1.09321
1.03728
1.01126
1.00666
1.00606
1.00478
1.00378
1.00302
1.00163
1.00058
1.00009
1.00009
1.00828
1.03187
1.0537
1.08444
1.11598
1.14958
1.18492
1.22143
1.25779
1.29501
1.33229
1.36855
1.40282
1.43592
1.52629
1.72945
2.00741
1.18208
1.1448
1.13043
1.12739
1.1247
1.12333
1.10955
1.07365
1.02555
1.00717
1.0029
1.00175
1.00097
1.00027
0.999013
0.997748
0.997031
0.996432
1.00469
1.02456
1.04504
1.07506
1.10478
1.13792
1.17248
1.20821
1.24411
1.28081
1.31747
1.35336
1.38715
1.42463
1.53603
1.74338
2.01068
1.17803
1.14395
1.12857
1.12577
1.12482
1.12563
1.12473
1.10894
1.05356
1.01288
1.00149
0.99906
0.998348
0.997949
0.996554
0.995169
0.994257
0.99328
1.00067
1.01778
1.03581
1.06517
1.09399
1.12597
1.15979
1.19487
1.22998
1.26594
1.30168
1.33642
1.37071
1.41419
1.55649
1.74965
2.00655
1.174
1.14604
1.13036
1.12556
1.12429
1.12427
1.12413
1.12201
1.08632
1.03725
1.00449
0.996273
0.995967
0.995462
0.994377
0.992934
0.991516
0.990185
0.996839
1.01007
1.02713
1.05589
1.08231
1.11373
1.14687
1.18106
1.21534
1.25063
1.28583
1.31995
1.35385
1.40734
1.58304
1.75265
1.9908
1.17174
1.14919
1.13439
1.12709
1.12388
1.1224
1.12359
1.12592
1.11774
1.07721
1.02009
0.997097
0.992884
0.99304
0.991643
0.989801
0.988327
0.987749
0.993903
1.00317
1.01872
1.04571
1.07096
1.10176
1.13343
1.16685
1.20037
1.23465
1.26867
1.302
1.33908
1.41056
1.61729
1.75519
1.96863
1.174
1.15111
1.13747
1.13012
1.1252
1.12284
1.12343
1.12436
1.11904
1.10103
1.05925
1.00934
0.992975
0.989623
0.988269
0.986836
0.986307
0.986474
0.990684
0.994958
1.00892
1.03601
1.05892
1.08906
1.1197
1.1519
1.18456
1.21812
1.25124
1.28334
1.32415
1.42787
1.65203
1.74937
1.93666
1.1742
1.15096
1.13822
1.13164
1.12672
1.12422
1.1235
1.124
1.12368
1.11689
1.08941
1.03717
0.997845
0.986978
0.984738
0.985092
0.984881
0.984569
0.985919
0.988428
1.00329
1.02551
1.04781
1.07808
1.10702
1.1383
1.17007
1.20267
1.23431
1.26656
1.31217
1.46038
1.69023
1.74038
1.89726
1.17307
1.15094
1.14097
1.13561
1.13174
1.12926
1.12695
1.12619
1.12655
1.12442
1.11204
1.08852
1.04391
1.00265
0.986075
0.981977
0.981012
0.979452
0.978558
0.981231
0.994711
1.00921
1.03075
1.05951
1.08601
1.11594
1.14563
1.17632
1.20661
1.24392
1.33313
1.54156
1.71031
1.7167
1.81527
)
;

boundaryField
{
    inlet
    {
        type            fixedValue;
        value           uniform 1;
    }
    outlet
    {
        type            inletOutlet;
        inletValue      uniform 1;
        value           nonuniform List<scalar> 
70
(
1.17303
1.15092
1.14099
1.13564
1.13177
1.12925
1.1269
1.12613
1.12651
1.12444
1.11209
1.08848
1.04389
1.00263
0.986046
0.98195
0.980987
0.979426
0.978529
0.981208
0.994699
1.00919
1.03073
1.0595
1.086
1.11592
1.14561
1.1763
1.20658
1.24386
1.33293
1.54124
1.71012
1.71661
1.81534
1.22479
1.31193
1.42036
1.50722
1.54417
1.55039
1.52957
1.46615
1.36976
1.27321
1.15296
0.932774
0.626748
0.619793
0.639737
0.660963
0.681001
0.702276
0.724583
0.751989
0.779185
0.807314
0.839895
0.872939
0.908966
0.946521
0.985545
1.02694
1.0754
1.12827
1.15406
1.14864
1.10689
1.0337
1.00301
)
;
    }
    airfoil
    {
        type            zeroGradient;
    }
    top
    {
        type            symmetryPlane;
    }
    bottom
    {
        type            symmetryPlane;
    }
    defaultFaces
    {
        type            empty;
    }
}


// ************************************************************************* //
