/*--------------------------------*- C++ -*----------------------------------*\
  =========                 |
  \\      /  F ield         | OpenFOAM: The Open Source CFD Toolbox
   \\    /   O peration     | Website:  https://openfoam.org
    \\  /    A nd           | Version:  7
     \\/     M anipulation  |
\*---------------------------------------------------------------------------*/
FoamFile
{
    version     2.0;
    format      ascii;
    class       volScalarField;
    location    "5.3";
    object      T;
}
// * * * * * * * * * * * * * * * * * * * * * * * * * * * * * * * * * * * * * //

dimensions      [0 0 0 1 0 0 0];

internalField   nonuniform List<scalar> 
8400
(
0.980056
1.15268
1.24151
1.28565
1.31131
1.32952
1.34079
1.35227
1.35108
1.33989
1.33644
1.34014
1.33859
1.34077
1.35002
1.35917
1.35844
1.35169
1.33847
1.31889
1.29709
1.29095
1.29262
1.29666
1.29674
1.29233
1.28535
1.28553
1.2849
1.28743
0.504319
0.504803
0.540158
0.652472
0.79231
0.948996
1.09643
1.21148
1.30727
1.39362
1.45226
1.50315
1.53684
1.54987
1.5472
1.53391
1.51433
1.483
1.4536
1.42734
1.40544
1.40654
1.41804
1.43532
1.43927
1.4303
1.41191
1.40221
1.40423
1.40352
0.482921
0.474905
0.465586
0.458719
0.453591
0.446702
0.438582
0.459109
0.549433
0.744719
0.950401
1.10317
1.25142
1.37532
1.44487
1.47846
1.52233
1.52607
1.52047
1.50955
1.51096
1.50723
1.50572
1.50413
1.50552
1.50777
1.50401
1.49627
1.48846
1.47609
0.44638
0.443675
0.440993
0.438977
0.437058
0.434459
0.431346
0.430356
0.430339
0.430177
0.430266
0.43078
0.439528
0.539473
0.71106
0.941061
1.14116
1.32476
1.44824
1.51092
1.54482
1.54434
1.54041
1.53119
1.51848
1.51436
1.51416
1.50935
1.49974
1.48613
0.433318
0.43451
0.434403
0.433966
0.433042
0.431526
0.429983
0.429975
0.430479
0.431799
0.432843
0.434775
0.438834
0.449624
0.458042
0.459676
0.46019
0.53366
0.755407
1.00673
1.17992
1.31356
1.40178
1.4214
1.43984
1.45707
1.47247
1.46192
1.45997
1.45185
0.432743
0.433947
0.436099
0.438301
0.438806
0.438736
0.439146
0.441553
0.446434
0.452797
0.457065
0.460898
0.466096
0.472157
0.481744
0.486911
0.487932
0.486972
0.489194
0.49424
0.522819
0.656803
0.846964
1.0247
1.14239
1.20655
1.25404
1.2962
1.33467
1.35718
0.444383
0.44874
0.453796
0.459014
0.464333
0.468532
0.471903
0.4754
0.480074
0.485444
0.490269
0.49362
0.49455
0.49471
0.497043
0.501628
0.503799
0.505501
0.512139
0.52401
0.533681
0.543132
0.54364
0.552083
0.620225
0.753388
0.882784
1.02477
1.08538
1.15767
0.479604
0.483844
0.489636
0.495765
0.50188
0.504161
0.503143
0.502496
0.503208
0.505924
0.510846
0.513681
0.513471
0.515178
0.520246
0.527975
0.53527
0.543947
0.554004
0.560704
0.565934
0.567188
0.566839
0.566865
0.567338
0.569999
0.573362
0.628699
0.707121
0.902986
0.511788
0.514938
0.520802
0.529322
0.534055
0.533638
0.530599
0.529376
0.530487
0.534226
0.541803
0.550313
0.558904
0.565793
0.570947
0.575741
0.578498
0.580525
0.583638
0.584428
0.582747
0.582032
0.583637
0.588555
0.592269
0.595629
0.599589
0.604794
0.605524
0.62167
0.554774
0.557083
0.562401
0.571768
0.580182
0.583215
0.583218
0.582013
0.581881
0.583552
0.588241
0.593976
0.598508
0.598774
0.598281
0.598707
0.598629
0.596803
0.596958
0.598686
0.600983
0.604421
0.610807
0.618707
0.62665
0.631045
0.633012
0.631601
0.631599
0.633632
0.604264
0.604666
0.607169
0.613587
0.623363
0.627343
0.626946
0.623437
0.619457
0.619125
0.620721
0.623821
0.62503
0.624593
0.624936
0.626458
0.628475
0.631366
0.635376
0.641164
0.646774
0.65068
0.652375
0.652609
0.65268
0.652413
0.652653
0.653379
0.655774
0.660618
0.657216
0.656403
0.656683
0.658278
0.663579
0.669656
0.671532
0.670716
0.667044
0.664892
0.665737
0.668371
0.670416
0.671973
0.673598
0.675917
0.677374
0.67726
0.677183
0.677698
0.67748
0.676636
0.674772
0.671822
0.668188
0.668398
0.669664
0.672549
0.676433
0.679719
0.716025
0.70944
0.70793
0.708319
0.71045
0.714904
0.718273
0.718362
0.715819
0.711329
0.70966
0.710494
0.710722
0.709786
0.708482
0.708097
0.707922
0.706585
0.704071
0.702993
0.702636
0.702367
0.703001
0.70462
0.707328
0.710082
0.710311
0.709874
0.707933
0.704648
0.778362
0.770337
0.762536
0.76071
0.761368
0.764314
0.767326
0.767637
0.766107
0.760988
0.757054
0.75711
0.756947
0.755279
0.752659
0.752543
0.752543
0.751412
0.748892
0.747638
0.747368
0.746568
0.745372
0.743643
0.741718
0.739185
0.737346
0.735459
0.733709
0.731771
0.839011
0.835507
0.824615
0.816983
0.815784
0.817805
0.82057
0.820363
0.817782
0.811853
0.80721
0.807094
0.806865
0.803734
0.797302
0.795812
0.795185
0.793394
0.789776
0.786032
0.783156
0.780614
0.777563
0.774433
0.771524
0.768606
0.766411
0.763615
0.762273
0.760855
0.897936
0.896148
0.890731
0.880336
0.872958
0.87282
0.875797
0.876643
0.873439
0.865124
0.857805
0.857273
0.857439
0.854492
0.846141
0.842185
0.840673
0.838246
0.834056
0.829333
0.825317
0.821886
0.818605
0.815377
0.811853
0.808431
0.804606
0.800993
0.797486
0.791037
0.957302
0.956143
0.953719
0.946877
0.935455
0.928813
0.929174
0.93157
0.930138
0.923917
0.912914
0.908688
0.90868
0.906171
0.897371
0.891211
0.888624
0.885364
0.880406
0.874459
0.869018
0.86415
0.859649
0.854597
0.849147
0.843647
0.838739
0.834
0.829365
0.821617
1.01828
1.01698
1.01441
1.00954
1.00066
0.990816
0.985802
0.986427
0.986313
0.981498
0.969271
0.962928
0.962342
0.959654
0.950149
0.942223
0.938383
0.93401
0.928159
0.921528
0.914579
0.908459
0.902527
0.896321
0.890063
0.883467
0.877284
0.870796
0.864817
0.855624
1.0816
1.07969
1.07709
1.07298
1.06632
1.05526
1.04778
1.04749
1.04597
1.03932
1.02603
1.01848
1.01709
1.01367
1.00472
0.995739
0.989569
0.983461
0.976459
0.969239
0.961486
0.953796
0.946702
0.939181
0.931494
0.923957
0.916251
0.908601
0.901958
0.890603
1.1482
1.14411
1.14073
1.13718
1.13111
1.12196
1.11653
1.11158
1.10588
1.09942
1.08904
1.08035
1.0753
1.06922
1.05957
1.05053
1.04256
1.03437
1.02611
1.01788
1.00926
0.999902
0.991412
0.983147
0.974351
0.965621
0.956987
0.947929
0.939967
0.927113
1.18327
1.18153
1.17975
1.17836
1.17655
1.1736
1.17064
1.16702
1.16207
1.15695
1.15075
1.14312
1.13563
1.12834
1.11982
1.11024
1.1002
1.08996
1.0799
1.06976
1.05957
1.04896
1.03835
1.02847
1.01865
1.00838
0.99855
0.988496
0.979456
0.964748
1.18306
1.18224
1.1818
1.18199
1.18256
1.18274
1.18252
1.18196
1.1813
1.18054
1.17962
1.17802
1.17537
1.17216
1.16835
1.16275
1.155
1.1464
1.13738
1.12727
1.11592
1.10391
1.09134
1.07885
1.06675
1.0545
1.04255
1.03075
1.02032
1.00346
1.16255
1.16269
1.16121
1.16121
1.16438
1.16838
1.17247
1.17564
1.17575
1.17543
1.17697
1.17718
1.17658
1.17655
1.17677
1.17652
1.17539
1.17354
1.17136
1.16803
1.16284
1.15547
1.14586
1.13441
1.1217
1.10797
1.09351
1.07875
1.06579
1.0453
1.07876
1.0837
1.08795
1.09458
1.1014
1.10678
1.11394
1.12358
1.12897
1.13349
1.14207
1.14986
1.15309
1.15723
1.16292
1.16611
1.16819
1.17039
1.17037
1.17019
1.16992
1.16928
1.16788
1.1654
1.1611
1.15423
1.14431
1.13145
1.11804
1.0942
1.01051
1.01266
1.01489
1.01746
1.02066
1.02421
1.02852
1.03432
1.04122
1.0482
1.05593
1.06603
1.07639
1.08662
1.09781
1.10961
1.12024
1.13084
1.13972
1.14786
1.15417
1.15804
1.16158
1.16325
1.16312
1.1627
1.16148
1.15885
1.15464
1.14032
1.00028
1.00036
1.00047
1.00061
1.00081
1.00107
1.00143
1.00197
1.00276
1.00387
1.00526
1.00737
1.0103
1.01426
1.01952
1.02655
1.03552
1.04615
1.05919
1.07285
1.0885
1.1028
1.11725
1.12997
1.13956
1.14818
1.15277
1.15522
1.15528
1.15392
1
1
1
1.00001
1.00001
1.00001
1.00002
1.00002
1.00004
1.00006
1.00009
1.00015
1.00025
1.00043
1.00073
1.00124
1.00215
1.00358
1.00609
1.0099
1.01584
1.02457
1.03577
1.05086
1.06779
1.08571
1.10361
1.1199
1.13179
1.14307
1
1
1
1
1
1
1
1
1
1
1
1
1
1
1.00001
1.00001
1.00003
1.00005
1.00011
1.00025
1.00053
1.00113
1.00234
1.0047
1.00897
1.01626
1.0273
1.04318
1.06063
1.09222
1
1
1
1
1
1
1
1
1
1
1
1
1
1
1
1
1
1
1
1
1
1.00001
1.00003
1.00008
1.00023
1.0006
1.0015
1.00368
1.00749
1.02341
1
1
1
1
1
1
1
1
1
1
1
1
1
1
1
1
1
1
1
1
1
1
1
1
1
1.00001
1.00002
1.00007
1.00019
1.00158
0.524708
0.517152
0.492161
0.449788
0.431698
0.431799
0.441005
0.476919
0.510345
0.554122
0.606275
0.664904
0.724473
0.78211
0.840381
0.899407
0.959422
1.02013
1.08651
1.15473
1.1848
1.18367
1.15528
1.06831
1.00804
1.00022
1
1
1
1
0.529448
0.519233
0.490772
0.44663
0.42951
0.431775
0.444345
0.485748
0.524137
0.573019
0.628785
0.683337
0.737131
0.791564
0.849404
0.909934
0.971919
1.03739
1.10658
1.16712
1.18669
1.18317
1.13797
1.05027
1.00445
1.00008
1
1
1
1
0.532681
0.523435
0.491496
0.44621
0.429494
0.432776
0.449633
0.496959
0.538698
0.586426
0.637671
0.687949
0.74047
0.795365
0.85452
0.920912
0.989761
1.05892
1.12571
1.17556
1.18722
1.178
1.12507
1.03896
1.00268
1.00004
1
1
1
1
0.537453
0.525972
0.491307
0.444678
0.429942
0.435898
0.456819
0.505094
0.545394
0.590233
0.639797
0.689946
0.742209
0.803019
0.87412
0.946162
1.01162
1.07532
1.13919
1.18147
1.18754
1.17282
1.1139
1.02869
1.00148
1.00002
1
1
1
1
0.543938
0.529182
0.490481
0.443369
0.430801
0.437366
0.458974
0.507034
0.546443
0.590951
0.639961
0.693247
0.75919
0.832056
0.89957
0.962126
1.02304
1.08622
1.15051
1.18643
1.18811
1.16946
1.09994
1.01876
1.00072
1.00001
1
1
1
1
0.549766
0.531311
0.48668
0.441312
0.430804
0.437256
0.458199
0.506292
0.545244
0.590781
0.649653
0.720438
0.78879
0.850921
0.910797
0.971079
1.03349
1.10019
1.16377
1.1902
1.18921
1.16558
1.07934
1.01123
1.00033
1
1
1
1
1
0.552857
0.531486
0.480222
0.43754
0.427147
0.436371
0.455663
0.50414
0.548735
0.612588
0.678908
0.740558
0.799292
0.857981
0.918707
0.98358
1.05463
1.12266
1.17566
1.19164
1.18896
1.14944
1.06076
1.0067
1.00015
1
1
1
1
1
0.55332
0.529196
0.473313
0.430685
0.41933
0.436691
0.460914
0.516137
0.575121
0.633338
0.690424
0.746337
0.803297
0.863508
0.933388
1.0085
1.07653
1.13819
1.18225
1.19183
1.18333
1.133
1.04653
1.00387
1.00007
1
1
1
1
1
0.552441
0.52415
0.465379
0.422724
0.414349
0.442441
0.478809
0.535846
0.586532
0.638569
0.693291
0.748754
0.807968
0.884499
0.962493
1.02815
1.0901
1.15003
1.18751
1.19153
1.1771
1.12126
1.03402
1.00205
1.00003
1
1
1
1
1
0.54899
0.516009
0.460552
0.418451
0.413635
0.449999
0.489543
0.542339
0.590637
0.640291
0.6937
0.757316
0.838875
0.915953
0.980555
1.04062
1.1038
1.16444
1.19207
1.19177
1.17359
1.1059
1.02166
1.00097
1.00001
1
1
1
1
1
0.543279
0.510973
0.458895
0.416808
0.415986
0.453706
0.494197
0.544952
0.593648
0.644201
0.713579
0.79561
0.868134
0.93151
0.992922
1.0577
1.12661
1.17835
1.19423
1.193
1.16934
1.08194
1.01241
1.00041
1
1
1
1
1
1
0.541724
0.510707
0.457822
0.415969
0.420365
0.455505
0.497385
0.547807
0.604408
0.674897
0.748221
0.816575
0.879884
0.942404
1.01164
1.08456
1.14556
1.18599
1.19509
1.19192
1.15005
1.06128
1.00708
1.00018
1
1
1
1
1
1
0.542267
0.51274
0.457647
0.414972
0.421336
0.458062
0.503393
0.571048
0.634133
0.698251
0.76112
0.824347
0.888396
0.960557
1.03933
1.10381
1.15796
1.191
1.19549
1.18516
1.13228
1.04576
1.00387
1.00007
1
1
1
1
1
1
0.545281
0.516225
0.456593
0.413074
0.420152
0.465539
0.522533
0.590073
0.646947
0.706357
0.767372
0.831071
0.90822
0.99206
1.0593
1.11941
1.17026
1.19541
1.19521
1.17856
1.11881
1.03194
1.00191
1.00003
1
1
1
1
1
1
0.549653
0.517359
0.449689
0.409548
0.42129
0.47448
0.530959
0.59495
0.652014
0.709927
0.775287
0.858564
0.945051
1.01404
1.07619
1.1388
1.18282
1.19738
1.1942
1.173
1.10004
1.01908
1.00083
1.00001
1
1
1
1
1
1
0.552642
0.514502
0.444898
0.406507
0.429224
0.478109
0.532398
0.59473
0.656312
0.723661
0.81173
0.896915
0.96694
1.03169
1.09903
1.15863
1.1916
1.19797
1.19507
1.16395
1.07322
1.01007
1.00032
1
1
1
1
1
1
1
0.553928
0.509843
0.443882
0.406295
0.434944
0.478246
0.53276
0.60626
0.683446
0.766437
0.844727
0.915634
0.983474
1.0555
1.12284
1.17265
1.19643
1.19812
1.19272
1.14074
1.05136
1.0052
1.00012
1
1
1
1
1
1
1
0.554609
0.508354
0.446889
0.411785
0.437015
0.481721
0.554064
0.642922
0.720347
0.789845
0.858916
0.929753
1.00762
1.08394
1.14126
1.18309
1.19823
1.19799
1.18124
1.12011
1.03561
1.00253
1.00005
1
1
1
1
1
1
1
0.55484
0.508541
0.452595
0.417523
0.438469
0.499875
0.588805
0.668289
0.735336
0.802105
0.873351
0.956066
1.04227
1.10677
1.1582
1.19084
1.19871
1.19599
1.17188
1.1027
1.0221
1.00109
1.00002
1
1
1
1
1
1
1
0.560272
0.508845
0.455038
0.419468
0.450023
0.529819
0.608642
0.678512
0.74393
0.816056
0.905165
0.997944
1.0686
1.12808
1.17409
1.19576
1.19877
1.19264
1.16274
1.07974
1.01185
1.00042
1
1
1
1
1
1
1
1
0.571168
0.509574
0.453413
0.421154
0.472367
0.550676
0.615049
0.684442
0.761597
0.857732
0.95005
1.02502
1.09101
1.1503
1.18597
1.1987
1.19944
1.19199
1.14689
1.05347
1.00562
1.00015
1
1
1
1
1
1
1
1
0.577941
0.503616
0.442608
0.430261
0.490455
0.552985
0.618191
0.708522
0.813034
0.899864
0.975883
1.04737
1.11739
1.16843
1.19447
1.20019
1.2003
1.18839
1.11922
1.03282
1.00236
1.00005
1
1
1
1
1
1
1
1
0.582559
0.491224
0.431031
0.444335
0.493099
0.553909
0.639085
0.763826
0.849626
0.922976
0.998
1.07782
1.14319
1.18234
1.1992
1.20095
1.19838
1.16866
1.09265
1.01884
1.0009
1.00001
1
1
1
1
1
1
1
1
0.585054
0.478859
0.415987
0.449471
0.490318
0.571457
0.698625
0.795946
0.871012
0.946866
1.03429
1.11296
1.16343
1.19192
1.2008
1.20081
1.19177
1.15157
1.06983
1.00975
1.00033
1
1
1
1
1
1
1
1
1
0.581881
0.465617
0.402383
0.448964
0.509415
0.623727
0.732985
0.81622
0.895852
0.989509
1.07662
1.13928
1.17903
1.19734
1.20106
1.19877
1.1852
1.13614
1.04732
1.00449
1.00011
1
1
1
1
1
1
1
1
1
0.579336
0.453227
0.396655
0.446009
0.555493
0.669998
0.753134
0.840973
0.946323
1.03628
1.10644
1.16043
1.19077
1.20012
1.20084
1.19748
1.17941
1.11125
1.02651
1.00167
1.00003
1
1
1
1
1
1
1
1
1
0.579067
0.444696
0.402982
0.467576
0.596097
0.686213
0.775587
0.895937
0.994252
1.07043
1.13306
1.17922
1.19827
1.20127
1.20126
1.19843
1.16618
1.07668
1.01221
1.0005
1.00001
1
1
1
1
1
1
1
1
1
0.575531
0.436773
0.419881
0.517882
0.61986
0.711324
0.830053
0.949613
1.03197
1.10397
1.16041
1.19169
1.20158
1.20168
1.2009
1.19143
1.13466
1.04798
1.0051
1.00015
1
1
1
1
1
1
1
1
1
1
0.570616
0.425492
0.436763
0.551415
0.639012
0.756901
0.897013
0.99335
1.07123
1.13972
1.18048
1.1982
1.20222
1.20186
1.19764
1.1727
1.10744
1.02887
1.00198
1.00004
1
1
1
1
1
1
1
1
1
1
0.553693
0.420754
0.461506
0.569915
0.694884
0.84001
0.946661
1.03626
1.11467
1.16628
1.1926
1.20131
1.20216
1.20073
1.19285
1.1601
1.0842
1.01477
1.00067
1.00001
1
1
1
1
1
1
1
1
1
1
0.551397
0.438184
0.494447
0.605865
0.765075
0.894032
0.995564
1.08673
1.14994
1.18351
1.19906
1.20279
1.20182
1.19898
1.18841
1.14437
1.05323
1.00572
1.00017
1
1
1
1
1
1
1
1
1
1
1
0.512832
0.44143
0.525074
0.687571
0.837354
0.949593
1.0538
1.12933
1.17613
1.19355
1.20121
1.20329
1.2028
1.19998
1.18327
1.10802
1.02498
1.00168
1.00004
1
1
1
1
1
1
1
1
1
1
1
0.463123
0.445723
0.578025
0.763963
0.89848
1.01339
1.10735
1.16268
1.19322
1.19764
1.20141
1.20318
1.20318
1.19886
1.1553
1.06624
1.00991
1.00041
1.00001
1
1
1
1
1
1
1
1
1
1
1
0.425866
0.488743
0.665959
0.831357
0.970121
1.08171
1.14935
1.18579
1.201
1.19874
1.20145
1.20186
1.20094
1.1816
1.11956
1.03856
1.00362
1.0001
1
1
1
1
1
1
1
1
1
1
1
1
0.479418
0.544969
0.748116
0.920188
1.05222
1.13332
1.17872
1.19813
1.20295
1.19911
1.20257
1.20033
1.19387
1.16306
1.09152
1.01944
1.00106
1.00002
1
1
1
1
1
1
1
1
1
1
1
1
0.217563
0.590545
0.841286
1.0167
1.11848
1.17061
1.19494
1.20285
1.20353
1.19905
1.20347
1.1994
1.18601
1.14435
1.05818
1.00681
1.00023
1
1
1
1
1
1
1
1
1
1
1
1
1
0.168911
0.678802
0.962224
1.10048
1.16432
1.19224
1.20137
1.2043
1.20398
1.19892
1.20369
1.20045
1.17894
1.10695
1.02394
1.00156
1.00003
1
1
1
1
1
1
1
1
1
1
1
1
1
0.39428
0.843756
1.07077
1.15965
1.19081
1.2006
1.20324
1.20493
1.20443
1.19875
1.20339
1.19772
1.1534
1.05696
1.00676
1.00025
1
1
1
1
1
1
1
1
1
1
1
1
1
1
0.676098
1.0007
1.15231
1.19163
1.20074
1.20265
1.20395
1.20541
1.20456
1.19812
1.19923
1.17706
1.10368
1.02387
1.00149
1.00003
1
1
1
1
1
1
1
1
1
1
1
1
1
1
0.99582
1.14752
1.19344
1.20154
1.20261
1.20305
1.20453
1.20566
1.20413
1.19715
1.19177
1.15088
1.06286
1.00725
1.00018
1
1
1
1
1
1
1
1
1
1
1
1
1
1
1
1.20262
1.20293
1.20304
1.20309
1.20276
1.20336
1.2048
1.20572
1.20254
1.19391
1.18367
1.11636
1.02089
0.999761
0.99998
1
1
1
1
1
1
1
1
1
1
1
1
1
1
1
1.20245
1.20269
1.20307
1.2034
1.20289
1.20288
1.20413
1.20552
1.2037
1.19406
1.18302
1.10183
1.0178
1.00076
1.00001
1
1
1
1
1
1
1
1
1
1
1
1
1
1
1
1.20221
1.2024
1.20329
1.2039
1.20347
1.20283
1.20327
1.20504
1.20353
1.19092
1.16298
1.06902
1.00662
1.0001
1
1
1
1
1
1
1
1
1
1
1
1
1
1
1
1
1.20206
1.20213
1.20337
1.20433
1.20411
1.2027
1.20239
1.20454
1.20337
1.18866
1.14717
1.04897
1.00304
1.00003
1
1
1
1
1
1
1
1
1
1
1
1
1
1
1
1
1.2019
1.20198
1.20328
1.20457
1.20453
1.20268
1.20143
1.20377
1.20413
1.18931
1.12535
1.02769
1.00104
1.00001
1
1
1
1
1
1
1
1
1
1
1
1
1
1
1
1
1.2018
1.20185
1.20303
1.20457
1.20464
1.2028
1.20037
1.20221
1.20411
1.18358
1.09779
1.01468
1.00037
1
1
1
1
1
1
1
1
1
1
1
1
1
1
1
1
1
1.20179
1.20178
1.20252
1.20403
1.20465
1.20341
1.19997
1.20069
1.20088
1.16396
1.07256
1.00713
1.00011
1
1
1
1
1
1
1
1
1
1
1
1
1
1
1
1
1
1.20197
1.20189
1.20231
1.20333
1.20433
1.20449
1.20059
1.20031
1.19806
1.14759
1.04962
1.00293
1.00003
1
1
1
1
1
1
1
1
1
1
1
1
1
1
1
1
1
1.20258
1.20246
1.20222
1.20244
1.20371
1.20547
1.20361
1.20021
1.19539
1.1248
1.02753
1.00103
1.00001
1
1
1
1
1
1
1
1
1
1
1
1
1
1
1
1
1
1.20284
1.20284
1.20231
1.20166
1.20301
1.20589
1.20612
1.19893
1.18016
1.09508
1.01359
1.00033
1
1
1
1
1
1
1
1
1
1
1
1
1
1
1
1
1
1
1.20282
1.20286
1.20233
1.20119
1.20198
1.20622
1.20749
1.19738
1.1636
1.07048
1.00627
1.00009
1
1
1
1
1
1
1
1
1
1
1
1
1
1
1
1
1
1
1.20247
1.20253
1.20231
1.20103
1.20114
1.20594
1.20794
1.19654
1.14655
1.04507
1.00243
1.00002
1
1
1
1
1
1
1
1
1
1
1
1
1
1
1
1
1
1
1.20222
1.20198
1.20211
1.20158
1.20081
1.20583
1.20777
1.18819
1.12089
1.0235
1.00077
1.00001
1
1
1
1
1
1
1
1
1
1
1
1
1
1
1
1
1
1
1.20212
1.20151
1.20196
1.20225
1.20111
1.20652
1.20742
1.17524
1.09143
1.0116
1.00024
1
1
1
1
1
1
1
1
1
1
1
1
1
1
1
1
1
1
1
1.20212
1.20115
1.20212
1.20292
1.20289
1.20717
1.20753
1.16206
1.06197
1.00466
1.00006
1
1
1
1
1
1
1
1
1
1
1
1
1
1
1
1
1
1
1
1.20205
1.20068
1.20136
1.20401
1.20507
1.20527
1.20164
1.13823
1.03441
1.00149
1.00001
1
1
1
1
1
1
1
1
1
1
1
1
1
1
1
1
1
1
1
1.2019
1.20019
1.20024
1.20481
1.20919
1.20238
1.18748
1.10939
1.01822
1.00047
1
1
1
1
1
1
1
1
1
1
1
1
1
1
1
1
1
1
1
1
1.20143
1.19978
1.19946
1.20719
1.21153
1.2018
1.17479
1.07989
1.00767
1.00012
1
1
1
1
1
1
1
1
1
1
1
1
1
1
1
1
1
1
1
1
1.20021
1.19945
1.19901
1.20915
1.2131
1.20108
1.15507
1.04659
1.00255
1.00003
1
1
1
1
1
1
1
1
1
1
1
1
1
1
1
1
1
1
1
1
1.19888
1.19914
1.19885
1.21092
1.21424
1.19135
1.12422
1.02511
1.00083
1.00001
1
1
1
1
1
1
1
1
1
1
1
1
1
1
1
1
1
1
1
1
1.19779
1.19981
1.20096
1.21211
1.21494
1.18167
1.09264
1.0109
1.0002
1
1
1
1
1
1
1
1
1
1
1
1
1
1
1
1
1
1
1
1
1
1.19643
1.20095
1.20317
1.21144
1.21487
1.16655
1.05603
1.00358
1.00004
1
1
1
1
1
1
1
1
1
1
1
1
1
1
1
1
1
1
1
1
1
1.19541
1.20228
1.20758
1.20806
1.20457
1.13439
1.03024
1.00112
1.00001
1
1
1
1
1
1
1
1
1
1
1
1
1
1
1
1
1
1
1
1
1
1.19503
1.20548
1.21389
1.20612
1.19041
1.10384
1.014
1.00029
1
1
1
1
1
1
1
1
1
1
1
1
1
1
1
1
1
1
1
1
1
1
1.19501
1.20906
1.21682
1.207
1.17387
1.064
1.00444
1.00006
1
1
1
1
1
1
1
1
1
1
1
1
1
1
1
1
1
1
1
1
1
1
1.19745
1.21095
1.21816
1.20232
1.14179
1.03282
1.0013
1.00001
1
1
1
1
1
1
1
1
1
1
1
1
1
1
1
1
1
1
1
1
1
1
1.20123
1.21196
1.21911
1.18976
1.10576
1.01478
1.00032
1
1
1
1
1
1
1
1
1
1
1
1
1
1
1
1
1
1
1
1
1
1
1
1.20618
1.21356
1.22003
1.17639
1.06564
1.00463
1.00006
1
1
1
1
1
1
1
1
1
1
1
1
1
1
1
1
1
1
1
1
1
1
1
1.21284
1.21357
1.2141
1.14161
1.03172
1.00123
1.00001
1
1
1
1
1
1
1
1
1
1
1
1
1
1
1
1
1
1
1
1
1
1
1
1.22629
1.20464
1.19437
1.10102
1.01406
1.00031
1
1
1
1
1
1
1
1
1
1
1
1
1
1
1
1
1
1
1
1
1
1
1
1
1.24285
1.19396
1.17201
1.06173
1.00443
1.00006
1
1
1
1
1
1
1
1
1
1
1
1
1
1
1
1
1
1
1
1
1
1
1
1
1.2548
1.18403
1.12981
1.02845
1.00118
1.00001
1
1
1
1
1
1
1
1
1
1
1
1
1
1
1
1
1
1
1
1
1
1
1
1
1.26018
1.1666
1.08905
1.01227
1.00032
1
1
1
1
1
1
1
1
1
1
1
1
1
1
1
1
1
1
1
1
1
1
1
1
1
1.26185
1.14433
1.05443
1.00429
1.00007
1
1
1
1
1
1
1
1
1
1
1
1
1
1
1
1
1
1
1
1
1
1
1
1
1
1.24397
1.11598
1.02838
1.00133
1.00001
1
1
1
1
1
1
1
1
1
1
1
1
1
1
1
1
1
1
1
1
1
1
1
1
1
1.21455
1.08886
1.014
1.00039
1
1
1
1
1
1
1
1
1
1
1
1
1
1
1
1
1
1
1
1
1
1
1
1
1
1
1.18759
1.05911
1.00496
1.00008
1
1
1
1
1
1
1
1
1
1
1
1
1
1
1
1
1
1
1
1
1
1
1
1
1
1
1.1474
1.03042
1.00137
1.00001
1
1
1
1
1
1
1
1
1
1
1
1
1
1
1
1
1
1
1
1
1
1
1
1
1
1
1.09423
1.01249
1.00027
1
1
1
1
1
1
1
1
1
1
1
1
1
1
1
1
1
1
1
1
1
1
1
1
1
1
1
1.03704
1.00263
1.00002
1
1
1
1
1
1
1
1
1
1
1
1
1
1
1
1
1
1
1
1
1
1
1
1
1
1
1
1
1
1
1
1
1
1
1
1
1
1
1
1
1
1
1
1
1
1
1
1
1
1
1
1
1
1
1
1
1
1
1
1
1
1
1
1
1
1
1
1
1
1
1
1
1
1
1
1
1
1
1
1
1
1
1
1
1
1
1
1
1
1
1
1
1
1
1
1
1
1
1
1
1
1
1
1
1
1
1
1
1
1
1
1
1
1
1
1
1
1
1
1
1
1
1
1
1
1
1
1
1
1
1
1
1
1
1
1
1
1
1
1
1
1
1
1
1
1
1
1
1
1
1
1
1
1
1
1
1
1
1
1
1
1
1
1
1
1
1
1
1
1
1
1
1
1
1
1
1
1
1
1
1
1
1
1
1
1
1
1
1
1
1
1
1
1
1
1
1
1
1
1
1
1
1
1
1
1
1
1
1
1
1
1
1
1
1
1
1
1
1
1
1
1
1
1
1
1
1
1
1
1
1
1
1
1
1
1
1
1
1
1
1
1
1
1
1
1
1
1
1
1
1
1
1
1
1
1
1
1
1
1
1
1
1
1
1
1
1
1
1
1
1
1
1
1
1
1
1
1
1
1
1
1
1
1
1
1
1
1
1
1
1
1
1
1
1
1
1
1
1
1
1
1
1
1
1
1
1
1
1
1
1
1
1
1
1
1
1
1
1
1
1
1
1
1
1
1
1
1
1
1
1
1
1
1
1
1
1
1
1
1
1
1
1
1
1
1
1
1
1
1
1
1
1
1
1
1
1
1
1
1
1
1
1
1
1
1
1
1
1
1
1
1
1
1
1
1
1
1
1
1
1
1
1
1
1
1
1
1
1
1
1
1
1
1
1
1
1
1
1
1
1
1
1
1
1
1
1
1
1
1
1
1
1
1
1
1
1
1
1
1
1
1
1
1
1
1
1
1
1
1
1
1
1
1
1
1
1
1
1
1
1
1
1
1
1
1
1
1
1
1
1
1
1
1
1
1
1
1
1
1
1
1
1
1
1
1
1
1
1
1
1
1
1
1
1
1
1
1
1
1
1
1
1
1
1
1
1
1
1
1
1
1
1
1
1
1
1
1
1
1
1
1
1
1
1
1
1
1
1
1
1
1
1
1
1
1
1
1
1
1
1
1
1
1
1
1
1
1
1
1
1
1
1
1
1
1
1
1
1
1
1
1
1
1
1
1
1
1
1
1
1
1
1
1
1
1
1
1
1
1
1
1
1
1
1
1
1
1
1
1
1
1
1
1
1
1
1
1
1
1
1
1
1
1
1
1
1
1
1
1
1
1
1
1
1
1
1
1
1
1
1
1
1
1
1
1
1
1
1
1
1
1
1
1
1
1
1
1
1
1
1
1
1
1
1
1
1
1
1
1
1
1
1
1
1
1
1
1
1
1
1
1
1
1
1
1
1
1
1
1
1
1
1
1
1
1
1
1
1
1
1
1
1
1
1
1
1
1
1
1
1
1
1
1
1
1
1
1
1
1
1
1
1
1
1
1
1
1
1
1
1
1
1
1
1
1
1
1
1
1
1
1
1
1
1
1
1
1
1
1
1
1
1
1
1
1
1
1
1
1
1
1
1
1
1
1
1
1
1
1
1
1
1
1
1
1
1
1
1
1
1
1
1
1
1
1
1
1
1
1
1
1
1
1
1
1
1
1
1
1
1
1
1
1
1
1
1
1
1
1
1
1
1
1
1
1
1
1
1
1
1
1
1
1
1
1
1
1
1
1
1
1
1
1
1
1
1
1
1
1
1
1
1
1
1
1
1
1
1
1
1
1
1
1
1
1
1
1
1
1
1
1
1
1
1
1
1
1
1
1
1
1
1
1
1
1
1
1
1
1
1
1
1
1
1
1
1
1
1
1
1
1
1
1
1
1
1
1
1
1
1
1
1
1
1
1
1
1
1
1
1
1
1
1
1
1
1
1
1
1
1
1
1
1
1
1
1
1
1
1
1
1
1
1
1
1
1
1
1
1
1
1
1
1
1
1
1
1
1
1
1
1
1
1
1
1
1
1
1
1
1
1
1
1
1
1
1
1
1
1
1
1
1
1
1
1
1
1
1
1
1
1
1
1
1
1
1
1
1
1
1
1
1
1
1
1
1
1
1
1
1
1
1
1
1
1
1
1
1
1
1
1
1
1
1
1
1
1
1
1
1
1
1
1
1
1
1
1
1
1
1
1
1
1
1
1
1
1
1
1
1
1
1
1
1
1
1
1
1
1
1
1
1
1
1
1
1
1
1
1
1
1
1
1
1
1
1
1
1
1
1
1
1
1
1
1
1
1
1
1
1
1
1
1
1
1
1
1
1
1
1
1
1
1
1
1
1
1
1
1
1
1
1
1
1
1
1
1
1
1
1
1
1
1
1
1
1
1
1
1
1
1
1
1
1
1
1
1
1
1
1
1
1
1
1
1
1
1
1
1
1
1
1
1
1
1
1
1
1
1
1
1
1
1
1
1
1
1
1
1
1
1
1
1
1
1
1
1
1
1
1
1
1
1
1
1
1
1
1
1
1
1
1
1
1
1
1
1
1
1
1
1
1
1
1
1
1
1
1
1
1
1
1
1
1
1
1
1
1
1
1
1
1
1
1
1
1
1
1
1
1
1
1
1
1
1
1
1
1
1
1
1
1
1
1
1
1
1
1
1
1
1
1
1
1
1
1
1
1
1
1
1
1
1
1
1
1
1
1
1
1
1
1
1
1
1
1
1
1
1
1
1
1
1
1
1
1
1
1
1
1
1
1
1
1
1
1
1
1
1
1
1
1
1
1
1
1
1
1
1
1
1
1
1
1
1
1
1
1
1
1
1
1
1
1
1
1
1
1
1
1
1
1
1
1
1
1
1
1
1
1
1
1
1
1
1
1
1
1
1
1
1
1
1
1
1
1
1
1
1
1
1
1
1
1
1
1
1
1
1
1
1
1
1
1
1
1
1
1
1
1
1
1
1
1
1
1
1
1
1
1
1
1
1
1
1
1
1
1
1
1
1
1
1
1
1
1
1
1
1
1
1
1
1
1
1
1
1
1
1
1
1
1
1
1
1
1
1
1
1
1
1
1
1
1
1
1
1
1
1
1
1
1
1
1
1
1
1
1
1
1
1
1
1
1
1
1
1
1
1
1
1
1
1
1
1
1
1
1
1
1
1
1
1
1
1
1
1
1
1
1
1
1
1
1
1
1
1
1
1
1
1
1
1
1
1
1
1
1
1
1
1
1
1
1
1
1
1
1
1
1
1
1
1
1
1
1
1
1
1
1
1
1
1
1
1
1
1
1
1
1
1
1
1
1
1
1
1
1
1
1
1
1
1
1
1
1
1
1
1
1
1
1
1
1
1
1
1
1
1
1
1
1
1
1
1
1
1
1
1
1
1
1
1
1
1
1
1
1
1
1
1
1
1
1
1
1
1
1
1
1
1
1
1
1
1
1
1
1
1
1
1
1
1
1
1
1
1
1
1
1
1
1
1
1
1
1
1
1
1
1
1
1
1
1
1
1
1
1
1
1
1
1
1
1
1
1
1
1
1
1
1
1
1
1
1
1
1
1
1
1
1
1
1
1
1
1
1
1
1
1
1
1
1
1
1
1
1
1
1
1
1
1
1
1
1
1
1
1
1
1
1
1
1
1
1
1
1
1
1
1
1
1
1
1
1
1
1
1
1
1
1
1
1
1
1
1
1
1
1
1
1
1
1
1
1
1
1
1
1
1
1
1
1
1
1
1
1
1
1
1
1
1
1
1
1
1
1
1
1
1
1
1
1
1
1
1
1
1
1
1
1
1
1
1
1
1
1
1
1
1
1
1
1
1
1
1
1
1
1
1
1
1
1
1
1
1
1
1
1
1
1
1
1
1
1
1
1
1
1
1
1
1
1
1
1
1
1
1
1
1
1
1
1
1
1
1
1
1
1
1
1
1
1
1
1
1
1
1
1
1
1
1
1
1
1
1
1
1
1
1
1
1
1
1
1
1
1
1
1
1
1
1
1
1
1
1
1
1
1
1
1
1
1
1
1
1
1
1
1
1
1
1
1
1
1
1
1
1
1
1
1
1
1
1
1
1
1.10738
1
1
1
1
1
1
1
1
1
1
1
1
1
1
1
1
1
1
1
1
1
1
1
1
1
1
1
1
1
1.29027
0.99962
1
1
1
1
1
1
1
1
1
1
1
1
1
1
1
1
1
1
1
1
1
1
1
1
1
1
1
1
1.47848
1.03156
1
1
1
1
1
1
1
1
1
1
1
1
1
1
1
1
1
1
1
1
1
1
1
1
1
1
1
1
1.67886
1.13766
1
1
1
1
1
1
1
1
1
1
1
1
1
1
1
1
1
1
1
1
1
1
1
1
1
1
1
1
1.86266
1.35068
0.999572
1
1
1
1
1
1
1
1
1
1
1
1
1
1
1
1
1
1
1
1
1
1
1
1
1
1
1
2.01163
1.60405
1.0484
0.999937
1
1
1
1
1
1
1
1
1
1
1
1
1
1
1
1
1
1
1
1
1
1
1
1
1
1
2.10477
1.8685
1.47827
1.00208
1
1
1
1
1
1
1
1
1
1
1
1
1
1
1
1
1
1
1
1
1
1
1
1
1
1
2.04338
1.91534
1.971
1.32457
0.999647
1
1
1
1
1
1
1
1
1
1
1
1
1
1
1
1
1
1
1
1
1
1
1
1
1
1.94359
1.90042
2.0286
1.81508
1.10843
0.999857
1
1
1
1
1
1
1
1
1
1
1
1
1
1
1
1
1
1
1
1
1
1
1
1
1.87729
1.88478
2.00341
2.0425
1.54102
1.00439
1
1
1
1
1
1
1
1
1
1
1
1
1
1
1
1
1
1
1
1
1
1
1
1
1.85006
1.882
1.97885
2.03044
1.8898
1.20848
0.999723
1
1
1
1
1
1
1
1
1
1
1
1
1
1
1
1
1
1
1
1
1
1
1
1.8432
1.87434
1.94777
1.98296
1.98132
1.55273
1.01112
1
1
1
1
1
1
1
1
1
1
1
1
1
1
1
1
1
1
1
1
1
1
1
1.8367
1.86557
1.92045
1.97247
2.01175
1.81989
1.17117
0.999757
1
1
1
1
1
1
1
1
1
1
1
1
1
1
1
1
1
1
1
1
1
1
1.83741
1.86543
1.90885
1.96859
2.0097
1.96343
1.50466
1.00667
1
1
1
1
1
1
1
1
1
1
1
1
1
1
1
1
1
1
1
1
1
1
1.84182
1.86753
1.91035
1.96212
1.9971
1.96064
1.7453
1.12789
0.999974
1
1
1
1
1
1
1
1
1
1
1
1
1
1
1
1
1
1
1
1
1
1.84913
1.87219
1.91337
1.95643
1.97692
1.95688
1.86643
1.37352
1.00001
1
1
1
1
1
1
1
1
1
1
1
1
1
1
1
1
1
1
1
1
1
1.85772
1.87831
1.91599
1.95282
1.965
1.95512
1.93086
1.6478
1.05611
1
1
1
1
1
1
1
1
1
1
1
1
1
1
1
1
1
1
1
1
1
1.86562
1.88367
1.91742
1.95328
1.96055
1.95641
1.95118
1.81663
1.27405
0.999604
1
1
1
1
1
1
1
1
1
1
1
1
1
1
1
1
1
1
1
1
1.87168
1.88794
1.91822
1.9543
1.96365
1.9616
1.95108
1.87091
1.49759
1.01242
1
1
1
1
1
1
1
1
1
1
1
1
1
1
1
1
1
1
1
1
1.875
1.89008
1.91843
1.95553
1.96974
1.96593
1.95249
1.907
1.71145
1.1232
0.999822
1
1
1
1
1
1
1
1
1
1
1
1
1
1
1
1
1
1
1
1.87754
1.89122
1.91983
1.95739
1.9748
1.96866
1.95453
1.92702
1.84223
1.37822
1.00095
1
1
1
1
1
1
1
1
1
1
1
1
1
1
1
1
1
1
1
1.88165
1.8929
1.92235
1.95793
1.97493
1.9706
1.958
1.93786
1.87976
1.58889
1.04059
1
1
1
1
1
1
1
1
1
1
1
1
1
1
1
1
1
1
1
1.88425
1.89363
1.9238
1.9578
1.97421
1.97181
1.96188
1.94351
1.90361
1.76328
1.19852
0.999691
1
1
1
1
1
1
1
1
1
1
1
1
1
1
1
1
1
1
1.88449
1.89357
1.92376
1.95666
1.97264
1.97147
1.96336
1.94473
1.91537
1.86873
1.47135
1.00821
1
1
1
1
1
1
1
1
1
1
1
1
1
1
1
1
1
1
1.88417
1.89334
1.92292
1.95423
1.97035
1.97075
1.96345
1.94617
1.92528
1.88884
1.66063
1.08547
1
1
1
1
1
1
1
1
1
1
1
1
1
1
1
1
1
1
1.88287
1.8926
1.92123
1.95171
1.96868
1.97073
1.96424
1.94993
1.93405
1.90475
1.81266
1.28373
0.999573
1
1
1
1
1
1
1
1
1
1
1
1
1
1
1
1
1
1.88156
1.89234
1.92006
1.94962
1.96707
1.97054
1.96514
1.95324
1.93474
1.913
1.8955
1.56454
1.02486
1
1
1
1
1
1
1
1
1
1
1
1
1
1
1
1
1
1.88172
1.89257
1.91909
1.94801
1.96565
1.97004
1.96466
1.95358
1.93505
1.91524
1.90622
1.72556
1.14857
0.999781
1
1
1
1
1
1
1
1
1
1
1
1
1
1
1
1
1.88276
1.8934
1.91896
1.94758
1.96439
1.9691
1.96367
1.95262
1.93479
1.91971
1.90777
1.84791
1.36987
1.00157
1
1
1
1
1
1
1
1
1
1
1
1
1
1
1
1
1.8847
1.89486
1.91916
1.94705
1.96357
1.96757
1.96211
1.95101
1.93431
1.92027
1.91119
1.91625
1.6432
1.05236
1
1
1
1
1
1
1
1
1
1
1
1
1
1
1
1
1.88704
1.8964
1.91926
1.94619
1.96267
1.96608
1.96066
1.94936
1.93468
1.92041
1.91125
1.92132
1.77724
1.21946
0.999668
1
1
1
1
1
1
1
1
1
1
1
1
1
1
1
1.88872
1.89715
1.91888
1.94504
1.96164
1.96516
1.9604
1.94896
1.9359
1.92205
1.91142
1.91483
1.86792
1.44048
1.00621
1
1
1
1
1
1
1
1
1
1
1
1
1
1
1
1.88934
1.89716
1.91804
1.94366
1.96055
1.96467
1.96049
1.94906
1.93713
1.92362
1.91245
1.91409
1.92508
1.69925
1.08623
0.999883
1
1
1
1
1
1
1
1
1
1
1
1
1
1
1.88959
1.89708
1.91704
1.94212
1.95934
1.96419
1.96087
1.94955
1.9379
1.92482
1.91452
1.91357
1.93003
1.81206
1.28548
1.00033
1
1
1
1
1
1
1
1
1
1
1
1
1
1
1.89029
1.89706
1.916
1.9407
1.95825
1.96366
1.96134
1.95029
1.93826
1.92574
1.91668
1.91254
1.92433
1.87536
1.49411
1.01418
1
1
1
1
1
1
1
1
1
1
1
1
1
1
1.89135
1.89728
1.9153
1.93965
1.95736
1.96313
1.96169
1.95114
1.93836
1.92662
1.9185
1.91211
1.9189
1.92618
1.73559
1.12022
0.999816
0.999999
1
1
1
1
1
1
1
1
1
1
1
1
1.89249
1.89783
1.91509
1.93889
1.95679
1.96268
1.96187
1.95207
1.93841
1.92697
1.91984
1.91349
1.91909
1.93402
1.83741
1.34055
1.00186
1
1
1
1
1
1
1
1
1
1
1
1
1
1.89389
1.89868
1.91521
1.93867
1.95637
1.96235
1.96191
1.95289
1.93856
1.92725
1.92063
1.91554
1.91842
1.93268
1.8823
1.53552
1.02375
0.999961
1
1
1
1
1
1
1
1
1
1
1
1
1.89459
1.89943
1.91534
1.93847
1.95569
1.96169
1.96186
1.95404
1.93959
1.9277
1.92115
1.91666
1.91631
1.92491
1.92132
1.7658
1.16218
1.00039
1
1
1
1
1
1
1
1
1
1
1
1
1.89683
1.90446
1.92122
1.94323
1.95782
1.96203
1.96166
1.9542
1.93834
1.92667
1.92063
1.91676
1.91523
1.9246
1.93203
1.84276
1.33978
0.988637
0.999896
1
1
1
1
1
1
1
1
1
1
1
1.54402
1.74955
1.83321
1.89209
1.92952
1.94988
1.95707
1.95404
1.94502
1.93246
1.92339
1.91947
1.91553
1.91979
1.93178
1.89798
1.65782
1.11227
1.0015
1.00001
1
1
1
1
1
1
1
1
1
1
1.16375
1.52925
1.68893
1.78487
1.85748
1.90251
1.9318
1.9431
1.94099
1.93241
1.92363
1.91974
1.91797
1.917
1.92639
1.92526
1.87868
1.4443
1.03281
1.00028
1
1
1
1
1
1
1
1
1
1
0.895099
1.32419
1.52536
1.65388
1.75565
1.8268
1.87589
1.90983
1.92321
1.92365
1.91908
1.91675
1.91758
1.91531
1.91914
1.92947
1.92427
1.73029
1.20515
1.00563
1.00003
1
1
1
1
1
1
1
1
1
0.900614
1.21469
1.3809
1.52284
1.63357
1.73797
1.80109
1.85483
1.88651
1.90082
1.90389
1.90656
1.91072
1.91358
1.91327
1.92636
1.93479
1.88777
1.48481
1.04606
1.00048
1
1
1
1
1
1
1
1
1
0.924988
1.12749
1.26957
1.41353
1.52289
1.63534
1.72607
1.78218
1.83711
1.86214
1.8787
1.88537
1.89506
1.90525
1.90811
1.92012
1.93165
1.9312
1.77937
1.23705
1.00694
1.00004
1
1
1
1
1
1
1
1
0.937089
1.02923
1.16967
1.32267
1.44475
1.53102
1.6447
1.7179
1.77415
1.81677
1.84209
1.85588
1.87178
1.88596
1.89765
1.91066
1.92766
1.92722
1.88249
1.51947
1.05569
1.00056
1
1
1
1
1
1
1
1
0.994517
0.997295
1.073
1.21676
1.36959
1.4688
1.55486
1.65252
1.70927
1.76815
1.79704
1.82413
1.83933
1.85981
1.87949
1.89762
1.91847
1.91386
1.9105
1.73748
1.21511
1.00594
1.00003
1
1
1
1
1
1
1
1.06829
1.00324
1.01886
1.12122
1.27546
1.40996
1.48341
1.58302
1.65718
1.70935
1.75394
1.78571
1.80465
1.83064
1.85406
1.87825
1.90517
1.89847
1.90969
1.86792
1.47439
1.04105
1.00034
1
1
1
1
1
1
1
1.10612
1.00108
0.989066
1.08277
1.17548
1.33888
1.43814
1.50616
1.60206
1.65512
1.71241
1.74201
1.77456
1.79513
1.82419
1.85527
1.88646
1.88536
1.90341
1.89555
1.71465
1.18586
1.0042
1.00002
1
1
1
1
1
1
1.12731
0.995784
0.961215
1.06348
1.14203
1.24802
1.38187
1.45497
1.54228
1.61112
1.66286
1.70311
1.74036
1.75963
1.79513
1.82654
1.86038
1.87052
1.89232
1.89342
1.81056
1.39205
1.02454
1.00017
1
1
1
1
1
1
1.13964
0.996143
0.932904
1.02569
1.11812
1.18782
1.32076
1.41697
1.47803
1.56613
1.61451
1.66814
1.69913
1.73167
1.76261
1.7954
1.83259
1.84922
1.8763
1.88897
1.8701
1.62819
1.11275
1.00157
1.00001
1
1
1
1
1
1.14605
0.997812
0.931604
0.990059
1.08863
1.17496
1.24926
1.3686
1.43854
1.51769
1.5771
1.62885
1.66225
1.70291
1.72889
1.76817
1.80153
1.82543
1.85698
1.88046
1.87855
1.75288
1.29202
1.01142
1.00005
1
1
1
1
1
1.14275
1.00645
0.937175
0.972061
1.05428
1.15676
1.21026
1.31625
1.40542
1.46404
1.54091
1.58503
1.63208
1.66748
1.70166
1.73995
1.76879
1.80128
1.83246
1.86307
1.87612
1.81806
1.47307
1.04857
1.00044
1
1
1
1
1
1.13564
1.01884
0.954715
0.96507
1.0154
1.12798
1.19871
1.25838
1.36522
1.42924
1.50305
1.55112
1.60119
1.63081
1.67643
1.70811
1.74205
1.77411
1.80675
1.84145
1.86638
1.85297
1.66622
1.16059
1.00312
1.00001
1
1
1
1
1.12621
1.03385
0.978077
0.959608
0.974621
1.08169
1.17805
1.22905
1.32047
1.39905
1.45662
1.5211
1.56355
1.60355
1.64774
1.68094
1.71726
1.74467
1.78463
1.81527
1.84768
1.85172
1.76188
1.34429
1.01742
1.0001
1
1
1
1
1.12188
1.05139
0.993192
0.955389
0.952335
1.02058
1.14367
1.21627
1.27046
1.36539
1.42339
1.49165
1.53159
1.57895
1.61267
1.65805
1.68796
1.72077
1.76047
1.78958
1.8241
1.84406
1.79183
1.49544
1.06182
1.00058
1
1
1
1
1.11677
1.06256
1.00362
0.956577
0.952395
1.00077
1.09921
1.19505
1.24545
1.32771
1.39502
1.4531
1.50544
1.55044
1.58461
1.63362
1.65916
1.69943
1.73224
1.76987
1.80098
1.8287
1.81112
1.61944
1.15606
1.00323
1.00001
1
1
1
1.10579
1.06743
1.01104
0.962348
0.958154
1.00265
1.05088
1.16317
1.23244
1.28439
1.3663
1.41866
1.47993
1.51879
1.56347
1.60315
1.63861
1.67418
1.70811
1.74973
1.7781
1.81139
1.8138
1.72784
1.30366
1.01397
1.00007
1
1
1
1.09651
1.06821
1.0141
0.970722
0.966541
1.00318
1.0362
1.12199
1.21228
1.26227
1.33701
1.39358
1.45114
1.49426
1.54197
1.57209
1.61862
1.64633
1.68954
1.72513
1.75972
1.79412
1.81017
1.76083
1.46783
1.05003
1.00043
1
1
1
1.09605
1.06783
1.01293
0.973365
0.971132
1.00189
1.03338
1.08067
1.18378
1.24876
1.30111
1.36922
1.41752
1.47088
1.51458
1.55129
1.59481
1.626
1.66927
1.70089
1.74314
1.7746
1.80112
1.7733
1.57193
1.12652
1.00206
1.00001
1
1
1.09653
1.06744
1.01173
0.974242
0.971306
0.99633
1.02698
1.07085
1.14587
1.22917
1.27809
1.34648
1.39404
1.44842
1.48707
1.53255
1.56258
1.6065
1.64442
1.68373
1.72371
1.75374
1.78856
1.77607
1.64034
1.22919
1.00795
1.00003
1
1
1.09593
1.06732
1.01315
0.975596
0.966339
0.984805
1.01823
1.07046
1.10973
1.20251
1.26201
1.31461
1.37224
1.42012
1.46658
1.51074
1.53932
1.58541
1.62194
1.66733
1.69945
1.73665
1.7733
1.77509
1.70711
1.35383
1.02473
1.00017
1
1
1.09614
1.06842
1.01632
0.978481
0.964137
0.974334
1.00627
1.06405
1.10086
1.16675
1.24271
1.29083
1.35318
1.39738
1.44786
1.48384
1.52316
1.55752
1.60241
1.6472
1.67896
1.71967
1.75308
1.76914
1.73298
1.49076
1.07072
1.00077
1
1
1.09578
1.0693
1.0217
0.984573
0.966941
0.968934
0.98953
1.04875
1.09543
1.13494
1.22006
1.2748
1.32751
1.37792
1.42822
1.46381
1.50557
1.53474
1.58344
1.6213
1.66374
1.69805
1.72854
1.75849
1.73662
1.56276
1.14904
1.00305
1.00001
1
1.09163
1.06803
1.02883
0.993431
0.973579
0.967505
0.979327
1.02688
1.08377
1.12647
1.18854
1.25677
1.30415
1.35934
1.40126
1.44614
1.481
1.51905
1.56194
1.60047
1.64751
1.6741
1.71038
1.7462
1.73497
1.61408
1.23643
1.00949
1.00004
1
1.0847
1.06483
1.03306
1.00044
0.982096
0.967878
0.978056
1.0059
1.06719
1.1212
1.15993
1.23685
1.28835
1.33938
1.38022
1.42883
1.45909
1.50325
1.53868
1.58552
1.62712
1.65874
1.69453
1.7316
1.73268
1.66718
1.34012
1.0249
1.00017
1
1.07689
1.06042
1.03287
1.00454
0.988874
0.970036
0.978646
0.998304
1.0443
1.11046
1.15239
1.20874
1.27089
1.31892
1.36447
1.40543
1.4422
1.4837
1.52233
1.56973
1.60482
1.64687
1.67471
1.71189
1.72818
1.68927
1.45282
1.06353
1.00067
1
1.07193
1.05626
1.03181
1.00562
0.990761
0.974912
0.98193
0.999492
1.02199
1.09333
1.14667
1.18598
1.25371
1.30297
1.35025
1.38195
1.42654
1.4605
1.50722
1.54912
1.58904
1.63278
1.65859
1.6958
1.72059
1.69425
1.51242
1.12445
1.00233
1.00001
1.07065
1.0548
1.03026
1.00559
0.990666
0.978813
0.984702
1.00145
1.01646
1.06759
1.13487
1.17747
1.23046
1.28389
1.33342
1.36801
1.4089
1.44392
1.49145
1.52762
1.57546
1.61359
1.64769
1.68131
1.71232
1.69503
1.56002
1.19185
1.00638
1.00003
1.07105
1.05471
1.02832
1.00413
0.989116
0.979567
0.984612
1.0003
1.01502
1.04563
1.11561
1.16856
1.20839
1.26657
1.31173
1.35482
1.38452
1.42873
1.47107
1.51279
1.56046
1.59444
1.63527
1.66265
1.7005
1.6938
1.61374
1.28087
1.01578
1.00009
1.0736
1.0561
1.02765
1.00235
0.98649
0.97978
0.983571
0.997013
1.01173
1.04247
1.08744
1.15506
1.19909
1.24798
1.29344
1.34129
1.37059
1.415
1.45142
1.49888
1.54014
1.58113
1.61961
1.64449
1.68497
1.69119
1.63458
1.37153
1.03887
1.00033
1.07552
1.05858
1.02767
1.0024
0.986243
0.980392
0.980637
0.992103
1.00838
1.04194
1.07306
1.13732
1.18965
1.23188
1.27718
1.32201
1.35934
1.39559
1.43723
1.48416
1.52042
1.56823
1.59937
1.63268
1.66975
1.68569
1.64319
1.42782
1.07427
1.00101
1.07477
1.05906
1.02756
1.00342
0.987252
0.981794
0.978344
0.986989
1.00351
1.03835
1.07023
1.11898
1.17853
1.22086
1.26529
1.30118
1.34677
1.37841
1.42405
1.46391
1.50702
1.553
1.58409
1.62036
1.65278
1.67849
1.64928
1.48393
1.12155
1.00263
1.07161
1.05794
1.02673
1.00516
0.99003
0.984433
0.978673
0.98137
0.99507
1.02841
1.06358
1.10241
1.1623
1.20819
1.25001
1.28642
1.33109
1.36734
1.41047
1.44654
1.49447
1.53252
1.57294
1.60462
1.63158
1.66921
1.65347
1.54158
1.19213
1.00677
1.06639
1.05513
1.02523
1.00664
0.99371
0.989288
0.981246
0.979574
0.989087
1.01393
1.05277
1.0922
1.13885
1.19386
1.23393
1.27433
1.3094
1.35484
1.39235
1.43462
1.48059
1.51684
1.56134
1.58679
1.61853
1.65858
1.65348
1.56233
1.26143
1.01631
1.06209
1.05135
1.0237
1.00643
0.995118
0.993264
0.985483
0.979838
0.988935
1.01003
1.04365
1.08675
1.12705
1.17853
1.22069
1.26297
1.296
1.34271
1.37902
1.42279
1.46106
1.50565
1.54672
1.57625
1.61021
1.64637
1.65069
1.57946
1.31665
1.03164
1.06106
1.04776
1.02176
1.00523
0.995095
0.993706
0.988349
0.981038
0.989955
1.00829
1.03607
1.07986
1.11984
1.16553
1.20817
1.24729
1.2852
1.32438
1.36652
1.40939
1.44575
1.49421
1.52992
1.56758
1.59823
1.63105
1.64505
1.59767
1.38037
1.05783
1.06116
1.04589
1.01931
1.00279
0.994439
0.993038
0.989107
0.98232
0.989406
1.00421
1.02721
1.06997
1.11178
1.15296
1.19888
1.23471
1.27549
1.3088
1.35402
1.39116
1.43486
1.47946
1.51815
1.55676
1.58083
1.61656
1.63885
1.60971
1.43682
1.10085
1.06276
1.04551
1.01731
0.998804
0.992296
0.99087
0.989076
0.983218
0.988938
0.998847
1.01418
1.05379
1.09909
1.13967
1.18548
1.22342
1.26254
1.29878
1.34101
1.37792
1.42389
1.46151
1.50682
1.54273
1.56843
1.60435
1.63197
1.61001
1.46591
1.15225
1.06359
1.04681
1.01806
0.997673
0.990289
0.988494
0.988585
0.985039
0.989078
0.99783
1.00801
1.03951
1.08223
1.12559
1.16737
1.21121
1.24713
1.28784
1.32387
1.36585
1.41124
1.44893
1.49399
1.52652
1.5592
1.59102
1.62333
1.608
1.49148
1.20723
1.08046
1.04569
1.01595
0.996009
0.98897
0.987674
0.988351
0.986417
0.989894
0.998267
1.00811
1.03887
1.07806
1.12028
1.1586
1.20404
1.23978
1.28103
1.31299
1.35757
1.4003
1.44156
1.48467
1.5169
1.55218
1.58147
1.61648
1.6063
1.5121
1.25077
1.09322
1.04392
1.01392
0.994954
0.988631
0.987397
0.988345
0.986994
0.990517
0.999426
1.00946
1.0399
1.07703
1.11893
1.15579
1.1985
1.23547
1.27712
1.31004
1.35276
1.38887
1.43587
1.47869
1.51362
1.54703
1.57598
1.61219
1.60544
1.52506
1.28281
1.10986
1.04143
1.01172
0.994011
0.988412
0.986972
0.988396
0.987687
0.990594
0.999685
1.01043
1.04162
1.07523
1.11694
1.15304
1.19309
1.23041
1.27302
1.3087
1.3482
1.38222
1.43023
1.47104
1.51004
1.54099
1.56888
1.6059
1.6041
1.53396
1.31537
1.11857
1.03905
1.00958
0.993101
0.98828
0.986946
0.988438
0.988093
0.990009
0.998865
1.00981
1.04126
1.07256
1.11325
1.14943
1.18882
1.22576
1.26534
1.30432
1.34343
1.3807
1.4253
1.45961
1.50357
1.53325
1.55931
1.59981
1.60298
1.5427
1.34849
1.12541
1.03692
1.00765
0.992474
0.988467
0.987135
0.988374
0.987869
0.988151
0.995616
1.0067
1.03806
1.06882
1.10849
1.14517
1.18225
1.221
1.25374
1.29646
1.33696
1.37603
1.41988
1.45398
1.49645
1.52644
1.55514
1.59448
1.6011
1.54954
1.3831
1.1299
1.03536
1.00609
0.992419
0.989228
0.987316
0.988377
0.987091
0.98528
0.990863
1.00251
1.03257
1.06357
1.10274
1.14078
1.1739
1.21594
1.24944
1.28979
1.32568
1.36885
1.41245
1.45088
1.49044
1.5202
1.54981
1.58606
1.59805
1.54828
1.41743
1.13296
1.03408
1.00463
0.992111
0.989065
0.987309
0.988465
0.986777
0.983378
0.988588
1.00005
1.027
1.05735
1.09582
1.13648
1.16842
1.21035
1.24678
1.28551
1.31894
1.36225
1.40329
1.44469
1.48451
1.51261
1.54217
1.57786
1.59456
1.54883
1.4558
1.1388
1.0342
1.00329
0.990787
0.988512
0.987389
0.98867
0.986823
0.982901
0.98787
0.999372
1.02348
1.05049
1.08661
1.12901
1.16334
1.20437
1.24177
1.28123
1.31546
1.35613
1.39296
1.43699
1.47698
1.5071
1.53552
1.56925
1.591
1.55226
1.49334
1.14785
1.03531
1.00215
0.98941
0.988076
0.987959
0.98974
0.988082
0.983421
0.987623
0.998148
1.02124
1.04537
1.08017
1.11871
1.15786
1.19468
1.23401
1.27131
1.30863
1.34961
1.38505
1.42974
1.46603
1.50122
1.5278
1.55998
1.58782
1.55421
1.52613
1.15248
1.03725
0.999676
0.988206
0.987275
0.988858
0.991615
0.990477
0.985241
0.987778
0.997716
1.02046
1.04407
1.08005
1.11491
1.15371
1.18681
1.22829
1.26128
1.3
1.33946
1.37894
1.42278
1.45693
1.494
1.51972
1.55177
1.58265
1.55706
1.56116
1.15858
1.03975
0.995706
0.986595
0.985667
0.988957
0.992463
0.991902
0.985477
0.986516
0.996269
1.01832
1.0414
1.079
1.11109
1.14957
1.18158
1.2221
1.25604
1.29453
1.33039
1.3716
1.41173
1.45007
1.48663
1.51113
1.54095
1.57444
1.56308
1.59656
1.16105
1.0444
0.995863
0.983103
0.983059
0.988439
0.992205
0.991786
0.984754
0.983191
0.991393
1.01162
1.03438
1.07323
1.10463
1.14319
1.17576
1.20994
1.24802
1.28627
1.32386
1.36497
1.39922
1.44163
1.4765
1.50262
1.53221
1.56501
1.57169
1.62993
1.15709
1.04684
0.997674
0.980884
0.980667
0.986964
0.991629
0.991949
0.984881
0.982938
0.989592
1.00328
1.02481
1.06199
1.0971
1.13315
1.17125
1.20293
1.24139
1.27476
1.31472
1.35541
1.39211
1.4331
1.46387
1.49572
1.52372
1.55577
1.57992
1.66297
1.15676
1.05049
1.00193
0.98083
0.98021
0.985228
0.991534
0.993048
0.986625
0.984091
0.990066
1.00168
1.01976
1.05385
1.08867
1.12377
1.16353
1.19715
1.23214
1.26715
1.30626
1.34256
1.38396
1.42018
1.45612
1.48772
1.51181
1.54556
1.58582
1.69593
1.16043
1.05702
1.00884
0.981911
0.980425
0.984653
0.991041
0.993532
0.988243
0.986005
0.991305
1.00133
1.01844
1.05174
1.08329
1.11783
1.15324
1.1903
1.22165
1.2589
1.29503
1.33345
1.37437
1.40894
1.44796
1.47485
1.50045
1.53679
1.59231
1.72736
1.16755
1.06546
1.01831
0.985417
0.980954
0.984327
0.989661
0.992509
0.988
0.985662
0.990895
0.99954
1.0154
1.04836
1.07742
1.11332
1.14594
1.1813
1.21429
1.24939
1.28434
1.32431
1.36111
1.40076
1.43613
1.46386
1.48955
1.52643
1.60457
1.75871
1.17702
1.07404
1.02685
0.990518
0.981598
0.983763
0.987542
0.989806
0.986505
0.983358
0.98888
0.995631
1.00968
1.0415
1.06938
1.1049
1.13912
1.17185
1.20622
1.23925
1.2755
1.31307
1.35003
1.39041
1.42426
1.45543
1.47826
1.51535
1.60922
1.79005
1.19087
1.08746
1.03772
0.996976
0.982736
0.983672
0.98634
0.989126
0.985898
0.981525
0.986508
0.991236
1.00437
1.03473
1.06186
1.09582
1.12961
1.16322
1.19676
1.22968
1.26572
1.30165
1.34013
1.37726
1.41365
1.44475
1.4674
1.50706
1.61989
1.81996
1.20043
1.09961
1.04862
1.00412
0.984435
0.98396
0.986214
0.988844
0.986014
0.980527
0.984145
0.986615
1.00052
1.02903
1.05468
1.08859
1.11953
1.15363
1.18682
1.22051
1.25504
1.29054
1.32834
1.36459
1.4014
1.43198
1.45604
1.49625
1.62854
1.84734
1.20743
1.11305
1.06224
1.01587
0.987724
0.983658
0.985963
0.988462
0.985887
0.98001
0.981474
0.982076
0.99579
1.02307
1.04634
1.08073
1.11103
1.14345
1.17636
1.21026
1.2447
1.27958
1.31518
1.3523
1.38872
1.42055
1.44462
1.48889
1.63122
1.87401
1.20634
1.12623
1.07741
1.02887
0.993156
0.982839
0.985042
0.987331
0.985552
0.97962
0.978956
0.979525
0.991644
1.01636
1.03921
1.07262
1.1028
1.13437
1.16603
1.19908
1.233
1.26784
1.30292
1.33941
1.37559
1.40799
1.43265
1.48515
1.64947
1.89809
1.20174
1.1363
1.09054
1.04696
1.00493
0.983611
0.983519
0.985893
0.985532
0.979164
0.976714
0.977743
0.989384
1.01027
1.03298
1.06598
1.09428
1.12537
1.15604
1.1879
1.2206
1.25447
1.29028
1.32623
1.3623
1.39477
1.42044
1.4776
1.65433
1.9133
1.19298
1.14511
1.10219
1.06936
1.02228
0.98712
0.982705
0.984548
0.985063
0.978104
0.974052
0.975363
0.986659
1.00452
1.0264
1.05895
1.08554
1.11564
1.14572
1.17655
1.20879
1.24164
1.27688
1.31272
1.34842
1.38093
1.40889
1.47749
1.66072
1.92811
1.18381
1.14334
1.10569
1.08268
1.04833
0.997996
0.983178
0.983467
0.983573
0.976488
0.971665
0.9732
0.9828
0.997465
1.01888
1.05038
1.07561
1.10554
1.13484
1.1651
1.1966
1.22941
1.26348
1.29892
1.33398
1.36661
1.39652
1.47902
1.67346
1.93984
1.17681
1.13683
1.10816
1.09743
1.07264
1.01504
0.985694
0.982387
0.98116
0.974857
0.969833
0.971976
0.981118
0.990837
1.01072
1.04106
1.06545
1.09497
1.12364
1.1538
1.18447
1.21658
1.24985
1.2842
1.3182
1.35086
1.38491
1.48458
1.67642
1.93343
1.17498
1.12936
1.10973
1.10116
1.08801
1.04241
0.993667
0.981195
0.979092
0.973942
0.96839
0.97128
0.979006
0.984331
1.00353
1.03231
1.05542
1.08501
1.1125
1.14186
1.17199
1.20316
1.23563
1.26916
1.30252
1.33508
1.37403
1.49732
1.68291
1.93013
1.17571
1.12394
1.1099
1.10399
1.1033
1.07164
1.01023
0.98228
0.976503
0.97265
0.967086
0.970595
0.975659
0.979139
0.997582
1.02322
1.04602
1.07532
1.10144
1.12976
1.15866
1.18903
1.22075
1.25358
1.28627
1.31955
1.3653
1.51417
1.68437
1.92134
1.18029
1.12515
1.10987
1.10563
1.1063
1.09284
1.04068
0.989499
0.976672
0.972376
0.967156
0.969868
0.971763
0.973058
0.990999
1.01403
1.03594
1.0646
1.08975
1.11702
1.14462
1.17373
1.20488
1.23725
1.26985
1.30426
1.36201
1.53716
1.68158
1.90019
1.18856
1.12994
1.1098
1.10525
1.10508
1.10692
1.07278
1.00743
0.979027
0.972724
0.967242
0.968094
0.967285
0.967844
0.986418
1.00492
1.02668
1.055
1.07867
1.10515
1.13197
1.16026
1.1906
1.2224
1.25415
1.29039
1.36473
1.56028
1.67821
1.87516
1.19505
1.14012
1.11292
1.10629
1.10696
1.1127
1.10441
1.06176
1.00489
0.977701
0.966448
0.962618
0.960744
0.960952
0.977311
0.98991
1.01141
1.03771
1.05947
1.08489
1.11013
1.13768
1.16654
1.19718
1.22877
1.27334
1.3915
1.596
1.66377
1.82471
)
;

boundaryField
{
    inlet
    {
        type            fixedValue;
        value           uniform 1;
    }
    outlet
    {
        type            inletOutlet;
        inletValue      uniform 1;
        value           nonuniform List<scalar> 
60
(
1.19509
1.14013
1.1129
1.10626
1.10694
1.11268
1.1044
1.06177
1.00487
0.977655
0.966394
0.962572
0.960698
0.960908
0.977273
0.989882
1.01138
1.03768
1.05943
1.08484
1.11008
1.13764
1.16649
1.19714
1.22872
1.27324
1.39114
1.59559
1.6636
1.82473
1.28751
1.40367
1.47607
1.48607
1.45172
1.35706
1.15755
0.902801
0.621589
0.63358
0.660654
0.679787
0.7046
0.731767
0.760885
0.791027
0.821616
0.855627
0.890599
0.927114
0.964747
1.00346
1.0453
1.0942
1.14032
1.15392
1.14307
1.09222
1.02341
1.00158
)
;
    }
    airfoil
    {
        type            zeroGradient;
    }
    top
    {
        type            symmetryPlane;
    }
    bottom
    {
        type            symmetryPlane;
    }
    defaultFaces
    {
        type            empty;
    }
}


// ************************************************************************* //
