/*--------------------------------*- C++ -*----------------------------------*\
  =========                 |
  \\      /  F ield         | OpenFOAM: The Open Source CFD Toolbox
   \\    /   O peration     | Website:  https://openfoam.org
    \\  /    A nd           | Version:  7
     \\/     M anipulation  |
\*---------------------------------------------------------------------------*/
FoamFile
{
    version     2.0;
    format      ascii;
    class       volScalarField;
    location    "5.7";
    object      T;
}
// * * * * * * * * * * * * * * * * * * * * * * * * * * * * * * * * * * * * * //

dimensions      [0 0 0 1 0 0 0];

internalField   nonuniform List<scalar> 
8400
(
0.973843
1.1574
1.24725
1.2864
1.3241
1.3391
1.35953
1.36466
1.36018
1.35322
1.34741
1.33298
1.33393
1.34012
1.34282
1.34912
1.34846
1.34179
1.32881
1.31058
1.29551
1.28701
1.28365
1.28516
1.28423
1.27971
1.2784
1.28018
1.28269
1.27999
0.499267
0.495689
0.539376
0.648086
0.792041
0.975335
1.11231
1.22878
1.32398
1.39139
1.46022
1.50188
1.53818
1.54545
1.54026
1.52653
1.50568
1.47421
1.44666
1.42571
1.40976
1.41398
1.42339
1.43371
1.43169
1.42148
1.40885
1.3996
1.39737
1.39402
0.473322
0.466024
0.458699
0.453227
0.448442
0.44569
0.442244
0.467567
0.577108
0.756299
0.940478
1.14794
1.29591
1.39333
1.46402
1.51368
1.53937
1.53475
1.52823
1.51951
1.52384
1.52219
1.51708
1.51193
1.51315
1.51502
1.51132
1.50193
1.49083
1.47616
0.438815
0.436455
0.434484
0.432549
0.431722
0.431942
0.432953
0.433085
0.431908
0.430766
0.431057
0.432519
0.461929
0.597874
0.803406
1.04741
1.21814
1.36593
1.48076
1.54257
1.57116
1.56506
1.55665
1.54284
1.53103
1.53283
1.53017
1.52073
1.51184
1.50029
0.428529
0.428482
0.428351
0.427889
0.427982
0.428777
0.4306
0.431425
0.430644
0.430522
0.431684
0.438044
0.44843
0.452301
0.452326
0.45326
0.455803
0.581671
0.818005
1.07337
1.25289
1.36497
1.42963
1.44996
1.47043
1.48933
1.48865
1.4758
1.47911
1.47244
0.431872
0.430839
0.42967
0.430224
0.431755
0.434001
0.436982
0.441635
0.445183
0.446078
0.449507
0.457901
0.470717
0.480481
0.481897
0.482094
0.4843
0.491271
0.492243
0.492957
0.546986
0.731417
0.92529
1.08989
1.19801
1.25311
1.29066
1.32625
1.36206
1.38071
0.447043
0.449816
0.453529
0.457421
0.461088
0.46482
0.469291
0.474963
0.479794
0.483689
0.487799
0.490012
0.492444
0.497113
0.498632
0.498886
0.500719
0.507157
0.515679
0.52408
0.528026
0.535789
0.540326
0.572886
0.67409
0.820197
0.943328
1.06769
1.11652
1.18877
0.487233
0.491067
0.494918
0.496923
0.496583
0.495985
0.496679
0.499319
0.50378
0.509251
0.509432
0.507868
0.508699
0.51394
0.519508
0.524738
0.531707
0.542879
0.55435
0.560727
0.56409
0.567775
0.568536
0.565272
0.565825
0.568829
0.580411
0.659343
0.74851
0.952766
0.519903
0.523162
0.52575
0.525711
0.523702
0.521578
0.521803
0.524352
0.531779
0.540536
0.546534
0.551798
0.557288
0.56319
0.569137
0.573562
0.577299
0.582128
0.583634
0.582192
0.580216
0.580537
0.581579
0.583368
0.589264
0.597381
0.603526
0.609574
0.609171
0.643163
0.56475
0.569966
0.573976
0.575603
0.575075
0.573606
0.573752
0.576082
0.581894
0.589397
0.59512
0.596692
0.596184
0.596296
0.598167
0.598521
0.598249
0.598829
0.599483
0.599079
0.60038
0.604337
0.61237
0.621825
0.6282
0.629428
0.6316
0.630863
0.630176
0.6304
0.611218
0.617031
0.621434
0.622495
0.621566
0.617727
0.614692
0.614701
0.617101
0.622552
0.625504
0.625154
0.623543
0.622848
0.623765
0.625326
0.627306
0.630924
0.636403
0.642254
0.646726
0.649624
0.651413
0.653195
0.652357
0.650135
0.649242
0.649902
0.65266
0.658013
0.65754
0.66187
0.667804
0.670501
0.67078
0.668782
0.663392
0.660707
0.661541
0.665283
0.668968
0.670587
0.671325
0.672082
0.67383
0.674769
0.674796
0.675237
0.676943
0.677553
0.677129
0.675738
0.673015
0.671069
0.668851
0.66957
0.671245
0.674288
0.677769
0.681797
0.709093
0.710696
0.714568
0.718993
0.720646
0.720317
0.716431
0.710341
0.708496
0.709566
0.711916
0.712151
0.710757
0.710016
0.710147
0.709843
0.707867
0.705795
0.705358
0.705084
0.704108
0.703105
0.703647
0.70502
0.707444
0.709635
0.710583
0.71149
0.710659
0.707587
0.764104
0.764265
0.765665
0.769076
0.771675
0.771938
0.77021
0.763947
0.758455
0.757519
0.758875
0.759017
0.756866
0.754437
0.754608
0.754459
0.752156
0.748965
0.748557
0.748303
0.74758
0.746355
0.745173
0.74368
0.74216
0.739775
0.736575
0.732898
0.729674
0.726754
0.824899
0.821375
0.820754
0.82285
0.825706
0.825705
0.824386
0.819513
0.812457
0.809217
0.809703
0.809358
0.805404
0.799843
0.799327
0.798957
0.796559
0.79201
0.788587
0.78663
0.784239
0.781353
0.777696
0.774129
0.77116
0.768321
0.766176
0.763515
0.763231
0.762823
0.89437
0.883339
0.878576
0.879585
0.882926
0.883089
0.879635
0.873588
0.867412
0.862588
0.861966
0.861584
0.857791
0.849304
0.846125
0.844968
0.842478
0.837708
0.833122
0.829368
0.825899
0.822523
0.818829
0.815127
0.811695
0.808489
0.80539
0.801838
0.797933
0.790896
0.961312
0.955494
0.942724
0.935258
0.935936
0.938047
0.937226
0.932662
0.925884
0.917215
0.914161
0.913738
0.910929
0.902242
0.896023
0.893637
0.890611
0.885286
0.879511
0.874205
0.869506
0.864792
0.859937
0.854403
0.848932
0.844153
0.83899
0.833071
0.828251
0.820751
1.02298
1.01884
1.01176
1.00288
0.995391
0.990522
0.990635
0.990786
0.98634
0.976028
0.967935
0.967332
0.96557
0.95697
0.947415
0.943528
0.939964
0.934543
0.927767
0.92105
0.914663
0.9086
0.902736
0.89624
0.889812
0.883521
0.877368
0.870828
0.86528
0.856438
1.08662
1.08278
1.07814
1.07093
1.05939
1.05082
1.05096
1.05072
1.04627
1.03411
1.02479
1.02375
1.02117
1.01257
1.00168
0.995205
0.990091
0.984029
0.976863
0.968884
0.961201
0.953758
0.946501
0.939288
0.931597
0.923824
0.916297
0.908735
0.901788
0.890282
1.14932
1.14629
1.14072
1.13435
1.12865
1.12185
1.11667
1.11279
1.10758
1.09781
1.08783
1.0828
1.07726
1.06793
1.0584
1.05017
1.04231
1.0345
1.02679
1.01776
1.00843
1.00017
0.99177
0.983168
0.974417
0.965548
0.956981
0.948004
0.940062
0.927276
1.18325
1.18249
1.18109
1.17925
1.17737
1.17428
1.17044
1.16661
1.16215
1.15681
1.1498
1.14284
1.13688
1.1291
1.11929
1.10961
1.10002
1.09009
1.08026
1.07024
1.05922
1.04872
1.03895
1.02859
1.01848
1.00843
0.998509
0.988556
0.97956
0.964811
1.18206
1.18289
1.18303
1.18312
1.18306
1.18254
1.18232
1.18224
1.1817
1.18055
1.17923
1.17758
1.17538
1.1719
1.16711
1.16192
1.15549
1.14728
1.13765
1.12726
1.11594
1.10376
1.09151
1.07906
1.06656
1.05442
1.04262
1.03071
1.02031
1.0036
1.15558
1.15752
1.16053
1.16395
1.16818
1.1724
1.17457
1.17377
1.17375
1.17585
1.17698
1.17676
1.17631
1.17632
1.17669
1.17647
1.17548
1.17349
1.17112
1.16778
1.16276
1.15549
1.14592
1.13451
1.12165
1.10789
1.09358
1.07874
1.06567
1.04536
1.07834
1.08351
1.08789
1.09223
1.10011
1.1109
1.11661
1.12172
1.12797
1.13452
1.14388
1.15015
1.15238
1.15595
1.16298
1.16725
1.16792
1.169
1.16974
1.17019
1.17012
1.16952
1.16797
1.16533
1.16099
1.15413
1.14431
1.13149
1.11801
1.09426
1.01077
1.0126
1.01479
1.01703
1.01997
1.0244
1.02958
1.03516
1.04158
1.04832
1.05653
1.06688
1.07672
1.08652
1.09741
1.1101
1.1207
1.13025
1.13948
1.14709
1.15402
1.15849
1.16169
1.16316
1.16303
1.16268
1.16154
1.15892
1.15469
1.14038
1.00029
1.00036
1.00046
1.0006
1.00078
1.00106
1.00148
1.00207
1.00283
1.0039
1.00529
1.00752
1.01054
1.0145
1.01964
1.0266
1.03587
1.04622
1.0591
1.07279
1.08822
1.10281
1.11695
1.13008
1.13945
1.14802
1.15295
1.15535
1.15528
1.154
1
1
1
1.00001
1.00001
1.00001
1.00002
1.00003
1.00004
1.00006
1.00009
1.00016
1.00026
1.00044
1.00074
1.00125
1.00218
1.00363
1.0061
1.00992
1.01573
1.02449
1.03565
1.0506
1.06777
1.08554
1.10347
1.11993
1.13179
1.14312
1
1
1
1
1
1
1
1
1
1
1
1
1
1
1.00001
1.00001
1.00003
1.00005
1.00012
1.00025
1.00053
1.00112
1.00232
1.00466
1.00891
1.01617
1.02718
1.04307
1.06055
1.0922
1
1
1
1
1
1
1
1
1
1
1
1
1
1
1
1
1
1
1
1
1
1.00001
1.00003
1.00008
1.00022
1.00059
1.00149
1.00366
1.00746
1.02337
1
1
1
1
1
1
1
1
1
1
1
1
1
1
1
1
1
1
1
1
1
1
1
1
1
1.00001
1.00002
1.00007
1.00019
1.00158
0.521611
0.51107
0.482265
0.442711
0.4281
0.431797
0.444125
0.481725
0.515133
0.558524
0.605805
0.655131
0.709042
0.770521
0.837358
0.90314
0.965118
1.02652
1.0915
1.15473
1.18444
1.18184
1.15329
1.06937
1.00844
1.00023
1
1
1
1
0.52484
0.510846
0.480265
0.440067
0.42629
0.432473
0.446945
0.483861
0.51809
0.561893
0.611417
0.667926
0.732002
0.796232
0.857162
0.916355
0.975739
1.03715
1.10473
1.16678
1.18679
1.18264
1.14415
1.05235
1.00454
1.00008
1
1
1
1
0.525971
0.51216
0.481488
0.440453
0.425192
0.431927
0.447205
0.483988
0.520779
0.569237
0.62757
0.691083
0.749833
0.806798
0.864447
0.923414
0.984589
1.05066
1.12079
1.17646
1.18803
1.18237
1.12781
1.03795
1.00253
1.00004
1
1
1
1
0.525703
0.511688
0.48188
0.439697
0.423126
0.431416
0.449337
0.495603
0.539755
0.592581
0.64732
0.702061
0.755484
0.811185
0.870826
0.935832
1.00622
1.07506
1.13964
1.18296
1.18835
1.17485
1.11082
1.02716
1.0014
1.00002
1
1
1
1
0.527499
0.512119
0.481873
0.436268
0.421152
0.433172
0.460922
0.510924
0.553574
0.601455
0.652226
0.704813
0.75831
0.815658
0.886419
0.961154
1.02721
1.09099
1.15121
1.18632
1.18784
1.16636
1.09695
1.01892
1.00074
1.00001
1
1
1
1
0.533104
0.515202
0.480148
0.432627
0.420509
0.439438
0.469972
0.517214
0.556987
0.603098
0.653874
0.705468
0.764776
0.8403
0.914367
0.978318
1.03876
1.10263
1.16163
1.18904
1.18664
1.16035
1.08181
1.01183
1.00035
1
1
1
1
1
0.539377
0.5173
0.475737
0.430057
0.421004
0.443791
0.472098
0.517725
0.55733
0.602617
0.655946
0.721185
0.797386
0.866839
0.92824
0.987753
1.0493
1.11758
1.17444
1.19113
1.18713
1.15351
1.06272
1.00679
1.00016
1
1
1
1
1
0.54356
0.518981
0.472512
0.428364
0.421368
0.444439
0.471412
0.51526
0.556495
0.611217
0.68207
0.753575
0.817802
0.877528
0.937016
1.00105
1.07229
1.13898
1.18463
1.19239
1.18738
1.137
1.04526
1.00366
1.00007
1
1
1
1
1
0.546349
0.520556
0.470566
0.427064
0.420156
0.443549
0.470493
0.517541
0.576799
0.642621
0.704719
0.765605
0.824484
0.884375
0.951549
1.0272
1.09411
1.15338
1.18931
1.19289
1.18051
1.11731
1.03167
1.00189
1.00003
1
1
1
1
1
0.547698
0.520562
0.467529
0.424551
0.417745
0.44383
0.480733
0.540557
0.597216
0.65495
0.711065
0.76922
0.829395
0.899359
0.979374
1.0466
1.10828
1.16379
1.19185
1.19259
1.17075
1.10188
1.0216
1.00096
1.00001
1
1
1
1
1
0.547825
0.517324
0.462591
0.421518
0.416621
0.448885
0.495223
0.553289
0.602938
0.657077
0.71339
0.771463
0.84751
0.931845
0.998895
1.06025
1.12294
1.17537
1.19393
1.19066
1.16363
1.08543
1.01325
1.00044
1
1
1
1
1
1
0.545139
0.513573
0.460015
0.418979
0.418888
0.454803
0.500628
0.557426
0.606771
0.656198
0.718862
0.801388
0.884124
0.951792
1.01313
1.07796
1.14336
1.18575
1.19515
1.18933
1.1547
1.06389
1.00725
1.00018
1
1
1
1
1
1
0.543316
0.513366
0.459448
0.417132
0.422953
0.458071
0.503394
0.559368
0.612705
0.675658
0.757098
0.835439
0.902281
0.965525
1.0331
1.10336
1.16075
1.19197
1.1957
1.18927
1.13589
1.04434
1.00369
1.00007
1
1
1
1
1
1
0.543718
0.516191
0.459049
0.415343
0.423635
0.462827
0.509058
0.570757
0.639576
0.711891
0.781467
0.848632
0.913616
0.984283
1.06026
1.12217
1.17276
1.19526
1.19608
1.18084
1.11357
1.02954
1.00176
1.00003
1
1
1
1
1
1
0.547127
0.518945
0.456381
0.412341
0.422278
0.471786
0.531766
0.599484
0.664357
0.727911
0.790734
0.856829
0.930594
1.01347
1.08028
1.13809
1.18303
1.19676
1.19523
1.16825
1.09539
1.01881
1.00081
1.00001
1
1
1
1
1
1
0.5529
0.519664
0.449348
0.409175
0.422916
0.481843
0.548603
0.614162
0.673211
0.734556
0.799593
0.875677
0.965388
1.0363
1.09876
1.15594
1.19076
1.19735
1.19181
1.15898
1.07656
1.01069
1.00034
1
1
1
1
1
1
1
0.556696
0.515366
0.444272
0.40747
0.434241
0.491951
0.553498
0.618837
0.678311
0.740914
0.824432
0.917595
0.991431
1.05581
1.12159
1.1718
1.19536
1.19774
1.18854
1.14682
1.05428
1.00546
1.00013
1
1
1
1
1
1
1
0.557702
0.507074
0.443152
0.409181
0.443111
0.492432
0.552414
0.621233
0.691404
0.778524
0.86788
0.942889
1.01037
1.0801
1.14286
1.18376
1.19803
1.19821
1.18677
1.12393
1.03518
1.00252
1.00005
1
1
1
1
1
1
1
0.556405
0.502513
0.447049
0.417947
0.445648
0.493706
0.559592
0.649017
0.735897
0.814715
0.888989
0.95967
1.03461
1.10679
1.15978
1.19266
1.19934
1.19866
1.17739
1.09903
1.02087
1.00102
1.00001
1
1
1
1
1
1
1
0.555701
0.500462
0.449099
0.422031
0.446247
0.508273
0.597741
0.688756
0.762712
0.831855
0.903821
0.983039
1.06769
1.12882
1.17447
1.19732
1.19971
1.19531
1.15695
1.07534
1.01129
1.0004
1
1
1
1
1
1
1
1
0.562923
0.500159
0.44875
0.423289
0.453956
0.538009
0.630221
0.706097
0.776079
0.847857
0.930421
1.02399
1.09502
1.14904
1.18561
1.19887
1.19897
1.18757
1.14104
1.05447
1.00573
1.00015
1
1
1
1
1
1
1
1
0.577977
0.50022
0.443594
0.424853
0.482624
0.572361
0.644287
0.715519
0.790106
0.880722
0.9779
1.05541
1.11825
1.16768
1.19276
1.19941
1.19661
1.18058
1.12404
1.03564
1.00265
1.00005
1
1
1
1
1
1
1
1
0.584902
0.497706
0.433503
0.435126
0.509722
0.581985
0.649839
0.731366
0.835198
0.930723
1.01007
1.07952
1.14204
1.18215
1.19764
1.19999
1.19622
1.17419
1.09772
1.01982
1.00098
1.00001
1
1
1
1
1
1
1
1
0.589084
0.489038
0.42139
0.4544
0.518556
0.584235
0.661907
0.785549
0.882468
0.961295
1.03474
1.10755
1.16371
1.19274
1.20045
1.20119
1.1977
1.15946
1.06804
1.00928
1.00032
1
1
1
1
1
1
1
1
1
0.590273
0.476498
0.412202
0.464255
0.516337
0.596
0.720329
0.831387
0.910936
0.986952
1.06764
1.13838
1.18007
1.19859
1.20147
1.20147
1.19056
1.13
1.04291
1.00394
1.0001
1
1
1
1
1
1
1
1
1
0.582155
0.459061
0.404302
0.465636
0.527439
0.643491
0.768881
0.859134
0.93789
1.02614
1.10811
1.16157
1.19084
1.20071
1.20144
1.1989
1.17282
1.10468
1.02606
1.00162
1.00003
1
1
1
1
1
1
1
1
1
0.569107
0.439135
0.401804
0.462007
0.575134
0.706027
0.797294
0.886817
0.984611
1.07271
1.13778
1.17831
1.19721
1.20138
1.20022
1.19282
1.15992
1.0825
1.0139
1.00059
1.00001
1
1
1
1
1
1
1
1
1
0.564748
0.428979
0.414449
0.483361
0.628434
0.731839
0.825468
0.938488
1.03555
1.10748
1.16091
1.19098
1.20065
1.20161
1.19898
1.18733
1.14438
1.05432
1.00589
1.00017
1
1
1
1
1
1
1
1
1
1
0.563991
0.425252
0.431751
0.548481
0.666919
0.763219
0.879062
0.995331
1.07588
1.13776
1.18034
1.19871
1.20203
1.20183
1.20026
1.18386
1.11318
1.02803
1.00195
1.00004
1
1
1
1
1
1
1
1
1
1
0.562328
0.433299
0.454921
0.596238
0.694003
0.812244
0.948297
1.04184
1.11341
1.16551
1.19229
1.20181
1.20231
1.20188
1.19896
1.1635
1.07555
1.01242
1.00055
1.00001
1
1
1
1
1
1
1
1
1
1
0.562949
0.447092
0.503998
0.624714
0.751368
0.895655
1.0025
1.08478
1.14979
1.18403
1.19809
1.20242
1.20228
1.20038
1.18523
1.13034
1.04776
1.00524
1.00015
1
1
1
1
1
1
1
1
1
1
1
0.535563
0.461501
0.547477
0.670424
0.827217
0.956898
1.05297
1.12882
1.17649
1.194
1.20076
1.20265
1.20173
1.19659
1.17156
1.10666
1.028
1.00188
1.00004
1
1
1
1
1
1
1
1
1
1
1
0.46673
0.47164
0.579369
0.753916
0.907353
1.01634
1.10586
1.16269
1.19304
1.19827
1.20217
1.20284
1.20021
1.1919
1.1594
1.07849
1.0122
1.00051
1.00001
1
1
1
1
1
1
1
1
1
1
1
0.385712
0.469292
0.649569
0.841512
0.976995
1.07835
1.14872
1.18527
1.20112
1.19953
1.20301
1.20298
1.2
1.18797
1.13403
1.04117
1.00375
1.00011
1
1
1
1
1
1
1
1
1
1
1
1
0.438576
0.539442
0.752885
0.925337
1.04796
1.13335
1.17796
1.19778
1.20344
1.20003
1.2034
1.20316
1.20142
1.17453
1.08703
1.01634
1.00092
1.00002
1
1
1
1
1
1
1
1
1
1
1
1
0.283522
0.612898
0.854114
1.01568
1.11734
1.17067
1.19444
1.203
1.20424
1.19964
1.20301
1.20167
1.19218
1.13553
1.04888
1.00571
1.00019
1
1
1
1
1
1
1
1
1
1
1
1
1
0.161292
0.661673
0.955761
1.09857
1.16468
1.19211
1.20149
1.2047
1.20444
1.1986
1.20161
1.19686
1.16981
1.09999
1.02465
1.00158
1.00003
1
1
1
1
1
1
1
1
1
1
1
1
1
0.393083
0.841705
1.07026
1.15962
1.19019
1.20084
1.2039
1.2051
1.20434
1.19776
1.19971
1.19052
1.14884
1.06564
1.00851
1.0003
1
1
1
1
1
1
1
1
1
1
1
1
1
1
0.678007
1.00459
1.15293
1.1909
1.20037
1.20331
1.20458
1.20518
1.2032
1.19719
1.19862
1.18281
1.11409
1.0265
1.00164
1.00003
1
1
1
1
1
1
1
1
1
1
1
1
1
1
0.995082
1.14687
1.19324
1.20156
1.20304
1.20386
1.20463
1.20488
1.20191
1.19664
1.19875
1.15665
1.05922
1.00594
1.00016
1
1
1
1
1
1
1
1
1
1
1
1
1
1
1
1.20245
1.20258
1.20312
1.20357
1.20356
1.20389
1.20381
1.20443
1.20119
1.19565
1.18699
1.10886
1.01979
0.999899
0.99999
1
1
1
1
1
1
1
1
1
1
1
1
1
1
1
1.20185
1.20236
1.20333
1.20394
1.20347
1.20279
1.20279
1.20477
1.20348
1.19438
1.1777
1.10216
1.0203
1.00079
1.00001
1
1
1
1
1
1
1
1
1
1
1
1
1
1
1
1.20156
1.20218
1.20368
1.20444
1.20383
1.20223
1.2021
1.20481
1.20437
1.19563
1.16544
1.06965
1.00619
1.0001
1
1
1
1
1
1
1
1
1
1
1
1
1
1
1
1
1.20147
1.20208
1.20376
1.20462
1.20403
1.2017
1.20134
1.20438
1.20464
1.19502
1.14485
1.04636
1.00287
1.00003
1
1
1
1
1
1
1
1
1
1
1
1
1
1
1
1
1.20145
1.20201
1.20371
1.20463
1.20417
1.20155
1.20073
1.20358
1.20389
1.18578
1.12346
1.02925
1.00113
1.00001
1
1
1
1
1
1
1
1
1
1
1
1
1
1
1
1
1.20162
1.20206
1.20353
1.20452
1.20423
1.20196
1.20083
1.20334
1.20246
1.17581
1.10144
1.01541
1.00038
1
1
1
1
1
1
1
1
1
1
1
1
1
1
1
1
1
1.20226
1.20235
1.20306
1.20376
1.20403
1.20297
1.20182
1.20365
1.20253
1.16544
1.07309
1.00689
1.00011
1
1
1
1
1
1
1
1
1
1
1
1
1
1
1
1
1
1.20273
1.20244
1.20247
1.20282
1.20362
1.20463
1.20311
1.20288
1.19998
1.14605
1.04657
1.00288
1.00003
1
1
1
1
1
1
1
1
1
1
1
1
1
1
1
1
1
1.20302
1.20242
1.20193
1.20176
1.20343
1.20591
1.2049
1.19943
1.1891
1.12246
1.02733
1.001
1.00001
1
1
1
1
1
1
1
1
1
1
1
1
1
1
1
1
1
1.20312
1.20242
1.20168
1.20116
1.20276
1.20654
1.20685
1.19755
1.17822
1.09978
1.01442
1.00033
1
1
1
1
1
1
1
1
1
1
1
1
1
1
1
1
1
1
1.20309
1.20238
1.20154
1.2009
1.20221
1.20694
1.20749
1.19709
1.16687
1.07065
1.00621
1.00009
1
1
1
1
1
1
1
1
1
1
1
1
1
1
1
1
1
1
1.2029
1.2021
1.20154
1.20098
1.20204
1.20712
1.20755
1.193
1.14664
1.04308
1.00237
1.00002
1
1
1
1
1
1
1
1
1
1
1
1
1
1
1
1
1
1
1.20249
1.20186
1.20182
1.20172
1.20207
1.20737
1.20746
1.18427
1.11995
1.02442
1.00081
1.00001
1
1
1
1
1
1
1
1
1
1
1
1
1
1
1
1
1
1
1.20192
1.20153
1.20244
1.20241
1.20232
1.20736
1.20778
1.17746
1.09207
1.01159
1.00023
1
1
1
1
1
1
1
1
1
1
1
1
1
1
1
1
1
1
1
1.20153
1.201
1.20268
1.20359
1.20243
1.20523
1.20631
1.1648
1.05978
1.00436
1.00006
1
1
1
1
1
1
1
1
1
1
1
1
1
1
1
1
1
1
1
1.20127
1.20039
1.20191
1.20479
1.20458
1.20221
1.19805
1.13764
1.03574
1.00158
1.00001
1
1
1
1
1
1
1
1
1
1
1
1
1
1
1
1
1
1
1
1.20108
1.2001
1.20059
1.20586
1.2097
1.20131
1.18919
1.11246
1.01883
1.00049
1
1
1
1
1
1
1
1
1
1
1
1
1
1
1
1
1
1
1
1
1.20084
1.19999
1.19973
1.20847
1.21222
1.20161
1.17875
1.07745
1.0073
1.00012
1
1
1
1
1
1
1
1
1
1
1
1
1
1
1
1
1
1
1
1
1.20036
1.19966
1.19927
1.2104
1.21349
1.19814
1.1533
1.04669
1.00265
1.00003
1
1
1
1
1
1
1
1
1
1
1
1
1
1
1
1
1
1
1
1
1.1998
1.19964
1.1994
1.21109
1.21393
1.19195
1.12524
1.0256
1.00082
1.00001
1
1
1
1
1
1
1
1
1
1
1
1
1
1
1
1
1
1
1
1
1.19861
1.20018
1.20004
1.21063
1.21456
1.18689
1.0909
1.01027
1.00019
1
1
1
1
1
1
1
1
1
1
1
1
1
1
1
1
1
1
1
1
1
1.19692
1.20051
1.20156
1.20858
1.21194
1.16475
1.05653
1.00368
1.00004
1
1
1
1
1
1
1
1
1
1
1
1
1
1
1
1
1
1
1
1
1
1.19589
1.20242
1.20865
1.20587
1.20376
1.13704
1.03209
1.00118
1.00001
1
1
1
1
1
1
1
1
1
1
1
1
1
1
1
1
1
1
1
1
1
1.19573
1.20662
1.21438
1.20606
1.19455
1.10266
1.0131
1.00027
1
1
1
1
1
1
1
1
1
1
1
1
1
1
1
1
1
1
1
1
1
1
1.19601
1.20996
1.21771
1.20657
1.17378
1.06184
1.00439
1.00006
1
1
1
1
1
1
1
1
1
1
1
1
1
1
1
1
1
1
1
1
1
1
1.19854
1.21141
1.21896
1.20008
1.14147
1.03458
1.00138
1.00001
1
1
1
1
1
1
1
1
1
1
1
1
1
1
1
1
1
1
1
1
1
1
1.19986
1.2113
1.2198
1.1939
1.10602
1.01429
1.0003
1
1
1
1
1
1
1
1
1
1
1
1
1
1
1
1
1
1
1
1
1
1
1
1.20191
1.21167
1.21994
1.17637
1.06373
1.00447
1.00006
1
1
1
1
1
1
1
1
1
1
1
1
1
1
1
1
1
1
1
1
1
1
1
1.21092
1.21272
1.21116
1.13966
1.03386
1.00134
1.00001
1
1
1
1
1
1
1
1
1
1
1
1
1
1
1
1
1
1
1
1
1
1
1
1.22739
1.2056
1.19702
1.1027
1.01382
1.00031
1
1
1
1
1
1
1
1
1
1
1
1
1
1
1
1
1
1
1
1
1
1
1
1
1.24444
1.1954
1.17092
1.05888
1.00413
1.00006
1
1
1
1
1
1
1
1
1
1
1
1
1
1
1
1
1
1
1
1
1
1
1
1
1.25635
1.18244
1.13055
1.02988
1.00125
1.00001
1
1
1
1
1
1
1
1
1
1
1
1
1
1
1
1
1
1
1
1
1
1
1
1
1.26237
1.16732
1.08871
1.01188
1.00031
1
1
1
1
1
1
1
1
1
1
1
1
1
1
1
1
1
1
1
1
1
1
1
1
1
1.25979
1.14413
1.05397
1.00426
1.00007
1
1
1
1
1
1
1
1
1
1
1
1
1
1
1
1
1
1
1
1
1
1
1
1
1
1.23771
1.11673
1.02959
1.00142
1.00002
1
1
1
1
1
1
1
1
1
1
1
1
1
1
1
1
1
1
1
1
1
1
1
1
1
1.21888
1.09011
1.01361
1.00037
1
1
1
1
1
1
1
1
1
1
1
1
1
1
1
1
1
1
1
1
1
1
1
1
1
1
1.19169
1.05591
1.00464
1.00007
1
1
1
1
1
1
1
1
1
1
1
1
1
1
1
1
1
1
1
1
1
1
1
1
1
1
1.14387
1.03146
1.00144
1.00001
1
1
1
1
1
1
1
1
1
1
1
1
1
1
1
1
1
1
1
1
1
1
1
1
1
1
1.09373
1.01323
1.00029
1
1
1
1
1
1
1
1
1
1
1
1
1
1
1
1
1
1
1
1
1
1
1
1
1
1
1
1.03759
1.00236
1.00002
1
1
1
1
1
1
1
1
1
1
1
1
1
1
1
1
1
1
1
1
1
1
1
1
1
1
1
1
1
1
1
1
1
1
1
1
1
1
1
1
1
1
1
1
1
1
1
1
1
1
1
1
1
1
1
1
1
1
1
1
1
1
1
1
1
1
1
1
1
1
1
1
1
1
1
1
1
1
1
1
1
1
1
1
1
1
1
1
1
1
1
1
1
1
1
1
1
1
1
1
1
1
1
1
1
1
1
1
1
1
1
1
1
1
1
1
1
1
1
1
1
1
1
1
1
1
1
1
1
1
1
1
1
1
1
1
1
1
1
1
1
1
1
1
1
1
1
1
1
1
1
1
1
1
1
1
1
1
1
1
1
1
1
1
1
1
1
1
1
1
1
1
1
1
1
1
1
1
1
1
1
1
1
1
1
1
1
1
1
1
1
1
1
1
1
1
1
1
1
1
1
1
1
1
1
1
1
1
1
1
1
1
1
1
1
1
1
1
1
1
1
1
1
1
1
1
1
1
1
1
1
1
1
1
1
1
1
1
1
1
1
1
1
1
1
1
1
1
1
1
1
1
1
1
1
1
1
1
1
1
1
1
1
1
1
1
1
1
1
1
1
1
1
1
1
1
1
1
1
1
1
1
1
1
1
1
1
1
1
1
1
1
1
1
1
1
1
1
1
1
1
1
1
1
1
1
1
1
1
1
1
1
1
1
1
1
1
1
1
1
1
1
1
1
1
1
1
1
1
1
1
1
1
1
1
1
1
1
1
1
1
1
1
1
1
1
1
1
1
1
1
1
1
1
1
1
1
1
1
1
1
1
1
1
1
1
1
1
1
1
1
1
1
1
1
1
1
1
1
1
1
1
1
1
1
1
1
1
1
1
1
1
1
1
1
1
1
1
1
1
1
1
1
1
1
1
1
1
1
1
1
1
1
1
1
1
1
1
1
1
1
1
1
1
1
1
1
1
1
1
1
1
1
1
1
1
1
1
1
1
1
1
1
1
1
1
1
1
1
1
1
1
1
1
1
1
1
1
1
1
1
1
1
1
1
1
1
1
1
1
1
1
1
1
1
1
1
1
1
1
1
1
1
1
1
1
1
1
1
1
1
1
1
1
1
1
1
1
1
1
1
1
1
1
1
1
1
1
1
1
1
1
1
1
1
1
1
1
1
1
1
1
1
1
1
1
1
1
1
1
1
1
1
1
1
1
1
1
1
1
1
1
1
1
1
1
1
1
1
1
1
1
1
1
1
1
1
1
1
1
1
1
1
1
1
1
1
1
1
1
1
1
1
1
1
1
1
1
1
1
1
1
1
1
1
1
1
1
1
1
1
1
1
1
1
1
1
1
1
1
1
1
1
1
1
1
1
1
1
1
1
1
1
1
1
1
1
1
1
1
1
1
1
1
1
1
1
1
1
1
1
1
1
1
1
1
1
1
1
1
1
1
1
1
1
1
1
1
1
1
1
1
1
1
1
1
1
1
1
1
1
1
1
1
1
1
1
1
1
1
1
1
1
1
1
1
1
1
1
1
1
1
1
1
1
1
1
1
1
1
1
1
1
1
1
1
1
1
1
1
1
1
1
1
1
1
1
1
1
1
1
1
1
1
1
1
1
1
1
1
1
1
1
1
1
1
1
1
1
1
1
1
1
1
1
1
1
1
1
1
1
1
1
1
1
1
1
1
1
1
1
1
1
1
1
1
1
1
1
1
1
1
1
1
1
1
1
1
1
1
1
1
1
1
1
1
1
1
1
1
1
1
1
1
1
1
1
1
1
1
1
1
1
1
1
1
1
1
1
1
1
1
1
1
1
1
1
1
1
1
1
1
1
1
1
1
1
1
1
1
1
1
1
1
1
1
1
1
1
1
1
1
1
1
1
1
1
1
1
1
1
1
1
1
1
1
1
1
1
1
1
1
1
1
1
1
1
1
1
1
1
1
1
1
1
1
1
1
1
1
1
1
1
1
1
1
1
1
1
1
1
1
1
1
1
1
1
1
1
1
1
1
1
1
1
1
1
1
1
1
1
1
1
1
1
1
1
1
1
1
1
1
1
1
1
1
1
1
1
1
1
1
1
1
1
1
1
1
1
1
1
1
1
1
1
1
1
1
1
1
1
1
1
1
1
1
1
1
1
1
1
1
1
1
1
1
1
1
1
1
1
1
1
1
1
1
1
1
1
1
1
1
1
1
1
1
1
1
1
1
1
1
1
1
1
1
1
1
1
1
1
1
1
1
1
1
1
1
1
1
1
1
1
1
1
1
1
1
1
1
1
1
1
1
1
1
1
1
1
1
1
1
1
1
1
1
1
1
1
1
1
1
1
1
1
1
1
1
1
1
1
1
1
1
1
1
1
1
1
1
1
1
1
1
1
1
1
1
1
1
1
1
1
1
1
1
1
1
1
1
1
1
1
1
1
1
1
1
1
1
1
1
1
1
1
1
1
1
1
1
1
1
1
1
1
1
1
1
1
1
1
1
1
1
1
1
1
1
1
1
1
1
1
1
1
1
1
1
1
1
1
1
1
1
1
1
1
1
1
1
1
1
1
1
1
1
1
1
1
1
1
1
1
1
1
1
1
1
1
1
1
1
1
1
1
1
1
1
1
1
1
1
1
1
1
1
1
1
1
1
1
1
1
1
1
1
1
1
1
1
1
1
1
1
1
1
1
1
1
1
1
1
1
1
1
1
1
1
1
1
1
1
1
1
1
1
1
1
1
1
1
1
1
1
1
1
1
1
1
1
1
1
1
1
1
1
1
1
1
1
1
1
1
1
1
1
1
1
1
1
1
1
1
1
1
1
1
1
1
1
1
1
1
1
1
1
1
1
1
1
1
1
1
1
1
1
1
1
1
1
1
1
1
1
1
1
1
1
1
1
1
1
1
1
1
1
1
1
1
1
1
1
1
1
1
1
1
1
1
1
1
1
1
1
1
1
1
1
1
1
1
1
1
1
1
1
1
1
1
1
1
1
1
1
1
1
1
1
1
1
1
1
1
1
1
1
1
1
1
1
1
1
1
1
1
1
1
1
1
1
1
1
1
1
1
1
1
1
1
1
1
1
1
1
1
1
1
1
1
1
1
1
1
1
1
1
1
1
1
1
1
1
1
1
1
1
1
1
1
1
1
1
1
1
1
1
1
1
1
1
1
1
1
1
1
1
1
1
1
1
1
1
1
1
1
1
1
1
1
1
1
1
1
1
1
1
1
1
1
1
1
1
1
1
1
1
1
1
1
1
1
1
1
1
1
1
1
1
1
1
1
1
1
1
1
1
1
1
1
1
1
1
1
1
1
1
1
1
1
1
1
1
1
1
1
1
1
1
1
1
1
1
1
1
1
1
1
1
1
1
1
1
1
1
1
1
1
1
1
1
1
1
1
1
1
1
1
1
1
1
1
1
1
1
1
1
1
1
1
1
1
1
1
1
1
1
1
1
1
1
1
1
1
1
1
1
1
1
1
1
1
1
1
1
1
1
1
1
1
1
1
1
1
1
1
1
1
1
1
1
1
1
1
1
1
1
1
1
1
1
1
1
1
1
1
1
1
1
1
1
1
1
1
1
1
1
1
1
1
1
1
1
1
1
1
1
1
1
1
1
1
1
1
1
1
1
1
1
1
1
1
1
1
1
1
1
1
1
1
1
1
1
1
1
1
1
1
1
1
1
1
1
1
1
1
1
1
1
1
1
1
1
1
1
1
1
1
1
1
1
1
1
1
1
1
1
1
1
1
1
1
1
1
1
1
1
1
1
1
1
1
1
1
1
1
1
1
1
1
1
1
1
1
1
1
1
1
1
1
1
1
1
1
1
1
1
1
1
1
1
1
1
1
1
1
1
1
1
1
1
1
1
1
1
1
1
1
1
1
1
1
1
1
1
1
1
1
1
1
1
1
1
1
1
1
1
1
1
1
1
1
1
1
1
1
1
1
1
1
1
1
1
1
1
1
1
1
1
1
1
1
1
1
1
1
1
1
1
1
1
1
1
1
1
1
1
1
1
1
1
1
1
1
1
1
1
1
1
1
1
1
1
1
1
1
1
1
1
1
1
1
1
1
1
1
1
1
1
1
1
1
1
1
1
1
1
1
1
1
1
1
1
1
1
1
1
1
1.10736
1
1
1
1
1
1
1
1
1
1
1
1
1
1
1
1
1
1
1
1
1
1
1
1
1
1
1
1
1
1.29035
0.999619
1
1
1
1
1
1
1
1
1
1
1
1
1
1
1
1
1
1
1
1
1
1
1
1
1
1
1
1
1.47831
1.03162
1
1
1
1
1
1
1
1
1
1
1
1
1
1
1
1
1
1
1
1
1
1
1
1
1
1
1
1
1.67915
1.13762
1
1
1
1
1
1
1
1
1
1
1
1
1
1
1
1
1
1
1
1
1
1
1
1
1
1
1
1
1.86261
1.35085
0.999572
1
1
1
1
1
1
1
1
1
1
1
1
1
1
1
1
1
1
1
1
1
1
1
1
1
1
1
2.01174
1.60481
1.04837
0.999938
1
1
1
1
1
1
1
1
1
1
1
1
1
1
1
1
1
1
1
1
1
1
1
1
1
1
2.10406
1.86692
1.48317
1.00259
1
1
1
1
1
1
1
1
1
1
1
1
1
1
1
1
1
1
1
1
1
1
1
1
1
1
2.04319
1.91371
1.95901
1.31553
0.999671
1
1
1
1
1
1
1
1
1
1
1
1
1
1
1
1
1
1
1
1
1
1
1
1
1
1.94397
1.90268
2.03752
1.84574
1.11576
0.999845
1
1
1
1
1
1
1
1
1
1
1
1
1
1
1
1
1
1
1
1
1
1
1
1
1.88022
1.89276
2.00948
2.03308
1.53725
1.00414
1
1
1
1
1
1
1
1
1
1
1
1
1
1
1
1
1
1
1
1
1
1
1
1
1.85455
1.87952
1.97414
2.01846
1.8691
1.19108
0.999744
1
1
1
1
1
1
1
1
1
1
1
1
1
1
1
1
1
1
1
1
1
1
1
1.83954
1.87299
1.94139
1.97765
1.99471
1.54484
1.01016
1
1
1
1
1
1
1
1
1
1
1
1
1
1
1
1
1
1
1
1
1
1
1
1.83432
1.86606
1.91532
1.96851
2.01578
1.83687
1.18198
0.999739
1
1
1
1
1
1
1
1
1
1
1
1
1
1
1
1
1
1
1
1
1
1
1.83585
1.86503
1.90706
1.96641
2.00867
1.96558
1.52199
1.00855
1
1
1
1
1
1
1
1
1
1
1
1
1
1
1
1
1
1
1
1
1
1
1.84142
1.86772
1.90957
1.96234
1.99637
1.96174
1.74402
1.12423
0.999981
1
1
1
1
1
1
1
1
1
1
1
1
1
1
1
1
1
1
1
1
1
1.84981
1.87332
1.91362
1.95742
1.97886
1.9563
1.86819
1.37023
0.999863
1
1
1
1
1
1
1
1
1
1
1
1
1
1
1
1
1
1
1
1
1
1.85856
1.87907
1.91593
1.95514
1.96858
1.95718
1.93216
1.64996
1.05738
1
1
1
1
1
1
1
1
1
1
1
1
1
1
1
1
1
1
1
1
1
1.86594
1.88386
1.91758
1.95513
1.96343
1.95859
1.94669
1.81272
1.27487
0.999603
1
1
1
1
1
1
1
1
1
1
1
1
1
1
1
1
1
1
1
1
1.87139
1.88748
1.91857
1.95564
1.96564
1.9631
1.94814
1.8715
1.49765
1.01257
1
1
1
1
1
1
1
1
1
1
1
1
1
1
1
1
1
1
1
1
1.875
1.8899
1.9186
1.95594
1.97081
1.9659
1.95087
1.90827
1.71421
1.12501
0.999821
1
1
1
1
1
1
1
1
1
1
1
1
1
1
1
1
1
1
1
1.87827
1.89167
1.91909
1.95694
1.97388
1.96756
1.95272
1.92726
1.84032
1.37904
1.00099
1
1
1
1
1
1
1
1
1
1
1
1
1
1
1
1
1
1
1
1.88234
1.89322
1.92109
1.95715
1.97476
1.9692
1.95603
1.93747
1.88075
1.58727
1.03994
1
1
1
1
1
1
1
1
1
1
1
1
1
1
1
1
1
1
1
1.88557
1.8933
1.92236
1.95675
1.97416
1.97119
1.96105
1.94456
1.90587
1.76478
1.1986
0.999691
1
1
1
1
1
1
1
1
1
1
1
1
1
1
1
1
1
1
1.88579
1.89326
1.92234
1.95588
1.97308
1.97254
1.96443
1.94564
1.91802
1.86748
1.46939
1.00805
1
1
1
1
1
1
1
1
1
1
1
1
1
1
1
1
1
1
1.88575
1.89342
1.92203
1.95423
1.9717
1.97256
1.96456
1.94663
1.92713
1.88861
1.65949
1.0839
1
1
1
1
1
1
1
1
1
1
1
1
1
1
1
1
1
1
1.88539
1.89379
1.92161
1.95231
1.96985
1.97191
1.96451
1.94891
1.93326
1.90464
1.81327
1.28308
0.999571
1
1
1
1
1
1
1
1
1
1
1
1
1
1
1
1
1
1.88455
1.89418
1.92085
1.95023
1.96768
1.97053
1.96432
1.95092
1.93398
1.91247
1.89515
1.56315
1.02441
1
1
1
1
1
1
1
1
1
1
1
1
1
1
1
1
1
1.88395
1.89446
1.91968
1.94796
1.96499
1.96874
1.96348
1.95098
1.9342
1.91658
1.9051
1.72507
1.14759
0.999781
1
1
1
1
1
1
1
1
1
1
1
1
1
1
1
1
1.88406
1.89458
1.91813
1.94598
1.96277
1.96704
1.96254
1.95062
1.93434
1.92157
1.90748
1.84852
1.36998
1.00159
1
1
1
1
1
1
1
1
1
1
1
1
1
1
1
1
1.88481
1.89477
1.91702
1.94499
1.96144
1.96578
1.96183
1.95039
1.93482
1.92131
1.91123
1.91597
1.64294
1.05227
1
1
1
1
1
1
1
1
1
1
1
1
1
1
1
1
1.8859
1.8953
1.91677
1.94439
1.96126
1.96519
1.96153
1.95005
1.93561
1.92153
1.91162
1.92085
1.77757
1.2199
0.999667
1
1
1
1
1
1
1
1
1
1
1
1
1
1
1
1.88709
1.89616
1.91693
1.94375
1.96101
1.9649
1.9614
1.94982
1.9365
1.92288
1.91175
1.91439
1.86696
1.43969
1.00621
1
1
1
1
1
1
1
1
1
1
1
1
1
1
1
1.88833
1.89711
1.91728
1.9432
1.96055
1.96473
1.96149
1.94979
1.93702
1.92376
1.91264
1.91373
1.92481
1.6974
1.0849
0.999882
1
1
1
1
1
1
1
1
1
1
1
1
1
1
1.88955
1.89784
1.91742
1.94253
1.95984
1.96437
1.96154
1.9499
1.9372
1.92439
1.91454
1.91348
1.92992
1.81346
1.28572
1.00034
1
1
1
1
1
1
1
1
1
1
1
1
1
1
1.89075
1.89827
1.91729
1.94162
1.95893
1.96377
1.96151
1.95019
1.93725
1.92498
1.91643
1.91236
1.92439
1.87471
1.49344
1.01409
1
1
1
1
1
1
1
1
1
1
1
1
1
1
1.8918
1.89848
1.91668
1.94045
1.95798
1.96315
1.96134
1.95065
1.93733
1.92583
1.91815
1.91182
1.91827
1.92462
1.73329
1.11853
0.999815
0.999999
1
1
1
1
1
1
1
1
1
1
1
1
1.89244
1.89869
1.91592
1.93948
1.95722
1.96262
1.96138
1.95146
1.93758
1.92653
1.91968
1.91326
1.91861
1.93329
1.83754
1.33866
1.0019
1
1
1
1
1
1
1
1
1
1
1
1
1
1.89301
1.89902
1.9155
1.93901
1.95666
1.96219
1.96151
1.95258
1.93819
1.92722
1.9208
1.91569
1.91823
1.9324
1.88229
1.53585
1.02311
0.999962
1
1
1
1
1
1
1
1
1
1
1
1
1.89331
1.89948
1.9154
1.93844
1.95579
1.96162
1.96164
1.9541
1.93993
1.92821
1.92176
1.91725
1.91657
1.92479
1.91912
1.76419
1.16433
1.00045
1
1
1
1
1
1
1
1
1
1
1
1
1.89536
1.90421
1.9211
1.94308
1.95793
1.96206
1.96175
1.95455
1.93886
1.92739
1.92137
1.91749
1.9158
1.92489
1.9318
1.8379
1.33133
0.98862
0.999893
1
1
1
1
1
1
1
1
1
1
1
1.54175
1.74934
1.83279
1.89164
1.92969
1.94961
1.95736
1.95442
1.9456
1.93331
1.92435
1.9202
1.91629
1.92064
1.93212
1.89865
1.6848
1.12429
1.00173
1.00001
1
1
1
1
1
1
1
1
1
1
1.16137
1.52918
1.68237
1.78553
1.8556
1.90487
1.93134
1.94375
1.9414
1.93325
1.9246
1.92078
1.9189
1.91834
1.92819
1.92849
1.8659
1.44908
1.03466
1.0003
1
1
1
1
1
1
1
1
1
1
0.90969
1.34451
1.52458
1.65232
1.74871
1.82808
1.87792
1.90917
1.92415
1.924
1.92016
1.91788
1.91863
1.91692
1.92173
1.93317
1.92008
1.7227
1.19322
1.00508
1.00003
1
1
1
1
1
1
1
1
1
0.878865
1.21216
1.39402
1.52621
1.64044
1.72661
1.80633
1.85368
1.88695
1.90114
1.90544
1.90734
1.91209
1.91514
1.91629
1.93081
1.9405
1.89703
1.50602
1.05049
1.00052
1
1
1
1
1
1
1
1
1
0.887258
1.0732
1.27106
1.41661
1.54246
1.63575
1.71888
1.78995
1.83207
1.86549
1.87785
1.88766
1.8967
1.9068
1.91153
1.92572
1.94202
1.93438
1.77799
1.25109
1.00814
1.00004
1
1
1
1
1
1
1
1
0.955505
1.03
1.14681
1.30067
1.44187
1.55952
1.63337
1.71831
1.77681
1.81564
1.8432
1.85857
1.87217
1.88886
1.90087
1.91552
1.93735
1.93141
1.89082
1.52091
1.05674
1.00059
1
1
1
1
1
1
1
1
1.04642
1.03014
1.07718
1.20552
1.32851
1.47593
1.57197
1.63836
1.71843
1.76229
1.80362
1.82227
1.84352
1.86232
1.88184
1.90119
1.92571
1.92161
1.92633
1.77503
1.23838
1.00702
1.00003
1
1
1
1
1
1
1
1.06507
1.0122
1.03459
1.15646
1.25637
1.37442
1.50283
1.57787
1.6532
1.71454
1.7539
1.7873
1.80925
1.83054
1.85842
1.88026
1.90893
1.9088
1.92308
1.88932
1.51461
1.0502
1.00044
1
1
1
1
1
1
1
1.08209
0.990416
0.989836
1.11114
1.21883
1.29435
1.42693
1.52746
1.58648
1.66544
1.70654
1.75122
1.77179
1.8001
1.82889
1.85648
1.88812
1.89363
1.91275
1.90275
1.74303
1.21193
1.00528
1.00002
1
1
1
1
1
1
1.11577
0.98856
0.937387
1.03862
1.1765
1.27061
1.34447
1.46657
1.54293
1.60875
1.66635
1.70687
1.73984
1.76676
1.79528
1.83253
1.86171
1.87424
1.89807
1.90094
1.83251
1.42371
1.03025
1.00022
1
1
1
1
1
1
1.13785
0.991925
0.934471
0.995972
1.11568
1.24024
1.30204
1.40196
1.49996
1.55482
1.6266
1.66271
1.70861
1.73048
1.76589
1.8033
1.83268
1.85279
1.88011
1.89787
1.88313
1.66741
1.13789
1.00222
1.00001
1
1
1
1
1
1.1469
1.0036
0.939984
0.987954
1.05384
1.19435
1.28267
1.33987
1.44944
1.51942
1.57943
1.62782
1.67154
1.7004
1.73694
1.76907
1.8061
1.82836
1.8587
1.88799
1.88965
1.79467
1.34571
1.01672
1.00009
1
1
1
1
1
1.14635
1.01627
0.948069
0.981975
1.02181
1.13104
1.25032
1.31263
1.3923
1.4817
1.53321
1.5959
1.62938
1.67332
1.70394
1.74065
1.77799
1.80263
1.83635
1.86786
1.88592
1.84144
1.52925
1.06811
1.00072
1
1
1
1
1
1.13991
1.02302
0.961691
0.973045
1.00182
1.06963
1.20496
1.29242
1.34305
1.43986
1.50116
1.55928
1.59733
1.644
1.67475
1.71609
1.74517
1.77867
1.81088
1.84452
1.8745
1.86281
1.70977
1.2028
1.00486
1.00002
1
1
1
1
1.12958
1.03363
0.978119
0.962226
0.987314
1.05528
1.14432
1.25794
1.32086
1.38916
1.46764
1.51736
1.57115
1.60672
1.64948
1.68718
1.71531
1.75428
1.78516
1.82178
1.85551
1.86253
1.79547
1.40341
1.02644
1.00017
1
1
1
1
1.12322
1.04794
0.993223
0.959553
0.980212
1.05237
1.10057
1.21373
1.2997
1.34813
1.43389
1.48731
1.54346
1.57508
1.6243
1.65639
1.69397
1.72462
1.76346
1.79569
1.82941
1.85497
1.81892
1.56007
1.09029
1.00107
1
1
1
1
1.11417
1.05709
1.00265
0.963175
0.973986
1.04481
1.09581
1.16146
1.26765
1.32908
1.39196
1.45838
1.5076
1.55293
1.59409
1.63103
1.67056
1.69769
1.7418
1.76951
1.806
1.84171
1.82782
1.67286
1.21162
1.00569
1.00002
1
1
1
1.10746
1.06378
1.00485
0.964056
0.966705
1.02932
1.08962
1.13385
1.22771
1.30881
1.3566
1.43134
1.4778
1.53051
1.56256
1.60815
1.64083
1.67696
1.71615
1.75139
1.78309
1.82117
1.82726
1.7624
1.36977
1.02394
1.00015
1
1
1
1.10806
1.07177
1.00708
0.963609
0.959913
1.00771
1.07384
1.12938
1.18295
1.2806
1.33836
1.39771
1.45196
1.50212
1.54141
1.58392
1.61204
1.65588
1.68936
1.73431
1.76197
1.79869
1.82114
1.78892
1.53038
1.0778
1.00088
1
1
1
1.10794
1.0777
1.01153
0.96514
0.956986
0.985255
1.05133
1.12158
1.16458
1.24526
1.319
1.3643
1.42813
1.4715
1.52181
1.55427
1.59209
1.62977
1.66947
1.71305
1.74573
1.7794
1.81056
1.79343
1.64111
1.18317
1.0041
1.00002
1
1
1.10621
1.07856
1.01919
0.971714
0.958844
0.977731
1.01927
1.10287
1.15781
1.20658
1.29458
1.34573
1.40215
1.44806
1.50028
1.53179
1.57363
1.60293
1.65145
1.68604
1.72908
1.75832
1.79505
1.79034
1.69095
1.3095
1.01554
1.00008
1
1
1.10254
1.0774
1.02386
0.984322
0.968562
0.978445
0.99631
1.0715
1.14488
1.19057
1.26311
1.32688
1.37074
1.42641
1.47135
1.5138
1.54978
1.5839
1.63012
1.66482
1.71018
1.73922
1.7763
1.78598
1.73121
1.42433
1.04465
1.00037
1
1
1.09805
1.07407
1.02678
0.995498
0.982983
0.981939
0.993528
1.03806
1.1246
1.18272
1.22792
1.30557
1.35232
1.40656
1.44624
1.49511
1.52153
1.56645
1.60423
1.64971
1.68623
1.72272
1.75762
1.77953
1.75705
1.55096
1.11055
1.00171
1.00001
1
1.09396
1.06957
1.0288
1.00131
0.989882
0.982933
0.993927
1.02715
1.0962
1.16927
1.21255
1.2789
1.33504
1.38017
1.42694
1.47296
1.50402
1.54692
1.5838
1.63273
1.66433
1.70579
1.7352
1.76744
1.75726
1.63229
1.21659
1.00649
1.00003
1
1.09088
1.06567
1.02933
1.00282
0.991213
0.982106
0.994203
1.02869
1.06384
1.14769
1.20324
1.24771
1.31675
1.36147
1.41008
1.44577
1.48877
1.52056
1.56673
1.60977
1.64938
1.68614
1.71412
1.75297
1.75283
1.66482
1.32736
1.02046
1.00012
1
1.08834
1.06484
1.03053
1.00309
0.990685
0.981485
0.993987
1.0282
1.05496
1.11691
1.18922
1.23265
1.29474
1.34469
1.39063
1.42634
1.47193
1.50253
1.5494
1.58516
1.6344
1.66443
1.70021
1.73792
1.74747
1.69223
1.41328
1.04862
1.00044
1
1.08638
1.06511
1.03288
1.00268
0.989267
0.98049
0.992648
1.02382
1.05263
1.08929
1.16915
1.22257
1.2667
1.32687
1.36815
1.41023
1.44748
1.48825
1.52727
1.56891
1.6167
1.64974
1.68606
1.71864
1.74146
1.71271
1.51127
1.10255
1.0016
1.00001
1.08586
1.06603
1.03572
1.00342
0.988456
0.977641
0.989033
1.0154
1.0468
1.08358
1.13946
1.20884
1.25224
1.30892
1.35192
1.3951
1.42464
1.47266
1.50811
1.55458
1.5937
1.63781
1.66793
1.6995
1.7304
1.71706
1.58554
1.18984
1.00529
1.00002
1.08534
1.06751
1.03877
1.00625
0.989309
0.977393
0.983812
1.00434
1.03785
1.08115
1.11652
1.19009
1.24134
1.28605
1.33562
1.37466
1.40977
1.45207
1.4933
1.53782
1.57468
1.62391
1.65263
1.68652
1.71766
1.71442
1.61367
1.28055
1.01529
1.00008
1.08326
1.06786
1.04009
1.00982
0.992607
0.979394
0.982556
0.994869
1.02518
1.07452
1.11184
1.16249
1.22777
1.27063
1.3214
1.35605
1.39659
1.4289
1.47786
1.51578
1.56152
1.60572
1.6408
1.6723
1.7041
1.70871
1.64138
1.35372
1.03374
1.00027
1.08
1.06696
1.03955
1.01418
0.998309
0.985218
0.983667
0.99228
1.01017
1.06165
1.10713
1.14441
1.20993
1.25693
1.3021
1.34126
1.37998
1.41429
1.46184
1.49907
1.54823
1.58428
1.62784
1.65327
1.68716
1.70335
1.66437
1.44089
1.06858
1.00084
1.07626
1.06482
1.03813
1.01644
1.00176
0.993699
0.988028
0.992991
1.0035
1.042
1.09757
1.13991
1.18578
1.24331
1.28296
1.32742
1.35929
1.40149
1.44026
1.48569
1.53141
1.56966
1.61324
1.63717
1.67286
1.69676
1.67393
1.51183
1.13005
1.00265
1.0741
1.06195
1.03616
1.01636
1.00223
0.998777
0.993738
0.993208
1.00263
1.02814
1.08342
1.13429
1.17254
1.2287
1.26904
1.31373
1.34582
1.38874
1.42413
1.4724
1.51003
1.55754
1.59376
1.62647
1.65965
1.68717
1.67266
1.54231
1.19783
1.00731
1.07389
1.05989
1.03341
1.01554
1.00209
0.99947
0.995157
0.991651
1.00164
1.02533
1.06171
1.12309
1.16606
1.21
1.25523
1.29337
1.33331
1.3701
1.41213
1.45651
1.49524
1.5444
1.57654
1.6147
1.64245
1.67481
1.66898
1.57566
1.26236
1.01594
1.07441
1.05912
1.03036
1.01304
1.00101
0.999319
0.994863
0.990795
1.00047
1.0237
1.04731
1.10503
1.15747
1.19639
1.24382
1.27699
1.32173
1.35563
1.40044
1.43635
1.48336
1.52631
1.56588
1.60048
1.62306
1.66174
1.66559
1.60834
1.34164
1.03386
1.07579
1.05925
1.02911
1.01041
0.99933
0.998165
0.994325
0.990226
0.999542
1.02082
1.04494
1.08221
1.14425
1.18583
1.22801
1.26476
1.30516
1.34406
1.38654
1.42351
1.47152
1.50788
1.55515
1.58416
1.61331
1.65027
1.66173
1.62048
1.40714
1.06786
1.07617
1.05972
1.02855
1.00959
0.998834
0.997643
0.993512
0.989148
0.998364
1.01738
1.04174
1.07429
1.12497
1.17545
1.2133
1.2542
1.28612
1.33219
1.36946
1.41253
1.4555
1.49665
1.54205
1.57349
1.60517
1.63645
1.65611
1.62309
1.4457
1.11101
1.07491
1.05955
1.02845
1.00922
0.99913
0.997853
0.993436
0.988549
0.996616
1.01347
1.03662
1.07301
1.11066
1.16352
1.20153
1.24349
1.27584
1.31964
1.35707
1.40135
1.43781
1.48603
1.52462
1.56436
1.59345
1.61956
1.64885
1.62502
1.48854
1.16662
1.0716
1.05762
1.02769
1.00907
1.00051
0.998639
0.99402
0.988861
0.994715
1.00882
1.03014
1.06878
1.10327
1.14972
1.19045
1.22853
1.26629
1.30132
1.34457
1.38665
1.4265
1.47383
1.51156
1.55365
1.57829
1.60603
1.63986
1.62669
1.52955
1.23571
1.06688
1.05533
1.02831
1.00942
1.0024
1.00006
0.995563
0.990291
0.993918
1.00371
1.02031
1.05859
1.09497
1.13485
1.17971
1.21492
1.25566
1.28842
1.33269
1.37014
1.4152
1.45738
1.5003
1.54057
1.56647
1.59547
1.62999
1.62573
1.5441
1.30404
1.08313
1.05214
1.02628
1.00858
1.00269
1.00082
0.997076
0.991911
0.994063
1.00161
1.01411
1.05039
1.08945
1.12536
1.17309
1.20783
1.24857
1.28271
1.32585
1.36166
1.40756
1.44621
1.4921
1.52831
1.56035
1.58816
1.62281
1.62373
1.54859
1.35156
1.10047
1.05022
1.02465
1.00793
1.0025
1.00082
0.998279
0.993502
0.994264
1.00142
1.01173
1.04642
1.08545
1.11982
1.16574
1.20287
1.24384
1.2795
1.31976
1.35636
1.40251
1.43973
1.4869
1.5194
1.55647
1.58297
1.61654
1.62161
1.55328
1.38304
1.11254
1.04818
1.02289
1.00679
1.00194
1.00057
0.999007
0.995458
0.994504
1.00159
1.01191
1.044
1.08198
1.11689
1.15564
1.19694
1.238
1.27608
1.30953
1.35114
1.39568
1.43278
1.48134
1.5157
1.55085
1.57551
1.6077
1.61919
1.56097
1.41538
1.12003
1.04582
1.02085
1.00549
1.00116
1.0002
0.999741
0.997612
0.99537
1.00209
1.01215
1.04061
1.07877
1.11515
1.15129
1.19189
1.22713
1.27084
1.30402
1.34656
1.38914
1.42895
1.47429
1.51101
1.54396
1.56598
1.60041
1.61649
1.56753
1.44676
1.12869
1.0433
1.0183
1.00406
1.00026
0.999752
1.00041
0.999624
0.997188
1.00284
1.01254
1.03958
1.07493
1.11235
1.14725
1.188
1.22023
1.26509
1.29941
1.34128
1.38217
1.42462
1.46663
1.50467
1.53767
1.5611
1.59412
1.61353
1.57121
1.48077
1.13358
1.041
1.01543
1.00217
0.998946
0.998968
1.0007
1.00071
0.998399
1.00249
1.01235
1.04017
1.07199
1.10965
1.14203
1.18417
1.21766
1.25955
1.29479
1.33554
1.37151
1.41783
1.45799
1.49822
1.53153
1.55563
1.58575
1.60994
1.57329
1.51358
1.1414
1.04075
1.01257
0.999531
0.996706
0.997541
1.00061
1.00072
0.998096
0.999541
1.00909
1.03889
1.06822
1.10659
1.13717
1.17756
1.21324
1.25444
1.29019
1.33026
1.36499
1.4112
1.4474
1.49065
1.5236
1.54794
1.57819
1.60456
1.578
1.5497
1.15086
1.04142
1.00984
0.996412
0.994244
0.995551
1.00014
1.00033
0.996629
0.996245
1.00472
1.03396
1.06155
1.10112
1.13278
1.16898
1.2069
1.24583
1.28355
1.32253
1.36059
1.40542
1.44103
1.48362
1.51388
1.54285
1.57162
1.59692
1.58453
1.58915
1.15938
1.04308
1.00699
0.994747
0.993374
0.994281
0.999495
1.00019
0.99529
0.996332
1.00467
1.02769
1.05451
1.09369
1.12875
1.16224
1.20154
1.23444
1.27649
1.31033
1.35349
1.39747
1.4358
1.47737
1.50753
1.53687
1.5627
1.59009
1.58742
1.62337
1.16848
1.046
1.00506
0.993961
0.993239
0.994045
0.999067
1.00044
0.995312
0.99706
1.00478
1.02285
1.04822
1.08679
1.12422
1.15651
1.19711
1.22948
1.27172
1.30474
1.34613
1.38402
1.42853
1.46881
1.50247
1.52968
1.55445
1.58489
1.59062
1.65392
1.16826
1.0498
1.00522
0.994159
0.993253
0.994178
0.999173
1.001
0.995563
0.997693
1.00554
1.02228
1.04185
1.07932
1.11849
1.15067
1.18725
1.22304
1.26309
1.29911
1.3403
1.37559
1.42131
1.45705
1.49579
1.52233
1.54644
1.57748
1.59492
1.68763
1.16322
1.05175
1.00667
0.99458
0.993877
0.995165
0.999819
1.00105
0.995542
0.997646
1.00711
1.02289
1.03988
1.07425
1.11168
1.14582
1.17812
1.2171
1.25074
1.29028
1.32961
1.3692
1.41341
1.44925
1.48775
1.51249
1.53642
1.56897
1.60212
1.71824
1.15768
1.05358
1.00962
0.994876
0.993971
0.996799
0.999963
1.00023
0.9946
0.994631
1.00587
1.0214
1.03686
1.06988
1.1037
1.14202
1.17391
1.21205
1.24392
1.28336
1.31872
1.36131
1.39951
1.44118
1.47788
1.50289
1.52763
1.55944
1.61314
1.74789
1.15552
1.05676
1.01392
0.994665
0.993772
0.996925
0.99969
1.00011
0.994558
0.992427
1.00068
1.01462
1.03079
1.06419
1.09633
1.13537
1.16838
1.2015
1.23643
1.27205
1.31068
1.35301
1.38954
1.43237
1.46426
1.49577
1.51771
1.55076
1.62429
1.77941
1.15357
1.05884
1.01807
0.994978
0.993227
0.996839
0.999589
1.00044
0.995282
0.992624
0.998801
1.0091
1.02514
1.0569
1.08884
1.12519
1.162
1.19359
1.22878
1.26209
1.30226
1.34007
1.38144
1.41949
1.45509
1.48685
1.50524
1.54057
1.63561
1.8126
1.1595
1.06383
1.02252
0.995507
0.991563
0.996506
1.00015
1.00213
0.997751
0.993999
0.999018
1.00673
1.02275
1.0529
1.08188
1.11621
1.1515
1.18636
1.21855
1.25428
1.29223
1.33009
1.37174
1.40731
1.44614
1.47392
1.49506
1.52807
1.64027
1.8436
1.17092
1.07296
1.0282
0.996753
0.990083
0.995103
1.00026
1.00296
0.999051
0.99454
0.998815
1.00376
1.01962
1.04949
1.07468
1.1097
1.14217
1.17761
1.2098
1.2453
1.28121
1.32128
1.35923
1.39786
1.43364
1.46277
1.48601
1.52329
1.65081
1.8741
1.18481
1.08682
1.03819
1.00057
0.990275
0.992742
0.999231
1.00236
0.998866
0.994082
0.997362
0.999608
1.01406
1.04383
1.06737
1.10028
1.13412
1.16743
1.20158
1.23564
1.27175
1.30989
1.34821
1.38714
1.42194
1.45314
1.47542
1.5176
1.66228
1.90191
1.1961
1.10077
1.05031
1.00786
0.99201
0.99166
0.996675
1.00034
0.998619
0.993242
0.994969
0.995537
1.0088
1.03682
1.06067
1.09236
1.12498
1.15754
1.19185
1.2262
1.26248
1.29862
1.33689
1.37495
1.41122
1.44267
1.46476
1.51144
1.66845
1.92668
1.20337
1.11564
1.06808
1.02199
0.996128
0.991772
0.995377
0.998894
0.998109
0.992459
0.992206
0.991995
1.00245
1.02913
1.05421
1.08652
1.11628
1.14859
1.18119
1.21554
1.25129
1.28768
1.32507
1.3625
1.39898
1.43021
1.4537
1.50732
1.68235
1.94611
1.20324
1.12814
1.08396
1.03713
1.0024
0.992573
0.995092
0.998267
0.998051
0.991395
0.988635
0.988464
0.998479
1.02151
1.04625
1.08001
1.10855
1.1395
1.17102
1.20444
1.2392
1.27533
1.31267
1.34965
1.38501
1.41631
1.44212
1.50503
1.69181
1.96416
1.19899
1.13576
1.09407
1.05292
1.01353
0.9945
0.995101
0.997546
0.997768
0.990309
0.985754
0.986254
0.997198
1.01544
1.03802
1.0717
1.09961
1.13024
1.16081
1.19324
1.22734
1.26271
1.29953
1.3364
1.37139
1.40251
1.43003
1.50641
1.70573
1.98104
1.18951
1.14319
1.10414
1.07127
1.02754
0.998301
0.995031
0.996545
0.9969
0.989571
0.984588
0.985887
0.996305
1.01014
1.03036
1.06267
1.09002
1.12028
1.15031
1.1824
1.21588
1.25042
1.28629
1.32225
1.35673
1.38853
1.4201
1.51187
1.71243
1.98059
1.17959
1.14178
1.10771
1.08445
1.05079
1.00706
0.994509
0.995107
0.995404
0.988822
0.983434
0.985211
0.994469
1.00402
1.02349
1.05411
1.07952
1.11007
1.13977
1.1713
1.20441
1.23812
1.27314
1.30853
1.34269
1.37417
1.40886
1.52517
1.72589
1.98347
1.17167
1.13547
1.10909
1.09875
1.07527
1.02171
0.995515
0.992593
0.992672
0.987079
0.981439
0.983
0.991109
0.998234
1.01651
1.04537
1.06959
1.09966
1.1289
1.1601
1.19246
1.22539
1.25949
1.29407
1.32737
1.35966
1.40156
1.54345
1.72839
1.97845
1.16882
1.12865
1.11147
1.10463
1.0932
1.04835
1.00179
0.991525
0.990152
0.985875
0.979499
0.981858
0.987535
0.991714
1.01004
1.03706
1.05979
1.08944
1.11763
1.1483
1.17988
1.21222
1.24557
1.27956
1.31234
1.34507
1.39547
1.56716
1.73135
1.96114
1.17064
1.12435
1.11325
1.10866
1.10769
1.07651
1.01868
0.99287
0.987923
0.985189
0.979261
0.981315
0.984169
0.986377
1.00408
1.02798
1.05038
1.07978
1.10614
1.13604
1.16666
1.19847
1.23132
1.26426
1.29603
1.33018
1.39742
1.5959
1.73105
1.94103
1.17698
1.12624
1.11316
1.10926
1.11041
1.09727
1.04763
1.00035
0.987965
0.984778
0.979968
0.980044
0.98092
0.980428
0.996819
1.01877
1.04007
1.06927
1.09468
1.12353
1.15303
1.18387
1.21622
1.24835
1.27995
1.31771
1.40946
1.62751
1.7272
1.9136
1.18819
1.1319
1.11253
1.10894
1.10884
1.10896
1.07762
1.01727
0.990048
0.985011
0.980408
0.977792
0.976481
0.975734
0.991969
1.00931
1.03062
1.05985
1.08422
1.11268
1.14125
1.17104
1.20228
1.23344
1.26477
1.30483
1.43288
1.65803
1.72035
1.88126
1.19213
1.14091
1.11603
1.10971
1.11015
1.11532
1.10909
1.0666
1.01299
0.988793
0.979001
0.9727
0.970803
0.970414
0.983902
0.995034
1.01635
1.0437
1.06656
1.09427
1.12097
1.14931
1.17857
1.20845
1.24157
1.30938
1.4968
1.68385
1.69997
1.81377
)
;

boundaryField
{
    inlet
    {
        type            fixedValue;
        value           uniform 1;
    }
    outlet
    {
        type            inletOutlet;
        inletValue      uniform 1;
        value           nonuniform List<scalar> 
60
(
1.19216
1.1409
1.116
1.10968
1.11013
1.11531
1.10908
1.06658
1.01295
0.988749
0.978952
0.972655
0.970765
0.97038
0.983883
0.995017
1.01634
1.04368
1.06654
1.09425
1.12094
1.14927
1.17852
1.20841
1.2415
1.3092
1.49634
1.68355
1.69983
1.81385
1.28006
1.39408
1.47614
1.50025
1.47237
1.38063
1.18868
0.952643
0.643094
0.630368
0.658003
0.681826
0.707579
0.726751
0.762835
0.790893
0.820753
0.856442
0.89028
0.927277
0.96481
1.0036
1.04536
1.09426
1.14038
1.15401
1.14312
1.0922
1.02337
1.00158
)
;
    }
    airfoil
    {
        type            zeroGradient;
    }
    top
    {
        type            symmetryPlane;
    }
    bottom
    {
        type            symmetryPlane;
    }
    defaultFaces
    {
        type            empty;
    }
}


// ************************************************************************* //
