/*--------------------------------*- C++ -*----------------------------------*\
  =========                 |
  \\      /  F ield         | OpenFOAM: The Open Source CFD Toolbox
   \\    /   O peration     | Website:  https://openfoam.org
    \\  /    A nd           | Version:  7
     \\/     M anipulation  |
\*---------------------------------------------------------------------------*/
FoamFile
{
    version     2.0;
    format      ascii;
    class       volScalarField;
    location    "1.6";
    object      p;
}
// * * * * * * * * * * * * * * * * * * * * * * * * * * * * * * * * * * * * * //

dimensions      [1 -1 -2 0 0 0 0];

internalField   nonuniform List<scalar> 
11200
(
0.135131
0.22046
0.309386
0.382903
0.4473
0.513635
0.544472
0.596233
0.65068
0.696564
0.745281
0.810423
0.853749
0.869692
0.867307
0.868623
0.972085
1.05259
1.13193
1.21401
1.2273
1.22502
1.20635
1.10761
1.03078
1.01132
0.980433
0.934231
0.902866
0.862635
0.0480208
0.0485331
0.0567287
0.0861509
0.129314
0.193838
0.301152
0.402427
0.547953
0.730014
0.851101
0.877839
0.857002
0.842409
0.823657
0.823089
0.911489
1.00571
1.10089
1.17232
1.2219
1.25783
1.213
1.10314
1.03146
0.998001
0.990804
0.941247
0.911003
0.863947
0.0467508
0.0467851
0.0472242
0.0473155
0.0474242
0.0469974
0.0520508
0.0672614
0.120947
0.265006
0.54946
0.755889
0.826086
0.854803
0.853735
0.811099
0.852715
0.932119
1.01239
1.15833
1.25769
1.26524
1.21164
1.10751
1.03569
1.00472
1.01061
0.962677
0.916928
0.858604
0.0477357
0.0482034
0.0486875
0.0490487
0.0494078
0.0499134
0.0507087
0.0505467
0.0498961
0.049167
0.0785843
0.24836
0.503132
0.776294
0.892277
0.832917
0.823572
0.843608
0.946071
1.16297
1.29012
1.28002
1.21595
1.11129
1.04025
1.01488
1.01135
0.963478
0.910739
0.857728
0.049512
0.0497303
0.0500501
0.0502491
0.0503275
0.0505043
0.0505336
0.0501501
0.0495261
0.0492296
0.0491716
0.0489055
0.0734968
0.202319
0.521484
0.719599
0.759992
0.767455
0.864373
1.21997
1.37039
1.32889
1.22959
1.12217
1.05406
1.04474
1.02627
0.99309
0.927282
0.857954
0.0495347
0.0495164
0.0496229
0.0497475
0.0495322
0.0491785
0.0490039
0.048704
0.0484649
0.0486033
0.0488302
0.0487471
0.0484745
0.0479017
0.0693233
0.262604
0.500785
0.5349
0.613315
0.868012
1.14573
1.2617
1.23509
1.15124
1.08812
1.08466
1.08076
1.00013
0.913616
0.838513
0.0477987
0.0475917
0.0473975
0.0471104
0.0466625
0.0460673
0.0458103
0.0458524
0.0464495
0.047681
0.0485577
0.0488373
0.0487156
0.0488191
0.0487112
0.0487689
0.0931193
0.107889
0.111495
0.161608
0.387533
0.843616
1.14854
1.14664
1.10267
1.09363
1.08747
1.02568
0.940805
0.854843
0.0449979
0.0450447
0.0450844
0.0449853
0.0448161
0.0447493
0.0448157
0.0451314
0.0462149
0.0478515
0.0488859
0.0494464
0.0498347
0.0506396
0.0518341
0.0529817
0.054319
0.0582046
0.068923
0.0947181
0.121337
0.205147
0.570775
0.978323
1.10946
1.12311
1.09435
1.02704
0.932026
0.847224
0.0447399
0.0450596
0.0453637
0.0455883
0.0458956
0.046458
0.0467845
0.0472335
0.048587
0.0496677
0.050446
0.0515362
0.0527511
0.0539388
0.0552981
0.0568254
0.0593662
0.0649545
0.0792338
0.103257
0.137147
0.162031
0.185002
0.449428
0.89914
1.07958
1.09466
1.05046
0.943817
0.854442
0.0480199
0.048878
0.0498851
0.0510328
0.0521636
0.0533483
0.0538183
0.0540345
0.0541947
0.0544098
0.0551727
0.0573291
0.0594552
0.0608836
0.0626808
0.0651068
0.0676747
0.0722541
0.0838916
0.105903
0.136757
0.165112
0.186273
0.209177
0.402707
0.793376
0.967374
0.960018
0.908965
0.847275
0.0532492
0.0547007
0.0561029
0.0574954
0.0592214
0.0602787
0.0604662
0.0602259
0.0601955
0.0610431
0.0634364
0.0674692
0.0723344
0.0770396
0.0800382
0.0822466
0.0846352
0.0873713
0.0922872
0.106889
0.136805
0.165158
0.191411
0.219184
0.233007
0.303985
0.514486
0.715887
0.81663
0.816067
0.0637585
0.0649406
0.0666394
0.0685714
0.0712786
0.0738452
0.0743323
0.0742863
0.0744882
0.0756333
0.0782868
0.0826254
0.0880716
0.0922283
0.0938474
0.0952634
0.0977359
0.102489
0.111617
0.127644
0.156348
0.188696
0.207583
0.225636
0.253084
0.266111
0.273928
0.32742
0.447974
0.645979
0.0805496
0.0825797
0.0853207
0.0878568
0.0910176
0.0941497
0.0946392
0.0941188
0.0931743
0.0932633
0.0944786
0.0979249
0.102113
0.102403
0.102526
0.104192
0.108936
0.117509
0.131521
0.155215
0.18643
0.220596
0.245381
0.258605
0.277233
0.293228
0.298698
0.296928
0.294689
0.368148
0.101414
0.102251
0.103268
0.104914
0.107979
0.112124
0.113196
0.112877
0.111431
0.111258
0.112268
0.116467
0.122305
0.125295
0.127297
0.130382
0.134809
0.139649
0.14874
0.168289
0.197935
0.232853
0.261827
0.280779
0.298655
0.311977
0.315925
0.314568
0.308267
0.323695
0.129924
0.130137
0.130727
0.132197
0.134424
0.13846
0.141938
0.142288
0.140323
0.139277
0.140079
0.144172
0.151446
0.156103
0.157501
0.158944
0.161845
0.166069
0.172551
0.183453
0.203934
0.234757
0.264791
0.292849
0.323682
0.334935
0.339993
0.343965
0.338429
0.343729
0.166473
0.16449
0.164149
0.164685
0.165512
0.168094
0.173823
0.175957
0.174457
0.172258
0.172256
0.173439
0.177048
0.180713
0.183036
0.185594
0.190246
0.197915
0.208479
0.223395
0.244644
0.271184
0.295224
0.314096
0.333822
0.356363
0.369241
0.37428
0.376541
0.39039
0.219019
0.215223
0.207385
0.205501
0.205635
0.207249
0.211856
0.218821
0.221847
0.220585
0.217095
0.216664
0.218719
0.224422
0.229278
0.231233
0.233764
0.238331
0.245524
0.259373
0.283992
0.317649
0.349991
0.371918
0.394688
0.41412
0.419744
0.418626
0.413676
0.430049
0.280474
0.281169
0.278949
0.267872
0.260308
0.25993
0.261536
0.267047
0.274727
0.277391
0.275429
0.271558
0.271411
0.273484
0.276543
0.279162
0.282126
0.28656
0.292718
0.302051
0.31703
0.340294
0.367234
0.388122
0.412459
0.435905
0.445616
0.450085
0.450439
0.468176
0.355068
0.355657
0.355977
0.354584
0.34479
0.335117
0.332867
0.333246
0.336353
0.342134
0.344587
0.342386
0.33961
0.340228
0.341955
0.342254
0.341998
0.345388
0.35226
0.359985
0.371776
0.391318
0.414956
0.434897
0.453806
0.477657
0.489576
0.494942
0.5021
0.527119
0.44875
0.443565
0.441903
0.441755
0.441132
0.437124
0.429017
0.425596
0.42443
0.423807
0.425051
0.426265
0.423231
0.420616
0.420171
0.41871
0.415332
0.415907
0.418781
0.422866
0.431938
0.450522
0.474487
0.496615
0.522797
0.54753
0.554542
0.557544
0.564114
0.593943
0.568472
0.566646
0.56581
0.564921
0.558586
0.540724
0.531691
0.532333
0.535886
0.535549
0.530564
0.526529
0.522462
0.51578
0.510069
0.506389
0.501755
0.499703
0.50217
0.503949
0.507415
0.516232
0.5296
0.545907
0.57125
0.599856
0.609427
0.616766
0.627202
0.66249
0.718586
0.718764
0.717224
0.711482
0.702344
0.691741
0.67823
0.668792
0.669059
0.668014
0.660533
0.648372
0.6417
0.636299
0.627915
0.61846
0.609445
0.606095
0.606908
0.605319
0.604372
0.610431
0.621754
0.637488
0.664012
0.688028
0.694546
0.69829
0.70963
0.749116
0.941448
0.936484
0.927645
0.917235
0.908968
0.892972
0.883067
0.874508
0.865288
0.856285
0.843047
0.828246
0.815073
0.802029
0.789699
0.776473
0.763682
0.756625
0.75254
0.746674
0.743273
0.742681
0.744305
0.750491
0.766977
0.783642
0.789626
0.790496
0.798829
0.837625
1.24571
1.23655
1.22733
1.21895
1.20943
1.18707
1.17158
1.159
1.14054
1.12405
1.10625
1.08141
1.05998
1.04166
1.02312
1.00343
0.98359
0.967442
0.955053
0.943635
0.932547
0.923321
0.915875
0.91014
0.906558
0.903436
0.897806
0.888853
0.891878
0.919799
1.42774
1.42127
1.41122
1.39999
1.39228
1.38166
1.36604
1.35298
1.33961
1.32334
1.30555
1.2844
1.26418
1.24514
1.22498
1.20355
1.18066
1.15975
1.1401
1.12025
1.10163
1.08478
1.0693
1.05398
1.03742
1.01369
0.986741
0.96624
0.96429
0.975579
1.42399
1.41875
1.41496
1.40944
1.40028
1.39169
1.38127
1.36811
1.35551
1.34222
1.32706
1.31014
1.29269
1.27599
1.25778
1.23776
1.21686
1.19578
1.17474
1.15257
1.13023
1.10917
1.0881
1.06615
1.04411
1.02778
1.01085
0.997532
0.994912
0.996659
1.28723
1.28659
1.28656
1.28687
1.28566
1.28286
1.27859
1.27206
1.26601
1.26013
1.25267
1.24425
1.23437
1.223
1.2102
1.19556
1.17993
1.16328
1.14554
1.1271
1.10783
1.08806
1.06837
1.04917
1.03111
1.01585
1.00504
1.00056
0.999787
0.999848
1.07269
1.074
1.07598
1.07828
1.07966
1.08053
1.08135
1.08223
1.08323
1.0842
1.08456
1.0847
1.08419
1.08259
1.07999
1.07649
1.07191
1.06612
1.05912
1.05114
1.0424
1.0332
1.024
1.01547
1.00842
1.00338
1.00083
1.00008
0.999999
0.999998
1.00409
1.00424
1.00445
1.0047
1.00499
1.00527
1.00555
1.00586
1.00621
1.00659
1.00697
1.00732
1.00765
1.00788
1.00801
1.00798
1.00781
1.00739
1.00673
1.00584
1.00476
1.00356
1.00237
1.00134
1.0006
1.00018
1.00003
1
1
1
1.00005
1.00005
1.00006
1.00006
1.00007
1.00007
1.00008
1.00009
1.0001
1.00011
1.00012
1.00013
1.00014
1.00016
1.00017
1.00018
1.00018
1.00018
1.00017
1.00015
1.00012
1.00009
1.00005
1.00003
1.00001
1
1
1
1
1
1
1
1
1
1
1
1
1
1
1
1
1
1
1
1
1
1
1
1
1
1
1
1
1
1
1
1
1
1
1
1
1
1
1
1
1
1
1
1
1
1
1
1
1
1
1
1
1
1
1
1
1
1
1
1
1
1
1
1
1
1
1
1
1
1
1
1
1
1
1
1
1
1
1
1
1
1
1
1
1
1
1
1
1
1
1
1
1
1
1
1
1
1
1
1
1
1
1
1
1
1
1
1
1
1
1
1
1
1
1
1
1
1
1
1
1
1
1
1
1
1
1
1
1
1
1
1
1
1
1
1
1
1
1
1
1
1
1
1
1
1
1
1
1
1
1
1
1
1
1
0.0508278
0.049331
0.0472558
0.0474677
0.0494017
0.0496007
0.0480281
0.0448748
0.0444976
0.0472195
0.0515497
0.0628032
0.0791454
0.10068
0.129912
0.170076
0.219522
0.279354
0.353105
0.45349
0.57554
0.726574
0.956095
1.26732
1.43854
1.4319
1.28663
1.06954
1.00384
1.00005
1
1
1
1
1
0.050555
0.0486383
0.0477609
0.0478284
0.0498316
0.0493158
0.0474693
0.0443197
0.0447034
0.0474761
0.0514981
0.0650349
0.0821394
0.105817
0.136995
0.177104
0.226274
0.285699
0.363041
0.472885
0.604081
0.773925
1.01545
1.32166
1.45889
1.43845
1.26649
1.05577
1.00247
1.00003
1
1
1
1
1
0.0495816
0.0478045
0.0480458
0.0479681
0.0500143
0.0491885
0.0472177
0.0442888
0.0456574
0.0482372
0.0514437
0.0671667
0.0851213
0.108872
0.139241
0.178413
0.227329
0.28743
0.3749
0.495251
0.631385
0.811335
1.0642
1.36728
1.47556
1.44308
1.25057
1.04622
1.00177
1.00002
1
1
1
1
1
0.0492383
0.0476959
0.0477874
0.0475519
0.0499074
0.0489692
0.0472411
0.0446705
0.0465175
0.0507332
0.053841
0.0713075
0.0887649
0.112155
0.142076
0.179929
0.228167
0.302511
0.408944
0.524222
0.668903
0.851778
1.11679
1.41185
1.49044
1.44536
1.23107
1.037
1.00122
1.00001
1
1
1
1
1
0.0493254
0.0476441
0.0469626
0.0465894
0.0494258
0.048823
0.0473118
0.0449773
0.0464288
0.052272
0.0580453
0.0750174
0.0928837
0.116807
0.147273
0.186677
0.247429
0.336193
0.432498
0.551181
0.700971
0.890617
1.17094
1.44819
1.50329
1.44172
1.20905
1.02904
1.00082
1.00001
1
1
1
1
1
0.0494666
0.0474762
0.0460945
0.0457659
0.049004
0.0489735
0.047438
0.0450502
0.0459561
0.0537988
0.0608578
0.0774641
0.0981579
0.124992
0.160378
0.20854
0.272787
0.3518
0.449009
0.574247
0.726496
0.933046
1.22576
1.47902
1.51455
1.43476
1.18586
1.02215
1.00054
1
1
1
1
1
1
0.0496428
0.0472469
0.0454123
0.0454273
0.048752
0.0491778
0.047684
0.0452054
0.0459509
0.0551382
0.0631335
0.0800377
0.103243
0.132974
0.170593
0.219989
0.281064
0.358418
0.462181
0.593857
0.756307
0.982079
1.28163
1.50703
1.52467
1.4237
1.16242
1.01659
1.00035
1
1
1
1
1
1
0.0502221
0.0471671
0.0450418
0.0454009
0.0486264
0.0491369
0.0477135
0.0456209
0.0464547
0.0556935
0.0646525
0.0815757
0.105551
0.136111
0.174679
0.223666
0.284596
0.362541
0.477278
0.61871
0.800865
1.03453
1.33922
1.53151
1.53443
1.40851
1.13904
1.01203
1.00022
1
1
1
1
1
1
0.050786
0.0477942
0.0451008
0.0457016
0.0486866
0.0484522
0.0470397
0.0457662
0.0467964
0.0556549
0.0652149
0.0817764
0.105876
0.13645
0.175492
0.224444
0.287851
0.381899
0.509745
0.66495
0.85122
1.09183
1.39622
1.55158
1.54123
1.38678
1.11623
1.00852
1.00014
1
1
1
1
1
1
0.051028
0.0482551
0.0458594
0.0470783
0.04919
0.0477581
0.0458434
0.045232
0.0470305
0.0544601
0.06544
0.0810905
0.105064
0.135445
0.175949
0.231258
0.31408
0.427317
0.55495
0.712574
0.896717
1.15383
1.44875
1.5663
1.54364
1.36176
1.09479
1.00583
1.00008
1
1
1
1
1
1
0.0508356
0.0483037
0.0479669
0.0494712
0.0499008
0.0473457
0.0446924
0.0444796
0.0480753
0.0540046
0.0662711
0.082627
0.108415
0.143909
0.196352
0.265546
0.352706
0.455957
0.586926
0.742865
0.943259
1.21525
1.49456
1.57644
1.54102
1.33073
1.07465
1.00387
1.00005
1
1
1
1
1
1
0.0501923
0.0482892
0.0499163
0.0514234
0.0503539
0.0473087
0.0440635
0.0440119
0.0499301
0.0569998
0.0726095
0.0927297
0.124145
0.165357
0.218355
0.285674
0.368003
0.475175
0.60953
0.775508
0.996241
1.27712
1.53436
1.58418
1.53133
1.29845
1.05831
1.00253
1.00003
1
1
1
1
1
1
0.0493718
0.0484551
0.0504536
0.0522307
0.0506696
0.0475495
0.0439266
0.0439373
0.0520408
0.0629572
0.080653
0.102397
0.134949
0.175088
0.225606
0.292593
0.378127
0.490355
0.635925
0.820087
1.05329
1.34591
1.56774
1.59266
1.52221
1.2665
1.0439
1.00159
1.00002
1
1
1
1
1
1
0.0490721
0.0489073
0.050418
0.0523366
0.0509688
0.0480755
0.0444443
0.0445814
0.0540089
0.0660354
0.0838079
0.106481
0.139269
0.17917
0.229629
0.295853
0.388361
0.515059
0.677028
0.88142
1.12209
1.41383
1.5925
1.60121
1.50911
1.22894
1.0318
1.00097
1.00001
1
1
1
1
1
1
0.0494256
0.0498251
0.0497859
0.0516632
0.0510089
0.0485925
0.0460799
0.0455356
0.054821
0.0668283
0.0843925
0.10831
0.141611
0.181961
0.234453
0.310275
0.423078
0.567249
0.741699
0.939096
1.19209
1.47109
1.60981
1.60624
1.47984
1.19214
1.02239
1.00057
1
1
1
1
1
1
1
0.0504045
0.0505753
0.0488694
0.0508027
0.0501775
0.0484612
0.0465089
0.0459698
0.0548169
0.0670269
0.0836453
0.109762
0.145088
0.192204
0.26258
0.358972
0.473239
0.614947
0.787283
0.993235
1.25701
1.52342
1.62239
1.60586
1.45118
1.15918
1.01546
1.00033
1
1
1
1
1
1
1
0.0519813
0.0509513
0.0480191
0.0500708
0.0493813
0.0480376
0.0460696
0.0457584
0.0542702
0.0672819
0.086004
0.119468
0.165107
0.222055
0.295054
0.386647
0.500042
0.647237
0.827874
1.05523
1.32948
1.57074
1.63018
1.59969
1.4186
1.1269
1.01011
1.00019
1
1
1
1
1
1
1
0.0529426
0.0508548
0.04756
0.0498487
0.0486168
0.0475535
0.0455638
0.0454622
0.0561687
0.0717318
0.0980008
0.132056
0.179293
0.23579
0.307081
0.399776
0.524347
0.681887
0.878643
1.12755
1.40439
1.60447
1.63472
1.59304
1.37656
1.09808
1.00647
1.0001
1
1
1
1
1
1
1
0.0528732
0.0499574
0.0482134
0.0508105
0.0482119
0.0471273
0.045802
0.0468342
0.0630394
0.0801946
0.103295
0.13556
0.182989
0.240417
0.313843
0.411948
0.551977
0.73027
0.948611
1.20115
1.47126
1.62856
1.63895
1.57695
1.33347
1.07377
1.00396
1.00005
1
1
1
1
1
1
1
0.0507952
0.0486082
0.0500406
0.0520544
0.0481684
0.0467345
0.0465238
0.0504421
0.067279
0.082796
0.105033
0.137189
0.184123
0.242299
0.323149
0.44883
0.612261
0.801218
1.02444
1.28188
1.53626
1.64589
1.64383
1.55264
1.28851
1.05311
1.00234
1.00003
1
1
1
1
1
1
1
0.0481513
0.0480854
0.051464
0.0524827
0.0482995
0.046259
0.0467706
0.0521064
0.0677926
0.0841337
0.107194
0.141766
0.191001
0.264856
0.376998
0.519903
0.678672
0.871811
1.10065
1.36629
1.58802
1.65628
1.64558
1.53078
1.24363
1.03725
1.00133
1.00001
1
1
1
1
1
1
1
0.0471349
0.0483781
0.0521393
0.0513728
0.0474021
0.0446134
0.0459392
0.0531252
0.0669946
0.0868804
0.117144
0.164453
0.231746
0.320043
0.429401
0.560806
0.724188
0.927758
1.17483
1.43901
1.6235
1.66203
1.64063
1.49691
1.19854
1.02458
1.00072
1.00001
1
1
1
1
1
1
1
0.047211
0.0494977
0.0520282
0.0477663
0.0440018
0.0419324
0.0433629
0.0559673
0.0706955
0.0989903
0.141167
0.193195
0.262332
0.346733
0.453867
0.589819
0.76875
0.994466
1.25452
1.50902
1.6509
1.66565
1.63616
1.45293
1.15667
1.0158
1.00038
1
1
1
1
1
1
1
1
0.0484532
0.0502113
0.0504536
0.045663
0.0428029
0.0410959
0.0424524
0.0607605
0.0827023
0.115412
0.156403
0.207814
0.274484
0.35981
0.473888
0.62974
0.837494
1.08081
1.34681
1.57654
1.66836
1.669
1.62034
1.41041
1.12062
1.00977
1.00019
1
1
1
1
1
1
1
1
0.0514543
0.0508464
0.0489378
0.0451532
0.0428108
0.0414148
0.0442577
0.0664461
0.0902887
0.120626
0.159053
0.211426
0.280367
0.374503
0.514218
0.709486
0.932016
1.18256
1.43813
1.62307
1.67616
1.67168
1.59651
1.359
1.0873
1.00555
1.00009
1
1
1
1
1
1
1
1
0.0547075
0.0516645
0.0485346
0.0451387
0.0436968
0.0452089
0.0503198
0.0696648
0.0912645
0.120544
0.156414
0.211281
0.299072
0.432421
0.600645
0.79565
1.0172
1.27086
1.51066
1.65294
1.67877
1.67228
1.5754
1.30377
1.06101
1.0031
1.00004
1
1
1
1
1
1
1
1
0.0560283
0.0516578
0.0496558
0.0477313
0.0456182
0.047492
0.053885
0.0706313
0.0895541
0.118469
0.158522
0.239734
0.369143
0.506252
0.667049
0.860355
1.09791
1.3592
1.5775
1.67358
1.68007
1.66017
1.53638
1.2479
1.04016
1.00161
1.00002
1
1
1
1
1
1
1
1
0.0550711
0.0507124
0.0538266
0.0515412
0.0464021
0.047131
0.0552099
0.072065
0.0933909
0.131042
0.202518
0.307726
0.420521
0.551159
0.719785
0.936228
1.19853
1.45627
1.63299
1.68586
1.68429
1.64493
1.4837
1.1956
1.02545
1.00081
1.00001
1
1
1
1
1
1
1
1
0.0520339
0.0499727
0.0558464
0.052034
0.0455076
0.0443256
0.0563126
0.0753965
0.115159
0.172219
0.250522
0.340428
0.450369
0.595107
0.79145
1.04324
1.31023
1.54225
1.66659
1.69175
1.69004
1.63985
1.4467
1.15249
1.01559
1.00039
1
1
1
1
1
1
1
1
1
0.0503146
0.04997
0.0555678
0.0512698
0.0444154
0.043973
0.0634682
0.094879
0.143663
0.198153
0.267747
0.35812
0.486377
0.671514
0.901659
1.15808
1.41269
1.60639
1.68518
1.6944
1.69111
1.63272
1.39503
1.10575
1.00801
1.00016
1
1
1
1
1
1
1
1
1
0.0500934
0.051243
0.0533793
0.0477821
0.0450161
0.049381
0.0796113
0.1117
0.156445
0.206645
0.274241
0.387501
0.571954
0.777003
1.00829
1.26112
1.50439
1.65435
1.69611
1.69649
1.68137
1.5781
1.31444
1.06886
1.00408
1.00007
1
1
1
1
1
1
1
1
1
0.0521208
0.0556576
0.0509935
0.043826
0.0464825
0.0567254
0.0855433
0.116061
0.157454
0.211603
0.300024
0.479215
0.670995
0.870288
1.10817
1.3696
1.58692
1.68641
1.70279
1.70026
1.66608
1.53541
1.26113
1.04739
1.00219
1.00003
1
1
1
1
1
1
1
1
1
0.0576273
0.0583987
0.0493824
0.0412432
0.0460529
0.0604869
0.0851649
0.11681
0.156569
0.241507
0.398802
0.57346
0.748961
0.965018
1.22729
1.48184
1.64948
1.70377
1.7078
1.70374
1.66111
1.50529
1.21009
1.02822
1.00094
1.00001
1
1
1
1
1
1
1
1
1
0.0615238
0.057826
0.0465392
0.0393164
0.0430508
0.0648075
0.0845448
0.122198
0.203047
0.329348
0.4758
0.633836
0.831919
1.09065
1.35851
1.57282
1.68657
1.71032
1.71053
1.70484
1.66199
1.45444
1.14266
1.01355
1.00035
1
1
1
1
1
1
1
1
1
1
0.060602
0.0507597
0.0436019
0.0382607
0.0431557
0.0722494
0.107339
0.172418
0.269559
0.384593
0.521227
0.706512
0.964661
1.23165
1.47465
1.64038
1.70543
1.71206
1.70973
1.69708
1.61378
1.35739
1.09091
1.00677
1.00014
1
1
1
1
1
1
1
1
1
1
0.0518718
0.0449728
0.0430117
0.0407648
0.0546008
0.0910926
0.14107
0.21198
0.30543
0.422688
0.586277
0.847406
1.11697
1.36691
1.57362
1.68664
1.71407
1.71357
1.7075
1.67822
1.55544
1.2903
1.06074
1.00336
1.00005
1
1
1
1
1
1
1
1
1
1
0.0465813
0.0416672
0.0431365
0.0491594
0.073089
0.109004
0.160192
0.23232
0.334139
0.489288
0.739413
1.01432
1.26237
1.49045
1.64868
1.71174
1.71896
1.71734
1.70718
1.66413
1.51853
1.23368
1.03528
1.00137
1.00002
1
1
1
1
1
1
1
1
1
1
0.0460391
0.0405311
0.0434756
0.0559401
0.0837252
0.114926
0.170005
0.260838
0.413896
0.644613
0.910269
1.15997
1.40158
1.59088
1.69558
1.72267
1.72411
1.72282
1.71293
1.66307
1.47264
1.15794
1.01636
1.00047
1.00001
1
1
1
1
1
1
1
1
1
1
0.0497879
0.0413904
0.0424069
0.0553571
0.0836631
0.115377
0.197123
0.355048
0.565534
0.80375
1.0492
1.30406
1.5292
1.66211
1.72081
1.72743
1.72715
1.72516
1.7149
1.64245
1.37257
1.09204
1.00684
1.00015
1
1
1
1
1
1
1
1
1
1
1
0.0599656
0.0403419
0.0422302
0.050322
0.0769912
0.149564
0.303165
0.486716
0.699327
0.937999
1.20465
1.46153
1.63076
1.70388
1.73317
1.7304
1.72904
1.72486
1.6989
1.5597
1.27623
1.05417
1.00289
1.00005
1
1
1
1
1
1
1
1
1
1
1
0.0637867
0.0379994
0.0426224
0.0502422
0.0991655
0.243963
0.409548
0.601136
0.834855
1.11178
1.39615
1.59295
1.69553
1.72321
1.74032
1.73372
1.73116
1.72128
1.67192
1.50183
1.20974
1.02969
1.00111
1.00001
1
1
1
1
1
1
1
1
1
1
1
0.0594058
0.032318
0.0394542
0.0731788
0.188274
0.338654
0.509037
0.747204
1.03845
1.33369
1.55538
1.67952
1.72718
1.73143
1.74563
1.73759
1.73542
1.71852
1.65132
1.44231
1.13593
1.01245
1.00033
1
1
1
1
1
1
1
1
1
1
1
1
0.0523833
0.0287324
0.0389005
0.128719
0.269827
0.429906
0.672565
0.978352
1.27835
1.51535
1.6618
1.72704
1.73929
1.73596
1.74982
1.74134
1.73969
1.72432
1.63006
1.33348
1.06795
1.00414
1.00008
1
1
1
1
1
1
1
1
1
1
1
1
0.0308829
0.0320496
0.0692404
0.200793
0.363757
0.60339
0.92695
1.23404
1.47815
1.64279
1.72521
1.74855
1.74455
1.73881
1.75327
1.74597
1.74098
1.71578
1.53803
1.21306
1.03066
1.00127
1.00002
1
1
1
1
1
1
1
1
1
1
1
1
0.0185235
0.0441685
0.133655
0.294571
0.534529
0.88314
1.20049
1.45653
1.6286
1.72229
1.75491
1.75699
1.74793
1.74175
1.75674
1.74931
1.73688
1.65708
1.42233
1.13195
1.01291
1.00035
1
1
1
1
1
1
1
1
1
1
1
1
1
0.0101597
0.0627754
0.21941
0.487595
0.853567
1.18491
1.44921
1.62739
1.71961
1.75783
1.76562
1.76226
1.74939
1.746
1.76204
1.7484
1.7232
1.60642
1.33091
1.07062
1.0042
1.00008
1
1
1
1
1
1
1
1
1
1
1
1
1
0.00260948
0.0973217
0.424993
0.824556
1.19131
1.46137
1.63728
1.72346
1.75801
1.76958
1.77031
1.76468
1.75023
1.75169
1.77018
1.74658
1.71103
1.55416
1.21684
1.02691
1.00098
1.00001
1
1
1
1
1
1
1
1
1
1
1
1
1
0.0337798
0.321684
0.786298
1.20855
1.49232
1.6589
1.7338
1.75979
1.77109
1.77456
1.77292
1.76551
1.75217
1.75801
1.77846
1.7465
1.69762
1.43115
1.10352
1.00749
1.00017
1
1
1
1
1
1
1
1
1
1
1
1
1
1
0.192782
0.685642
1.2377
1.55021
1.69567
1.74922
1.76619
1.77145
1.77648
1.7782
1.77499
1.76627
1.75665
1.76946
1.78529
1.74579
1.61224
1.26489
1.03956
1.00156
1.00002
1
1
1
1
1
1
1
1
1
1
1
1
1
1
0.778997
1.30782
1.62959
1.73965
1.76911
1.77605
1.77648
1.77759
1.78097
1.7817
1.77753
1.76803
1.77017
1.78726
1.79023
1.72156
1.48302
1.13768
1.01045
1.00016
1
1
1
1
1
1
1
1
1
1
1
1
1
1
1
1.78529
1.78544
1.7875
1.78798
1.7868
1.78547
1.78404
1.78315
1.78638
1.788
1.78448
1.78115
1.78659
1.80186
1.79306
1.65488
1.34254
1.04075
0.999482
0.999947
0.999999
1
1
1
1
1
1
1
1
1
1
1
1
1
1
1.79129
1.79242
1.79649
1.79832
1.7974
1.79571
1.7921
1.78855
1.79117
1.79818
1.80113
1.80173
1.79613
1.80423
1.79994
1.66509
1.30604
1.04161
1.00129
1.00001
1
1
1
1
1
1
1
1
1
1
1
1
1
1
1
1.8044
1.80377
1.80799
1.81078
1.80998
1.80834
1.80325
1.79803
1.79677
1.80546
1.81346
1.81937
1.8077
1.79903
1.79696
1.59809
1.19772
1.01451
1.0002
1
1
1
1
1
1
1
1
1
1
1
1
1
1
1
1
1.81598
1.8163
1.82007
1.82232
1.8212
1.81979
1.81457
1.80865
1.80807
1.81377
1.82495
1.83331
1.82172
1.79481
1.777
1.53289
1.13693
1.00714
1.00008
1
1
1
1
1
1
1
1
1
1
1
1
1
1
1
1
1.82644
1.82704
1.83014
1.83172
1.83111
1.83069
1.82692
1.82056
1.81884
1.82344
1.8362
1.84425
1.83519
1.79327
1.75238
1.44462
1.07951
1.00272
1.00002
1
1
1
1
1
1
1
1
1
1
1
1
1
1
1
1
1.83641
1.83663
1.83802
1.83847
1.83832
1.8387
1.83681
1.83264
1.83091
1.83456
1.84441
1.85174
1.8444
1.79578
1.72221
1.33612
1.04402
1.00106
1.00001
1
1
1
1
1
1
1
1
1
1
1
1
1
1
1
1
1.84389
1.84376
1.84337
1.84277
1.84252
1.84348
1.84448
1.84344
1.84072
1.83952
1.84706
1.8556
1.84905
1.79346
1.66123
1.23863
1.02069
1.00034
1
1
1
1
1
1
1
1
1
1
1
1
1
1
1
1
1
1.84837
1.84808
1.84645
1.84498
1.84387
1.845
1.84863
1.85111
1.84842
1.84264
1.84412
1.85722
1.85064
1.77823
1.5623
1.15572
1.00892
1.00011
1
1
1
1
1
1
1
1
1
1
1
1
1
1
1
1
1
1.85007
1.84989
1.84785
1.84633
1.84392
1.84498
1.85084
1.85583
1.85424
1.84435
1.83927
1.85305
1.85196
1.76966
1.46306
1.09211
1.00351
1.00003
1
1
1
1
1
1
1
1
1
1
1
1
1
1
1
1
1
1.85039
1.85041
1.84839
1.84702
1.84435
1.84503
1.85124
1.85746
1.85668
1.84474
1.8328
1.84085
1.84563
1.73609
1.35682
1.04839
1.00124
1.00001
1
1
1
1
1
1
1
1
1
1
1
1
1
1
1
1
1
1.84989
1.85039
1.84866
1.84799
1.84492
1.84473
1.84873
1.85698
1.85727
1.84774
1.82921
1.82961
1.82939
1.659
1.25694
1.0234
1.00041
1
1
1
1
1
1
1
1
1
1
1
1
1
1
1
1
1
1
1.84897
1.85011
1.84936
1.84929
1.84584
1.84463
1.84517
1.85263
1.85599
1.85162
1.83048
1.82793
1.8217
1.57904
1.16878
1.01021
1.00013
1
1
1
1
1
1
1
1
1
1
1
1
1
1
1
1
1
1
1.84855
1.84954
1.84996
1.85055
1.84772
1.84506
1.84396
1.8481
1.85229
1.85498
1.8399
1.82543
1.80169
1.46627
1.09409
1.00371
1.00004
1
1
1
1
1
1
1
1
1
1
1
1
1
1
1
1
1
1
1.84864
1.84888
1.85016
1.85137
1.85051
1.84757
1.84381
1.8437
1.84943
1.8571
1.84922
1.81076
1.72387
1.35114
1.04948
1.00129
1.00001
1
1
1
1
1
1
1
1
1
1
1
1
1
1
1
1
1
1
1.84956
1.84861
1.84993
1.85169
1.85214
1.85157
1.8454
1.84088
1.8453
1.86013
1.85432
1.8008
1.65033
1.25404
1.02235
1.00039
1
1
1
1
1
1
1
1
1
1
1
1
1
1
1
1
1
1
1
1.85023
1.84907
1.84939
1.85079
1.85276
1.85379
1.84731
1.83876
1.83966
1.85913
1.85528
1.79918
1.56578
1.15865
1.00913
1.00011
1
1
1
1
1
1
1
1
1
1
1
1
1
1
1
1
1
1
1
1.85108
1.84926
1.84812
1.84898
1.85248
1.85466
1.85033
1.83732
1.83388
1.8485
1.84756
1.76201
1.45756
1.08707
1.00326
1.00003
1
1
1
1
1
1
1
1
1
1
1
1
1
1
1
1
1
1
1
1.85154
1.84927
1.84691
1.84722
1.85117
1.85465
1.85315
1.84053
1.83324
1.84629
1.83798
1.69597
1.34072
1.04324
1.00103
1.00001
1
1
1
1
1
1
1
1
1
1
1
1
1
1
1
1
1
1
1
1.85183
1.84919
1.84617
1.84544
1.84771
1.8533
1.8547
1.84591
1.8368
1.8478
1.8365
1.63108
1.22882
1.0185
1.00029
1
1
1
1
1
1
1
1
1
1
1
1
1
1
1
1
1
1
1
1
1.85069
1.84908
1.84584
1.84456
1.84457
1.85071
1.8534
1.85228
1.84068
1.83814
1.81847
1.52935
1.12763
1.00647
1.00007
1
1
1
1
1
1
1
1
1
1
1
1
1
1
1
1
1
1
1
1
1.84975
1.84895
1.84628
1.84517
1.84332
1.84587
1.85122
1.85901
1.84666
1.81347
1.74919
1.40453
1.06684
1.00208
1.00002
1
1
1
1
1
1
1
1
1
1
1
1
1
1
1
1
1
1
1
1
1.84835
1.84876
1.84807
1.84844
1.84308
1.84064
1.84704
1.86099
1.8549
1.80424
1.68126
1.29271
1.03012
1.0006
1
1
1
1
1
1
1
1
1
1
1
1
1
1
1
1
1
1
1
1
1
1.84702
1.84809
1.85016
1.85212
1.84486
1.838
1.84025
1.85995
1.85612
1.80428
1.5954
1.17121
1.01055
1.00014
1
1
1
1
1
1
1
1
1
1
1
1
1
1
1
1
1
1
1
1
1
1.84639
1.84694
1.85101
1.85434
1.84849
1.83663
1.83544
1.85043
1.84872
1.75727
1.46604
1.09198
1.0036
1.00003
1
1
1
1
1
1
1
1
1
1
1
1
1
1
1
1
1
1
1
1
1
1.84649
1.84641
1.85088
1.85484
1.85239
1.84046
1.83513
1.84854
1.84385
1.70156
1.34011
1.04247
1.00098
1.00001
1
1
1
1
1
1
1
1
1
1
1
1
1
1
1
1
1
1
1
1
1
1.84716
1.84612
1.84956
1.85401
1.85421
1.84886
1.83779
1.8474
1.84518
1.63034
1.20429
1.01482
1.00023
1
1
1
1
1
1
1
1
1
1
1
1
1
1
1
1
1
1
1
1
1
1
1.84848
1.8461
1.84638
1.84954
1.85395
1.85853
1.8417
1.83429
1.80742
1.48967
1.10607
1.00468
1.00005
1
1
1
1
1
1
1
1
1
1
1
1
1
1
1
1
1
1
1
1
1
1
1.84912
1.84558
1.84356
1.8433
1.85206
1.86365
1.85402
1.81264
1.73135
1.36151
1.04987
1.00127
1.00001
1
1
1
1
1
1
1
1
1
1
1
1
1
1
1
1
1
1
1
1
1
1
1.84925
1.84532
1.8411
1.83739
1.84461
1.86457
1.86273
1.8085
1.64481
1.22264
1.01673
1.00027
1
1
1
1
1
1
1
1
1
1
1
1
1
1
1
1
1
1
1
1
1
1
1
1.84874
1.84606
1.84072
1.8349
1.83522
1.85864
1.86343
1.79752
1.5114
1.10934
1.00489
1.00005
1
1
1
1
1
1
1
1
1
1
1
1
1
1
1
1
1
1
1
1
1
1
1
1.84535
1.84652
1.84541
1.83671
1.83056
1.84803
1.85494
1.72243
1.36013
1.04846
1.00124
1.00001
1
1
1
1
1
1
1
1
1
1
1
1
1
1
1
1
1
1
1
1
1
1
1
1.84217
1.84458
1.84951
1.84668
1.83069
1.84458
1.84966
1.64474
1.21706
1.0158
1.00024
1
1
1
1
1
1
1
1
1
1
1
1
1
1
1
1
1
1
1
1
1
1
1
1
1.84117
1.84135
1.85108
1.85893
1.8441
1.84104
1.82994
1.49975
1.09728
1.00402
1.00004
1
1
1
1
1
1
1
1
1
1
1
1
1
1
1
1
1
1
1
1
1
1
1
1
1.84191
1.83969
1.84555
1.87111
1.86741
1.82114
1.73611
1.32421
1.03898
1.0009
1.00001
1
1
1
1
1
1
1
1
1
1
1
1
1
1
1
1
1
1
1
1
1
1
1
1
1.84247
1.83967
1.83889
1.87999
1.88609
1.81398
1.6155
1.18004
1.01147
1.00016
1
1
1
1
1
1
1
1
1
1
1
1
1
1
1
1
1
1
1
1
1
1
1
1
1
1.83626
1.83745
1.83604
1.88559
1.89356
1.79826
1.43884
1.07121
1.00236
1.00002
1
1
1
1
1
1
1
1
1
1
1
1
1
1
1
1
1
1
1
1
1
1
1
1
1
1.82732
1.83751
1.83989
1.88197
1.89387
1.69536
1.25462
1.02308
1.00044
1
1
1
1
1
1
1
1
1
1
1
1
1
1
1
1
1
1
1
1
1
1
1
1
1
1
1.82179
1.84564
1.86035
1.86452
1.84714
1.53354
1.12334
1.00566
1.00006
1
1
1
1
1
1
1
1
1
1
1
1
1
1
1
1
1
1
1
1
1
1
1
1
1
1
1.8193
1.86152
1.89737
1.85691
1.76101
1.34662
1.03915
1.00097
1.00001
1
1
1
1
1
1
1
1
1
1
1
1
1
1
1
1
1
1
1
1
1
1
1
1
1
1
1.81828
1.87902
1.91439
1.85506
1.61573
1.15898
1.00931
1.00013
1
1
1
1
1
1
1
1
1
1
1
1
1
1
1
1
1
1
1
1
1
1
1
1
1
1
1
1.8391
1.89971
1.92001
1.7814
1.40431
1.05861
1.00177
1.00002
1
1
1
1
1
1
1
1
1
1
1
1
1
1
1
1
1
1
1
1
1
1
1
1
1
1
1
1.88622
1.91282
1.91622
1.6549
1.20283
1.01405
1.00023
1
1
1
1
1
1
1
1
1
1
1
1
1
1
1
1
1
1
1
1
1
1
1
1
1
1
1
1
1.94045
1.91738
1.86446
1.42567
1.06295
1.00217
1.00002
1
1
1
1
1
1
1
1
1
1
1
1
1
1
1
1
1
1
1
1
1
1
1
1
1
1
1
1
2.04491
1.82673
1.67999
1.21015
1.01697
1.00031
1
1
1
1
1
1
1
1
1
1
1
1
1
1
1
1
1
1
1
1
1
1
1
1
1
1
1
1
1
2.13379
1.74911
1.43552
1.07358
1.00289
1.00004
1
1
1
1
1
1
1
1
1
1
1
1
1
1
1
1
1
1
1
1
1
1
1
1
1
1
1
1
1
2.16275
1.61679
1.20312
1.01704
1.00039
1
1
1
1
1
1
1
1
1
1
1
1
1
1
1
1
1
1
1
1
1
1
1
1
1
1
1
1
1
1
2.03021
1.40161
1.08317
1.00402
1.00006
1
1
1
1
1
1
1
1
1
1
1
1
1
1
1
1
1
1
1
1
1
1
1
1
1
1
1
1
1
1
1.82211
1.22999
1.02279
1.00057
1.00001
1
1
1
1
1
1
1
1
1
1
1
1
1
1
1
1
1
1
1
1
1
1
1
1
1
1
1
1
1
1
1.53302
1.08904
1.00441
1.00006
1
1
1
1
1
1
1
1
1
1
1
1
1
1
1
1
1
1
1
1
1
1
1
1
1
1
1
1
1
1
1
1.20188
1.01843
1.00032
1
1
1
1
1
1
1
1
1
1
1
1
1
1
1
1
1
1
1
1
1
1
1
1
1
1
1
1
1
1
1
1
1
1
1
1
1
1
1
1
1
1
1
1
1
1
1
1
1
1
1
1
1
1
1
1
1
1
1
1
1
1
1
1
1
1
1
1
1
1
1
1
1
1
1
1
1
1
1
1
1
1
1
1
1
1
1
1
1
1
1
1
1
1
1
1
1
1
1
1
1
1
1
1
1
1
1
1
1
1
1
1
1
1
1
1
1
1
1
1
1
1
1
1
1
1
1
1
1
1
1
1
1
1
1
1
1
1
1
1
1
1
1
1
1
1
1
1
1
1
1
1
1
1
1
1
1
1
1
1
1
1
1
1
1
1
1
1
1
1
1
1
1
1
1
1
1
1
1
1
1
1
1
1
1
1
1
1
1
1
1
1
1
1
1
1
1
1
1
1
1
1
1
1
1
1
1
1
1
1
1
1
1
1
1
1
1
1
1
1
1
1
1
1
1
1
1
1
1
1
1
1
1
1
1
1
1
1
1
1
1
1
1
1
1
1
1
1
1
1
1
1
1
1
1
1
1
1
1
1
1
1
1
1
1
1
1
1
1
1
1
1
1
1
1
1
1
1
1
1
1
1
1
1
1
1
1
1
1
1
1
1
1
1
1
1
1
1
1
1
1
1
1
1
1
1
1
1
1
1
1
1
1
1
1
1
1
1
1
1
1
1
1
1
1
1
1
1
1
1
1
1
1
1
1
1
1
1
1
1
1
1
1
1
1
1
1
1
1
1
1
1
1
1
1
1
1
1
1
1
1
1
1
1
1
1
1
1
1
1
1
1
1
1
1
1
1
1
1
1
1
1
1
1
1
1
1
1
1
1
1
1
1
1
1
1
1
1
1
1
1
1
1
1
1
1
1
1
1
1
1
1
1
1
1
1
1
1
1
1
1
1
1
1
1
1
1
1
1
1
1
1
1
1
1
1
1
1
1
1
1
1
1
1
1
1
1
1
1
1
1
1
1
1
1
1
1
1
1
1
1
1
1
1
1
1
1
1
1
1
1
1
1
1
1
1
1
1
1
1
1
1
1
1
1
1
1
1
1
1
1
1
1
1
1
1
1
1
1
1
1
1
1
1
1
1
1
1
1
1
1
1
1
1
1
1
1
1
1
1
1
1
1
1
1
1
1
1
1
1
1
1
1
1
1
1
1
1
1
1
1
1
1
1
1
1
1
1
1
1
1
1
1
1
1
1
1
1
1
1
1
1
1
1
1
1
1
1
1
1
1
1
1
1
1
1
1
1
1
1
1
1
1
1
1
1
1
1
1
1
1
1
1
1
1
1
1
1
1
1
1
1
1
1
1
1
1
1
1
1
1
1
1
1
1
1
1
1
1
1
1
1
1
1
1
1
1
1
1
1
1
1
1
1
1
1
1
1
1
1
1
1
1
1
1
1
1
1
1
1
1
1
1
1
1
1
1
1
1
1
1
1
1
1
1
1
1
1
1
1
1
1
1
1
1
1
1
1
1
1
1
1
1
1
1
1
1
1
1
1
1
1
1
1
1
1
1
1
1
1
1
1
1
1
1
1
1
1
1
1
1
1
1
1
1
1
1
1
1
1
1
1
1
1
1
1
1
1
1
1
1
1
1
1
1
1
1
1
1
1
1
1
1
1
1
1
1
1
1
1
1
1
1
1
1
1
1
1
1
1
1
1
1
1
1
1
1
1
1
1
1
1
1
1
1
1
1
1
1
1
1
1
1
1
1
1
1
1
1
1
1
1
1
1
1
1
1
1
1
1
1
1
1
1
1
1
1
1
1
1
1
1
1
1
1
1
1
1
1
1
1
1
1
1
1
1
1
1
1
1
1
1
1
1
1
1
1
1
1
1
1
1
1
1
1
1
1
1
1
1
1
1
1
1
1
1
1
1
1
1
1
1
1
1
1
1
1
1
1
1
1
1
1
1
1
1
1
1
1
1
1
1
1
1
1
1
1
1
1
1
1
1
1
1
1
1
1
1
1
1
1
1
1
1
1
1
1
1
1
1
1
1
1
1
1
1
1
1
1
1
1
1
1
1
1
1
1
1
1
1
1
1
1
1
1
1
1
1
1
1
1
1
1
1
1
1
1
1
1
1
1
1
1
1
1
1
1
1
1
1
1
1
1
1
1
1
1
1
1
1
1
1
1
1
1
1
1
1
1
1
1
1
1
1
1
1
1
1
1
1
1
1
1
1
1
1
1
1
1
1
1
1
1
1
1
1
1
1
1
1
1
1
1
1
1
1
1
1
1
1
1
1
1
1
1
1
1
1
1
1
1
1
1
1
1
1
1
1
1
1
1
1
1
1
1
1
1
1
1
1
1
1
1
1
1
1
1
1
1
1
1
1
1
1
1
1
1
1
1
1
1
1
1
1
1
1
1
1
1
1
1
1
1
1
1
1
1
1
1
1
1
1
1
1
1
1
1
1
1
1
1
1
1
1
1
1
1
1
1
1
1
1
1
1
1
1
1
1
1
1
1
1
1
1
1
1
1
1
1
1
1
1
1
1
1
1
1
1
1
1
1
1
1
1
1
1
1
1
1
1
1
1
1
1
1
1
1
1
1
1
1
1
1
1
1
1
1
1
1
1
1
1
1
1
1
1
1
1
1
1
1
1
1
1
1
1
1
1
1
1
1
1
1
1
1
1
1
1
1
1
1
1
1
1
1
1
1
1
1
1
1
1
1
1
1
1
1
1
1
1
1
1
1
1
1
1
1
1
1
1
1
1
1
1
1
1
1
1
1
1
1
1
1
1
1
1
1
1
1
1
1
1
1
1
1
1
1
1
1
1
1
1
1
1
1
1
1
1
1
1
1
1
1
1
1
1
1
1
1
1
1
1
1
1
1
1
1
1
1
1
1
1
1
1
1
1
1
1
1
1
1
1
1
1
1
1
1
1
1
1
1
1
1
1
1
1
1
1
1
1
1
1
1
1
1
1
1
1
1
1
1
1
1
1
1
1
1
1
1
1
1
1
1
1
1
1
1
1
1
1
1
1
1
1
1
1
1
1
1
1
1
1
1
1
1
1
1
1
1
1
1
1
1
1
1
1
1
1
1
1
1
1
1
1
1
1
1
1
1
1
1
1
1
1
1
1
1
1
1
1
1
1
1
1
1
1
1
1
1
1
1
1
1
1
1
1
1
1
1
1
1
1
1
1
1
1
1
1
1
1
1
1
1
1
1
1
1
1
1
1
1
1
1
1
1
1
1
1
1
1
1
1
1
1
1
1
1
1
1
1
1
1
1
1
1
1
1
1
1
1
1
1
1
1
1
1
1
1
1
1
1
1
1
1
1
1
1
1
1
1
1
1
1
1
1
1
1
1
1
1
1
1
1
1
1
1
1
1
1
1
1
1
1
1
1
1
1
1
1
1
1
1
1
1
1
1
1
1
1
1
1
1
1
1
1
1
1
1
1
1
1
1
1
1
1
1
1
1
1
1
1
1
1
1
1
1
1
1
1
1
1
1
1
1
1
1
1
1
1
1
1
1
1
1
1
1
1
1
1
1
1
1
1
1
1
1
1
1
1
1
1
1
1
1
1
1
1
1
1
1
1
1
1
1
1
1
1
1
1
1
1
1
1
1
1
1
1
1
1
1
1
1
1
1
1
1
1
1
1
1
1
1
1
1
1
1
1
1
1
1
1
1
1
1
1
1
1
1
1
1
1
1
1
1
1
1
1
1
1
1
1
1
1
1
1
1
1
1
1
1
1
1
1
1
1
1
1
1
1
1
1
1
1
1
1
1
1
1
1
1
1
1
1
1
1
1
1
1
1
1
1
1
1
1
1
1
1
1
1
1
1
1
1
1
1
1
1
1
1
1
1
1
1
1
1
1
1
1
1
1
1
1
1
1
1
1
1
1
1
1
1
1
1
1
1
1
1
1
1
1
1
1
1
1
1
1
1
1
1
1
1
1
1
1
1
1
1
1
1
1
1
1
1
1
1
1
1
1
1
1
1
1
1
1
1
1
1
1
1
1
1
1
1
1
1
1
1
1
1
1
1
1
1
1
1
1
1
1
1
1
1
1
1
1
1
1
1
1
1
1
1
1
1
1
1
1
1
1
1
1
1
1
1
1
1
1
1
1
1
1
1
1
1
1
1
1
1
1
1
1
1
1
1
1
1
1
1
1
1
1
1
1
1
1
1
1
1
1
1
1
1
1
1
1
1
1
1
1
1
1
1
1
1
1
1
1
1
1
1
1
1
1
1
1
1
1
1
1
1
1
1
1
1
1
1
1
1
1
1
1
1
1
1
1
1
1
1
1
1
1
1
1
1
1
1
1
1
1
1
1
1
1
1
1
1
1
1
1
1
1
1
1
1
1
1
1
1
1
1
1
1
1
1
1
1
1
1
1
1
1
1
1
1
1
1
1
1
1
1
1
1
1
1
1
1
1
1
1
1
1
1
1
1
1
1
1
1
1
1
1
1
1
1
1
1
1
1
1
1
1
1
1
1
1
1
1
1
1
1
1
1
1
1
1
1
1
1
1
1
1
1
1
1
1
1
1
1
1
1
1
1
1
1
1
1
1
1
1
1
1
1
1
1
1
1
1
1
1
1
1
1
1
1
1
1
1
1
1
1
1
1
1
1
1
1
1
1
1
1
1
1
1
1
1
1
1
1
1
1
1
1
1
1
1
1
1
1
1
1
1
1
1
1
1
1
1
1
1
1
1
1
1
1
1
1
1
1
1
1
1
1
1
1
1
1
1
1
1
1
1
1
1
1
1
1
1
1
1
1
1
1
1
1.67713
0.999472
1
1
1
1
1
1
1
1
1
1
1
1
1
1
1
1
1
1
1
1
1
1
1
1
1
1
1
1
1
1
1
1
1
3.30018
1.05264
1
1
1
1
1
1
1
1
1
1
1
1
1
1
1
1
1
1
1
1
1
1
1
1
1
1
1
1
1
1
1
1
1
5.56073
1.4916
0.999616
1
1
1
1
1
1
1
1
1
1
1
1
1
1
1
1
1
1
1
1
1
1
1
1
1
1
1
1
1
1
1
1
8.43963
3.62375
1.11096
0.999955
1
1
1
1
1
1
1
1
1
1
1
1
1
1
1
1
1
1
1
1
1
1
1
1
1
1
1
1
1
1
1
8.89853
6.41321
3.50891
1.10374
0.999944
1
1
1
1
1
1
1
1
1
1
1
1
1
1
1
1
1
1
1
1
1
1
1
1
1
1
1
1
1
1
7.29937
6.16681
6.40597
3.33878
1.08002
1
1
1
1
1
1
1
1
1
1
1
1
1
1
1
1
1
1
1
1
1
1
1
1
1
1
1
1
1
1
6.13374
5.97972
6.56321
5.93837
2.39789
0.999131
1
1
1
1
1
1
1
1
1
1
1
1
1
1
1
1
1
1
1
1
1
1
1
1
1
1
1
1
1
5.69308
5.84904
6.28612
6.06022
4.71859
1.54369
0.999553
1
1
1
1
1
1
1
1
1
1
1
1
1
1
1
1
1
1
1
1
1
1
1
1
1
1
1
1
5.71729
5.79543
5.82865
5.8447
6.04138
3.63325
1.1316
1
1
1
1
1
1
1
1
1
1
1
1
1
1
1
1
1
1
1
1
1
1
1
1
1
1
1
1
5.69966
5.74388
5.69517
5.82359
6.00718
5.23087
2.13429
0.999118
1
1
1
1
1
1
1
1
1
1
1
1
1
1
1
1
1
1
1
1
1
1
1
1
1
1
1
5.71408
5.75392
5.75858
5.81624
5.91839
5.61456
3.80927
1.2078
0.999798
1
1
1
1
1
1
1
1
1
1
1
1
1
1
1
1
1
1
1
1
1
1
1
1
1
1
5.74635
5.7908
5.81034
5.83297
5.8286
5.72652
5.40422
2.31549
1.00064
1
1
1
1
1
1
1
1
1
1
1
1
1
1
1
1
1
1
1
1
1
1
1
1
1
1
5.79729
5.83393
5.82769
5.8135
5.75017
5.74382
5.7492
4.04267
1.28633
0.999741
1
1
1
1
1
1
1
1
1
1
1
1
1
1
1
1
1
1
1
1
1
1
1
1
1
5.84611
5.87098
5.83713
5.81239
5.76246
5.7646
5.7908
5.31231
2.31374
1.00075
1
1
1
1
1
1
1
1
1
1
1
1
1
1
1
1
1
1
1
1
1
1
1
1
1
5.8782
5.88364
5.83511
5.82276
5.81504
5.81148
5.81953
5.7122
3.93561
1.23899
1
1
1
1
1
1
1
1
1
1
1
1
1
1
1
1
1
1
1
1
1
1
1
1
1
5.88656
5.87625
5.84576
5.85569
5.85347
5.80996
5.80771
5.81135
5.09491
2.09375
0.999041
1
1
1
1
1
1
1
1
1
1
1
1
1
1
1
1
1
1
1
1
1
1
1
1
5.87474
5.85948
5.85471
5.86675
5.85713
5.80431
5.80368
5.83054
5.72412
3.79378
1.16713
1
1
1
1
1
1
1
1
1
1
1
1
1
1
1
1
1
1
1
1
1
1
1
1
5.84993
5.83339
5.84446
5.84993
5.83436
5.79108
5.78411
5.80532
5.74649
4.84498
1.8643
0.999184
1
1
1
1
1
1
1
1
1
1
1
1
1
1
1
1
1
1
1
1
1
1
1
5.81713
5.79894
5.81537
5.80509
5.78463
5.75272
5.74021
5.76307
5.72277
5.34693
2.96213
1.04893
1
1
1
1
1
1
1
1
1
1
1
1
1
1
1
1
1
1
1
1
1
1
1
5.77664
5.7572
5.77038
5.74305
5.72296
5.69656
5.67889
5.70692
5.68631
5.59926
4.41158
1.42035
0.99956
1
1
1
1
1
1
1
1
1
1
1
1
1
1
1
1
1
1
1
1
1
1
5.73213
5.70941
5.71449
5.6754
5.65751
5.63191
5.61691
5.63287
5.61416
5.58822
5.0985
2.35408
1.00626
1
1
1
1
1
1
1
1
1
1
1
1
1
1
1
1
1
1
1
1
1
1
5.68631
5.65744
5.65455
5.61098
5.59665
5.57175
5.55968
5.55873
5.54648
5.52711
5.277
3.35995
1.11621
1
1
1
1
1
1
1
1
1
1
1
1
1
1
1
1
1
1
1
1
1
1
5.6359
5.6014
5.59439
5.55239
5.54007
5.51244
5.5028
5.49601
5.48039
5.4645
5.38142
4.33312
1.4804
0.999542
1
1
1
1
1
1
1
1
1
1
1
1
1
1
1
1
1
1
1
1
1
5.58126
5.54602
5.53972
5.50332
5.49395
5.46796
5.44612
5.43937
5.42975
5.42147
5.39514
5.00294
2.26124
1.00403
1
1
1
1
1
1
1
1
1
1
1
1
1
1
1
1
1
1
1
1
1
5.52654
5.49574
5.494
5.46284
5.45391
5.433
5.39431
5.38689
5.38063
5.37582
5.37559
5.08306
3.14233
1.08318
1
1
1
1
1
1
1
1
1
1
1
1
1
1
1
1
1
1
1
1
1
5.47622
5.45155
5.45426
5.42546
5.41798
5.40045
5.35829
5.34501
5.33296
5.33168
5.33143
5.1552
3.86739
1.31032
1
1
1
1
1
1
1
1
1
1
1
1
1
1
1
1
1
1
1
1
1
5.43205
5.41286
5.41843
5.38909
5.38487
5.37309
5.33046
5.31208
5.30072
5.29225
5.27952
5.18719
4.61574
1.82158
0.999174
1
1
1
1
1
1
1
1
1
1
1
1
1
1
1
1
1
1
1
1
5.39325
5.37705
5.38378
5.35347
5.35256
5.34541
5.30448
5.2829
5.26933
5.25332
5.23571
5.19109
4.82462
2.5393
1.01906
1
1
1
1
1
1
1
1
1
1
1
1
1
1
1
1
1
1
1
1
5.35968
5.34375
5.34965
5.31844
5.31967
5.31503
5.279
5.25849
5.24309
5.21957
5.20346
5.18128
4.9126
3.16826
1.10422
1
1
1
1
1
1
1
1
1
1
1
1
1
1
1
1
1
1
1
1
5.33102
5.31339
5.31725
5.2854
5.28782
5.28326
5.25685
5.23721
5.21837
5.19494
5.18035
5.15978
5.00424
3.86208
1.32735
1
1
1
1
1
1
1
1
1
1
1
1
1
1
1
1
1
1
1
1
5.30469
5.28475
5.2864
5.25654
5.25759
5.24857
5.23724
5.21675
5.19405
5.17113
5.16027
5.14768
5.05498
4.34527
1.75249
0.999321
1
1
1
1
1
1
1
1
1
1
1
1
1
1
1
1
1
1
1
5.27945
5.25769
5.25576
5.22992
5.23025
5.21584
5.21786
5.19777
5.17002
5.1459
5.13598
5.13547
5.07201
4.51632
2.26351
1.00737
1
1
1
1
1
1
1
1
1
1
1
1
1
1
1
1
1
1
1
5.25515
5.2316
5.22653
5.2055
5.20438
5.18537
5.19728
5.18092
5.14999
5.12336
5.11007
5.10927
5.07074
4.7154
2.81778
1.05102
1
1
1
1
1
1
1
1
1
1
1
1
1
1
1
1
1
1
1
5.23145
5.20665
5.19882
5.18229
5.1791
5.15688
5.17094
5.16356
5.13339
5.10327
5.08395
5.08596
5.07381
4.9397
3.444
1.18272
1
1
1
1
1
1
1
1
1
1
1
1
1
1
1
1
1
1
1
5.20445
5.18258
5.17538
5.16179
5.15599
5.13046
5.14325
5.14678
5.11919
5.08595
5.0602
5.05491
5.06888
4.98652
3.83163
1.42707
1
1
1
1
1
1
1
1
1
1
1
1
1
1
1
1
1
1
1
5.17465
5.15898
5.15646
5.14443
5.13543
5.10708
5.11623
5.13315
5.11033
5.07455
5.0427
5.02581
5.03506
4.98125
4.15328
1.74492
0.999312
1
1
1
1
1
1
1
1
1
1
1
1
1
1
1
1
1
1
5.14776
5.14029
5.14033
5.13016
5.11863
5.08857
5.08959
5.11654
5.10851
5.07629
5.03865
5.00415
5.0023
4.98871
4.58117
2.21242
1.00667
1
1
1
1
1
1
1
1
1
1
1
1
1
1
1
1
1
1
5.12767
5.12455
5.12638
5.11861
5.10499
5.0752
5.0667
5.0914
5.10171
5.08521
5.04793
4.99729
4.98198
4.97533
4.80742
2.71668
1.04237
1
1
1
1
1
1
1
1
1
1
1
1
1
1
1
1
1
1
5.11235
5.11047
5.11442
5.10997
5.09456
5.06625
5.04875
5.06392
5.08036
5.08488
5.06177
5.01005
4.97431
4.95002
4.79386
3.16529
1.12941
1
1
1
1
1
1
1
1
1
1
1
1
1
1
1
1
1
1
5.09822
5.09746
5.10418
5.10481
5.08929
5.06365
5.0369
5.03848
5.05508
5.06782
5.07092
5.03207
4.98774
4.94919
4.82581
3.61429
1.28647
1
1
1
1
1
1
1
1
1
1
1
1
1
1
1
1
1
1
5.08476
5.08457
5.09427
5.10067
5.08869
5.0689
5.03637
5.01902
5.03348
5.04478
5.05662
5.04618
5.00846
4.96727
4.86889
4.06827
1.55272
0.99989
1
1
1
1
1
1
1
1
1
1
1
1
1
1
1
1
1
5.07327
5.07273
5.08293
5.08828
5.08304
5.08102
5.04859
5.01231
5.01752
5.02536
5.03278
5.03177
5.01707
4.98665
4.90647
4.27645
1.90463
1.00093
1
1
1
1
1
1
1
1
1
1
1
1
1
1
1
1
1
5.06497
5.06247
5.07023
5.06857
5.06683
5.09087
5.06743
5.02536
5.01048
5.008
5.00839
5.00468
4.99793
4.99414
4.95268
4.41327
2.27383
1.01098
1
1
1
1
1
1
1
1
1
1
1
1
1
1
1
1
1
5.06219
5.05573
5.05649
5.04415
5.04497
5.08171
5.07845
5.04466
5.01519
4.99717
4.99074
4.98311
4.97538
4.98312
4.967
4.61109
2.71563
1.04693
0.999999
1
1
1
1
1
1
1
1
1
1
1
1
1
1
1
1
5.06926
5.05339
5.04179
5.02098
5.02248
5.06114
5.0771
5.0601
5.02854
4.9985
4.98182
4.9698
4.95754
4.96699
4.97146
4.83951
3.17961
1.13703
1
1
1
1
1
1
1
1
1
1
1
1
1
1
1
1
1
5.08451
5.05324
5.02797
5.00231
5.00536
5.03734
5.06022
5.06052
5.04269
5.01607
4.99356
4.97139
4.95119
4.94571
4.95929
4.9147
3.55564
1.28639
1
1
1
1
1
1
1
1
1
1
1
1
1
1
1
1
1
5.09587
5.05403
5.01807
4.99529
4.99448
5.01897
5.04255
5.04794
5.04235
5.03191
5.01561
4.98725
4.95662
4.9349
4.92734
4.89535
3.88393
1.51356
1
1
1
1
1
1
1
1
1
1
1
1
1
1
1
1
1
5.08879
5.05379
5.02218
5.00652
5.00007
5.00614
5.02413
5.02592
5.02302
5.02705
5.02673
5.00233
4.97255
4.93248
4.91014
4.84127
4.19523
1.78602
0.99998
1
1
1
1
1
1
1
1
1
1
1
1
1
1
1
1
5.06524
5.03984
5.02994
5.02835
5.02345
5.00504
5.01067
5.00827
5.0011
5.0023
5.00945
5.0012
4.98386
4.94869
4.91318
4.83474
4.53812
2.30034
1.01968
1
1
1
1
1
1
1
1
1
1
1
1
1
1
1
1
5.03687
5.02942
5.04557
5.06138
5.05694
5.02916
5.01239
5.00123
4.98362
4.97445
4.97825
4.98706
4.99306
4.98407
4.94485
4.83559
4.51876
2.42323
0.978584
1
1
1
1
1
1
1
1
1
1
1
1
1
1
1
1
1.98928
3.33393
4.0918
4.54704
4.80654
4.9268
4.968
4.998
4.99582
4.97102
4.96422
4.96298
4.97675
5.00279
4.98826
4.93237
4.74277
3.29127
1.2896
1.00529
1.00003
1
1
1
1
1
1
1
1
1
1
1
1
1
1
0.492428
1.78666
2.7422
3.45728
4.01168
4.42301
4.68392
4.84364
4.9282
4.94868
4.95421
4.9555
4.96731
4.99651
4.99574
4.95098
4.91924
4.34981
2.04095
1.0553
1.00056
1
1
1
1
1
1
1
1
1
1
1
1
1
1
0.155667
0.863359
1.6783
2.43098
3.07734
3.59407
4.07734
4.42286
4.67256
4.81606
4.8933
4.93614
4.96725
4.98654
4.98955
4.9215
4.93101
4.63429
3.03015
1.28221
1.00597
1.00003
1
1
1
1
1
1
1
1
1
1
1
1
1
0.18052
0.555659
0.97013
1.58742
2.26163
2.83011
3.29722
3.81768
4.1943
4.5041
4.70805
4.84473
4.94046
4.97551
4.98024
4.86333
4.93097
4.79589
3.76477
1.74233
1.03451
1.00031
1
1
1
1
1
1
1
1
1
1
1
1
1
0.259923
0.484283
0.671438
1.01201
1.53277
2.1677
2.65103
3.12245
3.62741
4.02028
4.36469
4.62572
4.82493
4.93954
4.96382
4.83183
4.97102
4.95878
4.53964
2.48542
1.1389
1.00211
1.00001
1
1
1
1
1
1
1
1
1
1
1
1
0.319654
0.407606
0.529264
0.799463
1.07845
1.56428
2.13114
2.5194
3.04875
3.50319
3.8963
4.27003
4.57381
4.80085
4.91483
4.81569
5.00005
4.99188
4.76193
3.51938
1.47809
1.01493
1.00011
1
1
1
1
1
1
1
1
1
1
1
1
0.366454
0.33567
0.394203
0.672462
0.918638
1.13832
1.65549
2.12927
2.48795
3.01146
3.43679
3.84124
4.23862
4.5536
4.76321
4.7805
4.99947
4.97622
4.82038
4.09505
2.07644
1.06753
1.00069
1
1
1
1
1
1
1
1
1
1
1
1
0.413528
0.319968
0.293663
0.505058
0.780454
0.991977
1.24525
1.75139
2.11216
2.54714
3.00654
3.41433
3.85487
4.22044
4.50469
4.68748
4.95149
4.91937
4.86246
4.4295
2.74413
1.21419
1.00399
1.00002
1
1
1
1
1
1
1
1
1
1
1
0.44956
0.326963
0.287642
0.379476
0.609214
0.888571
1.03387
1.40345
1.83237
2.12375
2.57408
3.00264
3.39712
3.83353
4.1796
4.49377
4.82675
4.82114
4.87323
4.79556
3.56269
1.53743
1.01776
1.00012
1
1
1
1
1
1
1
1
1
1
1
0.458647
0.352261
0.317004
0.359877
0.430425
0.735301
0.949151
1.11498
1.5481
1.88776
2.20629
2.61962
3.01139
3.44985
3.84051
4.19575
4.57034
4.70716
4.84262
4.854
4.27227
2.16945
1.07608
1.00078
1
1
1
1
1
1
1
1
1
1
1
0.461338
0.38671
0.368595
0.366396
0.365861
0.549398
0.837845
0.987715
1.27833
1.67051
1.95557
2.31867
2.7176
3.10567
3.53375
3.92075
4.26031
4.50693
4.74874
4.81888
4.47556
2.82692
1.22733
1.00412
1.00002
1
1
1
1
1
1
1
1
1
1
0.447531
0.406672
0.398709
0.362637
0.347162
0.421631
0.698038
0.920093
1.0421
1.42061
1.74947
2.03788
2.4252
2.79554
3.21205
3.644
3.97833
4.25954
4.57544
4.72892
4.64172
3.4833
1.52045
1.01596
1.0001
1
1
1
1
1
1
1
1
1
1
0.41682
0.40207
0.402281
0.353904
0.340248
0.398852
0.558935
0.819389
0.959449
1.15491
1.49897
1.78062
2.08505
2.47563
2.86806
3.28364
3.68979
4.02066
4.37631
4.63319
4.66326
4.04234
2.00605
1.05919
1.00056
1
1
1
1
1
1
1
1
1
1
0.378285
0.390576
0.399884
0.356243
0.343768
0.407102
0.456304
0.692723
0.909419
1.02222
1.2933
1.59858
1.8635
2.22779
2.61099
2.98943
3.37854
3.72971
4.13897
4.50745
4.6247
4.31521
2.62014
1.16827
1.00244
1.00001
1
1
1
1
1
1
1
1
1
0.356621
0.375365
0.393938
0.359803
0.350619
0.409322
0.436626
0.568279
0.826276
0.9884
1.18165
1.45334
1.71181
2.04328
2.42089
2.78654
3.12647
3.44006
3.853
4.28946
4.53594
4.42377
3.22786
1.40358
1.01058
1.00006
1
1
1
1
1
1
1
1
1
0.353323
0.36083
0.374748
0.352603
0.354023
0.399841
0.43407
0.480936
0.699807
0.918771
1.0755
1.30029
1.55397
1.8654
2.2196
2.56642
2.90462
3.24976
3.61052
4.04164
4.40691
4.39277
3.6218
1.74988
1.03315
1.00024
1
1
1
1
1
1
1
1
1
0.357177
0.357452
0.359579
0.342329
0.348956
0.381866
0.422186
0.469773
0.568603
0.792058
0.951093
1.13098
1.35634
1.63961
1.97963
2.27549
2.63145
3.03833
3.40016
3.80552
4.24544
4.34429
3.97826
2.21298
1.09358
1.00103
1
1
1
1
1
1
1
1
1
0.375298
0.362636
0.357891
0.339495
0.335779
0.358362
0.404543
0.472485
0.52245
0.681006
0.867684
1.00846
1.1931
1.48357
1.82059
2.09961
2.40823
2.75777
3.14877
3.53356
4.02703
4.26463
4.08927
2.68785
1.21513
1.00376
1.00002
1
1
1
1
1
1
1
1
0.387578
0.373629
0.360078
0.341552
0.329611
0.335499
0.376576
0.463911
0.528571
0.645697
0.815179
0.964298
1.13025
1.395
1.7154
1.98498
2.2736
2.56921
2.91175
3.29653
3.78098
4.1416
4.07205
3.11602
1.429
1.01219
1.00007
1
1
1
1
1
1
1
1
0.385889
0.376692
0.365537
0.349449
0.33263
0.324557
0.34211
0.43652
0.521033
0.611322
0.761781
0.918011
1.06247
1.30257
1.59854
1.8554
2.14268
2.45514
2.7623
3.12555
3.54618
3.99371
4.02534
3.40311
1.71393
1.03337
1.00025
1
1
1
1
1
1
1
1
0.372145
0.373032
0.369938
0.359793
0.340169
0.324262
0.328274
0.394303
0.479175
0.556972
0.675914
0.834824
0.975005
1.16966
1.43405
1.66255
1.93325
2.2839
2.6132
2.94471
3.32315
3.81697
3.94616
3.6117
2.05541
1.07804
1.00082
1
1
1
1
1
1
1
1
0.342984
0.360806
0.370766
0.372276
0.352982
0.327387
0.329314
0.360342
0.429431
0.514827
0.590454
0.718758
0.863841
1.04376
1.2786
1.50339
1.75964
2.06192
2.42373
2.71359
3.11325
3.62118
3.84394
3.64764
2.38397
1.16131
1.0025
1.00001
1
1
1
1
1
1
1
0.324195
0.345725
0.369155
0.386172
0.367764
0.340709
0.335495
0.354244
0.408917
0.502762
0.580116
0.677667
0.824439
1.01197
1.22705
1.4458
1.68948
1.94774
2.24885
2.56145
2.92684
3.42192
3.73958
3.64895
2.68208
1.28697
1.00669
1.00003
1
1
1
1
1
1
1
0.324135
0.340045
0.367286
0.390406
0.374741
0.358592
0.347662
0.356888
0.395156
0.48932
0.575531
0.671708
0.799213
0.977869
1.18016
1.38298
1.61865
1.87986
2.14801
2.46338
2.76783
3.22309
3.62618
3.62103
2.90451
1.45693
1.01596
1.0001
1
1
1
1
1
1
1
0.333301
0.340921
0.36596
0.387839
0.374179
0.365291
0.357571
0.358225
0.37625
0.46112
0.556006
0.651647
0.762499
0.925253
1.10887
1.28901
1.50724
1.77222
2.03864
2.34888
2.63294
3.04163
3.50237
3.5622
3.08471
1.65792
1.03379
1.00026
1
1
1
1
1
1
1
0.357354
0.351296
0.362698
0.37743
0.371205
0.365075
0.359144
0.353044
0.358631
0.410654
0.502049
0.599876
0.697943
0.826592
0.98811
1.14551
1.34334
1.59072
1.88699
2.16311
2.48267
2.88335
3.3662
3.47812
3.16166
1.87573
1.0658
1.00069
1
1
1
1
1
1
1
0.384428
0.369748
0.35794
0.362719
0.364314
0.362098
0.358303
0.352086
0.356616
0.389934
0.453237
0.552059
0.644388
0.769992
0.92344
1.08871
1.28736
1.51235
1.77272
2.03668
2.33924
2.71712
3.21595
3.383
3.17488
2.07533
1.11441
1.00163
1.00001
1
1
1
1
1
1
0.393048
0.378493
0.355616
0.356095
0.361667
0.359121
0.357337
0.353695
0.358817
0.393716
0.449133
0.537235
0.631646
0.75603
0.90404
1.06619
1.2625
1.47691
1.71384
1.97701
2.24161
2.54989
3.03722
3.29362
3.18117
2.25157
1.18007
1.00349
1.00002
1
1
1
1
1
1
0.390732
0.379097
0.356585
0.355581
0.363459
0.359761
0.355928
0.351522
0.359649
0.396431
0.442522
0.522949
0.615339
0.732453
0.873238
1.02916
1.21695
1.42393
1.64661
1.90721
2.1618
2.44218
2.88672
3.202
3.15403
2.39907
1.26206
1.00687
1.00004
1
1
1
1
1
1
0.377544
0.376293
0.360694
0.358673
0.367386
0.362021
0.35233
0.343228
0.354695
0.388648
0.424617
0.496369
0.581857
0.690054
0.821764
0.957885
1.12085
1.30963
1.52394
1.77645
2.03839
2.34555
2.778
3.12999
3.11407
2.51576
1.35774
1.01251
1.00008
1
1
1
1
1
1
0.360798
0.370822
0.366037
0.366656
0.373352
0.365511
0.350127
0.338473
0.346978
0.372194
0.396417
0.45222
0.521371
0.619467
0.745789
0.868088
1.02372
1.20275
1.4137
1.64534
1.90162
2.2205
2.65007
3.05604
3.06681
2.59916
1.46065
1.0212
1.00015
1
1
1
1
1
1
0.356001
0.365192
0.371073
0.373377
0.375185
0.367603
0.350917
0.338542
0.344896
0.368044
0.391192
0.442164
0.50135
0.593534
0.72278
0.849278
1.00695
1.1825
1.38477
1.60975
1.84684
2.09703
2.49432
2.95054
3.00588
2.64129
1.56453
1.03373
1.0003
1
1
1
1
1
1
0.357111
0.3636
0.375244
0.374482
0.373293
0.366629
0.353379
0.340286
0.346212
0.367426
0.390355
0.445034
0.500363
0.586894
0.710547
0.834838
0.987666
1.15816
1.35272
1.57329
1.80516
2.03659
2.39059
2.8412
2.94243
2.66902
1.66289
1.05029
1.00054
1
1
1
1
1
1
0.365735
0.365833
0.376556
0.372543
0.367873
0.363486
0.353904
0.344954
0.346662
0.36298
0.384894
0.440813
0.492008
0.572555
0.688697
0.806296
0.950027
1.11051
1.29248
1.50331
1.73676
1.97734
2.31669
2.76265
2.88458
2.67399
1.75572
1.07139
1.00093
1
1
1
1
1
1
0.380583
0.37282
0.375126
0.366763
0.358476
0.3578
0.353687
0.349591
0.347184
0.354974
0.370227
0.422063
0.468161
0.540942
0.646108
0.752209
0.875325
1.0177
1.18222
1.38101
1.60984
1.87613
2.21716
2.68107
2.82464
2.66172
1.83674
1.09646
1.00153
1.00001
1
1
1
1
1
0.389319
0.37789
0.370899
0.358967
0.349968
0.352635
0.353855
0.353329
0.349287
0.34987
0.35578
0.395444
0.433133
0.496321
0.593477
0.697256
0.822645
0.966165
1.13212
1.32227
1.52833
1.76006
2.07152
2.55402
2.75672
2.64052
1.9022
1.12427
1.00238
1.00001
1
1
1
1
1
0.389932
0.379491
0.367269
0.356261
0.348623
0.352145
0.355368
0.356341
0.352474
0.349938
0.35464
0.391352
0.425569
0.488668
0.584339
0.687045
0.81296
0.955568
1.12053
1.30843
1.5103
1.71897
1.99335
2.43353
2.68576
2.61544
1.95524
1.15301
1.0035
1.00002
1
1
1
1
1
0.385202
0.378151
0.367105
0.357594
0.350126
0.353551
0.358181
0.359938
0.355546
0.350319
0.354883
0.39008
0.422368
0.485264
0.577609
0.67596
0.797156
0.935741
1.0962
1.27955
1.47906
1.68624
1.95686
2.37901
2.63722
2.58278
1.99567
1.18317
1.00495
1.00003
1
1
1
1
1
0.373495
0.374377
0.369816
0.362532
0.355149
0.356817
0.360817
0.361591
0.3556
0.349072
0.351908
0.384252
0.414427
0.475228
0.562853
0.654779
0.767336
0.894886
1.04229
1.2159
1.41213
1.62265
1.89762
2.32595
2.59742
2.55283
2.02833
1.21392
1.00678
1.00004
1
1
1
1
1
0.368517
0.37264
0.373564
0.369406
0.360808
0.359089
0.362467
0.360259
0.353646
0.346611
0.350757
0.37257
0.396143
0.450141
0.528979
0.611212
0.710742
0.824675
0.959441
1.12083
1.30911
1.51889
1.78931
2.23139
2.54422
2.51496
2.05444
1.24509
1.009
1.00006
1
1
1
1
1
0.369661
0.372865
0.375224
0.372293
0.362426
0.359098
0.362211
0.357912
0.352875
0.346321
0.352072
0.369224
0.378581
0.423689
0.49692
0.576449
0.680289
0.802065
0.940162
1.09464
1.26539
1.44926
1.68664
2.09728
2.45847
2.45907
2.06119
1.27483
1.01161
1.00008
1
1
1
1
1
0.375344
0.374669
0.375412
0.372585
0.362564
0.358417
0.361685
0.357664
0.353561
0.347414
0.356225
0.370194
0.377484
0.422435
0.494139
0.572528
0.677519
0.79874
0.935784
1.08888
1.25917
1.44204
1.6685
2.04325
2.38046
2.39351
2.05675
1.29849
1.01432
1.00011
1
1
1
1
1
0.38216
0.376371
0.374268
0.372287
0.361847
0.357017
0.361683
0.358532
0.355974
0.350096
0.35998
0.370964
0.377197
0.420859
0.490403
0.566355
0.668597
0.784771
0.916773
1.06707
1.23921
1.42836
1.66041
2.02805
2.35399
2.36163
2.05589
1.3191
1.01714
1.00015
1
1
1
1
1
0.383493
0.376452
0.37142
0.370642
0.360714
0.35664
0.362147
0.359995
0.358994
0.353102
0.36184
0.369557
0.372862
0.413178
0.479699
0.551871
0.64755
0.754091
0.875325
1.01626
1.18489
1.37848
1.61716
1.98825
2.32778
2.33742
2.0471
1.33783
1.02018
1.00019
1
1
1
1
1
0.382378
0.375886
0.367814
0.368966
0.361072
0.357265
0.363285
0.361189
0.361207
0.355626
0.361379
0.363883
0.362831
0.394896
0.455105
0.521453
0.607862
0.705094
0.817888
0.950113
1.10905
1.29566
1.5283
1.89745
2.26826
2.29624
2.03397
1.35549
1.0235
1.00025
1
1
1
1
1
0.376197
0.372876
0.365324
0.368214
0.362741
0.359766
0.365938
0.362968
0.363131
0.357739
0.360406
0.359194
0.357353
0.380455
0.432523
0.494731
0.580219
0.676291
0.78821
0.920951
1.07734
1.25086
1.45762
1.78627
2.16613
2.22443
2.00959
1.36947
1.02686
1.0003
1
1
1
1
1
0.363504
0.367079
0.364993
0.368386
0.366395
0.365618
0.370666
0.365739
0.365091
0.359903
0.360251
0.358496
0.357448
0.380637
0.432405
0.492818
0.577476
0.673771
0.787474
0.922093
1.07937
1.24937
1.44448
1.75109
2.10607
2.15865
1.97527
1.37551
1.02963
1.00036
1
1
1
1
1
0.355415
0.362081
0.364907
0.368999
0.371289
0.373355
0.375903
0.36846
0.366829
0.362959
0.361219
0.358483
0.35827
0.382112
0.432325
0.489899
0.57245
0.668733
0.783713
0.91967
1.07858
1.24987
1.44364
1.74449
2.0906
2.13772
1.95583
1.37945
1.03185
1.00042
1
1
1
1
1
0.353053
0.359025
0.36421
0.369969
0.372484
0.375979
0.377939
0.370269
0.368585
0.366998
0.363027
0.358469
0.358023
0.379884
0.426739
0.480912
0.560765
0.655022
0.768104
0.902521
1.05932
1.22876
1.42089
1.71783
2.06605
2.11765
1.94166
1.38267
1.03386
1.00047
1
1
1
1
1
0.351311
0.356965
0.362745
0.369247
0.371526
0.375796
0.378451
0.371718
0.370374
0.37116
0.365903
0.358682
0.357745
0.373793
0.411469
0.461066
0.534529
0.623762
0.731612
0.861892
1.01262
1.17424
1.35782
1.64739
2.00935
2.08009
1.92221
1.38595
1.03647
1.00056
1
1
1
1
1
0.366495
0.357444
0.361939
0.368723
0.370984
0.375881
0.378376
0.372625
0.372381
0.373617
0.367271
0.358617
0.357963
0.373302
0.408118
0.451054
0.526105
0.611495
0.716682
0.839103
0.979859
1.12965
1.30333
1.58012
1.94754
2.04391
1.8998
1.38162
1.03617
1.00054
1
1
1
1
1
0.385291
0.358532
0.360831
0.368401
0.370786
0.375979
0.378434
0.373405
0.373897
0.374799
0.367886
0.358772
0.358249
0.37336
0.408114
0.450965
0.52708
0.612531
0.71761
0.839939
0.976331
1.12146
1.29374
1.56395
1.90706
2.01075
1.8812
1.37648
1.03577
1.00053
1
1
1
1
1
0.412505
0.362748
0.360388
0.367504
0.370097
0.37646
0.37847
0.374096
0.375564
0.376432
0.368982
0.359416
0.358931
0.373808
0.408424
0.451584
0.52681
0.612465
0.717492
0.842358
0.97995
1.12357
1.29392
1.56343
1.89788
1.97176
1.85828
1.36885
1.03515
1.00052
1
1
1
1
1
0.428745
0.367592
0.360382
0.366288
0.368813
0.376487
0.378097
0.37455
0.377065
0.378288
0.370185
0.360655
0.360109
0.37545
0.409466
0.452093
0.526489
0.611937
0.717417
0.839316
0.977789
1.1204
1.28769
1.55768
1.89769
1.94711
1.83399
1.35868
1.03419
1.00051
1
1
1
1
1
0.448966
0.373475
0.361241
0.364814
0.367707
0.376202
0.37703
0.374872
0.377566
0.378642
0.37151
0.362924
0.362361
0.378985
0.411847
0.453606
0.529178
0.616458
0.722643
0.839656
0.968922
1.10744
1.27445
1.54473
1.8827
1.93457
1.81516
1.34721
1.03289
1.00049
1
1
1
1
1
0.472365
0.385861
0.363956
0.363586
0.367611
0.376268
0.376766
0.375478
0.378364
0.379243
0.373848
0.36732
0.366952
0.385016
0.419628
0.462788
0.545261
0.633623
0.737857
0.847932
0.970781
1.10608
1.27045
1.53968
1.86969
1.93416
1.80247
1.33544
1.03132
1.00047
1
1
1
1
1
0.488283
0.402196
0.368435
0.364436
0.369223
0.37745
0.377177
0.376652
0.380725
0.381465
0.3786
0.373694
0.372683
0.393783
0.433169
0.477097
0.557748
0.641139
0.742124
0.850353
0.971896
1.1065
1.27056
1.53932
1.86797
1.93328
1.78903
1.32365
1.0296
1.00044
1
1
1
1
1
0.522104
0.42634
0.373368
0.368052
0.373737
0.380429
0.379546
0.37749
0.382656
0.385585
0.384106
0.379945
0.378352
0.402986
0.439447
0.478598
0.556601
0.638375
0.736861
0.84358
0.963563
1.09705
1.26069
1.53128
1.85785
1.91679
1.77056
1.31126
1.02779
1.00041
1
1
1
1
1
0.572727
0.46085
0.384285
0.376612
0.38135
0.383688
0.381959
0.37773
0.384349
0.388853
0.387978
0.385235
0.384146
0.409797
0.438852
0.475879
0.550206
0.625282
0.7161
0.819425
0.938386
1.06976
1.23162
1.50476
1.82973
1.88515
1.74703
1.2975
1.0259
1.00037
1
1
1
1
1
0.630178
0.511251
0.416042
0.388226
0.391003
0.387811
0.383841
0.379207
0.386734
0.391141
0.39137
0.389892
0.390297
0.412318
0.437489
0.472363
0.54109
0.607215
0.691374
0.793673
0.915595
1.04763
1.21201
1.47524
1.79315
1.84919
1.71876
1.28173
1.02388
1.00034
1
1
1
1
1
0.687097
0.585278
0.482415
0.411419
0.402018
0.394746
0.387432
0.383023
0.388729
0.393081
0.39512
0.394567
0.396298
0.414334
0.436756
0.468679
0.533438
0.595886
0.681405
0.786295
0.908719
1.04061
1.19975
1.45801
1.75395
1.81414
1.68602
1.26334
1.02161
1.0003
1
1
1
1
1
0.75262
0.682925
0.585574
0.468493
0.425065
0.408948
0.395852
0.389467
0.392765
0.397126
0.401098
0.401406
0.403721
0.419874
0.440183
0.468287
0.53393
0.597762
0.684587
0.789812
0.907704
1.03212
1.18361
1.4424
1.73415
1.78507
1.65198
1.24221
1.01904
1.00025
1
1
1
1
1
0.815822
0.764554
0.679113
0.577448
0.486447
0.447385
0.422685
0.407523
0.404894
0.408279
0.412276
0.41338
0.41543
0.432389
0.450053
0.475378
0.542292
0.605362
0.691379
0.792263
0.902808
1.01922
1.17202
1.43516
1.72348
1.75974
1.61793
1.2191
1.01628
1.00021
1
1
1
1
1
0.854905
0.821816
0.748189
0.670974
0.575685
0.523586
0.487836
0.454329
0.435311
0.429238
0.427842
0.426875
0.428792
0.443918
0.455601
0.481684
0.547681
0.607188
0.692225
0.786451
0.890714
1.00426
1.159
1.42655
1.70171
1.73065
1.58114
1.19472
1.01351
1.00017
1
1
1
1
1
0.858644
0.842448
0.784549
0.719555
0.634349
0.581523
0.552676
0.52577
0.495372
0.468204
0.449475
0.43994
0.440631
0.449645
0.458004
0.483787
0.546285
0.60376
0.684963
0.773575
0.875011
0.988398
1.14576
1.41212
1.66615
1.69429
1.53927
1.1692
1.01081
1.00013
1
1
1
1
1
0.877767
0.871482
0.811764
0.747817
0.660393
0.594349
0.575963
0.575228
0.568702
0.547158
0.506205
0.468616
0.456929
0.45902
0.461207
0.484152
0.542365
0.597034
0.676403
0.76368
0.865892
0.979835
1.13998
1.40249
1.63662
1.65518
1.49219
1.14246
1.00825
1.00009
1
1
1
1
1
0.996091
1.00921
0.919211
0.811084
0.689943
0.605168
0.584614
0.589406
0.596566
0.593643
0.576077
0.529649
0.493413
0.478467
0.474012
0.487864
0.541542
0.594157
0.675311
0.766146
0.869067
0.982408
1.1425
1.404
1.61111
1.61748
1.44053
1.11512
1.0059
1.00006
1
1
1
1
1
1.08524
1.10272
1.08374
0.986165
0.827565
0.655423
0.599796
0.597931
0.605338
0.607067
0.600067
0.585362
0.550854
0.516204
0.502556
0.50147
0.549714
0.601361
0.682866
0.774245
0.871249
0.982041
1.14214
1.4008
1.58244
1.57785
1.3849
1.08838
1.00389
1.00004
1
1
1
1
1
1.13728
1.15505
1.14522
1.08791
1.00397
0.83188
0.671968
0.612128
0.608087
0.606578
0.603017
0.60008
0.585506
0.556916
0.535402
0.527874
0.566121
0.618299
0.690915
0.777402
0.868856
0.977456
1.14009
1.39283
1.55029
1.53273
1.32498
1.06332
1.00231
1.00002
1
1
1
1
1
1.20912
1.21673
1.21507
1.18401
1.12313
1.0245
0.828963
0.656771
0.607674
0.60143
0.600696
0.602534
0.59983
0.583599
0.56749
0.561549
0.583801
0.635779
0.698338
0.779986
0.869188
0.975095
1.14479
1.39081
1.51559
1.48111
1.26076
1.04117
1.00119
1.00001
1
1
1
1
1
1.23811
1.24463
1.26319
1.24737
1.19992
1.14139
1.01132
0.786876
0.624479
0.599643
0.59846
0.600101
0.605451
0.598179
0.59179
0.588355
0.598821
0.648427
0.713661
0.786354
0.875045
0.981057
1.15773
1.39245
1.47689
1.42162
1.19369
1.02329
1.00051
1
1
1
1
1
1
1.22223
1.23709
1.2511
1.24137
1.21502
1.18442
1.1254
0.974208
0.706052
0.605318
0.600858
0.601799
0.612271
0.608794
0.607933
0.610103
0.618424
0.654331
0.728091
0.792702
0.878725
0.994956
1.17737
1.39004
1.43232
1.35113
1.1275
1.01077
1.00017
1
1
1
1
1
1
1.20011
1.20121
1.19464
1.18636
1.18728
1.18335
1.16943
1.08979
0.849107
0.637478
0.614424
0.619339
0.626854
0.621547
0.62021
0.628364
0.645735
0.66029
0.731158
0.80411
0.883307
1.01518
1.2037
1.37758
1.38113
1.26634
1.0692
1.00369
1.00004
1
1
1
1
1
1
1.1135
1.12716
1.1415
1.14032
1.15086
1.15558
1.14504
1.09242
0.973891
0.722184
0.627555
0.627853
0.624731
0.619481
0.618369
0.629671
0.660141
0.668396
0.733411
0.819931
0.89383
1.04281
1.231
1.34599
1.31804
1.17077
1.02749
1.00081
1.00001
1
1
1
1
1
1
1.038
1.05921
1.05637
1.06323
1.08672
1.10327
1.08592
1.06467
1.03979
0.810768
0.646324
0.62423
0.621649
0.617377
0.616698
0.628702
0.665648
0.678416
0.734919
0.837723
0.917505
1.0821
1.24455
1.29223
1.22949
1.08015
1.00654
1.00009
1
1
1
1
1
1
1
1.00982
1.00272
0.99156
0.99823
1.01873
1.04333
1.03171
1.04259
1.03732
0.854477
0.667527
0.62156
0.619571
0.615236
0.614667
0.628519
0.670733
0.693203
0.739667
0.854327
0.959775
1.11208
1.2322
1.21478
1.11887
1.02111
1.00071
1
1
1
1
1
1
1
1
0.965826
0.959006
0.955911
0.957273
0.965154
0.987756
0.991375
1.01224
1.01049
0.870829
0.694721
0.620975
0.617809
0.613177
0.611572
0.627022
0.673995
0.703322
0.750487
0.864506
0.980597
1.11572
1.16181
1.11081
1.03227
1.00224
1.00002
0.999998
1
1
1
1
1
1
1
0.940528
0.940084
0.937368
0.933005
0.935822
0.942588
0.951011
0.963434
0.957563
0.881931
0.761815
0.641227
0.614643
0.610849
0.609612
0.626289
0.674767
0.706101
0.757836
0.86526
0.97635
1.07771
1.05927
1.0246
1.00305
1.00007
0.999996
0.999998
1
1
1
1
1
1
1
0.909197
0.916435
0.91581
0.913907
0.911827
0.912115
0.909088
0.903208
0.892276
0.871757
0.842146
0.712589
0.62704
0.603437
0.60194
0.620629
0.669239
0.700138
0.754063
0.847984
0.93241
0.990302
1.00102
1.00082
1.00004
0.999994
0.999997
0.999999
1
1
1
1
1
1
1
0.856134
0.858856
0.865981
0.869681
0.868746
0.867029
0.862096
0.858266
0.858393
0.865629
0.857292
0.786994
0.682008
0.600509
0.586513
0.596809
0.644388
0.677215
0.734781
0.820718
0.898606
0.963748
0.993624
0.999566
0.99998
0.999996
0.999999
1
1
1
1
1
1
1
1
)
;

boundaryField
{
    inlet
    {
        type            fixedValue;
        value           uniform 1;
    }
    outlet
    {
        type            zeroGradient;
    }
    airfoil
    {
        type            zeroGradient;
    }
    top
    {
        type            symmetryPlane;
    }
    bottom
    {
        type            symmetryPlane;
    }
    defaultFaces
    {
        type            empty;
    }
}


// ************************************************************************* //
