/*--------------------------------*- C++ -*----------------------------------*\
  =========                 |
  \\      /  F ield         | OpenFOAM: The Open Source CFD Toolbox
   \\    /   O peration     | Website:  https://openfoam.org
    \\  /    A nd           | Version:  7
     \\/     M anipulation  |
\*---------------------------------------------------------------------------*/
FoamFile
{
    version     2.0;
    format      ascii;
    class       volScalarField;
    location    "8.7";
    object      rho;
}
// * * * * * * * * * * * * * * * * * * * * * * * * * * * * * * * * * * * * * //

dimensions      [1 -3 0 0 0 0 0];

internalField   nonuniform List<scalar> 
8400
(
0.235247
0.327391
0.431316
0.518322
0.599524
0.666365
0.715349
0.768706
0.791337
0.807398
0.833657
0.847901
0.856084
0.877685
0.900297
0.924402
0.952672
0.970241
0.971807
0.968997
0.971159
0.976737
0.991944
1.01384
1.03652
1.06128
1.08132
1.0946
1.10942
1.11805
0.156309
0.159113
0.169409
0.194815
0.235225
0.302709
0.389126
0.478948
0.578175
0.662269
0.733093
0.80201
0.840952
0.872247
0.883155
0.889064
0.885917
0.864781
0.833282
0.834764
0.856473
0.888671
0.921004
0.943297
0.961984
0.979247
0.98567
0.989572
0.999294
1.02459
0.170662
0.173
0.174702
0.176509
0.177227
0.175975
0.174635
0.180361
0.205897
0.25737
0.321202
0.416791
0.531931
0.63196
0.704377
0.750407
0.800425
0.79731
0.794077
0.804512
0.808208
0.817268
0.832651
0.849249
0.877338
0.900581
0.91149
0.916765
0.925963
0.948448
0.174346
0.17448
0.173824
0.171684
0.169694
0.168978
0.168889
0.169381
0.170601
0.170339
0.167626
0.165795
0.180313
0.220415
0.299452
0.404479
0.525287
0.656911
0.747288
0.802146
0.810823
0.810755
0.809263
0.812797
0.837719
0.855602
0.869335
0.881865
0.893954
0.910966
0.171329
0.170462
0.169131
0.166894
0.165054
0.16495
0.165564
0.167784
0.169715
0.169727
0.167325
0.166252
0.16813
0.17395
0.183053
0.18693
0.202127
0.266709
0.395423
0.560474
0.684805
0.765924
0.799254
0.824793
0.869482
0.861047
0.881239
0.902694
0.910774
0.919937
0.169378
0.168157
0.166299
0.164953
0.164993
0.165331
0.167084
0.171885
0.180243
0.189599
0.19041
0.190298
0.193139
0.199827
0.212271
0.223252
0.224437
0.22245
0.223227
0.24309
0.321099
0.453782
0.623712
0.756115
0.822147
0.864484
0.928158
0.957417
0.947522
0.948764
0.176335
0.178892
0.182864
0.187966
0.193225
0.198221
0.203876
0.210477
0.216164
0.223255
0.229125
0.231466
0.231414
0.230814
0.233118
0.241727
0.244138
0.246068
0.253196
0.268266
0.277728
0.280504
0.30363
0.389373
0.519425
0.698537
0.841506
0.915956
0.979875
1.04353
0.218132
0.223131
0.228362
0.233212
0.236919
0.238434
0.23931
0.240623
0.242586
0.245527
0.252398
0.257059
0.254393
0.253462
0.256574
0.267397
0.283659
0.297422
0.308473
0.319434
0.326836
0.327214
0.329134
0.331513
0.332944
0.357938
0.434661
0.613914
0.816665
0.996931
0.255831
0.2594
0.263417
0.267941
0.272197
0.272927
0.273877
0.276702
0.281625
0.286518
0.293111
0.303873
0.314652
0.322227
0.328069
0.335327
0.344162
0.348597
0.34871
0.350949
0.352904
0.351694
0.350772
0.354338
0.365109
0.381608
0.386772
0.390018
0.418815
0.637304
0.317148
0.31856
0.321139
0.325264
0.331357
0.339381
0.347916
0.353566
0.356136
0.357752
0.359651
0.364558
0.372303
0.37622
0.376574
0.376156
0.37717
0.376997
0.373269
0.373087
0.376939
0.385235
0.393026
0.39915
0.408398
0.415659
0.419759
0.422638
0.425464
0.429884
0.397077
0.398009
0.397951
0.397739
0.398618
0.401832
0.407193
0.413508
0.417413
0.417467
0.414873
0.412782
0.415007
0.420895
0.421959
0.422028
0.424302
0.431843
0.441495
0.447823
0.45259
0.456687
0.462169
0.464421
0.463045
0.458016
0.452105
0.452557
0.456386
0.468426
0.486744
0.490346
0.491553
0.489792
0.482653
0.478351
0.479721
0.485383
0.493607
0.497285
0.496938
0.494265
0.494374
0.497777
0.501794
0.502585
0.503592
0.507465
0.510706
0.510613
0.509276
0.506442
0.505503
0.506514
0.507478
0.50947
0.514139
0.520096
0.524763
0.526713
0.584889
0.593428
0.599014
0.599096
0.593918
0.581891
0.574694
0.573748
0.577393
0.581746
0.58141
0.578174
0.577094
0.577556
0.57721
0.572905
0.568359
0.566466
0.565204
0.563118
0.560731
0.560901
0.562039
0.562581
0.563552
0.566957
0.572218
0.576098
0.574995
0.569832
0.700492
0.706825
0.71309
0.714295
0.712458
0.701163
0.68676
0.681367
0.683362
0.685648
0.683875
0.676243
0.67178
0.67267
0.67281
0.668758
0.660881
0.65881
0.658966
0.658403
0.655775
0.651335
0.647631
0.645432
0.642248
0.636668
0.629886
0.622361
0.614893
0.610201
0.836036
0.840861
0.84804
0.848453
0.846789
0.838175
0.816925
0.802916
0.804419
0.80755
0.804801
0.792292
0.779217
0.778621
0.778449
0.773307
0.761465
0.753755
0.749249
0.744651
0.738652
0.731557
0.723941
0.718529
0.714108
0.708039
0.702543
0.697801
0.694414
0.688669
0.992814
0.993854
1.00302
1.00596
1.00305
0.991748
0.969024
0.948214
0.942961
0.945353
0.94291
0.926788
0.904147
0.901521
0.901294
0.894722
0.878495
0.865183
0.858362
0.851704
0.843333
0.833392
0.822317
0.81209
0.803207
0.794817
0.78637
0.779633
0.772802
0.757094
1.17192
1.1704
1.17911
1.18778
1.18439
1.16609
1.13644
1.11152
1.10051
1.1017
1.09908
1.08005
1.04747
1.04181
1.0406
1.03122
1.00974
0.99144
0.98026
0.970246
0.958542
0.943405
0.927752
0.914843
0.903313
0.890003
0.875633
0.861028
0.8473
0.825989
1.3768
1.3697
1.37516
1.38306
1.37892
1.35714
1.32709
1.29687
1.27512
1.27436
1.27185
1.2512
1.21079
1.19822
1.19486
1.18324
1.15726
1.13362
1.11674
1.10186
1.0862
1.06781
1.04698
1.02771
1.01069
0.993224
0.975404
0.957409
0.942702
0.917737
1.62288
1.59419
1.59111
1.59378
1.5902
1.5709
1.54192
1.50847
1.47309
1.46581
1.46049
1.4382
1.39286
1.37146
1.36341
1.34756
1.31915
1.29061
1.26596
1.24469
1.22423
1.20197
1.17701
1.15223
1.1299
1.10828
1.08558
1.06204
1.0421
1.00914
1.89861
1.87822
1.85671
1.8357
1.82179
1.80617
1.77929
1.74311
1.71363
1.69384
1.67447
1.64735
1.60187
1.57186
1.55315
1.52738
1.49439
1.46256
1.43239
1.40306
1.37566
1.34718
1.31744
1.28821
1.26061
1.23328
1.206
1.17809
1.15356
1.11359
2.05218
2.04547
2.03701
2.02713
2.01717
2.00861
1.9959
1.97639
1.95514
1.93104
1.90657
1.88093
1.84473
1.80827
1.77766
1.74287
1.7042
1.66508
1.62532
1.58659
1.5495
1.51336
1.47607
1.4398
1.40563
1.37138
1.33817
1.30463
1.2756
1.22779
2.05382
2.05177
2.04864
2.04903
2.04938
2.04931
2.04872
2.04432
2.04078
2.0384
2.0351
2.02752
2.01531
2.00118
1.98223
1.95567
1.92426
1.89065
1.85168
1.80849
1.7625
1.71523
1.66839
1.62112
1.57558
1.53133
1.48819
1.44629
1.41092
1.35302
1.95599
1.97785
1.98264
1.97707
1.97387
1.9859
2.00202
2.01467
2.02286
2.02149
2.02137
2.02739
2.02854
2.02478
2.02078
2.01939
2.01705
2.01154
2.00154
1.98421
1.95894
1.92651
1.88712
1.84073
1.78778
1.73227
1.67667
1.6207
1.57297
1.4974
1.64792
1.66924
1.68691
1.71156
1.73446
1.75357
1.78033
1.81674
1.84431
1.8623
1.88205
1.90934
1.94902
1.96156
1.96763
1.98139
1.99441
2.00365
2.00267
2.00091
1.99947
1.99714
1.99129
1.9795
1.95873
1.92753
1.88537
1.83224
1.77778
1.68104
1.43252
1.43894
1.44609
1.45452
1.46539
1.47666
1.4901
1.50945
1.5313
1.55607
1.58313
1.6121
1.64947
1.69303
1.72989
1.76976
1.81132
1.855
1.89044
1.91959
1.94268
1.96095
1.97722
1.97775
1.97692
1.97537
1.97031
1.95864
1.93972
1.87579
1.40092
1.40118
1.40154
1.40203
1.4027
1.40358
1.40471
1.40647
1.40902
1.41271
1.41757
1.42403
1.43269
1.44646
1.4637
1.48571
1.51459
1.55017
1.5945
1.64218
1.69788
1.75051
1.80678
1.85514
1.89259
1.92701
1.94407
1.95171
1.95315
1.94692
1.40001
1.40002
1.40002
1.40002
1.40003
1.40004
1.40006
1.40009
1.40013
1.40021
1.40033
1.40053
1.40086
1.40147
1.40251
1.4042
1.40716
1.41191
1.42008
1.43236
1.45151
1.47946
1.51628
1.5668
1.62539
1.6898
1.75709
1.81906
1.86565
1.90992
1.40001
1.40001
1.40001
1.40001
1.40001
1.40001
1.40001
1.40001
1.40001
1.40001
1.40001
1.40001
1.40001
1.40002
1.40003
1.40005
1.4001
1.4002
1.4004
1.40086
1.40181
1.40382
1.40779
1.41545
1.4293
1.45268
1.48853
1.54108
1.60139
1.71279
1.40001
1.40001
1.40001
1.40001
1.40001
1.40001
1.40001
1.40001
1.40001
1.40001
1.40001
1.40001
1.40001
1.40001
1.40001
1.40001
1.40001
1.40001
1.40001
1.40001
1.40002
1.40005
1.40011
1.4003
1.40078
1.40203
1.40499
1.41209
1.42444
1.47475
1.40001
1.40001
1.40001
1.40001
1.40001
1.40001
1.40001
1.40001
1.40001
1.40001
1.40001
1.40001
1.40001
1.40001
1.40001
1.40001
1.40001
1.40001
1.40001
1.40001
1.40001
1.40001
1.40001
1.40001
1.40001
1.40002
1.40007
1.40023
1.40065
1.40518
0.151634
0.153915
0.167773
0.172066
0.171854
0.171314
0.174761
0.214009
0.253696
0.31637
0.395883
0.483398
0.579797
0.697271
0.837467
1.00811
1.20471
1.42583
1.68015
1.93154
2.0584
2.0544
1.91704
1.61223
1.42524
1.40072
1.40001
1.40001
1.40001
1.40001
0.152347
0.154106
0.168273
0.169312
0.169477
0.173336
0.179951
0.220548
0.268024
0.337233
0.41377
0.498844
0.603729
0.73971
0.904571
1.09
1.29346
1.51416
1.75241
1.98314
2.06665
2.04594
1.86777
1.5597
1.41439
1.40029
1.40001
1.40001
1.40001
1.40001
0.151208
0.151993
0.167614
0.167115
0.166474
0.173461
0.185081
0.228827
0.283041
0.346321
0.42097
0.516008
0.650982
0.795824
0.957952
1.13867
1.33775
1.5561
1.7969
2.01255
2.06927
2.02788
1.82672
1.52249
1.40861
1.40014
1.40001
1.40001
1.40001
1.40001
0.150312
0.1521
0.16846
0.166021
0.163325
0.173684
0.193591
0.23953
0.292056
0.35092
0.437725
0.557052
0.688031
0.824581
0.981672
1.16336
1.3669
1.59332
1.84576
2.04041
2.07142
2.01441
1.7803
1.4861
1.40457
1.40007
1.40001
1.40001
1.40001
1.40001
0.150412
0.152499
0.170098
0.165625
0.161564
0.175296
0.199468
0.24231
0.295151
0.358664
0.461562
0.579364
0.699597
0.837457
0.996893
1.18485
1.40019
1.64851
1.91382
2.06611
2.07387
1.99919
1.71309
1.45637
1.40232
1.40003
1.40001
1.40001
1.40001
1.40001
0.150522
0.153568
0.171359
0.165055
0.160194
0.175047
0.200954
0.242808
0.297343
0.377289
0.48345
0.588088
0.702099
0.849386
1.02871
1.24545
1.4847
1.7393
1.97897
2.08148
2.076
1.96039
1.65138
1.43635
1.40116
1.40002
1.40001
1.40001
1.40001
1.40001
0.150545
0.155759
0.171408
0.163911
0.159268
0.171947
0.200314
0.243616
0.309697
0.405004
0.496781
0.593251
0.732691
0.911073
1.11752
1.33578
1.56556
1.80187
2.01763
2.08849
2.07374
1.90802
1.59735
1.42167
1.40053
1.40001
1.40001
1.40001
1.40001
1.40001
0.150899
0.1571
0.168808
0.16265
0.158909
0.17036
0.200817
0.2606
0.340329
0.42034
0.510805
0.637819
0.809524
0.986262
1.1757
1.38329
1.61005
1.8486
2.04773
2.09058
2.0522
1.85932
1.54316
1.41166
1.40023
1.40001
1.40001
1.40001
1.40001
1.40001
0.151729
0.157362
0.164874
0.160956
0.159573
0.173956
0.218332
0.284544
0.352365
0.427861
0.537588
0.697968
0.852194
1.01808
1.20682
1.42006
1.65932
1.91071
2.0754
2.09016
2.03043
1.79704
1.49866
1.40634
1.4001
1.40001
1.40001
1.40001
1.40001
1.40001
0.152567
0.156872
0.162836
0.159813
0.16301
0.188183
0.234593
0.291783
0.355288
0.44244
0.579836
0.724344
0.869367
1.04058
1.24072
1.47603
1.74009
1.98146
2.09291
2.08586
2.00612
1.73092
1.46777
1.40328
1.40005
1.40001
1.40001
1.40001
1.40001
1.40001
0.152629
0.154924
0.162621
0.159353
0.166091
0.19671
0.237986
0.291017
0.36109
0.471955
0.607488
0.733796
0.883568
1.08564
1.32719
1.5791
1.82755
2.03209
2.1008
2.08985
1.97524
1.67054
1.44192
1.40147
1.40002
1.40001
1.40001
1.40001
1.40001
1.40001
0.150694
0.153396
0.162767
0.158295
0.166688
0.198222
0.23868
0.289053
0.383273
0.509413
0.625539
0.751532
0.957545
1.18816
1.42186
1.65547
1.88772
2.06729
2.10607
2.09112
1.9224
1.6011
1.42226
1.4006
1.40001
1.40001
1.40001
1.40001
1.40001
1.40001
0.147471
0.152299
0.163011
0.156043
0.162841
0.197156
0.240691
0.316248
0.429702
0.531736
0.646962
0.841425
1.04983
1.25585
1.47723
1.71235
1.94746
2.09241
2.10806
2.06637
1.85485
1.53719
1.41176
1.40025
1.40001
1.40001
1.40001
1.40001
1.40001
1.40001
0.144516
0.151106
0.161172
0.154317
0.158781
0.195936
0.252596
0.356799
0.452168
0.55267
0.709256
0.908146
1.09486
1.29747
1.53204
1.78846
2.01162
2.10797
2.10637
2.02833
1.77909
1.49332
1.40609
1.4001
1.40001
1.40001
1.40001
1.40001
1.40001
1.40001
0.14268
0.150494
0.157787
0.153534
0.159758
0.208703
0.283568
0.373703
0.459534
0.583016
0.76935
0.941333
1.12553
1.35334
1.62237
1.88038
2.05783
2.11766
2.09936
1.9954
1.7115
1.46055
1.4028
1.40004
1.40001
1.40001
1.40001
1.40001
1.40001
1.40001
0.142161
0.150564
0.157155
0.154025
0.17087
0.227315
0.2936
0.374835
0.471573
0.63519
0.803032
0.964305
1.19148
1.46578
1.72526
1.95109
2.09081
2.12182
2.09502
1.96137
1.64524
1.43465
1.40118
1.40002
1.40001
1.40001
1.40001
1.40001
1.40001
1.40001
0.142452
0.15128
0.158076
0.156748
0.178694
0.232139
0.294604
0.375274
0.517635
0.682203
0.829486
1.04252
1.31475
1.56562
1.7991
2.01052
2.11567
2.12321
2.09718
1.89864
1.56815
1.41649
1.40043
1.40001
1.40001
1.40001
1.40001
1.40001
1.40001
1.40001
0.14505
0.151484
0.159028
0.157754
0.181694
0.231361
0.301594
0.411489
0.583819
0.721969
0.896888
1.16122
1.40296
1.63652
1.87257
2.06561
2.1266
2.12381
2.05941
1.80188
1.50519
1.40776
1.40015
1.40001
1.40001
1.40001
1.40001
1.40001
1.40001
1.40001
0.148997
0.148835
0.156818
0.155628
0.185206
0.236332
0.33258
0.484586
0.619417
0.767649
1.00574
1.23725
1.4671
1.71993
1.957
2.09982
2.12844
2.11453
1.99567
1.71967
1.46678
1.40363
1.40006
1.40001
1.40001
1.40001
1.40001
1.40001
1.40001
1.40001
0.151365
0.143898
0.151751
0.152532
0.191748
0.277642
0.387204
0.514562
0.645889
0.842755
1.07587
1.29582
1.5573
1.82781
2.02347
2.11798
2.12683
2.09341
1.94958
1.64869
1.43768
1.40141
1.40002
1.40001
1.40001
1.40001
1.40001
1.40001
1.40001
1.40001
0.150795
0.138525
0.148025
0.154929
0.210074
0.312176
0.410194
0.527385
0.69027
0.924372
1.13672
1.3911
1.6832
1.92025
2.07247
2.12987
2.12407
2.07528
1.89786
1.5745
1.41881
1.40052
1.40001
1.40001
1.40001
1.40001
1.40001
1.40001
1.40001
1.40001
0.146975
0.13334
0.147461
0.173718
0.228286
0.319925
0.417539
0.553394
0.788186
0.997478
1.22628
1.5288
1.78925
1.99448
2.11132
2.13566
2.1306
2.06902
1.80988
1.50597
1.40787
1.40017
1.40001
1.40001
1.40001
1.40001
1.40001
1.40001
1.40001
1.40001
0.145526
0.129632
0.150595
0.19057
0.235009
0.31393
0.435238
0.649117
0.873379
1.07917
1.36625
1.64047
1.87824
2.05848
2.13408
2.13951
2.13099
2.018
1.70235
1.45718
1.40292
1.40005
1.40001
1.40001
1.40001
1.40001
1.40001
1.40001
1.40001
1.40001
0.146046
0.126889
0.151792
0.195273
0.243511
0.330221
0.514155
0.74654
0.945508
1.19466
1.47781
1.74027
1.96864
2.10292
2.14172
2.14116
2.10354
1.91449
1.61198
1.42981
1.40111
1.40002
1.40001
1.40001
1.40001
1.40001
1.40001
1.40001
1.40001
1.40001
0.147617
0.125454
0.146189
0.192862
0.266169
0.42622
0.61492
0.801973
1.02212
1.31237
1.58587
1.85581
2.04406
2.12797
2.14305
2.13333
2.05705
1.84004
1.5436
1.41395
1.40036
1.40001
1.40001
1.40001
1.40001
1.40001
1.40001
1.40001
1.40001
1.40001
0.151
0.125052
0.135082
0.192585
0.325415
0.497593
0.661253
0.862573
1.15307
1.43543
1.71917
1.96377
2.09751
2.14066
2.14081
2.11686
2.01945
1.76465
1.48456
1.40567
1.40011
1.40001
1.40001
1.40001
1.40001
1.40001
1.40001
1.40001
1.40001
1.40001
0.153729
0.122189
0.132614
0.224036
0.37801
0.527991
0.706338
0.985224
1.29922
1.581
1.85268
2.04347
2.13144
2.14626
2.14126
2.10951
1.97835
1.65534
1.44032
1.4018
1.40003
1.40001
1.40001
1.40001
1.40001
1.40001
1.40001
1.40001
1.40001
1.40001
0.149891
0.11547
0.15274
0.271636
0.40772
0.555509
0.820589
1.1591
1.44857
1.73403
1.95687
2.09699
2.14713
2.14889
2.14416
2.10435
1.87405
1.55134
1.4162
1.4005
1.40001
1.40001
1.40001
1.40001
1.40001
1.40001
1.40001
1.40001
1.40001
1.40001
0.136738
0.111178
0.176342
0.299633
0.440528
0.677255
1.00079
1.30328
1.59534
1.86236
2.04051
2.12788
2.15046
2.15025
2.13514
2.02456
1.74309
1.48394
1.40607
1.40014
1.40001
1.40001
1.40001
1.40001
1.40001
1.40001
1.40001
1.40001
1.40001
1.40001
0.116259
0.111524
0.189804
0.335417
0.531826
0.843064
1.14142
1.4457
1.75285
1.97472
2.09957
2.14331
2.14964
2.14494
2.10478
1.94133
1.65236
1.44425
1.40211
1.40004
1.40001
1.40001
1.40001
1.40001
1.40001
1.40001
1.40001
1.40001
1.40001
1.40001
0.0908157
0.12967
0.214729
0.397546
0.678075
0.978495
1.29096
1.63086
1.90447
2.06041
2.12948
2.15119
2.1466
2.13102
2.07117
1.87364
1.56798
1.41851
1.4006
1.40001
1.40001
1.40001
1.40001
1.40001
1.40001
1.40001
1.40001
1.40001
1.40001
1.40001
0.0651343
0.146596
0.26867
0.501805
0.816199
1.13107
1.5017
1.81812
2.02724
2.10683
2.1396
2.15458
2.15107
2.12577
2.03934
1.76767
1.48159
1.40568
1.40013
1.40001
1.40001
1.40001
1.40001
1.40001
1.40001
1.40001
1.40001
1.40001
1.40001
1.40001
0.0422103
0.151778
0.355865
0.647982
0.984489
1.36745
1.71984
1.96176
2.10211
2.1256
2.14262
2.15594
2.15497
2.12961
1.95655
1.61445
1.43089
1.40141
1.40003
1.40001
1.40001
1.40001
1.40001
1.40001
1.40001
1.40001
1.40001
1.40001
1.40001
1.40001
0.0292446
0.168578
0.467236
0.827155
1.21552
1.60457
1.89444
2.06378
2.13784
2.13164
2.14737
2.15244
2.1518
2.0752
1.79889
1.51343
1.41099
1.40032
1.40001
1.40001
1.40001
1.40001
1.40001
1.40001
1.40001
1.40001
1.40001
1.40001
1.40001
1.40001
0.0291178
0.27936
0.627009
1.04939
1.4831
1.81695
2.02851
2.12304
2.14755
2.13426
2.15441
2.14643
2.12142
1.97241
1.68135
1.45748
1.40335
1.40007
1.40001
1.40001
1.40001
1.40001
1.40001
1.40001
1.40001
1.40001
1.40001
1.40001
1.40001
1.40001
0.0678891
0.407976
0.8553
1.34505
1.74456
1.99411
2.10747
2.14595
2.15075
2.13476
2.15693
2.13977
2.0768
1.88252
1.57958
1.42132
1.40076
1.40002
1.40001
1.40001
1.40001
1.40001
1.40001
1.40001
1.40001
1.40001
1.40001
1.40001
1.40001
1.40001
0.181243
0.591919
1.19175
1.67003
1.95897
2.09623
2.1385
2.15341
2.15322
2.13471
2.15725
2.14102
2.03446
1.75478
1.47542
1.4051
1.40013
1.40001
1.40001
1.40001
1.40001
1.40001
1.40001
1.40001
1.40001
1.40001
1.40001
1.40001
1.40001
1.40001
0.404772
0.96543
1.55311
1.92214
2.08623
2.13533
2.14782
2.15651
2.15565
2.1339
2.15411
2.13341
1.94211
1.57933
1.4205
1.40082
1.40002
1.40001
1.40001
1.40001
1.40001
1.40001
1.40001
1.40001
1.40001
1.40001
1.40001
1.40001
1.40001
1.40001
0.766832
1.40191
1.89302
2.08642
2.13544
2.14519
2.15149
2.15883
2.15628
2.13091
2.13424
2.05066
1.74697
1.47126
1.40454
1.4001
1.40001
1.40001
1.40001
1.40001
1.40001
1.40001
1.40001
1.40001
1.40001
1.40001
1.40001
1.40001
1.40001
1.40001
1.41302
1.87222
2.09494
2.14221
2.14513
2.14746
2.15398
2.15994
2.15361
2.12798
2.11013
1.94017
1.60011
1.42226
1.4006
1.40001
1.40001
1.40001
1.40001
1.40001
1.40001
1.40001
1.40001
1.40001
1.40001
1.40001
1.40001
1.40001
1.40001
1.40001
2.15288
2.15302
2.15126
2.14939
2.1462
2.14869
2.1551
2.16014
2.14735
2.11749
2.08522
1.79857
1.46766
1.39945
1.39994
1.4
1.40001
1.40001
1.40001
1.40001
1.40001
1.40001
1.40001
1.40001
1.40001
1.40001
1.40001
1.40001
1.40001
1.40001
2.15203
2.15221
2.1517
2.15084
2.14727
2.14552
2.15069
2.15907
2.15369
2.12044
2.07603
1.73916
1.45625
1.40251
1.40004
1.40001
1.40001
1.40001
1.40001
1.40001
1.40001
1.40001
1.40001
1.40001
1.40001
1.40001
1.40001
1.40001
1.40001
1.40001
2.15049
2.15059
2.15231
2.15253
2.14885
2.14442
2.14603
2.15753
2.15549
2.11191
1.9868
1.6244
1.42099
1.40034
1.40001
1.40001
1.40001
1.40001
1.40001
1.40001
1.40001
1.40001
1.40001
1.40001
1.40001
1.40001
1.40001
1.40001
1.40001
1.40001
2.1498
2.14947
2.15255
2.15434
2.15108
2.14281
2.14186
2.1552
2.15659
2.10076
1.91717
1.55797
1.40992
1.40012
1.40001
1.40001
1.40001
1.40001
1.40001
1.40001
1.40001
1.40001
1.40001
1.40001
1.40001
1.40001
1.40001
1.40001
1.40001
1.40001
2.14961
2.14905
2.1525
2.15522
2.15264
2.14212
2.13687
2.15039
2.15847
2.10076
1.83594
1.49089
1.40352
1.40004
1.40001
1.40001
1.40001
1.40001
1.40001
1.40001
1.40001
1.40001
1.40001
1.40001
1.40001
1.40001
1.40001
1.40001
1.40001
1.40001
2.14982
2.14886
2.15148
2.15511
2.15293
2.14308
2.13391
2.14493
2.15389
2.06036
1.73345
1.44714
1.40125
1.40001
1.40001
1.40001
1.40001
1.40001
1.40001
1.40001
1.40001
1.40001
1.40001
1.40001
1.40001
1.40001
1.40001
1.40001
1.40001
1.40001
2.15072
2.14913
2.14985
2.15244
2.15254
2.14633
2.13418
2.14384
2.14255
1.98877
1.64089
1.42312
1.4004
1.40001
1.40001
1.40001
1.40001
1.40001
1.40001
1.40001
1.40001
1.40001
1.40001
1.40001
1.40001
1.40001
1.40001
1.40001
1.40001
1.40001
2.15244
2.15073
2.14932
2.14938
2.15048
2.15124
2.14151
2.14637
2.13799
1.92358
1.55855
1.4096
1.40012
1.40001
1.40001
1.40001
1.40001
1.40001
1.40001
1.40001
1.40001
1.40001
1.40001
1.40001
1.40001
1.40001
1.40001
1.40001
1.40001
1.40001
2.15387
2.1527
2.14871
2.14547
2.1483
2.15585
2.15163
2.1419
2.11555
1.82915
1.48595
1.40331
1.40003
1.40001
1.40001
1.40001
1.40001
1.40001
1.40001
1.40001
1.40001
1.40001
1.40001
1.40001
1.40001
1.40001
1.40001
1.40001
1.40001
1.40001
2.15427
2.1532
2.14831
2.14222
2.14548
2.15833
2.16188
2.13096
2.04965
1.72393
1.44475
1.40111
1.40001
1.40001
1.40001
1.40001
1.40001
1.40001
1.40001
1.40001
1.40001
1.40001
1.40001
1.40001
1.40001
1.40001
1.40001
1.40001
1.40001
1.40001
2.15419
2.15302
2.14835
2.14015
2.14103
2.1603
2.16704
2.12575
1.99317
1.63301
1.42017
1.40032
1.40001
1.40001
1.40001
1.40001
1.40001
1.40001
1.40001
1.40001
1.40001
1.40001
1.40001
1.40001
1.40001
1.40001
1.40001
1.40001
1.40001
1.40001
2.15396
2.15218
2.14829
2.13937
2.13747
2.15957
2.16855
2.12119
1.91918
1.54016
1.40766
1.40009
1.40001
1.40001
1.40001
1.40001
1.40001
1.40001
1.40001
1.40001
1.40001
1.40001
1.40001
1.40001
1.40001
1.40001
1.40001
1.40001
1.40001
1.40001
2.15311
2.15052
2.14731
2.14209
2.13622
2.15943
2.16699
2.07963
1.81232
1.4764
1.40264
1.40002
1.40001
1.40001
1.40001
1.40001
1.40001
1.40001
1.40001
1.40001
1.40001
1.40001
1.40001
1.40001
1.40001
1.40001
1.40001
1.40001
1.40001
1.40001
2.15257
2.14862
2.14769
2.14383
2.13736
2.16264
2.16779
2.03711
1.70749
1.43739
1.4008
1.40001
1.40001
1.40001
1.40001
1.40001
1.40001
1.40001
1.40001
1.40001
1.40001
1.40001
1.40001
1.40001
1.40001
1.40001
1.40001
1.40001
1.40001
1.40001
2.15187
2.14648
2.14816
2.14705
2.14404
2.16298
2.16708
1.98461
1.59747
1.41445
1.4002
1.40001
1.40001
1.40001
1.40001
1.40001
1.40001
1.40001
1.40001
1.40001
1.40001
1.40001
1.40001
1.40001
1.40001
1.40001
1.40001
1.40001
1.40001
1.40001
2.15041
2.14353
2.14507
2.15249
2.15196
2.15202
2.1359
1.87698
1.5112
1.40506
1.40005
1.40001
1.40001
1.40001
1.40001
1.40001
1.40001
1.40001
1.40001
1.40001
1.40001
1.40001
1.40001
1.40001
1.40001
1.40001
1.40001
1.40001
1.40001
1.40001
2.14975
2.14111
2.13941
2.15619
2.17159
2.14192
2.08246
1.77364
1.45873
1.40159
1.40002
1.40001
1.40001
1.40001
1.40001
1.40001
1.40001
1.40001
1.40001
1.40001
1.40001
1.40001
1.40001
1.40001
1.40001
1.40001
1.40001
1.40001
1.40001
1.40001
2.14857
2.13964
2.13595
2.16661
2.18215
2.14081
2.03262
1.66046
1.42412
1.40042
1.40001
1.40001
1.40001
1.40001
1.40001
1.40001
1.40001
1.40001
1.40001
1.40001
1.40001
1.40001
1.40001
1.40001
1.40001
1.40001
1.40001
1.40001
1.40001
1.40001
2.14464
2.13952
2.13452
2.17603
2.18903
2.136
1.94706
1.54931
1.40846
1.4001
1.40001
1.40001
1.40001
1.40001
1.40001
1.40001
1.40001
1.40001
1.40001
1.40001
1.40001
1.40001
1.40001
1.40001
1.40001
1.40001
1.40001
1.40001
1.40001
1.40001
2.13929
2.13938
2.13616
2.18491
2.19321
2.09664
1.82599
1.4805
1.40277
1.40003
1.40001
1.40001
1.40001
1.40001
1.40001
1.40001
1.40001
1.40001
1.40001
1.40001
1.40001
1.40001
1.40001
1.40001
1.40001
1.40001
1.40001
1.40001
1.40001
1.40001
2.13554
2.14228
2.14387
2.18891
2.19542
2.05914
1.70624
1.43431
1.40068
1.40001
1.40001
1.40001
1.40001
1.40001
1.40001
1.40001
1.40001
1.40001
1.40001
1.40001
1.40001
1.40001
1.40001
1.40001
1.40001
1.40001
1.40001
1.40001
1.40001
1.40001
2.12931
2.14692
2.15261
2.18536
2.19441
1.99163
1.57953
1.41163
1.40015
1.40001
1.40001
1.40001
1.40001
1.40001
1.40001
1.40001
1.40001
1.40001
1.40001
1.40001
1.40001
1.40001
1.40001
1.40001
1.40001
1.40001
1.40001
1.40001
1.40001
1.40001
2.1245
2.15333
2.17361
2.17225
2.14973
1.86078
1.49658
1.40372
1.40003
1.40001
1.40001
1.40001
1.40001
1.40001
1.40001
1.40001
1.40001
1.40001
1.40001
1.40001
1.40001
1.40001
1.40001
1.40001
1.40001
1.40001
1.40001
1.40001
1.40001
1.40001
2.12303
2.16819
2.20182
2.16507
2.0923
1.7447
1.44389
1.40096
1.40001
1.40001
1.40001
1.40001
1.40001
1.40001
1.40001
1.40001
1.40001
1.40001
1.40001
1.40001
1.40001
1.40001
1.40001
1.40001
1.40001
1.40001
1.40001
1.40001
1.40001
1.40001
2.12283
2.18265
2.21606
2.16811
2.02159
1.60352
1.41418
1.4002
1.40001
1.40001
1.40001
1.40001
1.40001
1.40001
1.40001
1.40001
1.40001
1.40001
1.40001
1.40001
1.40001
1.40001
1.40001
1.40001
1.40001
1.40001
1.40001
1.40001
1.40001
1.40001
2.12896
2.19512
2.2249
2.14476
1.8882
1.50393
1.40431
1.40004
1.40001
1.40001
1.40001
1.40001
1.40001
1.40001
1.40001
1.40001
1.40001
1.40001
1.40001
1.40001
1.40001
1.40001
1.40001
1.40001
1.40001
1.40001
1.40001
1.40001
1.40001
1.40001
2.15071
2.20774
2.22837
2.09478
1.75274
1.44658
1.40107
1.40001
1.40001
1.40001
1.40001
1.40001
1.40001
1.40001
1.40001
1.40001
1.40001
1.40001
1.40001
1.40001
1.40001
1.40001
1.40001
1.40001
1.40001
1.40001
1.40001
1.40001
1.40001
1.40001
2.17079
2.21107
2.2295
2.0339
1.60924
1.41478
1.40021
1.40001
1.40001
1.40001
1.40001
1.40001
1.40001
1.40001
1.40001
1.40001
1.40001
1.40001
1.40001
1.40001
1.40001
1.40001
1.40001
1.40001
1.40001
1.40001
1.40001
1.40001
1.40001
1.40001
2.19002
2.20885
2.2007
1.88472
1.50043
1.40408
1.40004
1.40001
1.40001
1.40001
1.40001
1.40001
1.40001
1.40001
1.40001
1.40001
1.40001
1.40001
1.40001
1.40001
1.40001
1.40001
1.40001
1.40001
1.40001
1.40001
1.40001
1.40001
1.40001
1.40001
2.25416
2.19356
2.12572
1.7358
1.44468
1.40105
1.40001
1.40001
1.40001
1.40001
1.40001
1.40001
1.40001
1.40001
1.40001
1.40001
1.40001
1.40001
1.40001
1.40001
1.40001
1.40001
1.40001
1.40001
1.40001
1.40001
1.40001
1.40001
1.40001
1.40001
2.33104
2.15418
2.03246
1.59742
1.41412
1.40022
1.40001
1.40001
1.40001
1.40001
1.40001
1.40001
1.40001
1.40001
1.40001
1.40001
1.40001
1.40001
1.40001
1.40001
1.40001
1.40001
1.40001
1.40001
1.40001
1.40001
1.40001
1.40001
1.40001
1.40001
2.38516
2.11665
1.86488
1.49172
1.40393
1.40005
1.40001
1.40001
1.40001
1.40001
1.40001
1.40001
1.40001
1.40001
1.40001
1.40001
1.40001
1.40001
1.40001
1.40001
1.40001
1.40001
1.40001
1.40001
1.40001
1.40001
1.40001
1.40001
1.40001
1.40001
2.41197
2.04244
1.71112
1.44
1.40108
1.40001
1.40001
1.40001
1.40001
1.40001
1.40001
1.40001
1.40001
1.40001
1.40001
1.40001
1.40001
1.40001
1.40001
1.40001
1.40001
1.40001
1.40001
1.40001
1.40001
1.40001
1.40001
1.40001
1.40001
1.40001
2.42126
1.94481
1.58418
1.41406
1.40025
1.40001
1.40001
1.40001
1.40001
1.40001
1.40001
1.40001
1.40001
1.40001
1.40001
1.40001
1.40001
1.40001
1.40001
1.40001
1.40001
1.40001
1.40001
1.40001
1.40001
1.40001
1.40001
1.40001
1.40001
1.40001
2.34619
1.82215
1.49491
1.40447
1.40006
1.40001
1.40001
1.40001
1.40001
1.40001
1.40001
1.40001
1.40001
1.40001
1.40001
1.40001
1.40001
1.40001
1.40001
1.40001
1.40001
1.40001
1.40001
1.40001
1.40001
1.40001
1.40001
1.40001
1.40001
1.40001
2.22505
1.70931
1.44595
1.40132
1.40002
1.40001
1.40001
1.40001
1.40001
1.40001
1.40001
1.40001
1.40001
1.40001
1.40001
1.40001
1.40001
1.40001
1.40001
1.40001
1.40001
1.40001
1.40001
1.40001
1.40001
1.40001
1.40001
1.40001
1.40001
1.40001
2.11678
1.59666
1.41617
1.40028
1.40001
1.40001
1.40001
1.40001
1.40001
1.40001
1.40001
1.40001
1.40001
1.40001
1.40001
1.40001
1.40001
1.40001
1.40001
1.40001
1.40001
1.40001
1.40001
1.40001
1.40001
1.40001
1.40001
1.40001
1.40001
1.40001
1.95212
1.49926
1.40454
1.40005
1.40001
1.40001
1.40001
1.40001
1.40001
1.40001
1.40001
1.40001
1.40001
1.40001
1.40001
1.40001
1.40001
1.40001
1.40001
1.40001
1.40001
1.40001
1.40001
1.40001
1.40001
1.40001
1.40001
1.40001
1.40001
1.40001
1.74623
1.44097
1.40089
1.40001
1.40001
1.40001
1.40001
1.40001
1.40001
1.40001
1.40001
1.40001
1.40001
1.40001
1.40001
1.40001
1.40001
1.40001
1.40001
1.40001
1.40001
1.40001
1.40001
1.40001
1.40001
1.40001
1.40001
1.40001
1.40001
1.40001
1.53226
1.40879
1.40008
1.40001
1.40001
1.40001
1.40001
1.40001
1.40001
1.40001
1.40001
1.40001
1.40001
1.40001
1.40001
1.40001
1.40001
1.40001
1.40001
1.40001
1.40001
1.40001
1.40001
1.40001
1.40001
1.40001
1.40001
1.40001
1.40001
1.40001
1.40001
1.40001
1.40001
1.40001
1.40001
1.40001
1.40001
1.40001
1.40001
1.40001
1.40001
1.40001
1.40001
1.40001
1.40001
1.40001
1.40001
1.40001
1.40001
1.40001
1.40001
1.40001
1.40001
1.40001
1.40001
1.40001
1.40001
1.40001
1.40001
1.40001
1.40001
1.40001
1.40001
1.40001
1.40001
1.40001
1.40001
1.40001
1.40001
1.40001
1.40001
1.40001
1.40001
1.40001
1.40001
1.40001
1.40001
1.40001
1.40001
1.40001
1.40001
1.40001
1.40001
1.40001
1.40001
1.40001
1.40001
1.40001
1.40001
1.40001
1.40001
1.40001
1.40001
1.40001
1.40001
1.40001
1.40001
1.40001
1.40001
1.40001
1.40001
1.40001
1.40001
1.40001
1.40001
1.40001
1.40001
1.40001
1.40001
1.40001
1.40001
1.40001
1.40001
1.40001
1.40001
1.40001
1.40001
1.40001
1.40001
1.40001
1.40001
1.40001
1.40001
1.40001
1.40001
1.40001
1.40001
1.40001
1.40001
1.40001
1.40001
1.40001
1.40001
1.40001
1.40001
1.40001
1.40001
1.40001
1.40001
1.40001
1.40001
1.40001
1.40001
1.40001
1.40001
1.40001
1.40001
1.40001
1.40001
1.40001
1.40001
1.40001
1.40001
1.40001
1.40001
1.40001
1.40001
1.40001
1.40001
1.40001
1.40001
1.40001
1.40001
1.40001
1.40001
1.40001
1.40001
1.40001
1.40001
1.40001
1.40001
1.40001
1.40001
1.40001
1.40001
1.40001
1.40001
1.40001
1.40001
1.40001
1.40001
1.40001
1.40001
1.40001
1.40001
1.40001
1.40001
1.40001
1.40001
1.40001
1.40001
1.40001
1.40001
1.40001
1.40001
1.40001
1.40001
1.40001
1.40001
1.40001
1.40001
1.40001
1.40001
1.40001
1.40001
1.40001
1.40001
1.40001
1.40001
1.40001
1.40001
1.40001
1.40001
1.40001
1.40001
1.40001
1.40001
1.40001
1.40001
1.40001
1.40001
1.40001
1.40001
1.40001
1.40001
1.40001
1.40001
1.40001
1.40001
1.40001
1.40001
1.40001
1.40001
1.40001
1.40001
1.40001
1.40001
1.40001
1.40001
1.40001
1.40001
1.40001
1.40001
1.40001
1.40001
1.40001
1.40001
1.40001
1.40001
1.40001
1.40001
1.40001
1.40001
1.40001
1.40001
1.40001
1.40001
1.40001
1.40001
1.40001
1.40001
1.40001
1.40001
1.40001
1.40001
1.40001
1.40001
1.40001
1.40001
1.40001
1.40001
1.40001
1.40001
1.40001
1.40001
1.40001
1.40001
1.40001
1.40001
1.40001
1.40001
1.40001
1.40001
1.40001
1.40001
1.40001
1.40001
1.40001
1.40001
1.40001
1.40001
1.40001
1.40001
1.40001
1.40001
1.40001
1.40001
1.40001
1.40001
1.40001
1.40001
1.40001
1.40001
1.40001
1.40001
1.40001
1.40001
1.40001
1.40001
1.40001
1.40001
1.40001
1.40001
1.40001
1.40001
1.40001
1.40001
1.40001
1.40001
1.40001
1.40001
1.40001
1.40001
1.40001
1.40001
1.40001
1.40001
1.40001
1.40001
1.40001
1.40001
1.40001
1.40001
1.40001
1.40001
1.40001
1.40001
1.40001
1.40001
1.40001
1.40001
1.40001
1.40001
1.40001
1.40001
1.40001
1.40001
1.40001
1.40001
1.40001
1.40001
1.40001
1.40001
1.40001
1.40001
1.40001
1.40001
1.40001
1.40001
1.40001
1.40001
1.40001
1.40001
1.40001
1.40001
1.40001
1.40001
1.40001
1.40001
1.40001
1.40001
1.40001
1.40001
1.40001
1.40001
1.40001
1.40001
1.40001
1.40001
1.40001
1.40001
1.40001
1.40001
1.40001
1.40001
1.40001
1.40001
1.40001
1.40001
1.40001
1.40001
1.40001
1.40001
1.40001
1.40001
1.40001
1.40001
1.40001
1.40001
1.40001
1.40001
1.40001
1.40001
1.40001
1.40001
1.40001
1.40001
1.40001
1.40001
1.40001
1.40001
1.40001
1.40001
1.40001
1.40001
1.40001
1.40001
1.40001
1.40001
1.40001
1.40001
1.40001
1.40001
1.40001
1.40001
1.40001
1.40001
1.40001
1.40001
1.40001
1.40001
1.40001
1.40001
1.40001
1.40001
1.40001
1.40001
1.40001
1.40001
1.40001
1.40001
1.40001
1.40001
1.40001
1.40001
1.40001
1.40001
1.40001
1.40001
1.40001
1.40001
1.40001
1.40001
1.40001
1.40001
1.40001
1.40001
1.40001
1.40001
1.40001
1.40001
1.40001
1.40001
1.40001
1.40001
1.40001
1.40001
1.40001
1.40001
1.40001
1.40001
1.40001
1.40001
1.40001
1.40001
1.40001
1.40001
1.40001
1.40001
1.40001
1.40001
1.40001
1.40001
1.40001
1.40001
1.40001
1.40001
1.40001
1.40001
1.40001
1.40001
1.40001
1.40001
1.40001
1.40001
1.40001
1.40001
1.40001
1.40001
1.40001
1.40001
1.40001
1.40001
1.40001
1.40001
1.40001
1.40001
1.40001
1.40001
1.40001
1.40001
1.40001
1.40001
1.40001
1.40001
1.40001
1.40001
1.40001
1.40001
1.40001
1.40001
1.40001
1.40001
1.40001
1.40001
1.40001
1.40001
1.40001
1.40001
1.40001
1.40001
1.40001
1.40001
1.40001
1.40001
1.40001
1.40001
1.40001
1.40001
1.40001
1.40001
1.40001
1.40001
1.40001
1.40001
1.40001
1.40001
1.40001
1.40001
1.40001
1.40001
1.40001
1.40001
1.40001
1.40001
1.40001
1.40001
1.40001
1.40001
1.40001
1.40001
1.40001
1.40001
1.40001
1.40001
1.40001
1.40001
1.40001
1.40001
1.40001
1.40001
1.40001
1.40001
1.40001
1.40001
1.40001
1.40001
1.40001
1.40001
1.40001
1.40001
1.40001
1.40001
1.40001
1.40001
1.40001
1.40001
1.40001
1.40001
1.40001
1.40001
1.40001
1.40001
1.40001
1.40001
1.40001
1.40001
1.40001
1.40001
1.40001
1.40001
1.40001
1.40001
1.40001
1.40001
1.40001
1.40001
1.40001
1.40001
1.40001
1.40001
1.40001
1.40001
1.40001
1.40001
1.40001
1.40001
1.40001
1.40001
1.40001
1.40001
1.40001
1.40001
1.40001
1.40001
1.40001
1.40001
1.40001
1.40001
1.40001
1.40001
1.40001
1.40001
1.40001
1.40001
1.40001
1.40001
1.40001
1.40001
1.40001
1.40001
1.40001
1.40001
1.40001
1.40001
1.40001
1.40001
1.40001
1.40001
1.40001
1.40001
1.40001
1.40001
1.40001
1.40001
1.40001
1.40001
1.40001
1.40001
1.40001
1.40001
1.40001
1.40001
1.40001
1.40001
1.40001
1.40001
1.40001
1.40001
1.40001
1.40001
1.40001
1.40001
1.40001
1.40001
1.40001
1.40001
1.40001
1.40001
1.40001
1.40001
1.40001
1.40001
1.40001
1.40001
1.40001
1.40001
1.40001
1.40001
1.40001
1.40001
1.40001
1.40001
1.40001
1.40001
1.40001
1.40001
1.40001
1.40001
1.40001
1.40001
1.40001
1.40001
1.40001
1.40001
1.40001
1.40001
1.40001
1.40001
1.40001
1.40001
1.40001
1.40001
1.40001
1.40001
1.40001
1.40001
1.40001
1.40001
1.40001
1.40001
1.40001
1.40001
1.40001
1.40001
1.40001
1.40001
1.40001
1.40001
1.40001
1.40001
1.40001
1.40001
1.40001
1.40001
1.40001
1.40001
1.40001
1.40001
1.40001
1.40001
1.40001
1.40001
1.40001
1.40001
1.40001
1.40001
1.40001
1.40001
1.40001
1.40001
1.40001
1.40001
1.40001
1.40001
1.40001
1.40001
1.40001
1.40001
1.40001
1.40001
1.40001
1.40001
1.40001
1.40001
1.40001
1.40001
1.40001
1.40001
1.40001
1.40001
1.40001
1.40001
1.40001
1.40001
1.40001
1.40001
1.40001
1.40001
1.40001
1.40001
1.40001
1.40001
1.40001
1.40001
1.40001
1.40001
1.40001
1.40001
1.40001
1.40001
1.40001
1.40001
1.40001
1.40001
1.40001
1.40001
1.40001
1.40001
1.40001
1.40001
1.40001
1.40001
1.40001
1.40001
1.40001
1.40001
1.40001
1.40001
1.40001
1.40001
1.40001
1.40001
1.40001
1.40001
1.40001
1.40001
1.40001
1.40001
1.40001
1.40001
1.40001
1.40001
1.40001
1.40001
1.40001
1.40001
1.40001
1.40001
1.40001
1.40001
1.40001
1.40001
1.40001
1.40001
1.40001
1.40001
1.40001
1.40001
1.40001
1.40001
1.40001
1.40001
1.40001
1.40001
1.40001
1.40001
1.40001
1.40001
1.40001
1.40001
1.40001
1.40001
1.40001
1.40001
1.40001
1.40001
1.40001
1.40001
1.40001
1.40001
1.40001
1.40001
1.40001
1.40001
1.40001
1.40001
1.40001
1.40001
1.40001
1.40001
1.40001
1.40001
1.40001
1.40001
1.40001
1.40001
1.40001
1.40001
1.40001
1.40001
1.40001
1.40001
1.40001
1.40001
1.40001
1.40001
1.40001
1.40001
1.40001
1.40001
1.40001
1.40001
1.40001
1.40001
1.40001
1.40001
1.40001
1.40001
1.40001
1.40001
1.40001
1.40001
1.40001
1.40001
1.40001
1.40001
1.40001
1.40001
1.40001
1.40001
1.40001
1.40001
1.40001
1.40001
1.40001
1.40001
1.40001
1.40001
1.40001
1.40001
1.40001
1.40001
1.40001
1.40001
1.40001
1.40001
1.40001
1.40001
1.40001
1.40001
1.40001
1.40001
1.40001
1.40001
1.40001
1.40001
1.40001
1.40001
1.40001
1.40001
1.40001
1.40001
1.40001
1.40001
1.40001
1.40001
1.40001
1.40001
1.40001
1.40001
1.40001
1.40001
1.40001
1.40001
1.40001
1.40001
1.40001
1.40001
1.40001
1.40001
1.40001
1.40001
1.40001
1.40001
1.40001
1.40001
1.40001
1.40001
1.40001
1.40001
1.40001
1.40001
1.40001
1.40001
1.40001
1.40001
1.40001
1.40001
1.40001
1.40001
1.40001
1.40001
1.40001
1.40001
1.40001
1.40001
1.40001
1.40001
1.40001
1.40001
1.40001
1.40001
1.40001
1.40001
1.40001
1.40001
1.40001
1.40001
1.40001
1.40001
1.40001
1.40001
1.40001
1.40001
1.40001
1.40001
1.40001
1.40001
1.40001
1.40001
1.40001
1.40001
1.40001
1.40001
1.40001
1.40001
1.40001
1.40001
1.40001
1.40001
1.40001
1.40001
1.40001
1.40001
1.40001
1.40001
1.40001
1.40001
1.40001
1.40001
1.40001
1.40001
1.40001
1.40001
1.40001
1.40001
1.40001
1.40001
1.40001
1.40001
1.40001
1.40001
1.40001
1.40001
1.40001
1.40001
1.40001
1.40001
1.40001
1.40001
1.40001
1.40001
1.40001
1.40001
1.40001
1.40001
1.40001
1.40001
1.40001
1.40001
1.40001
1.40001
1.40001
1.40001
1.40001
1.40001
1.40001
1.40001
1.40001
1.40001
1.40001
1.40001
1.40001
1.40001
1.40001
1.40001
1.40001
1.40001
1.40001
1.40001
1.40001
1.40001
1.40001
1.40001
1.40001
1.40001
1.40001
1.40001
1.40001
1.40001
1.40001
1.40001
1.40001
1.40001
1.40001
1.40001
1.40001
1.40001
1.40001
1.40001
1.40001
1.40001
1.40001
1.40001
1.40001
1.40001
1.40001
1.40001
1.40001
1.40001
1.40001
1.40001
1.40001
1.40001
1.40001
1.40001
1.40001
1.40001
1.40001
1.40001
1.40001
1.40001
1.40001
1.40001
1.40001
1.40001
1.40001
1.40001
1.40001
1.40001
1.40001
1.40001
1.40001
1.40001
1.40001
1.40001
1.40001
1.40001
1.40001
1.40001
1.40001
1.40001
1.40001
1.40001
1.40001
1.40001
1.40001
1.40001
1.40001
1.40001
1.40001
1.40001
1.40001
1.40001
1.40001
1.40001
1.40001
1.40001
1.40001
1.40001
1.40001
1.40001
1.40001
1.40001
1.40001
1.40001
1.40001
1.40001
1.40001
1.40001
1.40001
1.40001
1.40001
1.40001
1.40001
1.40001
1.40001
1.40001
1.40001
1.40001
1.40001
1.40001
1.40001
1.40001
1.40001
1.40001
1.40001
1.40001
1.40001
1.40001
1.40001
1.40001
1.40001
1.40001
1.40001
1.40001
1.40001
1.40001
1.40001
1.40001
1.40001
1.40001
1.40001
1.40001
1.40001
1.40001
1.40001
1.40001
1.40001
1.40001
1.40001
1.40001
1.40001
1.40001
1.40001
1.40001
1.40001
1.40001
1.40001
1.40001
1.40001
1.40001
1.40001
1.40001
1.40001
1.40001
1.40001
1.40001
1.40001
1.40001
1.40001
1.40001
1.40001
1.40001
1.40001
1.40001
1.40001
1.40001
1.40001
1.40001
1.40001
1.40001
1.40001
1.40001
1.40001
1.40001
1.40001
1.40001
1.40001
1.40001
1.40001
1.40001
1.40001
1.40001
1.40001
1.40001
1.40001
1.40001
1.40001
1.40001
1.40001
1.40001
1.40001
1.40001
1.40001
1.40001
1.40001
1.40001
1.40001
1.40001
1.40001
1.40001
1.40001
1.40001
1.40001
1.40001
1.40001
1.40001
1.40001
1.40001
1.40001
1.40001
1.40001
1.40001
1.40001
1.40001
1.40001
1.40001
1.40001
1.40001
1.40001
1.40001
1.40001
1.40001
1.40001
1.40001
1.40001
1.40001
1.40001
1.40001
1.40001
1.40001
1.40001
1.40001
1.40001
1.40001
1.40001
1.40001
1.40001
1.40001
1.40001
1.40001
1.40001
1.40001
1.40001
1.40001
1.40001
1.40001
1.40001
1.40001
1.40001
1.40001
1.40001
1.40001
1.40001
1.40001
1.40001
1.40001
1.40001
1.40001
1.40001
1.40001
1.40001
1.40001
1.40001
1.40001
1.40001
1.40001
1.40001
1.40001
1.40001
1.40001
1.40001
1.40001
1.40001
1.40001
1.40001
1.40001
1.40001
1.40001
1.40001
1.40001
1.40001
1.40001
1.40001
1.40001
1.40001
1.40001
1.40001
1.40001
1.40001
1.40001
1.40001
1.40001
1.40001
1.40001
1.40001
1.40001
1.40001
1.40001
1.40001
1.40001
1.40001
1.40001
1.40001
1.40001
1.40001
1.40001
1.40001
1.40001
1.40001
1.40001
1.40001
1.40001
1.40001
1.40001
1.40001
1.40001
1.40001
1.40001
1.40001
1.40001
1.40001
1.40001
1.40001
1.40001
1.40001
1.40001
1.40001
1.40001
1.40001
1.40001
1.40001
1.40001
1.40001
1.40001
1.40001
1.40001
1.40001
1.40001
1.40001
1.40001
1.40001
1.40001
1.40001
1.40001
1.40001
1.40001
1.40001
1.40001
1.40001
1.40001
1.40001
1.40001
1.40001
1.40001
1.40001
1.40001
1.40001
1.40001
1.40001
1.40001
1.40001
1.40001
1.40001
1.40001
1.40001
1.40001
1.40001
1.40001
1.40001
1.40001
1.40001
1.40001
1.40001
1.40001
1.40001
1.40001
1.40001
1.40001
1.40001
1.40001
1.40001
1.40001
1.40001
1.40001
1.40001
1.40001
1.40001
1.40001
1.40001
1.40001
1.40001
1.40001
1.40001
1.40001
1.40001
1.40001
1.40001
1.40001
1.40001
1.40001
1.40001
1.40001
1.40001
1.40001
1.40001
1.40001
1.40001
1.40001
1.40001
1.40001
1.40001
1.40001
1.40001
1.40001
1.40001
1.40001
1.40001
1.40001
1.40001
1.40001
1.40001
1.40001
1.40001
1.40001
1.40001
1.40001
1.40001
1.40001
1.40001
1.40001
1.40001
1.40001
1.40001
1.40001
1.40001
1.40001
1.40001
1.40001
1.40001
1.40001
1.40001
1.40001
1.40001
1.40001
1.40001
1.40001
1.40001
1.40001
1.40001
1.40001
1.40001
1.40001
1.40001
1.40001
1.40001
1.40001
1.40001
1.40001
1.40001
1.40001
1.40001
1.40001
1.40001
1.40001
1.40001
1.40001
1.40001
1.40001
1.40001
1.40001
1.40001
1.40001
1.40001
1.40001
1.40001
1.40001
1.40001
1.40001
1.40001
1.40001
1.40001
1.40001
1.40001
1.40001
1.40001
1.40001
1.40001
1.40001
1.40001
1.40001
1.40001
1.40001
1.40001
1.40001
1.40001
1.40001
1.40001
1.40001
1.40001
1.40001
1.40001
1.40001
1.40001
1.40001
1.40001
1.40001
1.40001
1.40001
1.40001
1.40001
1.40001
1.40001
1.40001
1.40001
1.40001
1.40001
1.40001
1.40001
1.40001
1.40001
1.40001
1.40001
1.40001
1.40001
1.40001
1.40001
1.40001
1.40001
1.40001
1.40001
1.40001
1.40001
1.40001
1.40001
1.40001
1.40001
1.40001
1.40001
1.40001
1.40001
1.40001
1.40001
1.40001
1.40001
1.40001
1.40001
1.40001
1.40001
1.40001
1.40001
1.40001
1.40001
1.40001
1.40001
1.40001
1.40001
1.40001
1.40001
1.40001
1.40001
1.40001
1.40001
1.40001
1.40001
1.40001
1.40001
1.40001
1.40001
1.40001
1.40001
1.40001
1.40001
1.40001
1.40001
1.40001
1.40001
1.40001
1.40001
1.40001
1.40001
1.40001
1.40001
1.40001
1.40001
1.40001
1.40001
1.40001
1.40001
1.40001
1.40001
1.40001
1.40001
1.40001
1.40001
1.40001
1.40001
1.40001
1.40001
1.40001
1.40001
1.40001
1.40001
1.40001
1.40001
1.40001
1.40001
1.40001
1.40001
1.40001
1.40001
1.40001
1.40001
1.40001
1.40001
1.40001
1.40001
1.40001
1.40001
1.40001
1.40001
1.40001
1.40001
1.40001
1.40001
1.40001
1.40001
1.40001
1.40001
1.40001
1.40001
1.40001
1.40001
1.40001
1.40001
1.40001
1.40001
1.40001
1.40001
1.40001
1.40001
1.40001
1.40001
1.40001
1.40001
1.40001
1.40001
1.40001
1.40001
1.40001
1.40001
1.40001
1.40001
1.40001
1.40001
1.40001
1.40001
1.40001
1.40001
1.40001
1.40001
1.40001
1.40001
1.40001
1.40001
1.40001
1.40001
1.40001
1.40001
1.40001
1.40001
1.40001
1.40001
1.40001
1.40001
1.40001
1.40001
1.40001
1.40001
1.40001
1.40001
1.40001
1.40001
1.40001
1.40001
1.40001
1.40001
1.40001
1.40001
1.40001
1.40001
1.40001
1.40001
1.40001
1.40001
1.40001
1.40001
1.40001
1.40001
1.40001
1.40001
1.40001
1.40001
1.40001
1.40001
1.40001
1.40001
1.40001
1.40001
1.40001
1.40001
1.40001
1.40001
1.40001
1.40001
1.40001
1.40001
1.40001
1.40001
1.40001
1.40001
1.40001
1.40001
1.40001
1.40001
1.40001
1.40001
1.40001
1.40001
1.40001
1.40001
1.40001
1.40001
1.40001
1.40001
1.40001
1.40001
1.40001
1.40001
1.40001
1.40001
1.40001
1.40001
1.40001
1.40001
1.40001
1.40001
1.40001
1.40001
1.40001
1.40001
1.40001
1.40001
1.40001
1.40001
1.40001
1.40001
1.40001
1.79677
1.4
1.40001
1.40001
1.40001
1.40001
1.40001
1.40001
1.40001
1.40001
1.40001
1.40001
1.40001
1.40001
1.40001
1.40001
1.40001
1.40001
1.40001
1.40001
1.40001
1.40001
1.40001
1.40001
1.40001
1.40001
1.40001
1.40001
1.40001
1.40001
2.56589
1.39846
1.40001
1.40001
1.40001
1.40001
1.40001
1.40001
1.40001
1.40001
1.40001
1.40001
1.40001
1.40001
1.40001
1.40001
1.40001
1.40001
1.40001
1.40001
1.40001
1.40001
1.40001
1.40001
1.40001
1.40001
1.40001
1.40001
1.40001
1.40001
3.41422
1.46131
1.4
1.40001
1.40001
1.40001
1.40001
1.40001
1.40001
1.40001
1.40001
1.40001
1.40001
1.40001
1.40001
1.40001
1.40001
1.40001
1.40001
1.40001
1.40001
1.40001
1.40001
1.40001
1.40001
1.40001
1.40001
1.40001
1.40001
1.40001
4.35374
1.6787
1.4
1.40001
1.40001
1.40001
1.40001
1.40001
1.40001
1.40001
1.40001
1.40001
1.40001
1.40001
1.40001
1.40001
1.40001
1.40001
1.40001
1.40001
1.40001
1.40001
1.40001
1.40001
1.40001
1.40001
1.40001
1.40001
1.40001
1.40001
5.17279
2.24597
1.39893
1.40001
1.40001
1.40001
1.40001
1.40001
1.40001
1.40001
1.40001
1.40001
1.40001
1.40001
1.40001
1.40001
1.40001
1.40001
1.40001
1.40001
1.40001
1.40001
1.40001
1.40001
1.40001
1.40001
1.40001
1.40001
1.40001
1.40001
6.0001
3.36164
1.48818
1.39989
1.40001
1.40001
1.40001
1.40001
1.40001
1.40001
1.40001
1.40001
1.40001
1.40001
1.40001
1.40001
1.40001
1.40001
1.40001
1.40001
1.40001
1.40001
1.40001
1.40001
1.40001
1.40001
1.40001
1.40001
1.40001
1.40001
6.32262
4.7455
2.46772
1.40442
1.40001
1.40001
1.40001
1.40001
1.40001
1.40001
1.40001
1.40001
1.40001
1.40001
1.40001
1.40001
1.40001
1.40001
1.40001
1.40001
1.40001
1.40001
1.40001
1.40001
1.40001
1.40001
1.40001
1.40001
1.40001
1.40001
5.84977
4.88394
4.07504
1.87721
1.39948
1.40001
1.40001
1.40001
1.40001
1.40001
1.40001
1.40001
1.40001
1.40001
1.40001
1.40001
1.40001
1.40001
1.40001
1.40001
1.40001
1.40001
1.40001
1.40001
1.40001
1.40001
1.40001
1.40001
1.40001
1.40001
5.07006
4.64274
4.76716
3.44813
1.57815
1.39976
1.40001
1.40001
1.40001
1.40001
1.40001
1.40001
1.40001
1.40001
1.40001
1.40001
1.40001
1.40001
1.40001
1.40001
1.40001
1.40001
1.40001
1.40001
1.40001
1.40001
1.40001
1.40001
1.40001
1.40001
4.59188
4.4512
4.66461
4.28866
2.45547
1.40744
1.40001
1.40001
1.40001
1.40001
1.40001
1.40001
1.40001
1.40001
1.40001
1.40001
1.40001
1.40001
1.40001
1.40001
1.40001
1.40001
1.40001
1.40001
1.40001
1.40001
1.40001
1.40001
1.40001
1.40001
4.38732
4.38513
4.51552
4.33684
3.56186
1.69229
1.39959
1.40001
1.40001
1.40001
1.40001
1.40001
1.40001
1.40001
1.40001
1.40001
1.40001
1.40001
1.40001
1.40001
1.40001
1.40001
1.40001
1.40001
1.40001
1.40001
1.40001
1.40001
1.40001
1.40001
4.29115
4.31565
4.35101
4.20941
4.20133
2.59836
1.42074
1.40001
1.40001
1.40001
1.40001
1.40001
1.40001
1.40001
1.40001
1.40001
1.40001
1.40001
1.40001
1.40001
1.40001
1.40001
1.40001
1.40001
1.40001
1.40001
1.40001
1.40001
1.40001
1.40001
4.26016
4.26649
4.21546
4.15516
4.23324
3.59205
1.72833
1.39954
1.40001
1.40001
1.40001
1.40001
1.40001
1.40001
1.40001
1.40001
1.40001
1.40001
1.40001
1.40001
1.40001
1.40001
1.40001
1.40001
1.40001
1.40001
1.40001
1.40001
1.40001
1.40001
4.24523
4.24849
4.15609
4.14565
4.20237
4.00766
2.44998
1.40998
1.40001
1.40001
1.40001
1.40001
1.40001
1.40001
1.40001
1.40001
1.40001
1.40001
1.40001
1.40001
1.40001
1.40001
1.40001
1.40001
1.40001
1.40001
1.40001
1.40001
1.40001
1.40001
4.25822
4.26207
4.16999
4.12552
4.15877
4.12506
3.3296
1.59697
1.39991
1.40001
1.40001
1.40001
1.40001
1.40001
1.40001
1.40001
1.40001
1.40001
1.40001
1.40001
1.40001
1.40001
1.40001
1.40001
1.40001
1.40001
1.40001
1.40001
1.40001
1.40001
4.28197
4.281
4.188
4.1134
4.11041
4.11165
3.91634
2.16214
1.39956
1.40001
1.40001
1.40001
1.40001
1.40001
1.40001
1.40001
1.40001
1.40001
1.40001
1.40001
1.40001
1.40001
1.40001
1.40001
1.40001
1.40001
1.40001
1.40001
1.40001
1.40001
4.31302
4.30493
4.20562
4.11261
4.06599
4.07826
4.09548
3.09751
1.50504
1.40001
1.40001
1.40001
1.40001
1.40001
1.40001
1.40001
1.40001
1.40001
1.40001
1.40001
1.40001
1.40001
1.40001
1.40001
1.40001
1.40001
1.40001
1.40001
1.40001
1.40001
4.34235
4.32766
4.21774
4.11827
4.06427
4.07683
4.11041
3.66834
1.89431
1.39928
1.40001
1.40001
1.40001
1.40001
1.40001
1.40001
1.40001
1.40001
1.40001
1.40001
1.40001
1.40001
1.40001
1.40001
1.40001
1.40001
1.40001
1.40001
1.40001
1.40001
4.36507
4.34483
4.22725
4.13518
4.08341
4.08952
4.129
4.00509
2.54769
1.42197
1.40001
1.40001
1.40001
1.40001
1.40001
1.40001
1.40001
1.40001
1.40001
1.40001
1.40001
1.40001
1.40001
1.40001
1.40001
1.40001
1.40001
1.40001
1.40001
1.40001
4.38284
4.36047
4.23891
4.15967
4.11306
4.1018
4.14055
4.18074
3.46288
1.63283
1.39967
1.40001
1.40001
1.40001
1.40001
1.40001
1.40001
1.40001
1.40001
1.40001
1.40001
1.40001
1.40001
1.40001
1.40001
1.40001
1.40001
1.40001
1.40001
1.40001
4.39597
4.36328
4.25487
4.18314
4.14586
4.12382
4.14089
4.18622
3.88891
2.18903
1.40214
1.40001
1.40001
1.40001
1.40001
1.40001
1.40001
1.40001
1.40001
1.40001
1.40001
1.40001
1.40001
1.40001
1.40001
1.40001
1.40001
1.40001
1.40001
1.40001
4.39654
4.36011
4.26566
4.19269
4.1621
4.14583
4.14694
4.17733
4.08099
2.86278
1.46592
1.40001
1.40001
1.40001
1.40001
1.40001
1.40001
1.40001
1.40001
1.40001
1.40001
1.40001
1.40001
1.40001
1.40001
1.40001
1.40001
1.40001
1.40001
1.40001
4.39222
4.35188
4.26965
4.19723
4.1681
4.1587
4.16928
4.19734
4.23923
3.71264
1.77824
1.39939
1.40001
1.40001
1.40001
1.40001
1.40001
1.40001
1.40001
1.40001
1.40001
1.40001
1.40001
1.40001
1.40001
1.40001
1.40001
1.40001
1.40001
1.40001
4.38211
4.34229
4.27395
4.2028
4.1727
4.16528
4.18252
4.21721
4.28323
4.07787
2.45407
1.4159
1.4
1.40001
1.40001
1.40001
1.40001
1.40001
1.40001
1.40001
1.40001
1.40001
1.40001
1.40001
1.40001
1.40001
1.40001
1.40001
1.40001
1.40001
4.36948
4.33381
4.2743
4.20276
4.17371
4.16933
4.1887
4.22604
4.28987
4.18199
3.13993
1.5381
1.4
1.40001
1.40001
1.40001
1.40001
1.40001
1.40001
1.40001
1.40001
1.40001
1.40001
1.40001
1.40001
1.40001
1.40001
1.40001
1.40001
1.40001
4.35747
4.32738
4.27201
4.20111
4.17215
4.1702
4.18982
4.22758
4.27614
4.25063
3.89989
1.96405
1.3992
1.40001
1.40001
1.40001
1.40001
1.40001
1.40001
1.40001
1.40001
1.40001
1.40001
1.40001
1.40001
1.40001
1.40001
1.40001
1.40001
1.40001
4.34795
4.32453
4.27079
4.20099
4.16959
4.16815
4.18518
4.22258
4.27038
4.28532
4.20168
2.73771
1.44335
1.40001
1.40001
1.40001
1.40001
1.40001
1.40001
1.40001
1.40001
1.40001
1.40001
1.40001
1.40001
1.40001
1.40001
1.40001
1.40001
1.40001
4.34154
4.32451
4.27145
4.20376
4.16843
4.1671
4.18136
4.21723
4.26432
4.30178
4.23166
3.38336
1.64414
1.39962
1.40001
1.40001
1.40001
1.40001
1.40001
1.40001
1.40001
1.40001
1.40001
1.40001
1.40001
1.40001
1.40001
1.40001
1.40001
1.40001
4.33743
4.32599
4.2739
4.20976
4.16811
4.16565
4.17757
4.21317
4.26186
4.30242
4.25754
4.02474
2.17039
1.40345
1.4
1.40001
1.40001
1.40001
1.40001
1.40001
1.40001
1.40001
1.40001
1.40001
1.40001
1.40001
1.40001
1.40001
1.40001
1.40001
4.33498
4.32622
4.27617
4.21454
4.17196
4.16499
4.17313
4.20694
4.25877
4.29204
4.26949
4.26119
3.0113
1.49021
1.40001
1.40001
1.40001
1.40001
1.40001
1.40001
1.40001
1.40001
1.40001
1.40001
1.40001
1.40001
1.40001
1.40001
1.40001
1.40001
4.33401
4.32502
4.27637
4.21653
4.17788
4.16582
4.17035
4.19747
4.25204
4.28572
4.26979
4.25827
3.56633
1.78118
1.39939
1.40001
1.40001
1.40001
1.40001
1.40001
1.40001
1.40001
1.40001
1.40001
1.40001
1.40001
1.40001
1.40001
1.40001
1.40001
4.33439
4.32197
4.27527
4.21611
4.18136
4.16771
4.17147
4.19027
4.24451
4.28261
4.27944
4.25314
4.04802
2.35539
1.41242
1.40001
1.40001
1.40001
1.40001
1.40001
1.40001
1.40001
1.40001
1.40001
1.40001
1.40001
1.40001
1.40001
1.40001
1.40001
4.33635
4.31819
4.2733
4.21632
4.18324
4.16979
4.17454
4.189
4.23964
4.27771
4.28337
4.25459
4.28894
3.23672
1.54686
1.39979
1.40001
1.40001
1.40001
1.40001
1.40001
1.40001
1.40001
1.40001
1.40001
1.40001
1.40001
1.40001
1.40001
1.40001
4.33893
4.3163
4.27137
4.21776
4.18516
4.17169
4.17749
4.18958
4.23486
4.27454
4.28148
4.25659
4.30099
3.70693
1.91782
1.40064
1.40001
1.40001
1.40001
1.40001
1.40001
1.40001
1.40001
1.40001
1.40001
1.40001
1.40001
1.40001
1.40001
1.40001
4.33942
4.31588
4.26994
4.22039
4.18751
4.17328
4.17914
4.1895
4.229
4.27124
4.28414
4.25499
4.26525
4.03917
2.50597
1.42653
1.40001
1.40001
1.40001
1.40001
1.40001
1.40001
1.40001
1.40001
1.40001
1.40001
1.40001
1.40001
1.40001
1.40001
4.33738
4.31616
4.2692
4.22347
4.18924
4.17407
4.17978
4.18918
4.22356
4.26749
4.28791
4.25851
4.25466
4.27459
3.39711
1.6083
1.39969
1.4
1.40001
1.40001
1.40001
1.40001
1.40001
1.40001
1.40001
1.40001
1.40001
1.40001
1.40001
1.40001
4.33174
4.31774
4.27072
4.22648
4.19084
4.17469
4.18034
4.18908
4.21973
4.26315
4.28809
4.26877
4.25664
4.31234
3.81112
2.03804
1.40349
1.4
1.40001
1.40001
1.40001
1.40001
1.40001
1.40001
1.40001
1.40001
1.40001
1.40001
1.40001
1.40001
4.32561
4.3194
4.27362
4.22866
4.19135
4.17553
4.1817
4.19043
4.21889
4.26024
4.28588
4.27165
4.25325
4.29733
4.05139
2.64303
1.44363
1.39993
1.4
1.40001
1.40001
1.40001
1.40001
1.40001
1.40001
1.40001
1.40001
1.40001
1.40001
1.40001
4.3223
4.31973
4.27692
4.231
4.19303
4.17651
4.18335
4.19333
4.21921
4.25523
4.27946
4.27315
4.24961
4.26289
4.24205
3.51356
1.68594
1.40097
1.4
1.40001
1.40001
1.40001
1.40001
1.40001
1.40001
1.40001
1.40001
1.40001
1.40001
1.40001
4.32318
4.31903
4.27847
4.23106
4.19671
4.18143
4.18826
4.20151
4.22546
4.25821
4.27832
4.27483
4.25022
4.26137
4.29198
3.82505
2.01734
1.37774
1.39968
1.4
1.40001
1.40001
1.40001
1.40001
1.40001
1.40001
1.40001
1.40001
1.40001
1.40001
2.52744
3.43619
3.83986
4.02796
4.09909
4.13145
4.15991
4.18581
4.21257
4.24177
4.27083
4.28094
4.26433
4.25143
4.29268
4.13256
3.09128
1.59516
1.4031
1.40002
1.40001
1.40001
1.40001
1.40001
1.40001
1.40001
1.40001
1.40001
1.40001
1.40001
1.24592
2.42682
3.13288
3.55233
3.7753
3.92753
4.026
4.1048
4.16314
4.20729
4.24541
4.27628
4.27738
4.25264
4.27254
4.28332
3.88187
2.30526
1.46107
1.40074
1.40001
1.40001
1.40001
1.40001
1.40001
1.40001
1.40001
1.40001
1.40001
1.40001
0.658663
1.72288
2.42156
2.98514
3.32996
3.59387
3.7603
3.91188
4.03387
4.12069
4.18508
4.24316
4.27125
4.25528
4.24718
4.30766
4.25381
3.31348
1.76174
1.41117
1.40008
1.40001
1.40001
1.40001
1.40001
1.40001
1.40001
1.40001
1.40001
1.40001
0.416403
1.31043
1.8725
2.39606
2.86746
3.17616
3.44548
3.62559
3.81378
3.95611
4.07219
4.16015
4.23025
4.25187
4.2337
4.30009
4.33831
3.94572
2.5431
1.5026
1.40148
1.40001
1.40001
1.40001
1.40001
1.40001
1.40001
1.40001
1.40001
1.40001
0.377246
1.05715
1.54773
1.9619
2.4172
2.7588
3.09095
3.33473
3.52695
3.73408
3.89196
4.02605
4.1349
4.20872
4.21629
4.2667
4.33145
4.25715
3.40177
1.84265
1.41538
1.40011
1.40001
1.40001
1.40001
1.40001
1.40001
1.40001
1.40001
1.40001
0.382125
0.855011
1.28565
1.70338
2.07179
2.44329
2.70924
3.03141
3.25748
3.47551
3.66905
3.85192
3.98579
4.11119
4.16711
4.21958
4.29803
4.28166
4.00263
2.61541
1.5145
1.40167
1.40001
1.40001
1.40001
1.40001
1.40001
1.40001
1.40001
1.40001
0.436368
0.746215
1.00981
1.44948
1.80969
2.18273
2.44876
2.71719
3.00293
3.20585
3.45114
3.6371
3.8187
3.9608
4.07359
4.16014
4.24108
4.24197
4.21978
3.40946
1.85572
1.41539
1.40011
1.40001
1.40001
1.40001
1.40001
1.40001
1.40001
1.40001
0.549554
0.726684
0.854639
1.18531
1.53885
1.92053
2.25537
2.45326
2.7427
2.98052
3.21594
3.42275
3.62775
3.78558
3.94992
4.06888
4.17294
4.15209
4.21826
4.01078
2.60806
1.511
1.40141
1.40001
1.40001
1.40001
1.40001
1.40001
1.40001
1.40001
0.650122
0.71303
0.797007
1.07095
1.33268
1.62629
2.02709
2.28932
2.48548
2.76877
2.97274
3.23265
3.41612
3.6195
3.78994
3.95688
4.07596
4.05121
4.15709
4.15058
3.30658
1.79666
1.41221
1.40008
1.40001
1.40001
1.40001
1.40001
1.40001
1.40001
0.727665
0.681672
0.734269
1.00881
1.24103
1.44738
1.76707
2.10433
2.30522
2.55897
2.77974
3.03315
3.24005
3.43759
3.61731
3.82819
3.95287
3.96984
4.0635
4.13384
3.90918
2.42516
1.47389
1.40073
1.40001
1.40001
1.40001
1.40001
1.40001
1.40001
0.772706
0.677111
0.679551
0.903864
1.1562
1.38642
1.54052
1.88714
2.16479
2.34954
2.61484
2.81271
3.07622
3.24911
3.46969
3.66992
3.83082
3.89164
3.96212
4.05685
4.07369
3.20692
1.71434
1.40735
1.40004
1.40001
1.40001
1.40001
1.40001
1.40001
0.801342
0.683076
0.679524
0.821112
1.03469
1.30984
1.47839
1.67833
1.99388
2.202
2.44654
2.63491
2.89895
3.1039
3.31575
3.49193
3.70657
3.79249
3.87114
3.9766
4.04791
3.639
2.1426
1.44019
1.40033
1.40001
1.40001
1.40001
1.40001
1.40001
0.806788
0.709434
0.704247
0.813382
0.902688
1.1909
1.43106
1.55472
1.81308
2.07401
2.26746
2.50911
2.69526
2.96216
3.15511
3.35746
3.56007
3.67842
3.79645
3.8883
3.9781
3.93537
2.87266
1.57372
1.40251
1.40001
1.40001
1.40001
1.40001
1.40001
0.799467
0.721382
0.749801
0.817433
0.852047
1.03707
1.33564
1.51269
1.65968
1.93696
2.13488
2.38212
2.54887
2.81157
3.0245
3.23727
3.37751
3.5469
3.70983
3.79943
3.91495
3.96099
3.42332
1.92154
1.41827
1.40011
1.40001
1.40001
1.40001
1.40001
0.77248
0.725227
0.778902
0.810226
0.831268
0.946816
1.21542
1.45134
1.58489
1.78742
2.01268
2.23098
2.45018
2.63013
2.89693
3.10168
3.24434
3.4015
3.59326
3.71493
3.83288
3.94145
3.70023
2.3866
1.47635
1.40077
1.40001
1.40001
1.40001
1.40001
0.764909
0.740604
0.790614
0.780263
0.811485
0.940789
1.0743
1.34206
1.53294
1.66698
1.89689
2.07487
2.33757
2.50362
2.76774
2.97618
3.15228
3.25867
3.45929
3.61409
3.72988
3.8841
3.85309
3.00019
1.64902
1.40463
1.40003
1.40001
1.40001
1.40001
0.774015
0.766685
0.791444
0.766552
0.792813
0.931221
1.00571
1.21112
1.45414
1.60546
1.78221
1.96688
2.20473
2.42179
2.61244
2.85805
3.03967
3.17755
3.3156
3.4945
3.62514
3.79746
3.85893
3.5074
2.02948
1.42625
1.40016
1.40001
1.40001
1.40001
0.792469
0.790035
0.798575
0.768916
0.775429
0.90261
0.997946
1.1015
1.33996
1.54431
1.69451
1.88832
2.05562
2.32327
2.497
2.74432
2.90552
3.09797
3.20674
3.38307
3.53118
3.68072
3.82926
3.66401
2.44862
1.49251
1.40096
1.40001
1.40001
1.40001
0.796875
0.805319
0.811886
0.778749
0.776821
0.868855
0.976409
1.07623
1.22087
1.45865
1.62253
1.8125
1.9679
2.20605
2.41984
2.61261
2.79092
2.99654
3.14904
3.27058
3.43387
3.56121
3.76314
3.7158
2.99036
1.6612
1.40525
1.40003
1.40001
1.40001
0.794321
0.806585
0.813415
0.791241
0.780411
0.837959
0.938403
1.06932
1.17029
1.34976
1.54199
1.72096
1.90919
2.0699
2.32991
2.49463
2.70421
2.87164
3.08083
3.17385
3.33602
3.46963
3.66475
3.71878
3.39877
1.9818
1.42295
1.40014
1.40001
1.40001
0.791015
0.80537
0.812738
0.800228
0.783947
0.81595
0.891152
1.04238
1.15779
1.27525
1.46358
1.62696
1.83909
1.99307
2.22736
2.41367
2.61552
2.75029
2.98966
3.12261
3.23521
3.38508
3.55136
3.70838
3.52409
2.40192
1.47952
1.40073
1.40001
1.40001
0.787923
0.805384
0.815948
0.809662
0.791813
0.806955
0.836934
0.985529
1.13095
1.24772
1.39341
1.54988
1.75144
1.93995
2.10672
2.33208
2.49924
2.66926
2.8843
3.05965
3.16017
3.30137
3.46004
3.66998
3.60236
2.76955
1.60545
1.40343
1.40002
1.40001
0.786642
0.806242
0.826832
0.824815
0.806757
0.806524
0.814953
0.912389
1.07841
1.21921
1.34428
1.49106
1.64003
1.87039
2.03405
2.24928
2.39532
2.60062
2.75258
2.96772
3.10853
3.22552
3.37553
3.59937
3.63553
3.19534
1.83473
1.41379
1.40007
1.40001
0.786487
0.805574
0.837073
0.839271
0.821305
0.806814
0.815905
0.876498
1.00801
1.17303
1.30101
1.44297
1.56893
1.78477
1.97733
2.14987
2.32839
2.51785
2.66035
2.86644
3.03773
3.16416
3.2929
3.50613
3.63528
3.43564
2.18706
1.44613
1.40035
1.40001
0.788625
0.804203
0.841835
0.84779
0.83229
0.803136
0.815852
0.877982
0.949513
1.10314
1.24917
1.39724
1.54028
1.67937
1.90821
2.07244
2.26536
2.4182
2.60512
2.76753
2.93973
3.09671
3.22364
3.40736
3.60188
3.50242
2.58311
1.5289
1.40151
1.40001
0.792572
0.804453
0.843201
0.852219
0.838075
0.803227
0.813685
0.875783
0.938957
1.04205
1.18998
1.34319
1.50719
1.62502
1.82987
2.00842
2.18854
2.35007
2.54028
2.67962
2.84484
3.01156
3.15935
3.29663
3.53697
3.51872
2.86111
1.67702
1.40597
1.40003
0.794275
0.80576
0.844136
0.852788
0.840167
0.808474
0.812505
0.862226
0.929254
1.01954
1.13815
1.28204
1.46052
1.60703
1.73898
1.94258
2.09649
2.29185
2.46654
2.6034
2.78075
2.91715
3.08709
3.21507
3.45318
3.52117
3.17599
1.89641
1.41879
1.40011
0.794896
0.808028
0.84475
0.85212
0.841562
0.812671
0.812725
0.839012
0.906449
1.00312
1.10494
1.23061
1.39609
1.57427
1.69174
1.87723
2.03235
2.22464
2.40311
2.54634
2.7215
2.85444
2.99896
3.15592
3.35375
3.50862
3.37511
2.23414
1.45391
1.40043
0.796019
0.811432
0.845923
0.852687
0.843727
0.817287
0.811828
0.823058
0.87384
0.979502
1.08027
1.19311
1.32004
1.51981
1.66635
1.79681
1.97782
2.13233
2.33837
2.50408
2.64578
2.80617
2.92157
3.0926
3.26483
3.4767
3.4126
2.57184
1.53697
1.40169
0.797628
0.815856
0.848143
0.854138
0.846645
0.822808
0.811686
0.822707
0.844198
0.943244
1.05274
1.16767
1.28155
1.44724
1.62698
1.7446
1.92666
2.06604
2.26386
2.45439
2.5694
2.75201
2.87968
3.01807
3.20036
3.4358
3.42414
2.79195
1.66312
1.40583
0.798172
0.818326
0.849905
0.858378
0.851864
0.829679
0.814174
0.824028
0.836496
0.90628
1.02182
1.14435
1.26108
1.37083
1.5713
1.71159
1.85478
2.02518
2.16816
2.38879
2.5278
2.68904
2.83411
2.95611
3.13333
3.37344
3.42404
3.06983
1.84538
1.41573
0.798511
0.81839
0.849882
0.867568
0.860943
0.838434
0.818676
0.819628
0.830769
0.89158
0.984082
1.11356
1.23938
1.34652
1.49903
1.67104
1.79067
1.98039
2.10928
2.31867
2.48985
2.60922
2.77655
2.91272
3.05491
3.28943
3.41827
3.2643
2.13997
1.44417
0.79926
0.817679
0.848696
0.873395
0.868482
0.848416
0.820758
0.810227
0.822767
0.884177
0.95163
1.07528
1.20921
1.33262
1.43507
1.62137
1.75404
1.92175
2.08427
2.2299
2.43276
2.54978
2.71759
2.86157
2.99281
3.21315
3.39752
3.30265
2.40192
1.50589
0.801157
0.816344
0.846021
0.873478
0.870834
0.857229
0.824132
0.805346
0.813796
0.873903
0.937686
1.03363
1.16996
1.30818
1.41351
1.55421
1.71428
1.85115
2.04897
2.15556
2.36893
2.51152
2.64597
2.79418
2.94274
3.13533
3.36266
3.3262
2.60383
1.59677
0.80489
0.816247
0.841993
0.8723
0.871035
0.864136
0.830683
0.805998
0.810692
0.852055
0.922601
1.01268
1.12787
1.27062
1.39485
1.49501
1.67114
1.8081
2.00257
2.13599
2.2916
2.46294
2.57506
2.72757
2.88758
3.04325
3.31274
3.33034
2.88286
1.76204
0.81041
0.81726
0.838287
0.869209
0.870349
0.865202
0.837651
0.809537
0.811728
0.838153
0.904459
0.999409
1.0922
1.22225
1.36554
1.47206
1.61131
1.76966
1.93631
2.11533
2.21561
2.40475
2.53529
2.67416
2.82178
2.97804
3.248
3.3318
3.05614
1.98363
0.816586
0.819833
0.837741
0.865374
0.867632
0.864143
0.839505
0.812032
0.81679
0.837931
0.878287
0.980929
1.07384
1.17674
1.32089
1.45042
1.55748
1.73334
1.87891
2.07072
2.19072
2.33148
2.49107
2.62814
2.75773
2.93813
3.17496
3.32428
3.0974
2.23737
0.820057
0.823739
0.838717
0.863959
0.866579
0.860737
0.838251
0.813092
0.817415
0.839216
0.861537
0.948971
1.05355
1.15105
1.26322
1.41897
1.53842
1.6846
1.83974
2.00528
2.16274
2.27893
2.43594
2.57848
2.72097
2.89062
3.09816
3.30257
3.15935
2.55133
0.820406
0.827137
0.841763
0.864303
0.867513
0.860425
0.837536
0.814538
0.814109
0.836803
0.858598
0.921748
1.02647
1.13347
1.23051
1.37499
1.51773
1.63762
1.80193
1.94742
2.11418
2.24964
2.38281
2.52792
2.68607
2.82897
3.03073
3.26953
3.20477
2.89068
0.820051
0.827208
0.843187
0.864992
0.869828
0.863206
0.84115
0.818595
0.811469
0.826645
0.851536
0.912783
0.992371
1.10719
1.21083
1.32282
1.48391
1.61293
1.75699
1.90249
2.05482
2.20956
2.34394
2.48659
2.64099
2.77679
2.97203
3.21813
3.2246
3.24738
0.808125
0.828313
0.846012
0.867289
0.871798
0.865652
0.845311
0.822036
0.811045
0.816413
0.846941
0.914911
0.975146
1.08813
1.20119
1.29707
1.46054
1.6019
1.72218
1.87502
2.01729
2.17754
2.32093
2.4604
2.60521
2.74946
2.92901
3.17287
3.23545
3.50423
0.802969
0.829383
0.847828
0.868841
0.872716
0.867109
0.84988
0.825071
0.811584
0.814245
0.843406
0.915011
0.974607
1.07702
1.19398
1.29014
1.44436
1.59339
1.7007
1.85555
2.00191
2.15664
2.30439
2.43881
2.58538
2.73017
2.90371
3.14205
3.24361
3.66102
0.807314
0.831459
0.849559
0.870093
0.87263
0.867231
0.851757
0.828615
0.814011
0.814071
0.838904
0.91207
0.973675
1.06793
1.185
1.28802
1.42064
1.57791
1.69372
1.83486
1.98696
2.13289
2.27856
2.4165
2.56555
2.70879
2.87849
3.1052
3.26299
3.82678
0.810076
0.834221
0.851152
0.870045
0.871921
0.866882
0.852878
0.832818
0.816973
0.814137
0.833626
0.905824
0.968831
1.05647
1.17491
1.2849
1.38557
1.55534
1.68552
1.81734
1.96792
2.09814
2.24824
2.39713
2.53043
2.685
2.84425
3.06681
3.29803
4.02134
0.815774
0.837353
0.852691
0.869146
0.870582
0.865586
0.854018
0.83615
0.817542
0.813987
0.828879
0.897521
0.964372
1.04108
1.15541
1.27613
1.37245
1.53356
1.67254
1.79898
1.94292
2.07977
2.22772
2.37331
2.49996
2.65652
2.80084
3.03556
3.32988
4.20939
0.820775
0.841438
0.854089
0.867923
0.869134
0.864496
0.85538
0.838238
0.817609
0.813855
0.825994
0.887722
0.958061
1.03679
1.13887
1.26201
1.36823
1.51723
1.66045
1.76873
1.92175
2.06509
2.20489
2.34253
2.47971
2.6243
2.77664
3.00283
3.36245
4.40109
0.826795
0.846621
0.855388
0.866695
0.867625
0.863735
0.857083
0.840728
0.819252
0.814926
0.825774
0.877685
0.945459
1.032
1.12848
1.24935
1.35776
1.4968
1.64423
1.74903
1.90093
2.04018
2.17081
2.31668
2.45255
2.59646
2.74763
2.96083
3.40175
4.61939
0.83941
0.853402
0.856156
0.864684
0.865759
0.862009
0.857483
0.843074
0.821854
0.815232
0.825392
0.86847
0.933225
1.02313
1.1144
1.23615
1.34827
1.46259
1.61978
1.73965
1.87297
2.01599
2.14422
2.28695
2.42342
2.56739
2.71349
2.92426
3.43195
4.84348
0.853528
0.862842
0.856694
0.862802
0.864128
0.859323
0.856478
0.84355
0.822367
0.813807
0.822155
0.859667
0.923541
1.01298
1.09811
1.21858
1.33754
1.4367
1.59561
1.7272
1.84669
1.99426
2.11938
2.25158
2.3964
2.52829
2.68248
2.90111
3.48793
5.06671
0.867534
0.872369
0.859396
0.862712
0.863834
0.859239
0.856511
0.844832
0.822654
0.812351
0.821786
0.856418
0.909587
1.00051
1.08455
1.19571
1.32516
1.42927
1.5731
1.7111
1.82269
1.96857
2.0946
2.21675
2.3663
2.49626
2.64873
2.86947
3.54766
5.29669
0.886462
0.883134
0.864122
0.863613
0.864041
0.860302
0.858418
0.846995
0.822604
0.812054
0.826146
0.858374
0.896377
0.987534
1.07439
1.17708
1.30574
1.4196
1.53455
1.68919
1.80386
1.94218
2.07298
2.19225
2.33396
2.47427
2.61876
2.84009
3.60088
5.5204
0.900889
0.893839
0.871643
0.866035
0.864977
0.8615
0.859429
0.847009
0.822141
0.812463
0.829417
0.859256
0.891976
0.972338
1.06418
1.16197
1.2847
1.40551
1.50307
1.66145
1.78811
1.90879
2.04871
2.1675
2.30114
2.44912
2.58203
2.82436
3.69685
5.74039
0.90926
0.903962
0.881767
0.869258
0.86744
0.864303
0.860504
0.846819
0.822379
0.814153
0.828298
0.855318
0.886783
0.961758
1.05376
1.14873
1.2591
1.38851
1.49174
1.61676
1.76731
1.872
2.02156
2.14101
2.26671
2.41799
2.53918
2.79446
3.78278
5.96309
0.923301
0.917074
0.892889
0.871757
0.868957
0.867593
0.863244
0.848211
0.824201
0.815211
0.824211
0.845712
0.879879
0.954444
1.04062
1.13933
1.23653
1.35868
1.47907
1.58109
1.74086
1.85331
1.98619
2.11673
2.23648
2.37027
2.5109
2.78029
3.8811
6.13293
0.940757
0.931497
0.904392
0.874695
0.869294
0.868452
0.865156
0.850875
0.828381
0.8163
0.820147
0.833845
0.873675
0.948058
1.02148
1.12474
1.22421
1.33444
1.45735
1.56615
1.69533
1.83197
1.9368
2.08417
2.20478
2.32915
2.47954
2.79645
4.01998
6.27279
0.964093
0.950159
0.917544
0.879323
0.869718
0.868517
0.864961
0.85302
0.833152
0.818238
0.819242
0.826268
0.863122
0.937478
1.00692
1.10245
1.20712
1.31811
1.43207
1.54921
1.66183
1.80258
1.90412
2.03979
2.16481
2.29298
2.4336
2.81679
4.15263
6.35152
0.993882
0.974974
0.934173
0.886556
0.871149
0.867409
0.864363
0.855379
0.836498
0.81927
0.819246
0.823794
0.856862
0.92173
0.993145
1.08717
1.1858
1.29689
1.40984
1.51986
1.6341
1.76626
1.88145
1.98653
2.12037
2.24908
2.39568
2.85781
4.30307
6.38617
1.02713
1.00818
0.95699
0.896911
0.873554
0.865983
0.863547
0.856857
0.839598
0.819984
0.818956
0.819635
0.853001
0.914485
0.975667
1.06919
1.1661
1.27197
1.38795
1.49711
1.60436
1.71948
1.85098
1.95451
2.07802
2.20203
2.37024
2.95884
4.46163
6.35759
1.0576
1.03921
0.983111
0.911938
0.878301
0.866132
0.862245
0.857257
0.843161
0.82223
0.816695
0.813792
0.844154
0.907014
0.96515
1.05204
1.14541
1.24549
1.35482
1.4724
1.58019
1.68021
1.80945
1.92423
2.035
2.1604
2.34135
3.09965
4.54936
6.26383
1.07789
1.0687
1.01932
0.934935
0.886183
0.867225
0.861525
0.857242
0.845188
0.823205
0.811917
0.808857
0.833309
0.893797
0.955501
1.04038
1.12704
1.2249
1.32176
1.43544
1.55201
1.65327
1.7626
1.8872
1.9945
2.11776
2.34618
3.29662
4.65207
6.1202
1.09127
1.09255
1.05674
0.964106
0.896357
0.869716
0.862003
0.85748
0.846351
0.822424
0.807311
0.8055
0.830463
0.880272
0.942919
1.02844
1.10888
1.20411
1.29814
1.39718
1.51238
1.62427
1.72845
1.84447
1.95436
2.08037
2.38253
3.54045
4.69219
5.91467
1.08902
1.10874
1.08731
0.998421
0.910966
0.872449
0.862661
0.857211
0.846603
0.823049
0.806498
0.805571
0.830681
0.868553
0.927463
1.01287
1.08954
1.18052
1.27477
1.37017
1.47424
1.58662
1.69352
1.79982
1.91047
2.04957
2.47678
3.77897
4.67063
5.65624
1.08838
1.12919
1.11302
1.03118
0.9331
0.877337
0.862793
0.856074
0.844892
0.825049
0.807584
0.807036
0.831326
0.85918
0.908666
0.992349
1.06833
1.15641
1.24779
1.34426
1.44313
1.54797
1.65773
1.75718
1.85937
2.02159
2.64507
3.98413
4.62836
5.36532
1.08836
1.13345
1.12085
1.0638
0.972213
0.888691
0.862837
0.854048
0.843466
0.826943
0.809656
0.809453
0.829181
0.850886
0.896339
0.970915
1.04246
1.13158
1.22096
1.31713
1.41591
1.51428
1.61659
1.71579
1.82165
2.03826
2.88776
4.14909
4.58219
5.04862
1.09128
1.13223
1.12641
1.09757
1.01744
0.913151
0.865723
0.851937
0.842355
0.829335
0.811845
0.813413
0.825303
0.840835
0.887013
0.955126
1.01898
1.10506
1.19229
1.28771
1.38464
1.47988
1.57728
1.67296
1.78793
2.11661
3.14411
4.22159
4.51242
4.73511
1.09904
1.12835
1.12728
1.11449
1.06235
0.955632
0.875701
0.850656
0.841677
0.83316
0.816402
0.813664
0.820653
0.830433
0.878069
0.940342
0.999863
1.08221
1.16427
1.25612
1.35144
1.44449
1.53465
1.62791
1.76948
2.28056
3.37659
4.22275
4.39198
4.43691
1.1123
1.12973
1.13138
1.12788
1.09482
1.00062
0.898203
0.85284
0.842321
0.836871
0.821978
0.814319
0.817366
0.823008
0.86789
0.922789
0.983604
1.06359
1.13885
1.22496
1.31444
1.40476
1.49434
1.59345
1.79575
2.5369
3.54107
4.18138
4.24152
4.16446
1.12753
1.13506
1.13399
1.13133
1.10438
1.04117
0.941264
0.863504
0.844791
0.840654
0.828546
0.815671
0.814044
0.819217
0.860356
0.90532
0.964024
1.04243
1.11412
1.19606
1.27997
1.36506
1.45193
1.56052
1.91298
2.81918
3.5924
4.08214
4.05809
3.93539
1.14865
1.14403
1.13732
1.12409
1.10188
1.07143
0.994281
0.888907
0.849831
0.841402
0.829715
0.816371
0.811609
0.817442
0.854735
0.888641
0.945132
1.02157
1.08992
1.17052
1.24923
1.32926
1.40766
1.57521
2.13253
3.06727
3.56085
3.95363
3.8746
3.7586
1.1741
1.16713
1.15177
1.12658
1.10743
1.09446
1.05527
0.963696
0.882185
0.846483
0.830832
0.817269
0.810121
0.817042
0.841682
0.863431
0.917098
0.984153
1.04712
1.12448
1.19701
1.27916
1.41738
1.79205
2.54132
3.18282
3.43256
3.63353
3.58541
3.503
)
;

boundaryField
{
    inlet
    {
        type            calculated;
        value           uniform 1.40001;
    }
    outlet
    {
        type            calculated;
        value           nonuniform List<scalar> 
60
(
1.17411
1.16714
1.15177
1.12657
1.10742
1.09446
1.0553
0.963714
0.8822
0.846491
0.830842
0.817284
0.810132
0.817051
0.84169
0.863434
0.91711
0.984174
1.04715
1.1245
1.19701
1.27918
1.41747
1.79236
2.54164
3.18295
3.4326
3.63349
3.58542
3.50302
1.11806
1.02462
0.948461
0.910971
0.91994
0.948789
1.04357
0.99695
0.637309
0.429882
0.468432
0.526739
0.569814
0.610193
0.688688
0.757094
0.825992
0.917739
1.00914
1.11358
1.22779
1.35302
1.4974
1.68104
1.87579
1.94691
1.90992
1.71279
1.47475
1.40518
)
;
    }
    airfoil
    {
        type            calculated;
        value           nonuniform List<scalar> 
160
(
0.151634
0.152347
0.151208
0.150312
0.150412
0.150522
0.150545
0.150899
0.151729
0.152567
0.152629
0.150694
0.147471
0.144516
0.14268
0.142161
0.142452
0.14505
0.148997
0.151365
0.150795
0.146975
0.145526
0.146046
0.147617
0.151
0.153729
0.149891
0.136738
0.116259
0.0908157
0.0651343
0.0422103
0.0292446
0.0291178
0.0678891
0.181243
0.404772
0.766832
1.41302
2.15288
2.15203
2.15049
2.1498
2.14961
2.14982
2.15072
2.15244
2.15387
2.15427
2.15419
2.15396
2.15311
2.15257
2.15187
2.15041
2.14975
2.14857
2.14464
2.13929
2.13554
2.12931
2.1245
2.12303
2.12283
2.12896
2.15071
2.17079
2.19002
2.25416
2.33104
2.38516
2.41197
2.42126
2.34619
2.22505
2.11678
1.95212
1.74623
1.53226
1.79677
2.56589
3.41422
4.35374
5.17279
6.0001
6.32262
5.84977
5.07006
4.59188
4.38732
4.29115
4.26016
4.24523
4.25822
4.28197
4.31302
4.34235
4.36507
4.38284
4.39597
4.39654
4.39222
4.38211
4.36948
4.35747
4.34795
4.34154
4.33743
4.33498
4.33401
4.33439
4.33635
4.33893
4.33942
4.33738
4.33174
4.32561
4.3223
4.32318
2.52744
1.24592
0.658663
0.416403
0.377246
0.382125
0.436368
0.549554
0.650122
0.727665
0.772706
0.801342
0.806788
0.799467
0.77248
0.764909
0.774015
0.792469
0.796875
0.794321
0.791015
0.787923
0.786642
0.786487
0.788625
0.792572
0.794275
0.794896
0.796019
0.797628
0.798172
0.798511
0.79926
0.801157
0.80489
0.81041
0.816586
0.820057
0.820406
0.820051
)
;
    }
    top
    {
        type            symmetryPlane;
    }
    bottom
    {
        type            symmetryPlane;
    }
    defaultFaces
    {
        type            empty;
    }
}


// ************************************************************************* //
