/*--------------------------------*- C++ -*----------------------------------*\
  =========                 |
  \\      /  F ield         | OpenFOAM: The Open Source CFD Toolbox
   \\    /   O peration     | Website:  https://openfoam.org
    \\  /    A nd           | Version:  7
     \\/     M anipulation  |
\*---------------------------------------------------------------------------*/
FoamFile
{
    version     2.0;
    format      ascii;
    class       volScalarField;
    location    "3.3";
    object      rho;
}
// * * * * * * * * * * * * * * * * * * * * * * * * * * * * * * * * * * * * * //

dimensions      [1 -3 0 0 0 0 0];

internalField   nonuniform List<scalar> 
8400
(
0.214501
0.290988
0.370167
0.450705
0.51534
0.57644
0.623932
0.660323
0.705149
0.724186
0.737273
0.759964
0.766841
0.768866
0.783825
0.790743
0.793393
0.807248
0.813751
0.808996
0.789209
0.780629
0.783763
0.793537
0.803493
0.801687
0.805258
0.802619
0.798462
0.826977
0.154153
0.156008
0.162002
0.178119
0.210161
0.25264
0.312228
0.383498
0.451004
0.527693
0.590104
0.644157
0.700737
0.738457
0.760138
0.777513
0.783131
0.776893
0.759693
0.739046
0.712307
0.700085
0.710044
0.72779
0.74293
0.758614
0.769728
0.766066
0.760264
0.793558
0.168886
0.169947
0.17129
0.172117
0.1734
0.173198
0.172014
0.170773
0.173129
0.188636
0.222103
0.261401
0.321977
0.409011
0.483072
0.547764
0.608849
0.646424
0.675743
0.696602
0.716208
0.714091
0.718223
0.718058
0.721939
0.736754
0.751648
0.748246
0.750459
0.797157
0.168552
0.169066
0.169336
0.169151
0.167704
0.166955
0.167341
0.167395
0.166917
0.166857
0.166394
0.165196
0.165258
0.165754
0.175247
0.201764
0.2514
0.324772
0.426199
0.534632
0.643808
0.688539
0.705915
0.723019
0.735005
0.752735
0.76833
0.757275
0.76736
0.823603
0.167187
0.16701
0.16692
0.166598
0.165944
0.165326
0.165579
0.166695
0.167486
0.167823
0.166936
0.166567
0.168421
0.174137
0.18439
0.192032
0.192906
0.192809
0.193025
0.214011
0.275789
0.381696
0.49178
0.591551
0.683036
0.719095
0.754055
0.779292
0.812478
0.881028
0.16693
0.166827
0.166971
0.16758
0.16735
0.16656
0.167076
0.170006
0.176398
0.183604
0.188468
0.194233
0.200471
0.204887
0.210014
0.217303
0.221816
0.222774
0.223434
0.225071
0.226854
0.232602
0.240622
0.270092
0.34084
0.436065
0.552191
0.686643
0.760222
0.867902
0.174413
0.176365
0.180078
0.185611
0.192515
0.200838
0.20874
0.2139
0.21785
0.220448
0.222921
0.227136
0.232564
0.233486
0.231373
0.230879
0.234056
0.240126
0.247139
0.251616
0.258445
0.268435
0.277493
0.288204
0.287245
0.286545
0.287712
0.33574
0.403325
0.651031
0.217797
0.219891
0.223305
0.228017
0.234019
0.240634
0.245407
0.248205
0.249155
0.247371
0.244772
0.244912
0.250079
0.258943
0.261404
0.264346
0.270531
0.282872
0.295922
0.305789
0.312094
0.315608
0.314254
0.310242
0.307785
0.309695
0.316551
0.329032
0.334272
0.373857
0.265531
0.265194
0.264577
0.264629
0.266016
0.26986
0.276923
0.286525
0.29357
0.294709
0.294386
0.296057
0.303582
0.3163
0.326977
0.332167
0.334138
0.337081
0.341462
0.341355
0.339471
0.339095
0.337548
0.339479
0.34601
0.355409
0.364522
0.367424
0.369068
0.368823
0.329054
0.330506
0.330923
0.3301
0.329655
0.330915
0.337157
0.347806
0.357531
0.363094
0.364098
0.362856
0.362785
0.364757
0.365587
0.364817
0.362935
0.362651
0.363414
0.361148
0.36108
0.363493
0.372536
0.385128
0.394123
0.400523
0.402178
0.400708
0.397036
0.397893
0.405777
0.41058
0.412152
0.410631
0.403479
0.398673
0.398786
0.402035
0.410036
0.415287
0.415303
0.412027
0.41035
0.409008
0.406681
0.406203
0.407475
0.412331
0.420061
0.427088
0.431074
0.433767
0.437393
0.438572
0.437766
0.435981
0.434251
0.430491
0.431985
0.438861
0.487898
0.497105
0.501387
0.500769
0.494929
0.484785
0.48024
0.481446
0.487161
0.492419
0.491954
0.489994
0.490461
0.493629
0.495136
0.494333
0.493215
0.493894
0.49593
0.495753
0.493754
0.491405
0.488206
0.484
0.48021
0.476249
0.475356
0.47815
0.483324
0.488434
0.584744
0.592181
0.596476
0.597582
0.595932
0.583114
0.570938
0.570155
0.57347
0.576549
0.576475
0.573186
0.565877
0.56488
0.564475
0.560982
0.554978
0.550912
0.547987
0.545171
0.542854
0.540712
0.538898
0.539362
0.540893
0.542512
0.543704
0.543629
0.542332
0.536923
0.697976
0.703205
0.709773
0.711998
0.711309
0.701585
0.683594
0.675065
0.676272
0.677832
0.675739
0.666764
0.657886
0.657307
0.656434
0.651
0.64174
0.638327
0.636597
0.634103
0.630393
0.625404
0.620035
0.616736
0.613969
0.60982
0.604208
0.59644
0.589846
0.581685
0.835025
0.839185
0.844746
0.843728
0.838986
0.829057
0.811929
0.799317
0.799086
0.800049
0.794474
0.775782
0.76183
0.761343
0.76054
0.754753
0.743282
0.733578
0.72729
0.721595
0.715386
0.708257
0.699697
0.691378
0.683436
0.67487
0.666173
0.659095
0.654669
0.646419
0.996089
1.00145
1.00666
1.00145
0.985618
0.974071
0.957646
0.940005
0.936085
0.936894
0.929771
0.906627
0.885631
0.882524
0.880088
0.871277
0.855966
0.843027
0.833935
0.824424
0.814086
0.803154
0.791194
0.780938
0.772038
0.762705
0.753143
0.743856
0.734459
0.717244
1.17791
1.18062
1.18554
1.18082
1.16173
1.14385
1.12271
1.09847
1.09226
1.09216
1.08189
1.05268
1.02796
1.02325
1.01835
1.00444
0.984398
0.9678
0.954932
0.94187
0.927173
0.91229
0.896685
0.882341
0.868127
0.852907
0.838517
0.822892
0.808922
0.787025
1.37944
1.38026
1.38312
1.37604
1.35666
1.33565
1.30725
1.27404
1.26648
1.26532
1.25153
1.21552
1.18758
1.18137
1.17288
1.15201
1.12805
1.10739
1.08923
1.0722
1.05332
1.03279
1.01227
0.992815
0.975954
0.95757
0.937213
0.918504
0.902783
0.875004
1.62194
1.60523
1.59371
1.58339
1.5692
1.54901
1.51566
1.47278
1.4636
1.45943
1.44083
1.39715
1.36355
1.35329
1.34041
1.3133
1.28568
1.26263
1.23736
1.21379
1.19103
1.1665
1.14164
1.11655
1.09316
1.07079
1.04699
1.02239
1.0018
0.967629
1.88795
1.8698
1.84847
1.82446
1.80595
1.78703
1.75497
1.71916
1.69581
1.67523
1.64988
1.60981
1.57291
1.55058
1.52673
1.49365
1.46143
1.43313
1.40292
1.3717
1.34227
1.3126
1.28254
1.25419
1.22563
1.19575
1.16806
1.1394
1.11392
1.07228
2.04102
2.03481
2.02522
2.01203
1.99931
1.98686
1.969
1.94863
1.9272
1.90217
1.87678
1.84685
1.80968
1.77741
1.7466
1.70899
1.67172
1.63545
1.59812
1.55973
1.5218
1.48371
1.44666
1.41023
1.37559
1.3406
1.30478
1.27003
1.23983
1.18854
2.04282
2.03883
2.03351
2.03144
2.03087
2.02908
2.02449
2.0182
2.01015
2.00195
1.99397
1.98272
1.96699
1.94921
1.93126
1.90901
1.88188
1.8512
1.81608
1.77729
1.73651
1.69378
1.65042
1.60605
1.55991
1.51471
1.47095
1.42574
1.38665
1.32292
1.95078
1.94709
1.94532
1.95415
1.96934
1.98164
1.98977
1.99408
1.99414
1.9909
1.98727
1.98337
1.97707
1.97158
1.96566
1.95908
1.95073
1.93935
1.9252
1.91153
1.89431
1.87188
1.84337
1.80908
1.76923
1.72352
1.67481
1.62235
1.57371
1.49261
1.65384
1.67295
1.68646
1.70041
1.72749
1.75443
1.77516
1.80263
1.82502
1.84163
1.86887
1.89037
1.8969
1.90569
1.91999
1.92564
1.92913
1.92713
1.92354
1.91831
1.91161
1.90354
1.89395
1.88187
1.86712
1.84875
1.82595
1.79548
1.76074
1.68732
1.43327
1.44027
1.44816
1.45558
1.46459
1.4767
1.49089
1.50888
1.52994
1.55058
1.57439
1.60484
1.63576
1.66424
1.69601
1.72837
1.76028
1.78737
1.81093
1.83179
1.84708
1.85924
1.86428
1.864
1.86149
1.85503
1.84426
1.83021
1.81498
1.77939
1.40097
1.40124
1.40163
1.40212
1.40274
1.40363
1.40486
1.40666
1.40922
1.41258
1.4169
1.42321
1.43186
1.44275
1.4563
1.47431
1.49558
1.52182
1.55068
1.58366
1.61842
1.6536
1.68822
1.71903
1.74737
1.7692
1.78305
1.79241
1.79054
1.77571
1.40001
1.40002
1.40002
1.40003
1.40003
1.40004
1.40006
1.40009
1.40014
1.40021
1.40033
1.40052
1.40085
1.40138
1.40221
1.40359
1.40572
1.4091
1.4141
1.42151
1.432
1.44624
1.46495
1.48847
1.51597
1.54808
1.58093
1.61497
1.643
1.67427
1.40001
1.40001
1.40001
1.40001
1.40001
1.40001
1.40001
1.40001
1.40001
1.40001
1.40001
1.40001
1.40001
1.40002
1.40003
1.40004
1.40008
1.40014
1.40027
1.4005
1.40095
1.40176
1.40321
1.40568
1.40974
1.41613
1.42559
1.43916
1.45514
1.48777
1.40001
1.40001
1.40001
1.40001
1.40001
1.40001
1.40001
1.40001
1.40001
1.40001
1.40001
1.40001
1.40001
1.40001
1.40001
1.40001
1.40001
1.40001
1.40001
1.40001
1.40001
1.40002
1.40004
1.40008
1.40017
1.40036
1.40075
1.40153
1.40278
1.40731
1.40001
1.40001
1.40001
1.40001
1.40001
1.40001
1.40001
1.40001
1.40001
1.40001
1.40001
1.40001
1.40001
1.40001
1.40001
1.40001
1.40001
1.40001
1.40001
1.40001
1.40001
1.40001
1.40001
1.40001
1.40001
1.40001
1.40001
1.40002
1.40004
1.40014
0.149763
0.152576
0.167666
0.167168
0.166097
0.168328
0.173487
0.216469
0.266128
0.326665
0.398013
0.479623
0.579625
0.695992
0.838847
1.00589
1.19994
1.41662
1.66572
1.91861
2.04818
2.04522
1.93697
1.61573
1.42576
1.40075
1.40001
1.40001
1.40001
1.40001
0.150849
0.154368
0.168347
0.165482
0.163601
0.171024
0.18336
0.230193
0.279756
0.335527
0.404331
0.49112
0.602081
0.742851
0.905209
1.08781
1.28753
1.50606
1.74826
1.97478
2.06032
2.04361
1.87008
1.55913
1.41453
1.40029
1.40001
1.40001
1.40001
1.40001
0.152009
0.154094
0.167696
0.164086
0.1621
0.17307
0.191648
0.2362
0.28159
0.337349
0.411724
0.521778
0.649962
0.79613
0.953809
1.13273
1.33267
1.55266
1.79813
2.01069
2.06711
2.02554
1.8181
1.52201
1.40882
1.40015
1.40001
1.40001
1.40001
1.40001
0.151973
0.152754
0.167917
0.163437
0.161062
0.174382
0.196209
0.237614
0.282289
0.346355
0.454055
0.566825
0.686943
0.823147
0.979091
1.15965
1.36463
1.59164
1.84597
2.04253
2.07107
2.01096
1.77865
1.49014
1.4049
1.40007
1.40001
1.40001
1.40001
1.40001
0.151006
0.152323
0.168854
0.163365
0.16017
0.17455
0.196619
0.237381
0.291504
0.377482
0.479238
0.583313
0.699494
0.835469
0.999149
1.18907
1.40548
1.64701
1.90884
2.06788
2.07383
2.00233
1.72703
1.45812
1.40236
1.40003
1.40001
1.40001
1.40001
1.40001
0.150278
0.152467
0.169828
0.163092
0.158301
0.172751
0.194021
0.238497
0.312318
0.395715
0.483892
0.58576
0.707427
0.851007
1.03676
1.25094
1.48793
1.7385
1.97314
2.07965
2.07455
1.96502
1.64758
1.43454
1.40111
1.40002
1.40001
1.40001
1.40001
1.40001
0.14963
0.152592
0.169727
0.161368
0.156005
0.170867
0.193377
0.253107
0.329448
0.40095
0.482388
0.588356
0.733155
0.919433
1.12085
1.3338
1.56002
1.80249
2.01141
2.08494
2.062
1.89736
1.59144
1.42201
1.40056
1.40001
1.40001
1.40001
1.40001
1.40001
0.149026
0.152973
0.1668
0.159402
0.154641
0.170583
0.204349
0.273212
0.335168
0.402993
0.496684
0.642172
0.807424
0.982144
1.17047
1.37723
1.60338
1.85026
2.04328
2.08938
2.04616
1.85721
1.55166
1.41315
1.40026
1.40001
1.40001
1.40001
1.40001
1.40001
0.148877
0.154231
0.163643
0.158574
0.154902
0.175415
0.221974
0.279977
0.3387
0.41688
0.556941
0.699329
0.847304
1.01216
1.20101
1.41507
1.65476
1.9127
2.07729
2.09294
2.04121
1.8165
1.5052
1.40642
1.4001
1.40001
1.40001
1.40001
1.40001
1.40001
0.149072
0.155431
0.162513
0.159236
0.159501
0.185051
0.230233
0.280873
0.350202
0.467413
0.592555
0.72001
0.866868
1.03713
1.24372
1.48742
1.74922
1.9858
2.0976
2.09668
2.03124
1.73718
1.46294
1.40293
1.40004
1.40001
1.40001
1.40001
1.40001
1.40001
0.149657
0.156188
0.162568
0.15961
0.163366
0.189051
0.232445
0.287274
0.383747
0.494563
0.602066
0.7277
0.889351
1.09375
1.3351
1.58852
1.83189
2.03169
2.10406
2.0955
1.96215
1.65232
1.43908
1.40142
1.40002
1.40001
1.40001
1.40001
1.40001
1.40001
0.150755
0.156747
0.162776
0.157608
0.163951
0.189313
0.235244
0.310535
0.410312
0.501952
0.60438
0.755833
0.963777
1.19099
1.41691
1.65131
1.88325
2.06276
2.10589
2.07548
1.90404
1.60022
1.42429
1.40066
1.40001
1.40001
1.40001
1.40001
1.40001
1.40001
0.150972
0.156282
0.162312
0.154283
0.159884
0.189285
0.246043
0.336526
0.42005
0.504448
0.646749
0.846641
1.04613
1.24919
1.46542
1.70362
1.94139
2.09246
2.10685
2.05596
1.86218
1.55074
1.41277
1.40027
1.40001
1.40001
1.40001
1.40001
1.40001
1.40001
0.148549
0.152869
0.160059
0.152862
0.156579
0.19462
0.267195
0.345867
0.427775
0.544714
0.7311
0.906838
1.08696
1.29075
1.52426
1.78627
2.01546
2.11088
2.10869
2.04705
1.80443
1.49488
1.40583
1.4001
1.40001
1.40001
1.40001
1.40001
1.40001
1.40001
0.144267
0.150374
0.158865
0.152596
0.159834
0.211749
0.27662
0.349245
0.448797
0.617355
0.77349
0.933706
1.12428
1.36171
1.6315
1.88342
2.06808
2.11637
2.1119
2.02119
1.70542
1.45529
1.40258
1.40004
1.40001
1.40001
1.40001
1.40001
1.40001
1.40001
0.141912
0.149665
0.158692
0.154465
0.170487
0.222316
0.278599
0.365763
0.508593
0.652569
0.788924
0.958596
1.20115
1.47393
1.72502
1.94689
2.09445
2.1175
2.10056
1.93509
1.62674
1.43271
1.40111
1.40002
1.40001
1.40001
1.40001
1.40001
1.40001
1.40001
0.141535
0.149693
0.159637
0.158346
0.175632
0.224127
0.286314
0.404804
0.547554
0.665685
0.808773
1.0506
1.31499
1.55855
1.79374
2.00058
2.11172
2.11895
2.07016
1.87361
1.57078
1.41786
1.40045
1.40001
1.40001
1.40001
1.40001
1.40001
1.40001
1.40001
0.141721
0.149623
0.160439
0.159839
0.177223
0.224387
0.31813
0.450179
0.566256
0.681429
0.911244
1.16212
1.39158
1.62779
1.87321
2.05645
2.1244
2.11537
2.04337
1.8201
1.51526
1.40841
1.40017
1.40001
1.40001
1.40001
1.40001
1.40001
1.40001
1.40001
0.143916
0.148122
0.158445
0.157936
0.180584
0.249976
0.362789
0.471911
0.582504
0.779248
1.01251
1.22904
1.45875
1.72462
1.96436
2.0988
2.12992
2.11381
2.02223
1.73967
1.46679
1.40354
1.40006
1.40001
1.40001
1.40001
1.40001
1.40001
1.40001
1.40001
0.149481
0.145172
0.153478
0.15441
0.192956
0.291356
0.385172
0.487825
0.643052
0.869873
1.07091
1.28978
1.56524
1.83132
2.03262
2.12458
2.13275
2.11914
1.98097
1.64073
1.43536
1.40135
1.40002
1.40001
1.40001
1.40001
1.40001
1.40001
1.40001
1.40001
0.153158
0.140739
0.148382
0.158521
0.220516
0.309807
0.391818
0.517785
0.738015
0.925393
1.11963
1.39626
1.68551
1.91466
2.08121
2.13669
2.13486
2.09527
1.87294
1.56328
1.41757
1.40048
1.40001
1.40001
1.40001
1.40001
1.40001
1.40001
1.40001
1.40001
0.154184
0.136482
0.145393
0.176389
0.238374
0.309993
0.403255
0.597275
0.797228
0.970518
1.22905
1.52939
1.78365
1.989
2.11357
2.13883
2.12823
2.03411
1.78739
1.50659
1.40796
1.40017
1.40001
1.40001
1.40001
1.40001
1.40001
1.40001
1.40001
1.40001
0.152055
0.132192
0.14585
0.187029
0.239836
0.3047
0.45965
0.672258
0.846056
1.07232
1.36979
1.63702
1.87648
2.05504
2.12977
2.13381
2.1084
1.98797
1.71488
1.46232
1.40333
1.40006
1.40001
1.40001
1.40001
1.40001
1.40001
1.40001
1.40001
1.40001
0.150003
0.127345
0.146458
0.188285
0.234608
0.341551
0.54929
0.724544
0.9204
1.21017
1.47862
1.73813
1.97038
2.09998
2.13776
2.12873
2.08854
1.94312
1.62704
1.43146
1.40118
1.40002
1.40001
1.40001
1.40001
1.40001
1.40001
1.40001
1.40001
1.40001
0.147817
0.122355
0.144916
0.186796
0.245222
0.435172
0.602752
0.779049
1.05464
1.31888
1.58196
1.85576
2.04578
2.12739
2.14064
2.13429
2.08379
1.86437
1.53975
1.41341
1.40036
1.40001
1.40001
1.40001
1.40001
1.40001
1.40001
1.40001
1.40001
1.40001
0.144264
0.118273
0.136734
0.191766
0.322687
0.493716
0.642475
0.880412
1.16802
1.42728
1.71902
1.96141
2.09939
2.14047
2.1436
2.13721
2.04686
1.74136
1.47646
1.40493
1.4001
1.40001
1.40001
1.40001
1.40001
1.40001
1.40001
1.40001
1.40001
1.40001
0.141249
0.116277
0.131666
0.227548
0.385915
0.522987
0.709049
1.01581
1.28631
1.57919
1.85233
2.04137
2.13009
2.1456
2.14568
2.11657
1.93982
1.64026
1.43942
1.40172
1.40003
1.40001
1.40001
1.40001
1.40001
1.40001
1.40001
1.40001
1.40001
1.40001
0.139822
0.115847
0.140134
0.270644
0.416024
0.560182
0.855232
1.14663
1.43489
1.73214
1.95835
2.09519
2.14403
2.14774
2.14036
2.0701
1.85989
1.56367
1.41807
1.40056
1.40001
1.40001
1.40001
1.40001
1.40001
1.40001
1.40001
1.40001
1.40001
1.40001
0.131342
0.116475
0.176824
0.301449
0.44425
0.689217
0.993617
1.28518
1.6041
1.86068
2.04138
2.12694
2.15038
2.14628
2.1214
2.02802
1.78102
1.49426
1.40695
1.40015
1.40001
1.40001
1.40001
1.40001
1.40001
1.40001
1.40001
1.40001
1.40001
1.40001
0.113109
0.117554
0.202082
0.330966
0.514528
0.839362
1.13036
1.45712
1.75493
1.9748
2.09916
2.14382
2.15195
2.14525
2.10825
1.97661
1.66221
1.44313
1.40211
1.40004
1.40001
1.40001
1.40001
1.40001
1.40001
1.40001
1.40001
1.40001
1.40001
1.40001
0.09496
0.122826
0.214919
0.395467
0.680678
0.975406
1.29251
1.63689
1.90178
2.06118
2.12951
2.15041
2.15212
2.14872
2.10543
1.87113
1.54706
1.41596
1.40052
1.40001
1.40001
1.40001
1.40001
1.40001
1.40001
1.40001
1.40001
1.40001
1.40001
1.40001
0.0755208
0.141254
0.250987
0.496161
0.820885
1.13241
1.50829
1.81097
2.0256
2.10781
2.14129
2.15126
2.15104
2.13835
2.0241
1.72685
1.47494
1.40523
1.40012
1.40001
1.40001
1.40001
1.40001
1.40001
1.40001
1.40001
1.40001
1.40001
1.40001
1.40001
0.0515635
0.156619
0.347844
0.646871
0.982202
1.36566
1.71331
1.96017
2.10291
2.12685
2.1444
2.15006
2.14485
2.09574
1.91394
1.62121
1.435
1.40154
1.40003
1.40001
1.40001
1.40001
1.40001
1.40001
1.40001
1.40001
1.40001
1.40001
1.40001
1.40001
0.0291833
0.171142
0.477076
0.833614
1.21076
1.60195
1.8926
2.0659
2.13957
2.13201
2.14535
2.14848
2.13271
2.05113
1.82749
1.53345
1.41267
1.40037
1.40001
1.40001
1.40001
1.40001
1.40001
1.40001
1.40001
1.40001
1.40001
1.40001
1.40001
1.40001
0.0208719
0.257542
0.635145
1.05537
1.48927
1.81683
2.02973
2.12449
2.14884
2.13397
2.15031
2.14659
2.11807
2.00519
1.71043
1.45795
1.40338
1.40007
1.40001
1.40001
1.40001
1.40001
1.40001
1.40001
1.40001
1.40001
1.40001
1.40001
1.40001
1.40001
0.0598258
0.426247
0.861626
1.34192
1.74026
1.99224
2.10865
2.14705
2.15037
2.13403
2.1557
2.14917
2.10721
1.90528
1.56271
1.41849
1.40069
1.40002
1.40001
1.40001
1.40001
1.40001
1.40001
1.40001
1.40001
1.40001
1.40001
1.40001
1.40001
1.40001
0.187508
0.614046
1.18264
1.66647
1.9572
2.09659
2.13923
2.15225
2.15006
2.13287
2.15813
2.15035
2.05854
1.72599
1.4673
1.40464
1.40011
1.40001
1.40001
1.40001
1.40001
1.40001
1.40001
1.40001
1.40001
1.40001
1.40001
1.40001
1.40001
1.40001
0.400503
0.939576
1.55295
1.92712
2.0891
2.13653
2.14693
2.15314
2.1511
2.13116
2.15778
2.11697
1.90316
1.58024
1.42305
1.40086
1.40002
1.40001
1.40001
1.40001
1.40001
1.40001
1.40001
1.40001
1.40001
1.40001
1.40001
1.40001
1.40001
1.40001
0.770832
1.41024
1.89181
2.08655
2.13695
2.14495
2.14883
2.1552
2.15381
2.13051
2.14489
2.04302
1.76004
1.48285
1.40529
1.40012
1.40001
1.40001
1.40001
1.40001
1.40001
1.40001
1.40001
1.40001
1.40001
1.40001
1.40001
1.40001
1.40001
1.40001
1.40861
1.87187
2.0968
2.14472
2.14601
2.14564
2.15029
2.159
2.15516
2.13091
2.11617
1.95571
1.60712
1.42156
1.4006
1.40001
1.40001
1.40001
1.40001
1.40001
1.40001
1.40001
1.40001
1.40001
1.40001
1.40001
1.40001
1.40001
1.40001
1.40001
2.15148
2.15422
2.15375
2.15152
2.14576
2.14502
2.15354
2.16173
2.15443
2.12668
2.07858
1.79588
1.45826
1.39954
1.39994
1.4
1.40001
1.40001
1.40001
1.40001
1.40001
1.40001
1.40001
1.40001
1.40001
1.40001
1.40001
1.40001
1.40001
1.40001
2.1513
2.15371
2.15343
2.15177
2.14534
2.14365
2.15216
2.16184
2.15727
2.11704
2.04932
1.7283
1.45994
1.40258
1.40004
1.40001
1.40001
1.40001
1.40001
1.40001
1.40001
1.40001
1.40001
1.40001
1.40001
1.40001
1.40001
1.40001
1.40001
1.40001
2.1514
2.15289
2.15327
2.15197
2.14634
2.14383
2.15023
2.16076
2.15623
2.10508
1.99382
1.63732
1.42219
1.40035
1.40001
1.40001
1.40001
1.40001
1.40001
1.40001
1.40001
1.40001
1.40001
1.40001
1.40001
1.40001
1.40001
1.40001
1.40001
1.40001
2.15157
2.15131
2.15267
2.15211
2.14761
2.14375
2.14715
2.15974
2.15613
2.09715
1.93236
1.55564
1.40959
1.40013
1.40001
1.40001
1.40001
1.40001
1.40001
1.40001
1.40001
1.40001
1.40001
1.40001
1.40001
1.40001
1.40001
1.40001
1.40001
1.40001
2.15185
2.15021
2.15138
2.15269
2.15053
2.14434
2.14313
2.15628
2.15777
2.09451
1.82855
1.48703
1.40352
1.40003
1.40001
1.40001
1.40001
1.40001
1.40001
1.40001
1.40001
1.40001
1.40001
1.40001
1.40001
1.40001
1.40001
1.40001
1.40001
1.40001
2.1523
2.1499
2.14982
2.15291
2.1526
2.14813
2.13738
2.14604
2.15501
2.05643
1.72996
1.44889
1.40127
1.40001
1.40001
1.40001
1.40001
1.40001
1.40001
1.40001
1.40001
1.40001
1.40001
1.40001
1.40001
1.40001
1.40001
1.40001
1.40001
1.40001
2.15311
2.14949
2.14743
2.15103
2.15282
2.15149
2.13413
2.13613
2.13893
1.99595
1.64121
1.42247
1.40038
1.40001
1.40001
1.40001
1.40001
1.40001
1.40001
1.40001
1.40001
1.40001
1.40001
1.40001
1.40001
1.40001
1.40001
1.40001
1.40001
1.40001
2.15318
2.14923
2.1461
2.14856
2.15251
2.15548
2.13555
2.1315
2.12734
1.93201
1.55697
1.4094
1.40012
1.40001
1.40001
1.40001
1.40001
1.40001
1.40001
1.40001
1.40001
1.40001
1.40001
1.40001
1.40001
1.40001
1.40001
1.40001
1.40001
1.40001
2.15281
2.14928
2.14576
2.14628
2.15168
2.15848
2.14699
2.13208
2.12065
1.83486
1.48889
1.4035
1.40003
1.40001
1.40001
1.40001
1.40001
1.40001
1.40001
1.40001
1.40001
1.40001
1.40001
1.40001
1.40001
1.40001
1.40001
1.40001
1.40001
1.40001
2.15286
2.15093
2.14631
2.14367
2.14863
2.15962
2.1571
2.13093
2.06887
1.72119
1.44471
1.40111
1.40001
1.40001
1.40001
1.40001
1.40001
1.40001
1.40001
1.40001
1.40001
1.40001
1.40001
1.40001
1.40001
1.40001
1.40001
1.40001
1.40001
1.40001
2.15291
2.15271
2.148
2.14242
2.14395
2.16
2.16419
2.12142
1.9899
1.62846
1.42018
1.40033
1.40001
1.40001
1.40001
1.40001
1.40001
1.40001
1.40001
1.40001
1.40001
1.40001
1.40001
1.40001
1.40001
1.40001
1.40001
1.40001
1.40001
1.40001
2.15258
2.15309
2.151
2.14186
2.13828
2.15861
2.1679
2.11819
1.91501
1.54338
1.40776
1.40009
1.40001
1.40001
1.40001
1.40001
1.40001
1.40001
1.40001
1.40001
1.40001
1.40001
1.40001
1.40001
1.40001
1.40001
1.40001
1.40001
1.40001
1.40001
2.1517
2.15234
2.15187
2.14379
2.13346
2.15297
2.16907
2.1057
1.81447
1.47497
1.40255
1.40002
1.40001
1.40001
1.40001
1.40001
1.40001
1.40001
1.40001
1.40001
1.40001
1.40001
1.40001
1.40001
1.40001
1.40001
1.40001
1.40001
1.40001
1.40001
2.15063
2.15061
2.15101
2.14661
2.1321
2.15046
2.16285
2.03878
1.70277
1.43674
1.40079
1.40001
1.40001
1.40001
1.40001
1.40001
1.40001
1.40001
1.40001
1.40001
1.40001
1.40001
1.40001
1.40001
1.40001
1.40001
1.40001
1.40001
1.40001
1.40001
2.15019
2.14719
2.15006
2.14992
2.13615
2.15405
2.15853
1.97872
1.60605
1.4153
1.40021
1.40001
1.40001
1.40001
1.40001
1.40001
1.40001
1.40001
1.40001
1.40001
1.40001
1.40001
1.40001
1.40001
1.40001
1.40001
1.40001
1.40001
1.40001
1.40001
2.15108
2.14381
2.145
2.15491
2.15097
2.15962
2.1532
1.88853
1.51239
1.40505
1.40005
1.40001
1.40001
1.40001
1.40001
1.40001
1.40001
1.40001
1.40001
1.40001
1.40001
1.40001
1.40001
1.40001
1.40001
1.40001
1.40001
1.40001
1.40001
1.40001
2.15218
2.14221
2.13894
2.15688
2.1682
2.14938
2.09562
1.76096
1.45548
1.40153
1.40002
1.40001
1.40001
1.40001
1.40001
1.40001
1.40001
1.40001
1.40001
1.40001
1.40001
1.40001
1.40001
1.40001
1.40001
1.40001
1.40001
1.40001
1.40001
1.40001
2.15169
2.14039
2.13366
2.1617
2.18148
2.14056
2.02199
1.65935
1.42498
1.40042
1.40001
1.40001
1.40001
1.40001
1.40001
1.40001
1.40001
1.40001
1.40001
1.40001
1.40001
1.40001
1.40001
1.40001
1.40001
1.40001
1.40001
1.40001
1.40001
1.40001
2.1497
2.1395
2.13195
2.1709
2.18755
2.14042
1.94409
1.55381
1.4084
1.4001
1.40001
1.40001
1.40001
1.40001
1.40001
1.40001
1.40001
1.40001
1.40001
1.40001
1.40001
1.40001
1.40001
1.40001
1.40001
1.40001
1.40001
1.40001
1.40001
1.40001
2.14352
2.13942
2.13308
2.17746
2.18975
2.11666
1.82693
1.47672
1.4026
1.40002
1.40001
1.40001
1.40001
1.40001
1.40001
1.40001
1.40001
1.40001
1.40001
1.40001
1.40001
1.40001
1.40001
1.40001
1.40001
1.40001
1.40001
1.40001
1.40001
1.40001
2.13635
2.14215
2.14283
2.18117
2.18906
2.05043
1.70476
1.43531
1.40071
1.40001
1.40001
1.40001
1.40001
1.40001
1.40001
1.40001
1.40001
1.40001
1.40001
1.40001
1.40001
1.40001
1.40001
1.40001
1.40001
1.40001
1.40001
1.40001
1.40001
1.40001
2.12844
2.1471
2.15849
2.18543
2.19034
1.9836
1.58893
1.41234
1.40016
1.40001
1.40001
1.40001
1.40001
1.40001
1.40001
1.40001
1.40001
1.40001
1.40001
1.40001
1.40001
1.40001
1.40001
1.40001
1.40001
1.40001
1.40001
1.40001
1.40001
1.40001
2.12132
2.15353
2.17711
2.18422
2.16753
1.86541
1.49221
1.40351
1.40003
1.40001
1.40001
1.40001
1.40001
1.40001
1.40001
1.40001
1.40001
1.40001
1.40001
1.40001
1.40001
1.40001
1.40001
1.40001
1.40001
1.40001
1.40001
1.40001
1.40001
1.40001
2.11876
2.16247
2.20013
2.16765
2.09239
1.7321
1.44259
1.40094
1.40001
1.40001
1.40001
1.40001
1.40001
1.40001
1.40001
1.40001
1.40001
1.40001
1.40001
1.40001
1.40001
1.40001
1.40001
1.40001
1.40001
1.40001
1.40001
1.40001
1.40001
1.40001
2.11933
2.18109
2.21589
2.16376
2.01134
1.61395
1.4153
1.40021
1.40001
1.40001
1.40001
1.40001
1.40001
1.40001
1.40001
1.40001
1.40001
1.40001
1.40001
1.40001
1.40001
1.40001
1.40001
1.40001
1.40001
1.40001
1.40001
1.40001
1.40001
1.40001
2.12883
2.19676
2.22152
2.16095
1.89699
1.5028
1.40409
1.40004
1.40001
1.40001
1.40001
1.40001
1.40001
1.40001
1.40001
1.40001
1.40001
1.40001
1.40001
1.40001
1.40001
1.40001
1.40001
1.40001
1.40001
1.40001
1.40001
1.40001
1.40001
1.40001
2.14491
2.20208
2.22054
2.09335
1.74527
1.44485
1.40106
1.40001
1.40001
1.40001
1.40001
1.40001
1.40001
1.40001
1.40001
1.40001
1.40001
1.40001
1.40001
1.40001
1.40001
1.40001
1.40001
1.40001
1.40001
1.40001
1.40001
1.40001
1.40001
1.40001
2.16742
2.20827
2.21974
2.01536
1.61654
1.41594
1.40022
1.40001
1.40001
1.40001
1.40001
1.40001
1.40001
1.40001
1.40001
1.40001
1.40001
1.40001
1.40001
1.40001
1.40001
1.40001
1.40001
1.40001
1.40001
1.40001
1.40001
1.40001
1.40001
1.40001
2.20613
2.22204
2.21003
1.89729
1.50069
1.40405
1.40004
1.40001
1.40001
1.40001
1.40001
1.40001
1.40001
1.40001
1.40001
1.40001
1.40001
1.40001
1.40001
1.40001
1.40001
1.40001
1.40001
1.40001
1.40001
1.40001
1.40001
1.40001
1.40001
1.40001
2.26531
2.20225
2.12526
1.72512
1.44132
1.40099
1.40001
1.40001
1.40001
1.40001
1.40001
1.40001
1.40001
1.40001
1.40001
1.40001
1.40001
1.40001
1.40001
1.40001
1.40001
1.40001
1.40001
1.40001
1.40001
1.40001
1.40001
1.40001
1.40001
1.40001
2.32839
2.1458
2.02438
1.6019
1.41508
1.40022
1.40001
1.40001
1.40001
1.40001
1.40001
1.40001
1.40001
1.40001
1.40001
1.40001
1.40001
1.40001
1.40001
1.40001
1.40001
1.40001
1.40001
1.40001
1.40001
1.40001
1.40001
1.40001
1.40001
1.40001
2.38458
2.11506
1.87065
1.49293
1.40391
1.40005
1.40001
1.40001
1.40001
1.40001
1.40001
1.40001
1.40001
1.40001
1.40001
1.40001
1.40001
1.40001
1.40001
1.40001
1.40001
1.40001
1.40001
1.40001
1.40001
1.40001
1.40001
1.40001
1.40001
1.40001
2.40759
2.04708
1.70763
1.43871
1.40106
1.40001
1.40001
1.40001
1.40001
1.40001
1.40001
1.40001
1.40001
1.40001
1.40001
1.40001
1.40001
1.40001
1.40001
1.40001
1.40001
1.40001
1.40001
1.40001
1.40001
1.40001
1.40001
1.40001
1.40001
1.40001
2.39909
1.94232
1.58824
1.41491
1.40026
1.40001
1.40001
1.40001
1.40001
1.40001
1.40001
1.40001
1.40001
1.40001
1.40001
1.40001
1.40001
1.40001
1.40001
1.40001
1.40001
1.40001
1.40001
1.40001
1.40001
1.40001
1.40001
1.40001
1.40001
1.40001
2.36707
1.82732
1.49341
1.4043
1.40005
1.40001
1.40001
1.40001
1.40001
1.40001
1.40001
1.40001
1.40001
1.40001
1.40001
1.40001
1.40001
1.40001
1.40001
1.40001
1.40001
1.40001
1.40001
1.40001
1.40001
1.40001
1.40001
1.40001
1.40001
1.40001
2.23745
1.70027
1.44407
1.40125
1.40001
1.40001
1.40001
1.40001
1.40001
1.40001
1.40001
1.40001
1.40001
1.40001
1.40001
1.40001
1.40001
1.40001
1.40001
1.40001
1.40001
1.40001
1.40001
1.40001
1.40001
1.40001
1.40001
1.40001
1.40001
1.40001
2.09843
1.60034
1.41701
1.40029
1.40001
1.40001
1.40001
1.40001
1.40001
1.40001
1.40001
1.40001
1.40001
1.40001
1.40001
1.40001
1.40001
1.40001
1.40001
1.40001
1.40001
1.40001
1.40001
1.40001
1.40001
1.40001
1.40001
1.40001
1.40001
1.40001
1.94967
1.5037
1.40477
1.40005
1.40001
1.40001
1.40001
1.40001
1.40001
1.40001
1.40001
1.40001
1.40001
1.40001
1.40001
1.40001
1.40001
1.40001
1.40001
1.40001
1.40001
1.40001
1.40001
1.40001
1.40001
1.40001
1.40001
1.40001
1.40001
1.40001
1.75288
1.43836
1.40084
1.40001
1.40001
1.40001
1.40001
1.40001
1.40001
1.40001
1.40001
1.40001
1.40001
1.40001
1.40001
1.40001
1.40001
1.40001
1.40001
1.40001
1.40001
1.40001
1.40001
1.40001
1.40001
1.40001
1.40001
1.40001
1.40001
1.40001
1.53163
1.40865
1.40007
1.40001
1.40001
1.40001
1.40001
1.40001
1.40001
1.40001
1.40001
1.40001
1.40001
1.40001
1.40001
1.40001
1.40001
1.40001
1.40001
1.40001
1.40001
1.40001
1.40001
1.40001
1.40001
1.40001
1.40001
1.40001
1.40001
1.40001
1.40001
1.40001
1.40001
1.40001
1.40001
1.40001
1.40001
1.40001
1.40001
1.40001
1.40001
1.40001
1.40001
1.40001
1.40001
1.40001
1.40001
1.40001
1.40001
1.40001
1.40001
1.40001
1.40001
1.40001
1.40001
1.40001
1.40001
1.40001
1.40001
1.40001
1.40001
1.40001
1.40001
1.40001
1.40001
1.40001
1.40001
1.40001
1.40001
1.40001
1.40001
1.40001
1.40001
1.40001
1.40001
1.40001
1.40001
1.40001
1.40001
1.40001
1.40001
1.40001
1.40001
1.40001
1.40001
1.40001
1.40001
1.40001
1.40001
1.40001
1.40001
1.40001
1.40001
1.40001
1.40001
1.40001
1.40001
1.40001
1.40001
1.40001
1.40001
1.40001
1.40001
1.40001
1.40001
1.40001
1.40001
1.40001
1.40001
1.40001
1.40001
1.40001
1.40001
1.40001
1.40001
1.40001
1.40001
1.40001
1.40001
1.40001
1.40001
1.40001
1.40001
1.40001
1.40001
1.40001
1.40001
1.40001
1.40001
1.40001
1.40001
1.40001
1.40001
1.40001
1.40001
1.40001
1.40001
1.40001
1.40001
1.40001
1.40001
1.40001
1.40001
1.40001
1.40001
1.40001
1.40001
1.40001
1.40001
1.40001
1.40001
1.40001
1.40001
1.40001
1.40001
1.40001
1.40001
1.40001
1.40001
1.40001
1.40001
1.40001
1.40001
1.40001
1.40001
1.40001
1.40001
1.40001
1.40001
1.40001
1.40001
1.40001
1.40001
1.40001
1.40001
1.40001
1.40001
1.40001
1.40001
1.40001
1.40001
1.40001
1.40001
1.40001
1.40001
1.40001
1.40001
1.40001
1.40001
1.40001
1.40001
1.40001
1.40001
1.40001
1.40001
1.40001
1.40001
1.40001
1.40001
1.40001
1.40001
1.40001
1.40001
1.40001
1.40001
1.40001
1.40001
1.40001
1.40001
1.40001
1.40001
1.40001
1.40001
1.40001
1.40001
1.40001
1.40001
1.40001
1.40001
1.40001
1.40001
1.40001
1.40001
1.40001
1.40001
1.40001
1.40001
1.40001
1.40001
1.40001
1.40001
1.40001
1.40001
1.40001
1.40001
1.40001
1.40001
1.40001
1.40001
1.40001
1.40001
1.40001
1.40001
1.40001
1.40001
1.40001
1.40001
1.40001
1.40001
1.40001
1.40001
1.40001
1.40001
1.40001
1.40001
1.40001
1.40001
1.40001
1.40001
1.40001
1.40001
1.40001
1.40001
1.40001
1.40001
1.40001
1.40001
1.40001
1.40001
1.40001
1.40001
1.40001
1.40001
1.40001
1.40001
1.40001
1.40001
1.40001
1.40001
1.40001
1.40001
1.40001
1.40001
1.40001
1.40001
1.40001
1.40001
1.40001
1.40001
1.40001
1.40001
1.40001
1.40001
1.40001
1.40001
1.40001
1.40001
1.40001
1.40001
1.40001
1.40001
1.40001
1.40001
1.40001
1.40001
1.40001
1.40001
1.40001
1.40001
1.40001
1.40001
1.40001
1.40001
1.40001
1.40001
1.40001
1.40001
1.40001
1.40001
1.40001
1.40001
1.40001
1.40001
1.40001
1.40001
1.40001
1.40001
1.40001
1.40001
1.40001
1.40001
1.40001
1.40001
1.40001
1.40001
1.40001
1.40001
1.40001
1.40001
1.40001
1.40001
1.40001
1.40001
1.40001
1.40001
1.40001
1.40001
1.40001
1.40001
1.40001
1.40001
1.40001
1.40001
1.40001
1.40001
1.40001
1.40001
1.40001
1.40001
1.40001
1.40001
1.40001
1.40001
1.40001
1.40001
1.40001
1.40001
1.40001
1.40001
1.40001
1.40001
1.40001
1.40001
1.40001
1.40001
1.40001
1.40001
1.40001
1.40001
1.40001
1.40001
1.40001
1.40001
1.40001
1.40001
1.40001
1.40001
1.40001
1.40001
1.40001
1.40001
1.40001
1.40001
1.40001
1.40001
1.40001
1.40001
1.40001
1.40001
1.40001
1.40001
1.40001
1.40001
1.40001
1.40001
1.40001
1.40001
1.40001
1.40001
1.40001
1.40001
1.40001
1.40001
1.40001
1.40001
1.40001
1.40001
1.40001
1.40001
1.40001
1.40001
1.40001
1.40001
1.40001
1.40001
1.40001
1.40001
1.40001
1.40001
1.40001
1.40001
1.40001
1.40001
1.40001
1.40001
1.40001
1.40001
1.40001
1.40001
1.40001
1.40001
1.40001
1.40001
1.40001
1.40001
1.40001
1.40001
1.40001
1.40001
1.40001
1.40001
1.40001
1.40001
1.40001
1.40001
1.40001
1.40001
1.40001
1.40001
1.40001
1.40001
1.40001
1.40001
1.40001
1.40001
1.40001
1.40001
1.40001
1.40001
1.40001
1.40001
1.40001
1.40001
1.40001
1.40001
1.40001
1.40001
1.40001
1.40001
1.40001
1.40001
1.40001
1.40001
1.40001
1.40001
1.40001
1.40001
1.40001
1.40001
1.40001
1.40001
1.40001
1.40001
1.40001
1.40001
1.40001
1.40001
1.40001
1.40001
1.40001
1.40001
1.40001
1.40001
1.40001
1.40001
1.40001
1.40001
1.40001
1.40001
1.40001
1.40001
1.40001
1.40001
1.40001
1.40001
1.40001
1.40001
1.40001
1.40001
1.40001
1.40001
1.40001
1.40001
1.40001
1.40001
1.40001
1.40001
1.40001
1.40001
1.40001
1.40001
1.40001
1.40001
1.40001
1.40001
1.40001
1.40001
1.40001
1.40001
1.40001
1.40001
1.40001
1.40001
1.40001
1.40001
1.40001
1.40001
1.40001
1.40001
1.40001
1.40001
1.40001
1.40001
1.40001
1.40001
1.40001
1.40001
1.40001
1.40001
1.40001
1.40001
1.40001
1.40001
1.40001
1.40001
1.40001
1.40001
1.40001
1.40001
1.40001
1.40001
1.40001
1.40001
1.40001
1.40001
1.40001
1.40001
1.40001
1.40001
1.40001
1.40001
1.40001
1.40001
1.40001
1.40001
1.40001
1.40001
1.40001
1.40001
1.40001
1.40001
1.40001
1.40001
1.40001
1.40001
1.40001
1.40001
1.40001
1.40001
1.40001
1.40001
1.40001
1.40001
1.40001
1.40001
1.40001
1.40001
1.40001
1.40001
1.40001
1.40001
1.40001
1.40001
1.40001
1.40001
1.40001
1.40001
1.40001
1.40001
1.40001
1.40001
1.40001
1.40001
1.40001
1.40001
1.40001
1.40001
1.40001
1.40001
1.40001
1.40001
1.40001
1.40001
1.40001
1.40001
1.40001
1.40001
1.40001
1.40001
1.40001
1.40001
1.40001
1.40001
1.40001
1.40001
1.40001
1.40001
1.40001
1.40001
1.40001
1.40001
1.40001
1.40001
1.40001
1.40001
1.40001
1.40001
1.40001
1.40001
1.40001
1.40001
1.40001
1.40001
1.40001
1.40001
1.40001
1.40001
1.40001
1.40001
1.40001
1.40001
1.40001
1.40001
1.40001
1.40001
1.40001
1.40001
1.40001
1.40001
1.40001
1.40001
1.40001
1.40001
1.40001
1.40001
1.40001
1.40001
1.40001
1.40001
1.40001
1.40001
1.40001
1.40001
1.40001
1.40001
1.40001
1.40001
1.40001
1.40001
1.40001
1.40001
1.40001
1.40001
1.40001
1.40001
1.40001
1.40001
1.40001
1.40001
1.40001
1.40001
1.40001
1.40001
1.40001
1.40001
1.40001
1.40001
1.40001
1.40001
1.40001
1.40001
1.40001
1.40001
1.40001
1.40001
1.40001
1.40001
1.40001
1.40001
1.40001
1.40001
1.40001
1.40001
1.40001
1.40001
1.40001
1.40001
1.40001
1.40001
1.40001
1.40001
1.40001
1.40001
1.40001
1.40001
1.40001
1.40001
1.40001
1.40001
1.40001
1.40001
1.40001
1.40001
1.40001
1.40001
1.40001
1.40001
1.40001
1.40001
1.40001
1.40001
1.40001
1.40001
1.40001
1.40001
1.40001
1.40001
1.40001
1.40001
1.40001
1.40001
1.40001
1.40001
1.40001
1.40001
1.40001
1.40001
1.40001
1.40001
1.40001
1.40001
1.40001
1.40001
1.40001
1.40001
1.40001
1.40001
1.40001
1.40001
1.40001
1.40001
1.40001
1.40001
1.40001
1.40001
1.40001
1.40001
1.40001
1.40001
1.40001
1.40001
1.40001
1.40001
1.40001
1.40001
1.40001
1.40001
1.40001
1.40001
1.40001
1.40001
1.40001
1.40001
1.40001
1.40001
1.40001
1.40001
1.40001
1.40001
1.40001
1.40001
1.40001
1.40001
1.40001
1.40001
1.40001
1.40001
1.40001
1.40001
1.40001
1.40001
1.40001
1.40001
1.40001
1.40001
1.40001
1.40001
1.40001
1.40001
1.40001
1.40001
1.40001
1.40001
1.40001
1.40001
1.40001
1.40001
1.40001
1.40001
1.40001
1.40001
1.40001
1.40001
1.40001
1.40001
1.40001
1.40001
1.40001
1.40001
1.40001
1.40001
1.40001
1.40001
1.40001
1.40001
1.40001
1.40001
1.40001
1.40001
1.40001
1.40001
1.40001
1.40001
1.40001
1.40001
1.40001
1.40001
1.40001
1.40001
1.40001
1.40001
1.40001
1.40001
1.40001
1.40001
1.40001
1.40001
1.40001
1.40001
1.40001
1.40001
1.40001
1.40001
1.40001
1.40001
1.40001
1.40001
1.40001
1.40001
1.40001
1.40001
1.40001
1.40001
1.40001
1.40001
1.40001
1.40001
1.40001
1.40001
1.40001
1.40001
1.40001
1.40001
1.40001
1.40001
1.40001
1.40001
1.40001
1.40001
1.40001
1.40001
1.40001
1.40001
1.40001
1.40001
1.40001
1.40001
1.40001
1.40001
1.40001
1.40001
1.40001
1.40001
1.40001
1.40001
1.40001
1.40001
1.40001
1.40001
1.40001
1.40001
1.40001
1.40001
1.40001
1.40001
1.40001
1.40001
1.40001
1.40001
1.40001
1.40001
1.40001
1.40001
1.40001
1.40001
1.40001
1.40001
1.40001
1.40001
1.40001
1.40001
1.40001
1.40001
1.40001
1.40001
1.40001
1.40001
1.40001
1.40001
1.40001
1.40001
1.40001
1.40001
1.40001
1.40001
1.40001
1.40001
1.40001
1.40001
1.40001
1.40001
1.40001
1.40001
1.40001
1.40001
1.40001
1.40001
1.40001
1.40001
1.40001
1.40001
1.40001
1.40001
1.40001
1.40001
1.40001
1.40001
1.40001
1.40001
1.40001
1.40001
1.40001
1.40001
1.40001
1.40001
1.40001
1.40001
1.40001
1.40001
1.40001
1.40001
1.40001
1.40001
1.40001
1.40001
1.40001
1.40001
1.40001
1.40001
1.40001
1.40001
1.40001
1.40001
1.40001
1.40001
1.40001
1.40001
1.40001
1.40001
1.40001
1.40001
1.40001
1.40001
1.40001
1.40001
1.40001
1.40001
1.40001
1.40001
1.40001
1.40001
1.40001
1.40001
1.40001
1.40001
1.40001
1.40001
1.40001
1.40001
1.40001
1.40001
1.40001
1.40001
1.40001
1.40001
1.40001
1.40001
1.40001
1.40001
1.40001
1.40001
1.40001
1.40001
1.40001
1.40001
1.40001
1.40001
1.40001
1.40001
1.40001
1.40001
1.40001
1.40001
1.40001
1.40001
1.40001
1.40001
1.40001
1.40001
1.40001
1.40001
1.40001
1.40001
1.40001
1.40001
1.40001
1.40001
1.40001
1.40001
1.40001
1.40001
1.40001
1.40001
1.40001
1.40001
1.40001
1.40001
1.40001
1.40001
1.40001
1.40001
1.40001
1.40001
1.40001
1.40001
1.40001
1.40001
1.40001
1.40001
1.40001
1.40001
1.40001
1.40001
1.40001
1.40001
1.40001
1.40001
1.40001
1.40001
1.40001
1.40001
1.40001
1.40001
1.40001
1.40001
1.40001
1.40001
1.40001
1.40001
1.40001
1.40001
1.40001
1.40001
1.40001
1.40001
1.40001
1.40001
1.40001
1.40001
1.40001
1.40001
1.40001
1.40001
1.40001
1.40001
1.40001
1.40001
1.40001
1.40001
1.40001
1.40001
1.40001
1.40001
1.40001
1.40001
1.40001
1.40001
1.40001
1.40001
1.40001
1.40001
1.40001
1.40001
1.40001
1.40001
1.40001
1.40001
1.40001
1.40001
1.40001
1.40001
1.40001
1.40001
1.40001
1.40001
1.40001
1.40001
1.40001
1.40001
1.40001
1.40001
1.40001
1.40001
1.40001
1.40001
1.40001
1.40001
1.40001
1.40001
1.40001
1.40001
1.40001
1.40001
1.40001
1.40001
1.40001
1.40001
1.40001
1.40001
1.40001
1.40001
1.40001
1.40001
1.40001
1.40001
1.40001
1.40001
1.40001
1.40001
1.40001
1.40001
1.40001
1.40001
1.40001
1.40001
1.40001
1.40001
1.40001
1.40001
1.40001
1.40001
1.40001
1.40001
1.40001
1.40001
1.40001
1.40001
1.40001
1.40001
1.40001
1.40001
1.40001
1.40001
1.40001
1.40001
1.40001
1.40001
1.40001
1.40001
1.40001
1.40001
1.40001
1.40001
1.40001
1.40001
1.40001
1.40001
1.40001
1.40001
1.40001
1.40001
1.40001
1.40001
1.40001
1.40001
1.40001
1.40001
1.40001
1.40001
1.40001
1.40001
1.40001
1.40001
1.40001
1.40001
1.40001
1.40001
1.40001
1.40001
1.40001
1.40001
1.40001
1.40001
1.40001
1.40001
1.40001
1.40001
1.40001
1.40001
1.40001
1.40001
1.40001
1.40001
1.40001
1.40001
1.40001
1.40001
1.40001
1.40001
1.40001
1.40001
1.40001
1.40001
1.40001
1.40001
1.40001
1.40001
1.40001
1.40001
1.40001
1.40001
1.40001
1.40001
1.40001
1.40001
1.40001
1.40001
1.40001
1.40001
1.40001
1.40001
1.40001
1.40001
1.40001
1.40001
1.40001
1.40001
1.40001
1.40001
1.40001
1.40001
1.40001
1.40001
1.40001
1.40001
1.40001
1.40001
1.40001
1.40001
1.40001
1.40001
1.40001
1.40001
1.40001
1.40001
1.40001
1.40001
1.40001
1.40001
1.40001
1.40001
1.40001
1.40001
1.40001
1.40001
1.40001
1.40001
1.40001
1.40001
1.40001
1.40001
1.40001
1.40001
1.40001
1.40001
1.40001
1.40001
1.40001
1.40001
1.40001
1.40001
1.40001
1.40001
1.40001
1.40001
1.40001
1.40001
1.40001
1.40001
1.40001
1.40001
1.40001
1.40001
1.40001
1.40001
1.40001
1.40001
1.40001
1.40001
1.40001
1.40001
1.40001
1.40001
1.40001
1.40001
1.40001
1.40001
1.40001
1.40001
1.40001
1.40001
1.40001
1.40001
1.40001
1.40001
1.40001
1.40001
1.40001
1.40001
1.40001
1.40001
1.40001
1.40001
1.40001
1.40001
1.40001
1.40001
1.40001
1.40001
1.40001
1.40001
1.40001
1.40001
1.40001
1.40001
1.40001
1.40001
1.40001
1.40001
1.40001
1.40001
1.40001
1.40001
1.40001
1.40001
1.40001
1.40001
1.40001
1.40001
1.40001
1.40001
1.40001
1.40001
1.40001
1.40001
1.40001
1.40001
1.40001
1.40001
1.40001
1.40001
1.40001
1.40001
1.40001
1.40001
1.40001
1.40001
1.40001
1.40001
1.40001
1.40001
1.40001
1.40001
1.40001
1.40001
1.40001
1.40001
1.40001
1.40001
1.40001
1.40001
1.40001
1.40001
1.40001
1.40001
1.40001
1.40001
1.40001
1.40001
1.40001
1.40001
1.40001
1.40001
1.40001
1.40001
1.40001
1.40001
1.40001
1.40001
1.40001
1.40001
1.40001
1.40001
1.40001
1.40001
1.40001
1.40001
1.40001
1.40001
1.40001
1.40001
1.40001
1.40001
1.40001
1.40001
1.40001
1.40001
1.40001
1.40001
1.40001
1.40001
1.40001
1.40001
1.40001
1.40001
1.40001
1.40001
1.40001
1.40001
1.40001
1.40001
1.40001
1.40001
1.40001
1.40001
1.40001
1.40001
1.40001
1.40001
1.40001
1.40001
1.40001
1.40001
1.40001
1.40001
1.40001
1.40001
1.40001
1.40001
1.40001
1.40001
1.40001
1.40001
1.40001
1.40001
1.40001
1.40001
1.40001
1.40001
1.40001
1.40001
1.40001
1.40001
1.40001
1.40001
1.40001
1.40001
1.40001
1.40001
1.40001
1.40001
1.40001
1.40001
1.40001
1.40001
1.40001
1.40001
1.40001
1.40001
1.40001
1.40001
1.40001
1.40001
1.40001
1.40001
1.40001
1.40001
1.40001
1.40001
1.40001
1.40001
1.40001
1.40001
1.40001
1.40001
1.40001
1.40001
1.40001
1.40001
1.40001
1.40001
1.40001
1.40001
1.40001
1.40001
1.40001
1.40001
1.40001
1.40001
1.40001
1.40001
1.40001
1.40001
1.40001
1.40001
1.40001
1.40001
1.40001
1.40001
1.40001
1.40001
1.40001
1.40001
1.40001
1.40001
1.40001
1.40001
1.40001
1.40001
1.40001
1.40001
1.40001
1.40001
1.40001
1.40001
1.40001
1.40001
1.40001
1.40001
1.40001
1.40001
1.40001
1.40001
1.40001
1.40001
1.40001
1.40001
1.40001
1.40001
1.40001
1.40001
1.40001
1.40001
1.40001
1.40001
1.40001
1.40001
1.40001
1.40001
1.40001
1.40001
1.40001
1.40001
1.40001
1.40001
1.40001
1.40001
1.40001
1.40001
1.40001
1.40001
1.40001
1.40001
1.40001
1.40001
1.40001
1.40001
1.40001
1.40001
1.40001
1.40001
1.40001
1.40001
1.40001
1.40001
1.40001
1.40001
1.40001
1.40001
1.40001
1.40001
1.40001
1.40001
1.40001
1.40001
1.40001
1.40001
1.40001
1.40001
1.40001
1.40001
1.40001
1.40001
1.40001
1.40001
1.40001
1.40001
1.40001
1.40001
1.40001
1.40001
1.40001
1.40001
1.40001
1.40001
1.40001
1.40001
1.40001
1.40001
1.40001
1.40001
1.40001
1.40001
1.40001
1.40001
1.40001
1.40001
1.40001
1.40001
1.40001
1.40001
1.40001
1.40001
1.40001
1.40001
1.40001
1.40001
1.40001
1.40001
1.40001
1.40001
1.40001
1.40001
1.40001
1.40001
1.40001
1.40001
1.40001
1.40001
1.40001
1.40001
1.40001
1.40001
1.40001
1.40001
1.40001
1.40001
1.40001
1.40001
1.40001
1.40001
1.40001
1.40001
1.40001
1.40001
1.40001
1.40001
1.40001
1.40001
1.40001
1.40001
1.40001
1.40001
1.40001
1.40001
1.40001
1.40001
1.40001
1.40001
1.40001
1.40001
1.40001
1.40001
1.40001
1.40001
1.40001
1.40001
1.40001
1.40001
1.40001
1.40001
1.40001
1.40001
1.40001
1.40001
1.40001
1.40001
1.40001
1.40001
1.40001
1.40001
1.40001
1.40001
1.40001
1.40001
1.40001
1.40001
1.40001
1.40001
1.40001
1.40001
1.40001
1.40001
1.40001
1.40001
1.40001
1.40001
1.40001
1.40001
1.40001
1.40001
1.40001
1.40001
1.40001
1.40001
1.40001
1.40001
1.40001
1.40001
1.40001
1.40001
1.40001
1.40001
1.40001
1.40001
1.40001
1.40001
1.40001
1.40001
1.40001
1.40001
1.40001
1.40001
1.40001
1.40001
1.40001
1.40001
1.40001
1.40001
1.40001
1.79679
1.4
1.40001
1.40001
1.40001
1.40001
1.40001
1.40001
1.40001
1.40001
1.40001
1.40001
1.40001
1.40001
1.40001
1.40001
1.40001
1.40001
1.40001
1.40001
1.40001
1.40001
1.40001
1.40001
1.40001
1.40001
1.40001
1.40001
1.40001
1.40001
2.56572
1.39846
1.40001
1.40001
1.40001
1.40001
1.40001
1.40001
1.40001
1.40001
1.40001
1.40001
1.40001
1.40001
1.40001
1.40001
1.40001
1.40001
1.40001
1.40001
1.40001
1.40001
1.40001
1.40001
1.40001
1.40001
1.40001
1.40001
1.40001
1.40001
3.41451
1.46144
1.4
1.40001
1.40001
1.40001
1.40001
1.40001
1.40001
1.40001
1.40001
1.40001
1.40001
1.40001
1.40001
1.40001
1.40001
1.40001
1.40001
1.40001
1.40001
1.40001
1.40001
1.40001
1.40001
1.40001
1.40001
1.40001
1.40001
1.40001
4.35191
1.67843
1.4
1.40001
1.40001
1.40001
1.40001
1.40001
1.40001
1.40001
1.40001
1.40001
1.40001
1.40001
1.40001
1.40001
1.40001
1.40001
1.40001
1.40001
1.40001
1.40001
1.40001
1.40001
1.40001
1.40001
1.40001
1.40001
1.40001
1.40001
5.17499
2.24684
1.39892
1.40001
1.40001
1.40001
1.40001
1.40001
1.40001
1.40001
1.40001
1.40001
1.40001
1.40001
1.40001
1.40001
1.40001
1.40001
1.40001
1.40001
1.40001
1.40001
1.40001
1.40001
1.40001
1.40001
1.40001
1.40001
1.40001
1.40001
5.99696
3.35691
1.48812
1.39989
1.40001
1.40001
1.40001
1.40001
1.40001
1.40001
1.40001
1.40001
1.40001
1.40001
1.40001
1.40001
1.40001
1.40001
1.40001
1.40001
1.40001
1.40001
1.40001
1.40001
1.40001
1.40001
1.40001
1.40001
1.40001
1.40001
6.32576
4.74916
2.46088
1.40374
1.40001
1.40001
1.40001
1.40001
1.40001
1.40001
1.40001
1.40001
1.40001
1.40001
1.40001
1.40001
1.40001
1.40001
1.40001
1.40001
1.40001
1.40001
1.40001
1.40001
1.40001
1.40001
1.40001
1.40001
1.40001
1.40001
5.84633
4.88283
4.10301
1.90193
1.39943
1.40001
1.40001
1.40001
1.40001
1.40001
1.40001
1.40001
1.40001
1.40001
1.40001
1.40001
1.40001
1.40001
1.40001
1.40001
1.40001
1.40001
1.40001
1.40001
1.40001
1.40001
1.40001
1.40001
1.40001
1.40001
5.06909
4.63164
4.74614
3.35679
1.56366
1.39977
1.40001
1.40001
1.40001
1.40001
1.40001
1.40001
1.40001
1.40001
1.40001
1.40001
1.40001
1.40001
1.40001
1.40001
1.40001
1.40001
1.40001
1.40001
1.40001
1.40001
1.40001
1.40001
1.40001
1.40001
4.58319
4.47488
4.66588
4.38798
2.46292
1.40718
1.40001
1.40001
1.40001
1.40001
1.40001
1.40001
1.40001
1.40001
1.40001
1.40001
1.40001
1.40001
1.40001
1.40001
1.40001
1.40001
1.40001
1.40001
1.40001
1.40001
1.40001
1.40001
1.40001
1.40001
4.38733
4.38
4.52224
4.35281
3.6295
1.71395
1.39956
1.40001
1.40001
1.40001
1.40001
1.40001
1.40001
1.40001
1.40001
1.40001
1.40001
1.40001
1.40001
1.40001
1.40001
1.40001
1.40001
1.40001
1.40001
1.40001
1.40001
1.40001
1.40001
1.40001
4.29509
4.29015
4.3383
4.19312
4.11316
2.59029
1.42191
1.40001
1.40001
1.40001
1.40001
1.40001
1.40001
1.40001
1.40001
1.40001
1.40001
1.40001
1.40001
1.40001
1.40001
1.40001
1.40001
1.40001
1.40001
1.40001
1.40001
1.40001
1.40001
1.40001
4.26058
4.26318
4.19981
4.15251
4.24232
3.5128
1.68578
1.39959
1.40001
1.40001
1.40001
1.40001
1.40001
1.40001
1.40001
1.40001
1.40001
1.40001
1.40001
1.40001
1.40001
1.40001
1.40001
1.40001
1.40001
1.40001
1.40001
1.40001
1.40001
1.40001
4.24938
4.26128
4.16447
4.12254
4.20578
4.09966
2.47717
1.41226
1.40001
1.40001
1.40001
1.40001
1.40001
1.40001
1.40001
1.40001
1.40001
1.40001
1.40001
1.40001
1.40001
1.40001
1.40001
1.40001
1.40001
1.40001
1.40001
1.40001
1.40001
1.40001
4.25919
4.26498
4.17493
4.12503
4.15311
4.10277
3.38664
1.63231
1.39989
1.40001
1.40001
1.40001
1.40001
1.40001
1.40001
1.40001
1.40001
1.40001
1.40001
1.40001
1.40001
1.40001
1.40001
1.40001
1.40001
1.40001
1.40001
1.40001
1.40001
1.40001
4.27869
4.28047
4.20154
4.11956
4.08057
4.06583
3.84395
2.18561
1.40056
1.40001
1.40001
1.40001
1.40001
1.40001
1.40001
1.40001
1.40001
1.40001
1.40001
1.40001
1.40001
1.40001
1.40001
1.40001
1.40001
1.40001
1.40001
1.40001
1.40001
1.40001
4.30202
4.30231
4.22477
4.12356
4.05412
4.05891
4.11916
3.04624
1.49328
1.40001
1.40001
1.40001
1.40001
1.40001
1.40001
1.40001
1.40001
1.40001
1.40001
1.40001
1.40001
1.40001
1.40001
1.40001
1.40001
1.40001
1.40001
1.40001
1.40001
1.40001
4.32528
4.32361
4.2361
4.14021
4.06447
4.07429
4.17127
3.76944
1.90801
1.39924
1.40001
1.40001
1.40001
1.40001
1.40001
1.40001
1.40001
1.40001
1.40001
1.40001
1.40001
1.40001
1.40001
1.40001
1.40001
1.40001
1.40001
1.40001
1.40001
1.40001
4.35152
4.34553
4.24314
4.15338
4.08401
4.09803
4.16927
3.97358
2.57593
1.4254
1.40001
1.40001
1.40001
1.40001
1.40001
1.40001
1.40001
1.40001
1.40001
1.40001
1.40001
1.40001
1.40001
1.40001
1.40001
1.40001
1.40001
1.40001
1.40001
1.40001
4.37914
4.36124
4.25499
4.17181
4.11447
4.11241
4.15066
4.11029
3.36254
1.61597
1.39968
1.40001
1.40001
1.40001
1.40001
1.40001
1.40001
1.40001
1.40001
1.40001
1.40001
1.40001
1.40001
1.40001
1.40001
1.40001
1.40001
1.40001
1.40001
1.40001
4.39443
4.36126
4.26184
4.18547
4.13984
4.12165
4.15365
4.18808
4.00482
2.18336
1.40124
1.40001
1.40001
1.40001
1.40001
1.40001
1.40001
1.40001
1.40001
1.40001
1.40001
1.40001
1.40001
1.40001
1.40001
1.40001
1.40001
1.40001
1.40001
1.40001
4.39384
4.35595
4.26611
4.19399
4.15679
4.13732
4.16232
4.20577
4.09991
2.93909
1.4789
1.40001
1.40001
1.40001
1.40001
1.40001
1.40001
1.40001
1.40001
1.40001
1.40001
1.40001
1.40001
1.40001
1.40001
1.40001
1.40001
1.40001
1.40001
1.40001
4.38544
4.34696
4.27367
4.20422
4.16735
4.14961
4.17281
4.20715
4.17302
3.58736
1.76834
1.39942
1.40001
1.40001
1.40001
1.40001
1.40001
1.40001
1.40001
1.40001
1.40001
1.40001
1.40001
1.40001
1.40001
1.40001
1.40001
1.40001
1.40001
1.40001
4.37033
4.33836
4.28107
4.21192
4.17355
4.15817
4.17798
4.21743
4.23159
4.13462
2.4239
1.41249
1.4
1.40001
1.40001
1.40001
1.40001
1.40001
1.40001
1.40001
1.40001
1.40001
1.40001
1.40001
1.40001
1.40001
1.40001
1.40001
1.40001
1.40001
4.36032
4.33052
4.28209
4.2112
4.17486
4.16403
4.18237
4.22431
4.26629
4.25929
3.25557
1.55519
1.4
1.40001
1.40001
1.40001
1.40001
1.40001
1.40001
1.40001
1.40001
1.40001
1.40001
1.40001
1.40001
1.40001
1.40001
1.40001
1.40001
1.40001
4.35757
4.32651
4.27971
4.20767
4.17312
4.16562
4.18383
4.2273
4.26893
4.24299
3.79336
1.97212
1.39937
1.40001
1.40001
1.40001
1.40001
1.40001
1.40001
1.40001
1.40001
1.40001
1.40001
1.40001
1.40001
1.40001
1.40001
1.40001
1.40001
1.40001
4.3568
4.32412
4.27611
4.20414
4.17136
4.16607
4.18086
4.22541
4.26145
4.24325
4.1644
2.64774
1.43352
1.40001
1.40001
1.40001
1.40001
1.40001
1.40001
1.40001
1.40001
1.40001
1.40001
1.40001
1.40001
1.40001
1.40001
1.40001
1.40001
1.40001
4.35672
4.32383
4.27348
4.2018
4.17003
4.16394
4.17286
4.21756
4.24358
4.24575
4.29205
3.49683
1.64787
1.3996
1.40001
1.40001
1.40001
1.40001
1.40001
1.40001
1.40001
1.40001
1.40001
1.40001
1.40001
1.40001
1.40001
1.40001
1.40001
1.40001
4.35363
4.32275
4.2687
4.19981
4.16612
4.15536
4.15994
4.20236
4.22768
4.23245
4.27588
3.91963
2.18027
1.4042
1.40001
1.40001
1.40001
1.40001
1.40001
1.40001
1.40001
1.40001
1.40001
1.40001
1.40001
1.40001
1.40001
1.40001
1.40001
1.40001
4.34644
4.31706
4.26151
4.19403
4.15964
4.14483
4.14632
4.18157
4.20815
4.21549
4.22525
4.09381
2.81143
1.46512
1.40001
1.40001
1.40001
1.40001
1.40001
1.40001
1.40001
1.40001
1.40001
1.40001
1.40001
1.40001
1.40001
1.40001
1.40001
1.40001
4.33549
4.30771
4.25234
4.18547
4.15037
4.1314
4.13056
4.15791
4.18656
4.19926
4.19539
4.21527
3.53604
1.70572
1.39949
1.40001
1.40001
1.40001
1.40001
1.40001
1.40001
1.40001
1.40001
1.40001
1.40001
1.40001
1.40001
1.40001
1.40001
1.40001
4.32527
4.29497
4.2406
4.17388
4.13786
4.11479
4.11003
4.13175
4.16784
4.18573
4.18871
4.22118
3.93257
2.24574
1.40773
1.4
1.40001
1.40001
1.40001
1.40001
1.40001
1.40001
1.40001
1.40001
1.40001
1.40001
1.40001
1.40001
1.40001
1.40001
4.31401
4.27916
4.22621
4.1597
4.12275
4.10039
4.09133
4.10708
4.15138
4.17008
4.17028
4.20226
4.03163
2.83034
1.47614
1.4
1.40001
1.40001
1.40001
1.40001
1.40001
1.40001
1.40001
1.40001
1.40001
1.40001
1.40001
1.40001
1.40001
1.40001
4.29984
4.26101
4.20902
4.14414
4.10832
4.0868
4.07686
4.09004
4.13128
4.14651
4.14258
4.15281
4.09202
3.4262
1.69705
1.3995
1.40001
1.40001
1.40001
1.40001
1.40001
1.40001
1.40001
1.40001
1.40001
1.40001
1.40001
1.40001
1.40001
1.40001
4.28253
4.24211
4.19113
4.12923
4.09383
4.07334
4.06155
4.07335
4.10989
4.1254
4.1192
4.12177
4.11732
3.8549
2.14976
1.40562
1.40001
1.40001
1.40001
1.40001
1.40001
1.40001
1.40001
1.40001
1.40001
1.40001
1.40001
1.40001
1.40001
1.40001
4.26258
4.22339
4.17423
4.11581
4.07907
4.0589
4.04581
4.05581
4.08792
4.10662
4.10407
4.10925
4.12001
3.9502
2.70582
1.45458
1.4
1.40001
1.40001
1.40001
1.40001
1.40001
1.40001
1.40001
1.40001
1.40001
1.40001
1.40001
1.40001
1.40001
4.23922
4.20492
4.15929
4.10266
4.06408
4.04348
4.03017
4.03884
4.06548
4.08835
4.09043
4.09113
4.10352
3.99238
3.2102
1.61702
1.39975
1.4
1.40001
1.40001
1.40001
1.40001
1.40001
1.40001
1.40001
1.40001
1.40001
1.40001
1.40001
1.40001
4.2156
4.18626
4.14313
4.08722
4.04783
4.02732
4.01492
4.02484
4.04557
4.06887
4.07278
4.07096
4.07476
4.0115
3.63615
1.9403
1.40138
1.4
1.40001
1.40001
1.40001
1.40001
1.40001
1.40001
1.40001
1.40001
1.40001
1.40001
1.40001
1.40001
4.1933
4.1699
4.13042
4.07435
4.03223
4.01051
3.99824
4.00726
4.02531
4.0483
4.05595
4.05377
4.06019
4.03277
3.88488
2.45559
1.44346
1.40002
1.40001
1.40001
1.40001
1.40001
1.40001
1.40001
1.40001
1.40001
1.40001
1.40001
1.40001
1.40001
4.17155
4.14689
4.10631
4.05038
4.01188
3.99187
3.98305
3.99605
4.01474
4.0355
4.04132
4.03987
4.04702
4.04058
3.88524
2.84427
1.45159
1.39809
1.39998
1.40001
1.40001
1.40001
1.40001
1.40001
1.40001
1.40001
1.40001
1.40001
1.40001
1.40001
2.44987
3.31722
3.69994
3.87771
3.93548
3.94888
3.95504
3.96882
3.98811
4.01442
4.03124
4.02369
4.03021
4.03574
3.94717
3.48939
1.94152
1.42023
1.40014
1.40001
1.40001
1.40001
1.40001
1.40001
1.40001
1.40001
1.40001
1.40001
1.40001
1.40001
1.20265
2.35774
3.0193
3.41249
3.65634
3.7797
3.85476
3.90507
3.94014
3.97799
4.01234
4.01305
4.01008
4.01841
3.98678
3.90661
2.68412
1.56031
1.40324
1.40002
1.40001
1.40001
1.40001
1.40001
1.40001
1.40001
1.40001
1.40001
1.40001
1.40001
0.6129
1.67155
2.38952
2.84245
3.23766
3.45304
3.64091
3.75364
3.84203
3.90846
3.96631
3.99923
3.99112
3.98862
4.01183
3.97262
3.38087
1.96502
1.42847
1.40028
1.40001
1.40001
1.40001
1.40001
1.40001
1.40001
1.40001
1.40001
1.40001
1.40001
0.336696
1.18277
1.85209
2.37207
2.76084
3.09209
3.31285
3.52087
3.66185
3.77916
3.87682
3.95215
3.97372
3.9646
4.01028
4.00353
3.86315
2.68098
1.55951
1.40305
1.40002
1.40001
1.40001
1.40001
1.40001
1.40001
1.40001
1.40001
1.40001
1.40001
0.328032
0.939553
1.38578
1.93873
2.32658
2.73247
2.98069
3.23031
3.42417
3.59441
3.73231
3.85244
3.92716
3.94359
3.99251
4.00886
3.92281
3.19126
1.87972
1.42158
1.40018
1.40001
1.40001
1.40001
1.40001
1.40001
1.40001
1.40001
1.40001
1.40001
0.368239
0.831934
1.13364
1.5621
1.98125
2.33695
2.68942
2.89854
3.16065
3.37179
3.54846
3.70977
3.83363
3.89956
3.96205
4.00027
3.90724
3.6798
2.40137
1.49844
1.40141
1.40001
1.40001
1.40001
1.40001
1.40001
1.40001
1.40001
1.40001
1.40001
0.403526
0.733392
0.994766
1.32553
1.72392
1.99678
2.39577
2.6567
2.87346
3.09594
3.33262
3.52014
3.6835
3.80777
3.91875
3.98702
3.89449
3.88662
3.09243
1.74396
1.41143
1.40008
1.40001
1.40001
1.40001
1.40001
1.40001
1.40001
1.40001
1.40001
0.443612
0.648858
0.856165
1.1442
1.5165
1.82385
2.07425
2.41985
2.63351
2.86727
3.09034
3.3069
3.50213
3.68261
3.83969
3.95351
3.88405
3.878
3.525
2.19752
1.45684
1.40064
1.40001
1.40001
1.40001
1.40001
1.40001
1.40001
1.40001
1.40001
0.513967
0.614606
0.739164
0.991878
1.28454
1.65749
1.85834
2.18188
2.43562
2.67489
2.88164
3.11978
3.32787
3.53313
3.71617
3.87982
3.88606
3.85996
3.69283
2.7501
1.59619
1.40395
1.40002
1.40001
1.40001
1.40001
1.40001
1.40001
1.40001
1.40001
0.609435
0.596493
0.663409
0.915717
1.08928
1.46468
1.74739
1.91891
2.21611
2.45933
2.69224
2.92153
3.13747
3.34098
3.56964
3.76283
3.84416
3.83905
3.81087
3.16481
1.87415
1.42025
1.40015
1.40001
1.40001
1.40001
1.40001
1.40001
1.40001
1.40001
0.666733
0.584366
0.604096
0.855868
1.01956
1.23816
1.59604
1.78571
2.02106
2.22876
2.48666
2.70614
2.9344
3.17099
3.41039
3.60927
3.75784
3.83049
3.83061
3.56018
2.30032
1.47779
1.40098
1.40001
1.40001
1.40001
1.40001
1.40001
1.40001
1.40001
0.70429
0.588118
0.583014
0.784085
0.971205
1.10416
1.43166
1.69571
1.86522
2.0903
2.30993
2.53828
2.77428
3.03022
3.24173
3.45708
3.6339
3.76829
3.81922
3.72919
2.88827
1.64403
1.40569
1.40003
1.40001
1.40001
1.40001
1.40001
1.40001
1.40001
0.719954
0.596097
0.587216
0.709924
0.908024
1.08351
1.24455
1.55699
1.75089
1.97247
2.17521
2.40017
2.62688
2.86929
3.09762
3.30117
3.47411
3.6645
3.77729
3.74412
3.23672
1.95907
1.42633
1.40019
1.40001
1.40001
1.40001
1.40001
1.40001
1.40001
0.721434
0.620551
0.600911
0.674712
0.820785
1.04549
1.13999
1.39589
1.62453
1.82187
2.02462
2.24692
2.46399
2.67067
2.96016
3.1509
3.34375
3.54355
3.7127
3.71497
3.43778
2.31307
1.485
1.40106
1.40001
1.40001
1.40001
1.40001
1.40001
1.40001
0.712712
0.637492
0.639366
0.676203
0.728038
0.967036
1.11876
1.24489
1.49245
1.67893
1.883
2.08744
2.3085
2.54156
2.8034
3.02933
3.22
3.39083
3.61719
3.68973
3.62441
2.73017
1.6075
1.40434
1.40003
1.40001
1.40001
1.40001
1.40001
1.40001
0.684272
0.642726
0.673752
0.68175
0.689679
0.861473
1.07772
1.19641
1.40253
1.60056
1.78966
1.98073
2.19974
2.44261
2.64398
2.90942
3.07439
3.27776
3.49521
3.66034
3.65884
3.20921
1.89735
1.42004
1.40013
1.40001
1.40001
1.40001
1.40001
1.40001
0.649015
0.648523
0.69391
0.678123
0.675782
0.769718
1.00813
1.16935
1.31692
1.51694
1.70753
1.89391
2.09299
2.32978
2.53362
2.76974
2.94444
3.18639
3.3889
3.59415
3.64213
3.35027
2.21528
1.46659
1.40071
1.40001
1.40001
1.40001
1.40001
1.40001
0.642384
0.657173
0.702931
0.674304
0.673002
0.753881
0.919681
1.11517
1.22973
1.41689
1.595
1.78609
1.97474
2.1659
2.42828
2.61274
2.84852
3.05846
3.27051
3.49473
3.59347
3.44684
2.54624
1.55298
1.40265
1.40002
1.40001
1.40001
1.40001
1.40001
0.647104
0.669166
0.703844
0.675426
0.673511
0.753524
0.826406
1.03913
1.18252
1.30529
1.47101
1.66319
1.85909
2.0553
2.3097
2.50499
2.75001
2.93099
3.13319
3.38833
3.54704
3.52407
2.95975
1.74427
1.41017
1.40006
1.40001
1.40001
1.40001
1.40001
0.657195
0.678894
0.701201
0.675058
0.669762
0.747131
0.803329
0.957497
1.13963
1.26634
1.42362
1.58736
1.78599
1.98958
2.1796
2.41658
2.61568
2.84478
3.03663
3.28152
3.50093
3.52725
3.13885
1.99117
1.43353
1.40026
1.40001
1.40001
1.40001
1.40001
0.667449
0.684537
0.693941
0.673415
0.671106
0.735558
0.798066
0.890574
1.08602
1.23498
1.38068
1.53372
1.7122
1.92411
2.09535
2.32555
2.4972
2.7536
2.9528
3.14872
3.40293
3.51135
3.2925
2.28052
1.4822
1.40099
1.40001
1.40001
1.40001
1.40001
0.669457
0.684015
0.690342
0.674749
0.670629
0.715953
0.779818
0.86356
1.00286
1.16864
1.31507
1.46667
1.62938
1.81726
2.01615
2.20476
2.42074
2.63715
2.83979
3.04251
3.2979
3.46371
3.40538
2.65389
1.59266
1.40365
1.40002
1.40001
1.40001
1.40001
0.667692
0.681296
0.6898
0.680227
0.669329
0.693241
0.750137
0.848917
0.926974
1.08505
1.22034
1.37879
1.53478
1.70342
1.92607
2.09881
2.34575
2.52868
2.74359
2.95902
3.19702
3.40257
3.40148
2.85472
1.75656
1.41224
1.40007
1.40001
1.40001
1.40001
0.66338
0.678076
0.692706
0.687903
0.674288
0.686671
0.716161
0.82828
0.912316
1.02746
1.17382
1.32199
1.48505
1.65486
1.83967
2.03187
2.247
2.45909
2.67606
2.86329
3.07003
3.33678
3.3767
3.03341
1.94991
1.43034
1.40023
1.40001
1.40001
1.40001
0.654458
0.674207
0.70059
0.699699
0.687569
0.68562
0.698598
0.800196
0.900749
1.007
1.14453
1.2854
1.44208
1.6109
1.7723
1.97187
2.14449
2.38831
2.60154
2.7614
2.98
3.26195
3.35013
3.22592
2.25694
1.47458
1.40081
1.40001
1.40001
1.40001
0.647542
0.668068
0.705968
0.711181
0.69873
0.681026
0.689282
0.76628
0.876141
0.979872
1.10699
1.24339
1.38806
1.55274
1.70328
1.90202
2.08299
2.30843
2.49848
2.69276
2.91215
3.17342
3.32235
3.24703
2.492
1.56106
1.40286
1.40002
1.40001
1.40001
0.646579
0.663583
0.706223
0.714049
0.700959
0.672569
0.679835
0.725049
0.827635
0.93794
1.04562
1.17913
1.31313
1.45952
1.61828
1.79436
2.02137
2.21209
2.41945
2.63448
2.82196
3.0535
3.27944
3.24611
2.66588
1.66829
1.40767
1.40004
1.40001
1.40001
0.648425
0.663167
0.704831
0.71386
0.701449
0.671874
0.678745
0.712617
0.775361
0.894672
1.00145
1.12305
1.25921
1.40589
1.5643
1.72318
1.95025
2.14315
2.36368
2.56976
2.72078
2.95993
3.22851
3.23216
2.91066
1.84295
1.41878
1.40012
1.40001
1.40001
0.654666
0.664167
0.701939
0.71413
0.703508
0.675331
0.681281
0.715745
0.764234
0.871844
0.985916
1.10284
1.23489
1.37766
1.52802
1.68314
1.86884
2.08538
2.30159
2.48378
2.6599
2.89059
3.16735
3.22439
3.01301
2.05046
1.44573
1.4004
1.40001
1.40001
0.658321
0.666831
0.698613
0.713555
0.704285
0.680585
0.682634
0.71278
0.754245
0.849986
0.965107
1.07921
1.20252
1.34068
1.48317
1.64574
1.81287
2.02402
2.22092
2.39612
2.6049
2.79517
3.08076
3.2078
3.04993
2.22038
1.4877
1.40113
1.40001
1.40001
0.65784
0.668943
0.695396
0.710613
0.703093
0.682068
0.679819
0.698814
0.733684
0.818985
0.930741
1.04319
1.15767
1.2853
1.4165
1.58193
1.76022
1.95646
2.1341
2.34375
2.53043
2.693
2.9806
3.17336
3.10754
2.44951
1.55767
1.40292
1.40002
1.40001
0.655396
0.668403
0.69455
0.709225
0.702186
0.68367
0.676784
0.683957
0.704406
0.773907
0.871732
0.986229
1.09653
1.21815
1.34771
1.5001
1.69763
1.8767
2.08319
2.29697
2.44859
2.63833
2.8958
3.12707
3.11656
2.63449
1.66793
1.40758
1.40004
1.40001
0.651034
0.66711
0.695155
0.710286
0.703484
0.687106
0.676949
0.683652
0.698278
0.763984
0.846084
0.957442
1.0712
1.19484
1.32568
1.46976
1.64806
1.82966
2.03437
2.23538
2.39722
2.5843
2.81298
3.07733
3.10299
2.725
1.78668
1.41667
1.40011
1.40001
0.64824
0.665895
0.695758
0.715186
0.709571
0.692907
0.677921
0.683678
0.697884
0.764941
0.842762
0.945153
1.05479
1.17425
1.30307
1.44776
1.61479
1.78873
1.98414
2.14313
2.34167
2.50211
2.71611
3.01336
3.07808
2.84764
1.93771
1.43306
1.40027
1.40001
0.648028
0.664729
0.695061
0.717982
0.713085
0.697689
0.679724
0.678567
0.691531
0.75788
0.830906
0.925549
1.02912
1.14349
1.26782
1.41306
1.57534
1.74616
1.91666
2.09108
2.28507
2.44216
2.64972
2.94477
3.05205
2.93411
2.11198
1.46375
1.4007
1.40001
0.649442
0.663967
0.692854
0.717201
0.712467
0.699755
0.678568
0.666633
0.676797
0.7349
0.803297
0.892507
0.99053
1.09642
1.20946
1.34588
1.51354
1.68745
1.85846
2.05963
2.23438
2.40184
2.5971
2.87667
3.02732
2.94003
2.25357
1.50931
1.40167
1.40001
0.654418
0.664308
0.688674
0.713843
0.710406
0.701244
0.677586
0.660964
0.669621
0.708192
0.766352
0.848269
0.94086
1.04801
1.16236
1.29636
1.45724
1.63123
1.81811
2.01656
2.17841
2.3462
2.52484
2.7975
2.9941
2.95018
2.38909
1.57053
1.40369
1.40002
0.659568
0.66528
0.683772
0.709036
0.709135
0.703266
0.678622
0.661526
0.67019
0.705653
0.753785
0.834008
0.923378
1.03397
1.1524
1.28458
1.43597
1.59689
1.77603
1.95322
2.11378
2.2759
2.4491
2.71681
2.95294
2.94869
2.53496
1.6546
1.40768
1.40004
0.660251
0.665318
0.679828
0.704702
0.70922
0.705823
0.682767
0.663602
0.67197
0.704455
0.746493
0.825827
0.912036
1.01961
1.1377
1.267
1.41324
1.56278
1.73447
1.88729
2.06853
2.23015
2.39932
2.64524
2.91464
2.93853
2.62559
1.75342
1.41503
1.4001
0.659006
0.663437
0.676671
0.701184
0.708695
0.705711
0.686117
0.664656
0.670821
0.697126
0.732501
0.809357
0.890809
0.993759
1.10807
1.23397
1.37722
1.52492
1.67769
1.84732
2.02828
2.18925
2.35106
2.57178
2.86189
2.91983
2.68043
1.86526
1.42788
1.40023
0.655368
0.66338
0.677056
0.701327
0.70778
0.704259
0.685596
0.664002
0.668979
0.689189
0.72131
0.797835
0.875434
0.97541
1.08553
1.20537
1.34674
1.49931
1.64031
1.82746
1.99999
2.15935
2.31208
2.52221
2.81878
2.90269
2.71328
1.95514
1.44007
1.40036
0.655865
0.663716
0.677447
0.701303
0.706944
0.703779
0.684714
0.663455
0.665453
0.679646
0.710255
0.787265
0.864322
0.958973
1.06609
1.17755
1.31461
1.47508
1.63048
1.81346
1.97871
2.13868
2.28494
2.49852
2.79516
2.89077
2.73913
2.0031
1.45078
1.4005
0.661082
0.664485
0.678138
0.701554
0.706481
0.703447
0.68327
0.663533
0.664357
0.673367
0.695905
0.769213
0.850037
0.938284
1.04502
1.15814
1.28682
1.438
1.61989
1.79381
1.95517
2.11042
2.2623
2.47494
2.77054
2.87781
2.77868
2.05009
1.46273
1.40072
0.671394
0.666485
0.67921
0.702617
0.706315
0.702194
0.682152
0.664057
0.664336
0.672587
0.689619
0.757019
0.835151
0.924566
1.03053
1.14798
1.28184
1.42401
1.60145
1.76916
1.92284
2.06365
2.23643
2.43428
2.73446
2.86448
2.79618
2.11205
1.47841
1.40103
0.68071
0.670798
0.681052
0.703455
0.706038
0.701177
0.681888
0.664766
0.664802
0.672949
0.689681
0.752953
0.82502
0.917453
1.02587
1.14502
1.28618
1.42543
1.58316
1.74117
1.88329
2.04458
2.20275
2.39955
2.70149
2.84971
2.79076
2.17274
1.49918
1.40153
0.693763
0.67805
0.683406
0.703138
0.705747
0.700837
0.682269
0.667221
0.667107
0.675466
0.691974
0.75323
0.824039
0.918973
1.02894
1.1486
1.28718
1.42348
1.56682
1.71633
1.86977
2.0363
2.18643
2.38058
2.66881
2.83477
2.78929
2.23861
1.52475
1.40229
0.708139
0.689184
0.687524
0.702385
0.705429
0.700551
0.683699
0.671285
0.668902
0.677893
0.696651
0.757707
0.826765
0.924039
1.02973
1.14789
1.27752
1.40775
1.55198
1.69358
1.85664
2.01638
2.16968
2.34909
2.62736
2.81736
2.78674
2.30737
1.55771
1.40346
0.72653
0.703146
0.689203
0.701483
0.70467
0.699902
0.684834
0.671947
0.668174
0.676767
0.696236
0.757846
0.82471
0.91897
1.01755
1.13032
1.25255
1.38068
1.5309
1.67407
1.83913
1.98985
2.13504
2.30776
2.58567
2.79461
2.77949
2.35316
1.59601
1.40526
0.751051
0.720136
0.69073
0.69997
0.703087
0.698661
0.684392
0.670059
0.663566
0.667502
0.686017
0.748632
0.81054
0.89848
0.992807
1.10324
1.22492
1.35796
1.50256
1.65895
1.8129
1.95984
2.10087
2.27416
2.54324
2.76908
2.77327
2.40696
1.63858
1.40785
0.770625
0.73921
0.692653
0.696609
0.699832
0.69565
0.68198
0.665274
0.654434
0.652581
0.669217
0.731061
0.787675
0.875111
0.967574
1.07808
1.19794
1.33575
1.47752
1.6334
1.77652
1.92429
2.07106
2.24281
2.50316
2.74699
2.7665
2.47017
1.69177
1.41178
0.786408
0.756735
0.696783
0.694978
0.695729
0.692271
0.68111
0.663057
0.647961
0.64531
0.660172
0.716031
0.76914
0.856138
0.94959
1.05632
1.17426
1.30749
1.45637
1.60399
1.74175
1.88644
2.03588
2.20162
2.45321
2.71944
2.75177
2.50355
1.75062
1.41771
0.80658
0.775696
0.706142
0.693042
0.694239
0.691714
0.68236
0.663805
0.646928
0.644629
0.659165
0.712602
0.765848
0.853317
0.948929
1.05408
1.17047
1.29587
1.43477
1.57487
1.7138
1.85833
2.00808
2.16327
2.40072
2.68463
2.73242
2.53795
1.8163
1.42636
0.814522
0.789933
0.722873
0.693141
0.693645
0.691465
0.683483
0.664782
0.647206
0.645625
0.660497
0.713485
0.766801
0.854469
0.949045
1.05237
1.16509
1.28644
1.41394
1.54104
1.68806
1.83174
1.97478
2.12355
2.35107
2.64444
2.71245
2.56836
1.88844
1.43888
0.820208
0.801768
0.743535
0.694745
0.69253
0.69045
0.682606
0.663937
0.645307
0.643215
0.658193
0.710413
0.762875
0.84768
0.936958
1.03516
1.14444
1.26561
1.39375
1.52399
1.6625
1.80173
1.93763
2.08807
2.30205
2.59283
2.68791
2.58211
1.95922
1.45634
0.829146
0.819051
0.770146
0.699283
0.689269
0.686162
0.67737
0.656215
0.634129
0.630682
0.645349
0.694224
0.744136
0.821172
0.904063
0.997101
1.10411
1.23216
1.36159
1.50045
1.62892
1.76526
1.89964
2.05306
2.26161
2.55228
2.66976
2.59736
2.03475
1.47954
0.831943
0.836972
0.797154
0.707185
0.683773
0.678987
0.669405
0.648552
0.627903
0.62508
0.637895
0.676213
0.723496
0.802155
0.883341
0.97941
1.08102
1.20375
1.32685
1.46219
1.58898
1.7205
1.86037
2.00758
2.20741
2.50485
2.64916
2.60794
2.11029
1.51179
0.836734
0.852955
0.818143
0.71746
0.680057
0.673903
0.663831
0.646599
0.626524
0.625201
0.638158
0.671863
0.718155
0.797682
0.877334
0.97444
1.07299
1.18857
1.30507
1.42383
1.55327
1.68361
1.82465
1.96835
2.15507
2.44391
2.61567
2.60052
2.181
1.55263
0.857761
0.874252
0.83755
0.728436
0.678476
0.670556
0.660562
0.644561
0.624274
0.624081
0.638516
0.668953
0.714585
0.792863
0.869913
0.964337
1.06053
1.17112
1.28353
1.39831
1.5227
1.65209
1.7858
1.92492
2.1038
2.38573
2.58239
2.58706
2.24038
1.60421
0.880423
0.896282
0.86127
0.748561
0.67805
0.664281
0.654514
0.638827
0.617911
0.618031
0.634461
0.661669
0.705876
0.781525
0.854522
0.945413
1.03719
1.14694
1.25398
1.37048
1.4895
1.61742
1.74856
1.88517
2.05412
2.32185
2.54807
2.56651
2.29139
1.66456
0.900186
0.915521
0.879774
0.770003
0.679981
0.656169
0.644144
0.62859
0.609751
0.61007
0.628444
0.650707
0.693338
0.765197
0.833716
0.923684
1.0118
1.12031
1.22459
1.33784
1.45334
1.57576
1.70452
1.84224
2.0096
2.26741
2.5128
2.54414
2.33385
1.73621
0.901419
0.935726
0.902378
0.7952
0.688074
0.646793
0.63449
0.624264
0.607599
0.607219
0.623325
0.638685
0.681916
0.749491
0.813513
0.90176
0.987752
1.09093
1.19528
1.3048
1.41843
1.53676
1.66151
1.79282
1.95081
2.20074
2.47284
2.51982
2.35897
1.81593
0.892193
0.948387
0.921527
0.827383
0.704868
0.640961
0.629337
0.621579
0.606328
0.604877
0.617385
0.627096
0.670907
0.734795
0.794516
0.880329
0.96385
1.06154
1.16195
1.26995
1.37879
1.49398
1.61908
1.75223
1.90529
2.13653
2.41819
2.48862
2.37756
1.89982
0.877902
0.957309
0.93786
0.862253
0.731669
0.642891
0.624953
0.618088
0.603713
0.600409
0.609396
0.618363
0.661063
0.721182
0.77868
0.862982
0.943193
1.03776
1.13379
1.23722
1.34148
1.45155
1.57164
1.70366
1.85659
2.08394
2.37218
2.46096
2.38285
1.98957
0.865315
0.947862
0.93765
0.899196
0.777579
0.653716
0.620206
0.614784
0.600214
0.594019
0.598148
0.609007
0.653811
0.707002
0.763857
0.848456
0.924594
1.01509
1.1078
1.20499
1.30543
1.41409
1.5326
1.66155
1.80554
2.01587
2.31274
2.42866
2.38011
2.07871
0.855345
0.931492
0.946315
0.928895
0.828767
0.680527
0.621371
0.610817
0.596561
0.587353
0.587252
0.595076
0.645297
0.691756
0.7466
0.830733
0.902598
0.988817
1.07732
1.16921
1.26563
1.36997
1.48776
1.6187
1.76485
1.96489
2.25032
2.38746
2.36557
2.16182
0.853462
0.920327
0.960885
0.94822
0.876168
0.73368
0.630528
0.606573
0.590727
0.578821
0.5783
0.590049
0.635238
0.676569
0.730374
0.811912
0.878349
0.96038
1.0469
1.13547
1.23008
1.33128
1.44437
1.56997
1.71117
1.90824
2.19626
2.35384
2.35155
2.24181
0.858983
0.912069
0.957377
0.950659
0.918661
0.808802
0.65683
0.60576
0.583914
0.569565
0.569884
0.584511
0.622642
0.659618
0.714965
0.793792
0.854226
0.933017
1.01714
1.10271
1.19513
1.29552
1.40715
1.53114
1.66645
1.84636
2.1252
2.31304
2.32901
2.31383
0.86955
0.913768
0.950223
0.950907
0.94125
0.868318
0.716719
0.612098
0.576989
0.562144
0.56327
0.582123
0.613993
0.643162
0.698775
0.774786
0.831859
0.907349
0.988873
1.06889
1.15829
1.25345
1.36296
1.48648
1.62389
1.79988
2.064
2.26736
2.29902
2.36493
0.870641
0.912828
0.946194
0.953578
0.948054
0.910886
0.783757
0.630346
0.573775
0.553731
0.557095
0.579286
0.605718
0.629664
0.687827
0.757965
0.814404
0.887257
0.964804
1.04186
1.12741
1.21993
1.32715
1.44829
1.58203
1.75452
2.01507
2.23409
2.28279
2.4101
0.893657
0.94085
0.971572
0.977491
0.971746
0.951614
0.870398
0.719348
0.591653
0.547878
0.553777
0.569622
0.588412
0.611056
0.668963
0.728037
0.784039
0.853131
0.922486
0.997221
1.07791
1.16901
1.27401
1.39266
1.52093
1.68153
1.92798
2.16467
2.24381
2.4204
)
;

boundaryField
{
    inlet
    {
        type            calculated;
        value           uniform 1.40001;
    }
    outlet
    {
        type            calculated;
        value           nonuniform List<scalar> 
60
(
0.89335
0.940632
0.971473
0.977484
0.971759
0.95159
0.87042
0.719361
0.5917
0.547903
0.553808
0.569617
0.588373
0.610999
0.668925
0.727986
0.783952
0.853044
0.9224
0.997115
1.07781
1.16892
1.27396
1.39269
1.52103
1.68162
1.92796
2.16498
2.24461
2.42224
0.826676
0.793314
0.796912
0.823378
0.880868
0.867648
0.650529
0.373603
0.368823
0.397907
0.438877
0.488445
0.536938
0.58169
0.646443
0.717267
0.787037
0.875029
0.967642
1.07229
1.18856
1.32292
1.49258
1.68732
1.77949
1.77585
1.67448
1.48792
1.40733
1.40014
)
;
    }
    airfoil
    {
        type            calculated;
        value           nonuniform List<scalar> 
160
(
0.149763
0.150849
0.152009
0.151973
0.151006
0.150278
0.14963
0.149026
0.148877
0.149072
0.149657
0.150755
0.150972
0.148549
0.144267
0.141912
0.141535
0.141721
0.143916
0.149481
0.153158
0.154184
0.152055
0.150003
0.147817
0.144264
0.141249
0.139822
0.131342
0.113109
0.09496
0.0755208
0.0515635
0.0291833
0.0208719
0.0598258
0.187508
0.400503
0.770832
1.40861
2.15148
2.1513
2.1514
2.15157
2.15185
2.1523
2.15311
2.15318
2.15281
2.15286
2.15291
2.15258
2.1517
2.15063
2.15019
2.15108
2.15218
2.15169
2.1497
2.14352
2.13635
2.12844
2.12132
2.11876
2.11933
2.12883
2.14491
2.16742
2.20613
2.26531
2.32839
2.38458
2.40759
2.39909
2.36707
2.23745
2.09843
1.94967
1.75288
1.53163
1.79679
2.56572
3.41451
4.35191
5.17499
5.99696
6.32576
5.84633
5.06909
4.58319
4.38733
4.29509
4.26058
4.24938
4.25919
4.27869
4.30202
4.32528
4.35152
4.37914
4.39443
4.39384
4.38544
4.37033
4.36032
4.35757
4.3568
4.35672
4.35363
4.34644
4.33549
4.32527
4.31401
4.29984
4.28253
4.26258
4.23922
4.2156
4.1933
4.17155
2.44987
1.20265
0.6129
0.336696
0.328032
0.368239
0.403526
0.443612
0.513967
0.609435
0.666733
0.70429
0.719954
0.721434
0.712712
0.684272
0.649015
0.642384
0.647104
0.657195
0.667449
0.669457
0.667692
0.66338
0.654458
0.647542
0.646579
0.648425
0.654666
0.658321
0.65784
0.655396
0.651034
0.64824
0.648028
0.649442
0.654418
0.659568
0.660251
0.659006
)
;
    }
    top
    {
        type            symmetryPlane;
    }
    bottom
    {
        type            symmetryPlane;
    }
    defaultFaces
    {
        type            empty;
    }
}


// ************************************************************************* //
