/*--------------------------------*- C++ -*----------------------------------*\
  =========                 |
  \\      /  F ield         | OpenFOAM: The Open Source CFD Toolbox
   \\    /   O peration     | Website:  https://openfoam.org
    \\  /    A nd           | Version:  7
     \\/     M anipulation  |
\*---------------------------------------------------------------------------*/
FoamFile
{
    version     2.0;
    format      ascii;
    class       volScalarField;
    location    "5.6";
    object      T;
}
// * * * * * * * * * * * * * * * * * * * * * * * * * * * * * * * * * * * * * //

dimensions      [0 0 0 1 0 0 0];

internalField   nonuniform List<scalar> 
11200
(
1.10401
1.28382
1.34693
1.40546
1.41032
1.41529
1.39958
1.38263
1.38094
1.38009
1.37924
1.39157
1.40079
1.39461
1.37912
1.35115
1.33593
1.32588
1.31645
1.30943
1.30211
1.28986
1.27251
1.26002
1.25603
1.25384
1.25053
1.2498
1.24519
1.24229
0.569193
0.588346
0.698199
0.880219
1.118
1.27454
1.39913
1.48951
1.55437
1.5921
1.5991
1.58838
1.56429
1.52787
1.48947
1.45088
1.45464
1.45934
1.4537
1.43674
1.41947
1.40451
1.38838
1.37444
1.36854
1.36482
1.35876
1.35293
1.34459
1.33883
0.54272
0.533899
0.526189
0.516034
0.502186
0.51394
0.64768
0.88585
1.10925
1.291
1.43976
1.51719
1.55114
1.56253
1.54774
1.54516
1.54514
1.54184
1.53537
1.52752
1.52054
1.50953
1.49321
1.48103
1.47358
1.46977
1.46619
1.45999
1.45135
1.44111
0.510103
0.505395
0.500162
0.494668
0.489629
0.484884
0.480003
0.474672
0.468182
0.489307
0.630811
0.902354
1.15261
1.37595
1.51519
1.59615
1.59025
1.58216
1.56956
1.56341
1.56317
1.55985
1.55206
1.54806
1.5448
1.53973
1.53513
1.53003
1.52395
1.51221
0.491767
0.489551
0.487115
0.484223
0.481031
0.477777
0.473848
0.469428
0.465568
0.462971
0.462719
0.462769
0.461311
0.592066
0.970295
1.28135
1.42383
1.52517
1.54914
1.56784
1.57649
1.5775
1.57356
1.56557
1.5607
1.5562
1.55461
1.55111
1.54698
1.53654
0.483945
0.481904
0.479827
0.477527
0.474647
0.471575
0.467797
0.464132
0.461022
0.459484
0.459739
0.460215
0.459814
0.457758
0.453739
0.488142
0.77267
1.08301
1.33614
1.48818
1.52744
1.55383
1.56181
1.56196
1.55481
1.54827
1.5497
1.54474
1.54249
1.53566
0.473215
0.471539
0.469778
0.46773
0.465437
0.463261
0.46096
0.458847
0.457032
0.456244
0.456609
0.458216
0.458585
0.457008
0.453523
0.45345
0.45371
0.453769
0.623826
0.944947
1.21786
1.38857
1.45765
1.49864
1.5077
1.50202
1.50273
1.4976
1.50169
1.50091
0.462239
0.460846
0.45916
0.45743
0.456298
0.455787
0.455996
0.456048
0.455383
0.454808
0.455049
0.45657
0.45854
0.45732
0.457282
0.459374
0.464753
0.472468
0.47507
0.474637
0.550553
0.820696
1.11444
1.27645
1.34339
1.39348
1.43041
1.42187
1.42967
1.42887
0.453687
0.452595
0.45206
0.452125
0.452386
0.453323
0.455049
0.456355
0.456184
0.455402
0.454258
0.454651
0.457784
0.462899
0.46754
0.471604
0.477806
0.485705
0.492325
0.497673
0.499528
0.500903
0.542212
0.748037
0.992971
1.17024
1.24459
1.29845
1.34492
1.33492
0.451416
0.451465
0.451659
0.452661
0.454993
0.458505
0.462492
0.466017
0.470078
0.471728
0.469878
0.46702
0.467477
0.473768
0.481591
0.484445
0.487873
0.492474
0.499352
0.507643
0.514063
0.522485
0.524178
0.524644
0.538378
0.71178
0.922798
1.10815
1.17773
1.236
0.465217
0.466605
0.468445
0.47065
0.473065
0.475526
0.47829
0.48099
0.485344
0.48995
0.491295
0.49293
0.495981
0.501982
0.504145
0.503733
0.504835
0.507817
0.510875
0.516489
0.525163
0.53378
0.542964
0.548882
0.547854
0.548579
0.557002
0.71313
0.888693
1.12198
0.486861
0.489404
0.491958
0.494656
0.495519
0.495449
0.49571
0.497347
0.501089
0.507791
0.515459
0.52046
0.52257
0.525273
0.529392
0.532891
0.535815
0.540935
0.54284
0.541912
0.541958
0.545299
0.553391
0.564418
0.571298
0.573335
0.574305
0.577483
0.583127
0.863241
0.516013
0.518488
0.520921
0.524641
0.525503
0.525149
0.52555
0.527086
0.529945
0.535949
0.54177
0.541657
0.540252
0.540797
0.545148
0.551289
0.556529
0.561948
0.567287
0.570455
0.571761
0.572566
0.574791
0.580426
0.587355
0.593277
0.596149
0.597866
0.600013
0.604399
0.547659
0.549967
0.552765
0.555346
0.558145
0.558414
0.558176
0.55875
0.560602
0.56447
0.567902
0.567867
0.568005
0.569793
0.572655
0.574441
0.575992
0.578966
0.584291
0.591538
0.598038
0.599393
0.59918
0.599855
0.602815
0.607538
0.612933
0.616624
0.619022
0.62288
0.583936
0.585595
0.587898
0.590525
0.591342
0.590613
0.589064
0.589291
0.591786
0.596023
0.600169
0.602129
0.602552
0.603488
0.605651
0.606428
0.607372
0.6088
0.6095
0.610846
0.614941
0.61943
0.621776
0.622555
0.624236
0.626376
0.629651
0.634309
0.638033
0.642236
0.620714
0.621409
0.623172
0.626307
0.62711
0.626022
0.624532
0.624951
0.627082
0.628874
0.629891
0.629885
0.629444
0.630222
0.633304
0.637274
0.641383
0.642934
0.643359
0.643372
0.642997
0.644186
0.647667
0.65012
0.65135
0.652171
0.653168
0.654577
0.656206
0.659859
0.661712
0.661898
0.662782
0.6649
0.667866
0.669167
0.668675
0.666762
0.66633
0.666853
0.668464
0.670296
0.670864
0.671216
0.671032
0.670158
0.66998
0.671033
0.673453
0.674863
0.67468
0.674264
0.674325
0.675403
0.676925
0.678125
0.678382
0.678291
0.678363
0.679329
0.705984
0.706027
0.706839
0.708872
0.710952
0.711854
0.711805
0.709961
0.706576
0.705311
0.70556
0.706324
0.706711
0.706395
0.705906
0.705396
0.704994
0.704443
0.703252
0.702206
0.702377
0.703322
0.703274
0.702558
0.702609
0.702856
0.703327
0.703454
0.703264
0.702898
0.754126
0.75396
0.755187
0.75804
0.758319
0.757872
0.757513
0.754926
0.751279
0.751334
0.751219
0.749167
0.74753
0.747598
0.747489
0.746443
0.744318
0.743017
0.742376
0.741607
0.740016
0.737655
0.736301
0.734914
0.73308
0.731013
0.728885
0.727794
0.726971
0.725045
0.806042
0.806036
0.808466
0.81123
0.810782
0.80832
0.805958
0.802044
0.799401
0.799751
0.799074
0.795172
0.791189
0.790691
0.790282
0.788461
0.785126
0.781985
0.779364
0.777287
0.775474
0.772056
0.76931
0.767594
0.765067
0.762939
0.760264
0.757559
0.756097
0.752541
0.862298
0.862494
0.866227
0.868365
0.866638
0.861945
0.857682
0.85272
0.85082
0.851215
0.849735
0.843738
0.838936
0.838059
0.836818
0.833531
0.828943
0.82492
0.82198
0.818454
0.814976
0.811519
0.807236
0.80347
0.799674
0.7959
0.792726
0.788586
0.784506
0.778645
0.921903
0.922601
0.927037
0.927989
0.924185
0.918168
0.912367
0.906452
0.905098
0.905362
0.902793
0.894692
0.889591
0.888479
0.886289
0.881044
0.875357
0.870333
0.866375
0.862368
0.856969
0.851799
0.846692
0.841505
0.836823
0.831143
0.825658
0.820571
0.815623
0.807652
0.983606
0.985108
0.988468
0.988303
0.983496
0.977088
0.96966
0.962725
0.961414
0.961502
0.958187
0.948362
0.94299
0.941624
0.938419
0.931315
0.924245
0.919114
0.913978
0.908519
0.902066
0.895135
0.888956
0.882664
0.876037
0.869423
0.862741
0.855959
0.850157
0.840194
1.04831
1.04897
1.04989
1.04907
1.04518
1.03916
1.03108
1.02232
1.01984
1.01965
1.0159
1.00519
0.998689
0.996618
0.99228
0.984043
0.975979
0.969798
0.963856
0.956836
0.949006
0.940786
0.93339
0.925744
0.917544
0.909502
0.901401
0.892901
0.885197
0.872941
1.11912
1.11686
1.11454
1.1122
1.10937
1.10478
1.09757
1.08721
1.08399
1.08289
1.07843
1.06691
1.05776
1.0537
1.04827
1.03956
1.03086
1.02265
1.01489
1.00655
0.997528
0.988391
0.979407
0.970384
0.961045
0.951435
0.941929
0.932153
0.923356
0.909023
1.1764
1.17483
1.17331
1.17068
1.16787
1.16474
1.16005
1.15449
1.14985
1.14579
1.14039
1.13202
1.12402
1.11699
1.10905
1.09981
1.09001
1.08
1.06985
1.05966
1.049
1.03831
1.02763
1.01688
1.00613
0.995027
0.984231
0.973023
0.962872
0.946484
1.18844
1.18845
1.18822
1.18742
1.18674
1.18648
1.18613
1.18543
1.18417
1.18282
1.18104
1.17804
1.17417
1.17005
1.16484
1.15834
1.15038
1.1411
1.13076
1.11952
1.10742
1.09457
1.08152
1.06816
1.05488
1.04173
1.02874
1.01564
1.0041
0.985518
1.17644
1.1794
1.18117
1.18166
1.18132
1.1801
1.18067
1.182
1.18251
1.18268
1.18281
1.18288
1.18249
1.18204
1.18149
1.18054
1.17901
1.1768
1.17334
1.16821
1.16103
1.15179
1.14024
1.1268
1.11183
1.0959
1.07983
1.06346
1.04907
1.02687
1.11138
1.11603
1.12563
1.13081
1.13264
1.13529
1.13802
1.14221
1.14851
1.15655
1.15833
1.15946
1.1644
1.1695
1.17179
1.17352
1.17496
1.17539
1.17524
1.17504
1.17457
1.17344
1.17112
1.16719
1.16028
1.15002
1.13638
1.11975
1.10288
1.07526
1.02549
1.02822
1.03157
1.03493
1.03936
1.04418
1.04845
1.05335
1.05972
1.06819
1.07592
1.08248
1.09199
1.10324
1.11281
1.12204
1.13114
1.141
1.14874
1.15575
1.16131
1.16476
1.16772
1.16771
1.16745
1.16636
1.16383
1.15882
1.15052
1.12812
1.00113
1.00131
1.00157
1.00189
1.00232
1.00292
1.00361
1.00444
1.0055
1.00704
1.00928
1.01192
1.01517
1.02004
1.026
1.03357
1.04266
1.05387
1.06705
1.08111
1.09637
1.11125
1.12568
1.13785
1.14767
1.15432
1.15885
1.15873
1.15829
1.15404
1.00001
1.00001
1.00002
1.00002
1.00003
1.00004
1.00005
1.00007
1.0001
1.00014
1.0002
1.00031
1.00045
1.0007
1.00111
1.00177
1.00285
1.00457
1.00737
1.01168
1.0183
1.02771
1.04056
1.05687
1.07562
1.09504
1.11407
1.13006
1.14122
1.14862
1
1
1
1
1
1
1
1
1
1
1
1
1
1.00001
1.00001
1.00002
1.00004
1.00007
1.00015
1.00031
1.00063
1.00133
1.00273
1.00552
1.0107
1.0196
1.03332
1.05266
1.07347
1.10693
1
1
1
1
1
1
1
1
1
1
1
1
1
1
1
1
1
1
1
1
1.00001
1.00001
1.00004
1.0001
1.00028
1.00078
1.00203
1.0052
1.0109
1.03375
1
1
1
1
1
1
1
1
1
1
1
1
1
1
1
1
1
1
1
1
1
1
1
1
1
1.00001
1.00003
1.00011
1.00033
1.00302
0.592337
0.581228
0.553062
0.516952
0.494822
0.486161
0.475166
0.4633
0.455481
0.452049
0.464234
0.484134
0.513216
0.545983
0.582815
0.620599
0.663093
0.708948
0.758289
0.811287
0.86705
0.925501
0.986352
1.05232
1.12654
1.17965
1.18845
1.17275
1.10548
1.02226
1.00093
1.00001
1
1
1
0.593394
0.576443
0.549519
0.512917
0.493239
0.48446
0.473297
0.461038
0.455934
0.455552
0.467148
0.487306
0.51722
0.552594
0.592338
0.6332
0.678243
0.725871
0.777118
0.831945
0.889662
0.949166
1.0105
1.07636
1.14342
1.18522
1.18844
1.1679
1.0944
1.01612
1.00051
1
1
1
1
0.589996
0.573515
0.552134
0.513294
0.493586
0.48319
0.471568
0.460005
0.45682
0.458226
0.468265
0.490926
0.521324
0.561403
0.600998
0.641132
0.685739
0.733619
0.785679
0.841994
0.901704
0.963445
1.02625
1.09018
1.15356
1.18828
1.18849
1.16509
1.08353
1.01131
1.00029
1
1
1
1
0.584468
0.571843
0.551284
0.51222
0.491833
0.48039
0.469068
0.459655
0.458186
0.461356
0.469548
0.501062
0.53124
0.567908
0.605541
0.644609
0.689545
0.738531
0.791118
0.848222
0.908916
0.971261
1.03421
1.09858
1.16121
1.19041
1.18924
1.16046
1.06824
1.00725
1.00015
1
1
1
1
0.583217
0.572001
0.54863
0.508514
0.488731
0.477671
0.467745
0.461685
0.460865
0.46486
0.477255
0.509085
0.534379
0.570083
0.60801
0.647828
0.692336
0.74208
0.795027
0.852095
0.913388
0.976556
1.04069
1.10774
1.16969
1.19191
1.18882
1.14577
1.05388
1.00474
1.00009
1
1
1
1
0.584738
0.574947
0.547362
0.505939
0.486691
0.475571
0.467566
0.465676
0.462496
0.465901
0.482405
0.511737
0.536195
0.571278
0.610925
0.652702
0.699859
0.751782
0.807096
0.86472
0.924508
0.98679
1.05328
1.12454
1.17891
1.19265
1.18472
1.13414
1.04391
1.00313
1.00005
1
1
1
1
0.587908
0.578677
0.54743
0.505347
0.486036
0.474765
0.468034
0.46742
0.462812
0.46483
0.483177
0.511645
0.540228
0.578734
0.622864
0.670245
0.72091
0.773813
0.830085
0.889263
0.950783
1.01338
1.07759
1.14126
1.18497
1.19301
1.18094
1.12548
1.03452
1.00189
1.00002
1
1
1
1
0.589186
0.581286
0.548894
0.505914
0.486158
0.474509
0.468409
0.467288
0.460861
0.461577
0.482979
0.510254
0.550208
0.595015
0.638465
0.682347
0.730858
0.783339
0.84038
0.900889
0.963754
1.02713
1.08986
1.15063
1.18903
1.19332
1.17932
1.11433
1.02449
1.00106
1.00001
1
1
1
1
0.589096
0.582812
0.551897
0.51068
0.488053
0.473722
0.466307
0.463924
0.45807
0.460082
0.486574
0.518715
0.562598
0.602611
0.644225
0.686604
0.735331
0.788743
0.846398
0.908085
0.971717
1.03522
1.09831
1.15936
1.19268
1.19376
1.17761
1.09671
1.01674
1.00059
1.00001
1
1
1
1
0.586751
0.583807
0.554926
0.516591
0.490315
0.472308
0.462146
0.46011
0.457231
0.461067
0.499289
0.533557
0.568265
0.604441
0.645799
0.68952
0.737486
0.792236
0.850355
0.912789
0.977525
1.04292
1.10983
1.17068
1.19492
1.19411
1.16554
1.08073
1.01146
1.00032
1
1
1
1
1
0.585555
0.585035
0.555896
0.519205
0.490963
0.472098
0.460737
0.458578
0.457563
0.47224
0.511003
0.538103
0.569876
0.604531
0.646464
0.695191
0.750044
0.808294
0.869891
0.932741
0.996832
1.06353
1.13036
1.18039
1.19583
1.19202
1.15393
1.0672
1.00749
1.00017
1
1
1
1
1
0.585626
0.585913
0.55585
0.51959
0.490853
0.472117
0.460768
0.45833
0.463772
0.484416
0.516219
0.540553
0.571494
0.616657
0.666449
0.719445
0.775358
0.833924
0.895148
0.958885
1.02321
1.08628
1.14515
1.1863
1.19618
1.18861
1.14589
1.05418
1.00468
1.00009
1
1
1
1
1
0.58652
0.586135
0.553789
0.518482
0.489565
0.472358
0.466348
0.462415
0.468588
0.4893
0.517185
0.546908
0.585745
0.635889
0.684248
0.732766
0.786262
0.844677
0.906666
0.970883
1.03505
1.09691
1.15449
1.19097
1.19655
1.18705
1.1363
1.04074
1.00274
1.00004
1
1
1
1
1
0.590558
0.585688
0.547886
0.515015
0.488959
0.475768
0.474199
0.467906
0.469106
0.490192
0.517398
0.556389
0.599752
0.643939
0.690917
0.738666
0.792123
0.851379
0.91426
0.979494
1.04421
1.10689
1.16499
1.19516
1.197
1.18656
1.11869
1.02859
1.00147
1.00002
1
1
1
1
1
0.598971
0.584328
0.541474
0.512005
0.490606
0.481243
0.47587
0.468835
0.465895
0.490513
0.520878
0.567093
0.605205
0.646595
0.694044
0.743336
0.796696
0.857428
0.922
0.988882
1.05669
1.12327
1.17737
1.19759
1.1975
1.17769
1.10059
1.01951
1.00078
1.00001
1
1
1
1
1
0.604243
0.582091
0.538637
0.511413
0.492925
0.482878
0.473618
0.465855
0.465094
0.494217
0.536988
0.573205
0.60851
0.649767
0.699612
0.756541
0.820107
0.885388
0.952196
1.01888
1.08474
1.14422
1.18589
1.19843
1.19644
1.16572
1.08525
1.01315
1.00042
1
1
1
1
1
1
0.604818
0.580231
0.539116
0.51482
0.49392
0.482239
0.467427
0.458685
0.470958
0.50709
0.544997
0.578822
0.616389
0.671805
0.726838
0.785382
0.846926
0.910888
0.976405
1.04159
1.103
1.15619
1.1909
1.19869
1.19306
1.15755
1.07005
1.00821
1.0002
1
1
1
1
1
1
0.601459
0.57954
0.543022
0.519104
0.494112
0.478801
0.464432
0.457285
0.478653
0.513487
0.548634
0.590708
0.638938
0.690863
0.743138
0.798047
0.858748
0.923211
0.988943
1.05353
1.11377
1.16572
1.19503
1.19891
1.19096
1.14835
1.05355
1.0048
1.00009
1
1
1
1
1
1
0.598499
0.580367
0.545878
0.520561
0.492429
0.473256
0.463643
0.460032
0.486805
0.516901
0.555918
0.604071
0.651079
0.697936
0.750733
0.805589
0.866287
0.932156
0.999389
1.06529
1.12673
1.17721
1.19825
1.19927
1.19081
1.13205
1.03843
1.00259
1.00004
1
1
1
1
1
1
0.598314
0.583876
0.546821
0.518008
0.484361
0.467597
0.463756
0.470257
0.498184
0.52245
0.56962
0.615417
0.656635
0.700057
0.755202
0.813616
0.878148
0.947399
1.01813
1.08684
1.14703
1.18739
1.19979
1.1997
1.18523
1.11258
1.02594
1.0013
1.00002
1
1
1
1
1
1
0.599825
0.586588
0.546016
0.50587
0.47516
0.464699
0.46457
0.477127
0.507652
0.539515
0.585065
0.621133
0.659872
0.713303
0.775038
0.843692
0.914088
0.984093
1.05197
1.11369
1.16298
1.19296
1.20019
1.19865
1.17079
1.09414
1.01699
1.00066
1.00001
1
1
1
1
1
1
0.606697
0.588458
0.540147
0.497013
0.471432
0.46393
0.467761
0.483865
0.513924
0.554557
0.592299
0.629607
0.678626
0.744599
0.807989
0.872137
0.938061
1.00545
1.07036
1.128
1.17251
1.19638
1.20022
1.19492
1.16098
1.07694
1.01063
1.00032
1
1
1
1
1
1
1
0.617034
0.589705
0.53371
0.495537
0.472071
0.464674
0.47005
0.492093
0.520343
0.559493
0.59448
0.644182
0.70627
0.764678
0.823064
0.885251
0.952082
1.02002
1.08424
1.14071
1.18189
1.19908
1.19988
1.19218
1.15177
1.05965
1.00619
1.00014
1
1
1
1
1
1
1
0.620797
0.589852
0.532191
0.498064
0.48001
0.468716
0.467899
0.497307
0.521749
0.558693
0.60098
0.666475
0.719946
0.773138
0.833463
0.896363
0.964911
1.03576
1.10252
1.15801
1.19108
1.2006
1.2007
1.19186
1.13697
1.04194
1.00311
1.00006
1
1
1
1
1
1
1
0.620061
0.586095
0.539232
0.508318
0.484257
0.469562
0.465706
0.499108
0.522409
0.559442
0.623151
0.683504
0.728733
0.780321
0.8475
0.920662
0.995208
1.06719
1.13001
1.17431
1.19653
1.20134
1.20108
1.18706
1.11346
1.02659
1.00144
1.00002
1
1
1
1
1
1
1
0.612181
0.584978
0.55997
0.521672
0.484958
0.469314
0.466147
0.497792
0.52832
0.585061
0.649101
0.693048
0.739552
0.81341
0.888055
0.96023
1.03038
1.09543
1.14856
1.18338
1.19916
1.20148
1.19963
1.16996
1.09198
1.01694
1.0007
1.00001
1
1
1
1
1
1
1
0.607398
0.58799
0.576804
0.526532
0.481896
0.462924
0.471083
0.495474
0.54577
0.612589
0.659557
0.707026
0.775834
0.847052
0.916048
0.983626
1.05083
1.1122
1.16092
1.19017
1.20062
1.20081
1.19445
1.15773
1.07423
1.01022
1.00031
1
1
1
1
1
1
1
1
0.607887
0.597446
0.581331
0.523771
0.471294
0.459718
0.478272
0.512239
0.576885
0.626393
0.665827
0.728267
0.802612
0.867425
0.933658
1.00147
1.06996
1.13016
1.17457
1.19626
1.20114
1.20015
1.19036
1.14716
1.05563
1.00546
1.00012
1
1
1
1
1
1
1
1
0.61383
0.609801
0.579109
0.505096
0.461464
0.459938
0.492666
0.545357
0.592267
0.63053
0.676453
0.759724
0.82075
0.882004
0.953316
1.0272
1.09739
1.15343
1.1871
1.1997
1.20124
1.20088
1.18925
1.13003
1.03612
1.00247
1.00005
1
1
1
1
1
1
1
1
0.624567
0.617246
0.563189
0.483787
0.457304
0.463442
0.518245
0.564086
0.595264
0.632984
0.712719
0.781397
0.837966
0.913037
0.99196
1.06585
1.12773
1.17101
1.19375
1.20084
1.20127
1.20111
1.18265
1.10167
1.02079
1.00101
1.00001
1
1
1
1
1
1
1
1
0.637603
0.617791
0.541847
0.473397
0.457438
0.488577
0.536946
0.567293
0.598891
0.66078
0.743474
0.80446
0.873809
0.954369
1.02829
1.09316
1.14661
1.18151
1.19736
1.20113
1.20151
1.19784
1.16079
1.07769
1.01217
1.00044
1.00001
1
1
1
1
1
1
1
1
0.64667
0.611664
0.526345
0.47032
0.469192
0.511543
0.543029
0.566159
0.609367
0.703864
0.764722
0.831254
0.911975
0.98488
1.05346
1.11469
1.1631
1.19044
1.19975
1.20119
1.20053
1.19043
1.14558
1.0596
1.00664
1.00018
1
1
1
1
1
1
1
1
1
0.646644
0.59328
0.518402
0.469823
0.490474
0.523126
0.543169
0.570066
0.651747
0.725856
0.787011
0.869871
0.941855
1.01134
1.08063
1.1401
1.17991
1.19703
1.20108
1.20121
1.19965
1.18516
1.13175
1.04046
1.00303
1.00006
1
1
1
1
1
1
1
1
1
0.63739
0.585173
0.520884
0.47808
0.496055
0.524267
0.542434
0.59619
0.688557
0.746796
0.819884
0.903707
0.972588
1.04761
1.11583
1.16459
1.19068
1.2002
1.20176
1.20186
1.20066
1.1826
1.10738
1.02218
1.00114
1.00002
1
1
1
1
1
1
1
1
1
0.628159
0.586556
0.533198
0.488378
0.491498
0.514971
0.54509
0.649396
0.709749
0.772564
0.866195
0.941092
1.01509
1.08678
1.14369
1.17982
1.19612
1.20165
1.20216
1.20202
1.19941
1.16637
1.07451
1.01076
1.00039
1.00001
1
1
1
1
1
1
1
1
1
0.625487
0.590759
0.536835
0.490175
0.479167
0.505708
0.598658
0.678858
0.736593
0.823997
0.904362
0.980423
1.05513
1.11766
1.1641
1.1903
1.19947
1.20222
1.20203
1.20106
1.18952
1.13689
1.05074
1.00538
1.00014
1
1
1
1
1
1
1
1
1
1
0.633639
0.592462
0.524759
0.483493
0.476509
0.530564
0.647877
0.700122
0.772292
0.866836
0.945009
1.02444
1.09009
1.14472
1.18171
1.19729
1.20113
1.20227
1.20103
1.19773
1.17879
1.11801
1.03426
1.00241
1.00005
1
1
1
1
1
1
1
1
1
1
0.671116
0.588909
0.49272
0.456109
0.489035
0.599151
0.669124
0.730886
0.829168
0.909037
0.989498
1.06499
1.1249
1.1689
1.19366
1.20025
1.20152
1.2019
1.20083
1.19545
1.17071
1.09672
1.01832
1.00085
1.00001
1
1
1
1
1
1
1
1
1
1
0.697449
0.582963
0.475765
0.440791
0.54423
0.638818
0.692705
0.778023
0.8719
0.954688
1.039
1.10527
1.1556
1.1852
1.19953
1.20108
1.20135
1.2015
1.20169
1.19638
1.15838
1.06284
1.00732
1.00024
1
1
1
1
1
1
1
1
1
1
1
0.701087
0.55665
0.469227
0.455854
0.599838
0.655052
0.726539
0.839763
0.924847
1.01199
1.08462
1.14151
1.1773
1.19438
1.20197
1.2012
1.20122
1.20117
1.2017
1.19111
1.12407
1.03467
1.00272
1.00006
1
1
1
1
1
1
1
1
1
1
1
0.693782
0.530103
0.466593
0.532247
0.624372
0.688837
0.798192
0.894875
0.98126
1.06331
1.12566
1.16905
1.1911
1.19879
1.20257
1.20122
1.20146
1.20057
1.19721
1.16845
1.09246
1.01956
1.00103
1.00002
1
1
1
1
1
1
1
1
1
1
1
0.68956
0.524755
0.480627
0.586415
0.63431
0.739976
0.867344
0.958195
1.04345
1.11066
1.15984
1.18784
1.19817
1.20031
1.20276
1.20099
1.20201
1.19984
1.18964
1.1508
1.06908
1.00964
1.00033
1
1
1
1
1
1
1
1
1
1
1
1
0.662625
0.514164
0.499881
0.609969
0.711075
0.844354
0.939138
1.02451
1.09709
1.15124
1.18315
1.19801
1.20045
1.20061
1.20298
1.20103
1.20232
1.20114
1.18488
1.13084
1.04057
1.00328
1.00008
1
1
1
1
1
1
1
1
1
1
1
1
0.621732
0.507661
0.557742
0.653228
0.800911
0.920439
1.00956
1.08769
1.14334
1.17935
1.19628
1.20181
1.20078
1.20053
1.20352
1.2017
1.20236
1.20117
1.17849
1.09241
1.01634
1.00081
1.00001
1
1
1
1
1
1
1
1
1
1
1
1
0.605231
0.553235
0.626291
0.776154
0.907516
1.00173
1.08201
1.13889
1.17641
1.19506
1.20192
1.20245
1.2006
1.20053
1.20403
1.20245
1.20057
1.19183
1.14279
1.05264
1.006
1.00019
1
1
1
1
1
1
1
1
1
1
1
1
1
0.430281
0.553896
0.722285
0.889359
0.999544
1.07985
1.13902
1.17538
1.19453
1.20168
1.20337
1.20248
1.20033
1.2006
1.20452
1.20252
1.197
1.174
1.10851
1.0294
1.00214
1.00004
1
1
1
1
1
1
1
1
1
1
1
1
1
0.150839
0.653736
0.876714
0.996276
1.08278
1.14399
1.17791
1.19474
1.20159
1.20345
1.20351
1.20217
1.2002
1.20095
1.20472
1.20028
1.19313
1.15863
1.07894
1.01293
1.00053
1.00001
1
1
1
1
1
1
1
1
1
1
1
1
1
0.29832
0.793796
0.983047
1.09204
1.15214
1.18289
1.19692
1.20154
1.20313
1.20365
1.20345
1.20202
1.20013
1.20136
1.20474
1.19698
1.18931
1.13466
1.04018
1.00317
1.00008
1
1
1
1
1
1
1
1
1
1
1
1
1
1
0.553953
0.901299
1.09165
1.16336
1.19043
1.1999
1.20254
1.2027
1.20317
1.20362
1.20345
1.20179
1.20015
1.20166
1.20425
1.1946
1.1717
1.08603
1.01333
1.00053
1.00001
1
1
1
1
1
1
1
1
1
1
1
1
1
1
0.938147
1.11223
1.17845
1.19708
1.20255
1.20344
1.20314
1.20261
1.20306
1.20384
1.2035
1.20135
1.19992
1.20174
1.2025
1.18885
1.13545
1.0431
1.0034
1.00006
1
1
1
1
1
1
1
1
1
1
1
1
1
1
1
1.20272
1.20342
1.20397
1.20426
1.2043
1.20348
1.20265
1.20247
1.20334
1.20413
1.20337
1.20086
1.19932
1.20137
1.19938
1.17218
1.09648
1.0134
0.999849
0.999985
1
1
1
1
1
1
1
1
1
1
1
1
1
1
1
1.20251
1.20308
1.20372
1.20412
1.20429
1.20358
1.20276
1.2023
1.20292
1.20424
1.20378
1.20162
1.19823
1.19889
1.19966
1.17369
1.08955
1.01342
1.00041
1
1
1
1
1
1
1
1
1
1
1
1
1
1
1
1
1.20255
1.203
1.20363
1.20409
1.20423
1.20371
1.20288
1.2023
1.20244
1.2036
1.20365
1.20226
1.19797
1.19744
1.19814
1.15968
1.0583
1.00426
1.00006
1
1
1
1
1
1
1
1
1
1
1
1
1
1
1
1
1.2031
1.20318
1.2036
1.20393
1.20412
1.20401
1.20336
1.20259
1.20209
1.20256
1.20296
1.20297
1.19903
1.19633
1.19485
1.13589
1.0395
1.00211
1.00002
1
1
1
1
1
1
1
1
1
1
1
1
1
1
1
1
1.20366
1.20355
1.20368
1.20383
1.20402
1.20421
1.20406
1.20317
1.20201
1.20151
1.20243
1.20344
1.20084
1.19438
1.18676
1.11522
1.0241
1.00079
1.00001
1
1
1
1
1
1
1
1
1
1
1
1
1
1
1
1
1.20406
1.20381
1.20366
1.2037
1.20389
1.20432
1.20455
1.20383
1.20201
1.20088
1.20198
1.20415
1.20289
1.1937
1.17515
1.09214
1.01244
1.00029
1
1
1
1
1
1
1
1
1
1
1
1
1
1
1
1
1
1.20424
1.2039
1.20359
1.20349
1.2037
1.20439
1.20476
1.20427
1.20217
1.20055
1.20148
1.20483
1.20349
1.19352
1.15999
1.06764
1.00605
1.0001
1
1
1
1
1
1
1
1
1
1
1
1
1
1
1
1
1
1.2042
1.20386
1.20346
1.20332
1.2035
1.20437
1.20481
1.20445
1.20234
1.20037
1.20075
1.20456
1.2034
1.19056
1.1436
1.04683
1.00279
1.00003
1
1
1
1
1
1
1
1
1
1
1
1
1
1
1
1
1
1.20368
1.20352
1.20329
1.20324
1.20336
1.20399
1.2046
1.20449
1.20266
1.20043
1.2002
1.20296
1.20161
1.18186
1.12366
1.02761
1.00105
1.00001
1
1
1
1
1
1
1
1
1
1
1
1
1
1
1
1
1
1.20309
1.20328
1.20323
1.20331
1.20334
1.20352
1.20388
1.20414
1.20314
1.20115
1.20027
1.20242
1.20067
1.1736
1.09865
1.01475
1.00038
1
1
1
1
1
1
1
1
1
1
1
1
1
1
1
1
1
1
1.20277
1.20318
1.20333
1.20351
1.20367
1.20335
1.2031
1.20366
1.20345
1.20215
1.20038
1.20164
1.20019
1.16333
1.07216
1.00715
1.00012
1
1
1
1
1
1
1
1
1
1
1
1
1
1
1
1
1
1
1.20265
1.2032
1.2036
1.20396
1.20408
1.20325
1.20262
1.20299
1.20354
1.20372
1.20025
1.19816
1.19566
1.14619
1.047
1.00289
1.00004
1
1
1
1
1
1
1
1
1
1
1
1
1
1
1
1
1
1
1.20281
1.20332
1.20386
1.20446
1.20451
1.20339
1.20248
1.20222
1.20367
1.20471
1.20142
1.19423
1.18665
1.12443
1.02891
1.00112
1.00001
1
1
1
1
1
1
1
1
1
1
1
1
1
1
1
1
1
1
1.20328
1.20349
1.20415
1.20469
1.20477
1.20372
1.20236
1.20191
1.20342
1.20501
1.2029
1.19284
1.17822
1.10114
1.01541
1.00039
1
1
1
1
1
1
1
1
1
1
1
1
1
1
1
1
1
1
1
1.20366
1.20365
1.20428
1.20473
1.20482
1.20404
1.20258
1.20187
1.20305
1.20499
1.20331
1.19212
1.16617
1.07028
1.00667
1.00011
1
1
1
1
1
1
1
1
1
1
1
1
1
1
1
1
1
1
1
1.20389
1.20381
1.20426
1.20451
1.20469
1.20434
1.20293
1.20204
1.20271
1.20472
1.20266
1.18645
1.14381
1.0459
1.00282
1.00003
1
1
1
1
1
1
1
1
1
1
1
1
1
1
1
1
1
1
1
1.20396
1.20377
1.20376
1.20371
1.20408
1.20452
1.20357
1.20234
1.2021
1.20483
1.20262
1.18168
1.12106
1.02669
1.00097
1.00001
1
1
1
1
1
1
1
1
1
1
1
1
1
1
1
1
1
1
1
1.20364
1.20337
1.20314
1.20302
1.20354
1.20437
1.2042
1.20249
1.20103
1.20323
1.20243
1.17696
1.09158
1.01225
1.00029
1
1
1
1
1
1
1
1
1
1
1
1
1
1
1
1
1
1
1
1
1.20322
1.20309
1.20285
1.20273
1.203
1.20423
1.20441
1.20339
1.19983
1.19878
1.19817
1.15831
1.0629
1.00528
1.00008
1
1
1
1
1
1
1
1
1
1
1
1
1
1
1
1
1
1
1
1
1.2029
1.20305
1.2028
1.20271
1.20262
1.20359
1.20439
1.20467
1.19987
1.19536
1.19249
1.13882
1.04026
1.00202
1.00002
1
1
1
1
1
1
1
1
1
1
1
1
1
1
1
1
1
1
1
1
1.20273
1.20323
1.20327
1.20341
1.20265
1.20289
1.20422
1.20519
1.20245
1.19408
1.18685
1.11294
1.01999
1.00061
1
1
1
1
1
1
1
1
1
1
1
1
1
1
1
1
1
1
1
1
1
1.20266
1.20357
1.20409
1.2044
1.20329
1.20269
1.20367
1.20529
1.20365
1.19323
1.17155
1.07803
1.00869
1.00017
1
1
1
1
1
1
1
1
1
1
1
1
1
1
1
1
1
1
1
1
1
1.20272
1.2037
1.20445
1.20492
1.2039
1.20302
1.20327
1.20571
1.20386
1.18831
1.14871
1.0517
1.00348
1.00004
1
1
1
1
1
1
1
1
1
1
1
1
1
1
1
1
1
1
1
1
1
1.20296
1.20373
1.20459
1.20513
1.20452
1.20305
1.20288
1.20601
1.20427
1.18527
1.12364
1.02748
1.00103
1.00001
1
1
1
1
1
1
1
1
1
1
1
1
1
1
1
1
1
1
1
1
1
1.20321
1.20348
1.20431
1.2051
1.205
1.20313
1.20167
1.20379
1.20363
1.17772
1.08966
1.01156
1.00027
1
1
1
1
1
1
1
1
1
1
1
1
1
1
1
1
1
1
1
1
1
1
1.20336
1.20285
1.20325
1.20425
1.20488
1.20418
1.20065
1.20009
1.19859
1.15504
1.05931
1.0046
1.00007
1
1
1
1
1
1
1
1
1
1
1
1
1
1
1
1
1
1
1
1
1
1
1.20344
1.20249
1.2021
1.20244
1.20387
1.20551
1.20169
1.19755
1.19379
1.1335
1.0332
1.00141
1.00001
1
1
1
1
1
1
1
1
1
1
1
1
1
1
1
1
1
1
1
1
1
1
1.20362
1.20244
1.20143
1.20108
1.20288
1.20596
1.20448
1.19634
1.18479
1.09835
1.01367
1.00035
1
1
1
1
1
1
1
1
1
1
1
1
1
1
1
1
1
1
1
1
1
1
1
1.20373
1.20262
1.20131
1.20074
1.20241
1.20624
1.20574
1.19358
1.16138
1.06273
1.00526
1.00008
1
1
1
1
1
1
1
1
1
1
1
1
1
1
1
1
1
1
1
1
1
1
1
1.20374
1.20299
1.20198
1.20149
1.20259
1.20676
1.20621
1.18757
1.13462
1.03525
1.00158
1.00002
1
1
1
1
1
1
1
1
1
1
1
1
1
1
1
1
1
1
1
1
1
1
1
1.20286
1.20314
1.20302
1.20317
1.20287
1.20683
1.20699
1.18302
1.09771
1.01368
1.00034
1
1
1
1
1
1
1
1
1
1
1
1
1
1
1
1
1
1
1
1
1
1
1
1
1.20221
1.20278
1.20383
1.20476
1.20263
1.20477
1.20585
1.15985
1.0588
1.00456
1.00007
1
1
1
1
1
1
1
1
1
1
1
1
1
1
1
1
1
1
1
1
1
1
1
1
1.20138
1.20188
1.20414
1.20717
1.20571
1.20217
1.19553
1.12897
1.03114
1.00127
1.00001
1
1
1
1
1
1
1
1
1
1
1
1
1
1
1
1
1
1
1
1
1
1
1
1
1.20093
1.20089
1.20248
1.20826
1.20993
1.20121
1.18147
1.09251
1.01127
1.00026
1
1
1
1
1
1
1
1
1
1
1
1
1
1
1
1
1
1
1
1
1
1
1
1
1
1.20085
1.2005
1.20037
1.20881
1.21104
1.19994
1.15534
1.04955
1.00313
1.00004
1
1
1
1
1
1
1
1
1
1
1
1
1
1
1
1
1
1
1
1
1
1
1
1
1
1.20084
1.20041
1.1994
1.20856
1.21117
1.18838
1.1175
1.02246
1.00076
1.00001
1
1
1
1
1
1
1
1
1
1
1
1
1
1
1
1
1
1
1
1
1
1
1
1
1
1.20013
1.20113
1.20018
1.20837
1.21049
1.17331
1.07647
1.00705
1.00013
1
1
1
1
1
1
1
1
1
1
1
1
1
1
1
1
1
1
1
1
1
1
1
1
1
1
1.1985
1.20258
1.2051
1.20725
1.20727
1.14287
1.03398
1.00156
1.00002
1
1
1
1
1
1
1
1
1
1
1
1
1
1
1
1
1
1
1
1
1
1
1
1
1
1
1.19747
1.20496
1.21224
1.20245
1.18751
1.09401
1.01196
1.00028
1
1
1
1
1
1
1
1
1
1
1
1
1
1
1
1
1
1
1
1
1
1
1
1
1
1
1
1.19858
1.21052
1.21624
1.20092
1.15826
1.04984
1.0031
1.00004
1
1
1
1
1
1
1
1
1
1
1
1
1
1
1
1
1
1
1
1
1
1
1
1
1
1
1
1.20444
1.21372
1.21756
1.19555
1.11089
1.01667
1.00048
1
1
1
1
1
1
1
1
1
1
1
1
1
1
1
1
1
1
1
1
1
1
1
1
1
1
1
1
1.2088
1.21305
1.21714
1.16714
1.05573
1.00397
1.00006
1
1
1
1
1
1
1
1
1
1
1
1
1
1
1
1
1
1
1
1
1
1
1
1
1
1
1
1
1.21775
1.20903
1.20005
1.11533
1.02081
1.00068
1.00001
1
1
1
1
1
1
1
1
1
1
1
1
1
1
1
1
1
1
1
1
1
1
1
1
1
1
1
1
1.23981
1.19451
1.1719
1.06238
1.00509
1.00009
1
1
1
1
1
1
1
1
1
1
1
1
1
1
1
1
1
1
1
1
1
1
1
1
1
1
1
1
1
1.25504
1.17806
1.11256
1.02062
1.0008
1.00001
1
1
1
1
1
1
1
1
1
1
1
1
1
1
1
1
1
1
1
1
1
1
1
1
1
1
1
1
1
1.25864
1.14855
1.05739
1.00533
1.00012
1
1
1
1
1
1
1
1
1
1
1
1
1
1
1
1
1
1
1
1
1
1
1
1
1
1
1
1
1
1
1.23527
1.10558
1.02381
1.00113
1.00002
1
1
1
1
1
1
1
1
1
1
1
1
1
1
1
1
1
1
1
1
1
1
1
1
1
1
1
1
1
1
1.19374
1.06412
1.00675
1.00017
1
1
1
1
1
1
1
1
1
1
1
1
1
1
1
1
1
1
1
1
1
1
1
1
1
1
1
1
1
1
1
1.13254
1.02651
1.00133
1.00002
1
1
1
1
1
1
1
1
1
1
1
1
1
1
1
1
1
1
1
1
1
1
1
1
1
1
1
1
1
1
1
1.05485
1.00541
1.00009
1
1
1
1
1
1
1
1
1
1
1
1
1
1
1
1
1
1
1
1
1
1
1
1
1
1
1
1
1
1
1
1
1
1
1
1
1
1
1
1
1
1
1
1
1
1
1
1
1
1
1
1
1
1
1
1
1
1
1
1
1
1
1
1
1
1
1
1
1
1
1
1
1
1
1
1
1
1
1
1
1
1
1
1
1
1
1
1
1
1
1
1
1
1
1
1
1
1
1
1
1
1
1
1
1
1
1
1
1
1
1
1
1
1
1
1
1
1
1
1
1
1
1
1
1
1
1
1
1
1
1
1
1
1
1
1
1
1
1
1
1
1
1
1
1
1
1
1
1
1
1
1
1
1
1
1
1
1
1
1
1
1
1
1
1
1
1
1
1
1
1
1
1
1
1
1
1
1
1
1
1
1
1
1
1
1
1
1
1
1
1
1
1
1
1
1
1
1
1
1
1
1
1
1
1
1
1
1
1
1
1
1
1
1
1
1
1
1
1
1
1
1
1
1
1
1
1
1
1
1
1
1
1
1
1
1
1
1
1
1
1
1
1
1
1
1
1
1
1
1
1
1
1
1
1
1
1
1
1
1
1
1
1
1
1
1
1
1
1
1
1
1
1
1
1
1
1
1
1
1
1
1
1
1
1
1
1
1
1
1
1
1
1
1
1
1
1
1
1
1
1
1
1
1
1
1
1
1
1
1
1
1
1
1
1
1
1
1
1
1
1
1
1
1
1
1
1
1
1
1
1
1
1
1
1
1
1
1
1
1
1
1
1
1
1
1
1
1
1
1
1
1
1
1
1
1
1
1
1
1
1
1
1
1
1
1
1
1
1
1
1
1
1
1
1
1
1
1
1
1
1
1
1
1
1
1
1
1
1
1
1
1
1
1
1
1
1
1
1
1
1
1
1
1
1
1
1
1
1
1
1
1
1
1
1
1
1
1
1
1
1
1
1
1
1
1
1
1
1
1
1
1
1
1
1
1
1
1
1
1
1
1
1
1
1
1
1
1
1
1
1
1
1
1
1
1
1
1
1
1
1
1
1
1
1
1
1
1
1
1
1
1
1
1
1
1
1
1
1
1
1
1
1
1
1
1
1
1
1
1
1
1
1
1
1
1
1
1
1
1
1
1
1
1
1
1
1
1
1
1
1
1
1
1
1
1
1
1
1
1
1
1
1
1
1
1
1
1
1
1
1
1
1
1
1
1
1
1
1
1
1
1
1
1
1
1
1
1
1
1
1
1
1
1
1
1
1
1
1
1
1
1
1
1
1
1
1
1
1
1
1
1
1
1
1
1
1
1
1
1
1
1
1
1
1
1
1
1
1
1
1
1
1
1
1
1
1
1
1
1
1
1
1
1
1
1
1
1
1
1
1
1
1
1
1
1
1
1
1
1
1
1
1
1
1
1
1
1
1
1
1
1
1
1
1
1
1
1
1
1
1
1
1
1
1
1
1
1
1
1
1
1
1
1
1
1
1
1
1
1
1
1
1
1
1
1
1
1
1
1
1
1
1
1
1
1
1
1
1
1
1
1
1
1
1
1
1
1
1
1
1
1
1
1
1
1
1
1
1
1
1
1
1
1
1
1
1
1
1
1
1
1
1
1
1
1
1
1
1
1
1
1
1
1
1
1
1
1
1
1
1
1
1
1
1
1
1
1
1
1
1
1
1
1
1
1
1
1
1
1
1
1
1
1
1
1
1
1
1
1
1
1
1
1
1
1
1
1
1
1
1
1
1
1
1
1
1
1
1
1
1
1
1
1
1
1
1
1
1
1
1
1
1
1
1
1
1
1
1
1
1
1
1
1
1
1
1
1
1
1
1
1
1
1
1
1
1
1
1
1
1
1
1
1
1
1
1
1
1
1
1
1
1
1
1
1
1
1
1
1
1
1
1
1
1
1
1
1
1
1
1
1
1
1
1
1
1
1
1
1
1
1
1
1
1
1
1
1
1
1
1
1
1
1
1
1
1
1
1
1
1
1
1
1
1
1
1
1
1
1
1
1
1
1
1
1
1
1
1
1
1
1
1
1
1
1
1
1
1
1
1
1
1
1
1
1
1
1
1
1
1
1
1
1
1
1
1
1
1
1
1
1
1
1
1
1
1
1
1
1
1
1
1
1
1
1
1
1
1
1
1
1
1
1
1
1
1
1
1
1
1
1
1
1
1
1
1
1
1
1
1
1
1
1
1
1
1
1
1
1
1
1
1
1
1
1
1
1
1
1
1
1
1
1
1
1
1
1
1
1
1
1
1
1
1
1
1
1
1
1
1
1
1
1
1
1
1
1
1
1
1
1
1
1
1
1
1
1
1
1
1
1
1
1
1
1
1
1
1
1
1
1
1
1
1
1
1
1
1
1
1
1
1
1
1
1
1
1
1
1
1
1
1
1
1
1
1
1
1
1
1
1
1
1
1
1
1
1
1
1
1
1
1
1
1
1
1
1
1
1
1
1
1
1
1
1
1
1
1
1
1
1
1
1
1
1
1
1
1
1
1
1
1
1
1
1
1
1
1
1
1
1
1
1
1
1
1
1
1
1
1
1
1
1
1
1
1
1
1
1
1
1
1
1
1
1
1
1
1
1
1
1
1
1
1
1
1
1
1
1
1
1
1
1
1
1
1
1
1
1
1
1
1
1
1
1
1
1
1
1
1
1
1
1
1
1
1
1
1
1
1
1
1
1
1
1
1
1
1
1
1
1
1
1
1
1
1
1
1
1
1
1
1
1
1
1
1
1
1
1
1
1
1
1
1
1
1
1
1
1
1
1
1
1
1
1
1
1
1
1
1
1
1
1
1
1
1
1
1
1
1
1
1
1
1
1
1
1
1
1
1
1
1
1
1
1
1
1
1
1
1
1
1
1
1
1
1
1
1
1
1
1
1
1
1
1
1
1
1
1
1
1
1
1
1
1
1
1
1
1
1
1
1
1
1
1
1
1
1
1
1
1
1
1
1
1
1
1
1
1
1
1
1
1
1
1
1
1
1
1
1
1
1
1
1
1
1
1
1
1
1
1
1
1
1
1
1
1
1
1
1
1
1
1
1
1
1
1
1
1
1
1
1
1
1
1
1
1
1
1
1
1
1
1
1
1
1
1
1
1
1
1
1
1
1
1
1
1
1
1
1
1
1
1
1
1
1
1
1
1
1
1
1
1
1
1
1
1
1
1
1
1
1
1
1
1
1
1
1
1
1
1
1
1
1
1
1
1
1
1
1
1
1
1
1
1
1
1
1
1
1
1
1
1
1
1
1
1
1
1
1
1
1
1
1
1
1
1
1
1
1
1
1
1
1
1
1
1
1
1
1
1
1
1
1
1
1
1
1
1
1
1
1
1
1
1
1
1
1
1
1
1
1
1
1
1
1
1
1
1
1
1
1
1
1
1
1
1
1
1
1
1
1
1
1
1
1
1
1
1
1
1
1
1
1
1
1
1
1
1
1
1
1
1
1
1
1
1
1
1
1
1
1
1
1
1
1
1
1
1
1
1
1
1
1
1
1
1
1
1
1
1
1
1
1
1
1
1
1
1
1
1
1
1
1
1
1
1
1
1
1
1
1
1
1
1
1
1
1
1
1
1
1
1
1
1
1
1
1
1
1
1
1
1
1
1
1
1
1
1
1
1
1
1
1
1
1
1
1
1
1
1
1
1
1
1
1
1
1
1
1
1
1
1
1
1
1
1
1
1
1
1
1
1
1
1
1
1
1
1
1
1
1
1
1
1
1
1
1
1
1
1
1
1
1
1
1
1
1
1
1
1
1
1
1
1
1
1
1
1
1
1
1
1
1
1
1
1
1
1
1
1
1
1
1
1
1
1
1
1
1
1
1
1
1
1
1
1
1
1
1
1
1
1
1
1
1
1
1
1
1
1
1
1
1
1
1
1
1
1
1
1
1
1
1
1
1
1
1
1
1
1
1
1
1
1
1
1
1
1
1
1
1
1
1
1
1
1
1
1
1
1
1
1
1
1
1
1
1
1
1
1
1
1
1
1
1
1
1
1
1
1
1
1
1
1
1
1
1
1
1
1
1
1
1
1
1
1
1
1
1
1
1
1
1
1
1
1
1
1
1
1
1
1
1
1
1
1
1
1
1
1
1
1
1
1
1
1
1
1
1
1
1
1
1
1
1
1
1
1
1
1
1
1
1
1
1
1
1
1
1
1
1
1
1
1
1
1
1
1
1
1
1
1
1
1
1
1
1
1
1
1
1
1
1
1
1
1
1
1
1
1
1
1
1
1
1
1
1
1
1
1
1
1
1
1
1
1
1
1
1
1
1
1
1
1
1
1
1
1
1
1
1
1
1
1
1
1
1
1
1
1
1
1
1
1
1
1
1
1
1
1
1
1
1
1
1
1
1
1
1
1
1
1
1
1
1
1
1
1
1
1
1
1
1
1
1
1
1
1
1
1
1
1
1
1
1
1
1
1
1
1
1
1
1
1
1
1
1
1
1
1
1
1
1
1
1
1
1
1
1
1
1
1
1
1
1
1
1
1
1
1
1
1
1
1
1
1
1
1
1
1
1
1
1
1
1
1
1
1
1
1
1
1
1
1
1
1
1
1
1
1
1
1
1
1
1
1
1
1
1
1
1
1
1
1
1
1
1
1
1
1
1
1
1
1
1
1
1
1
1
1
1
1
1
1
1
1
1
1
1
1
1
1
1
1
1
1
1
1
1
1
1
1
1
1
1
1
1
1
1
1
1
1
1
1
1
1
1
1
1
1
1
1
1
1
1
1
1
1
1
1
1
1
1
1
1
1
1
1
1
1
1
1
1
1
1
1
1
1
1
1
1.16479
0.999858
1
1
1
1
1
1
1
1
1
1
1
1
1
1
1
1
1
1
1
1
1
1
1
1
1
1
1
1
1
1
1
1
1
1.43668
1.02109
1
1
1
1
1
1
1
1
1
1
1
1
1
1
1
1
1
1
1
1
1
1
1
1
1
1
1
1
1
1
1
1
1
1.73012
1.1779
0.999851
1
1
1
1
1
1
1
1
1
1
1
1
1
1
1
1
1
1
1
1
1
1
1
1
1
1
1
1
1
1
1
1
1.9729
1.57556
1.04559
0.999984
1
1
1
1
1
1
1
1
1
1
1
1
1
1
1
1
1
1
1
1
1
1
1
1
1
1
1
1
1
1
1
2.08148
1.90104
1.65356
1.04739
0.999973
1
1
1
1
1
1
1
1
1
1
1
1
1
1
1
1
1
1
1
1
1
1
1
1
1
1
1
1
1
1
1.97962
1.89879
2.00794
1.63932
1.03348
1
1
1
1
1
1
1
1
1
1
1
1
1
1
1
1
1
1
1
1
1
1
1
1
1
1
1
1
1
1
1.8944
1.90147
1.99668
1.99385
1.45563
0.999676
1
1
1
1
1
1
1
1
1
1
1
1
1
1
1
1
1
1
1
1
1
1
1
1
1
1
1
1
1
1.86447
1.89786
1.96765
1.98785
1.8736
1.23861
0.999781
1
1
1
1
1
1
1
1
1
1
1
1
1
1
1
1
1
1
1
1
1
1
1
1
1
1
1
1
1.86826
1.89008
1.92334
1.96021
1.99257
1.68294
1.06061
1
1
1
1
1
1
1
1
1
1
1
1
1
1
1
1
1
1
1
1
1
1
1
1
1
1
1
1
1.86927
1.88677
1.91034
1.95354
1.98615
1.87346
1.34918
0.999689
1
1
1
1
1
1
1
1
1
1
1
1
1
1
1
1
1
1
1
1
1
1
1
1
1
1
1
1.87286
1.88856
1.91738
1.95327
1.97757
1.95183
1.70419
1.09731
0.999893
1
1
1
1
1
1
1
1
1
1
1
1
1
1
1
1
1
1
1
1
1
1
1
1
1
1
1.87815
1.8926
1.92149
1.95396
1.96903
1.9581
1.88863
1.4306
1.00152
1
1
1
1
1
1
1
1
1
1
1
1
1
1
1
1
1
1
1
1
1
1
1
1
1
1
1.88443
1.89726
1.92365
1.95347
1.96268
1.95695
1.92225
1.69735
1.11311
0.999941
1
1
1
1
1
1
1
1
1
1
1
1
1
1
1
1
1
1
1
1
1
1
1
1
1
1.89038
1.90125
1.92366
1.95223
1.96258
1.95758
1.93497
1.85159
1.38801
0.999912
1
1
1
1
1
1
1
1
1
1
1
1
1
1
1
1
1
1
1
1
1
1
1
1
1
1.89504
1.90434
1.92385
1.95192
1.96234
1.95725
1.94689
1.92065
1.69776
1.10118
1
1
1
1
1
1
1
1
1
1
1
1
1
1
1
1
1
1
1
1
1
1
1
1
1
1.89866
1.90528
1.92485
1.95198
1.96174
1.95933
1.94829
1.9307
1.83766
1.37595
0.999644
1
1
1
1
1
1
1
1
1
1
1
1
1
1
1
1
1
1
1
1
1
1
1
1
1.89869
1.90483
1.92578
1.95143
1.96245
1.96162
1.94987
1.93379
1.89935
1.63491
1.05917
1
1
1
1
1
1
1
1
1
1
1
1
1
1
1
1
1
1
1
1
1
1
1
1
1.89797
1.90416
1.92636
1.95077
1.96186
1.96173
1.95189
1.93738
1.92062
1.83393
1.31548
0.999653
1
1
1
1
1
1
1
1
1
1
1
1
1
1
1
1
1
1
1
1
1
1
1
1.89717
1.90399
1.92626
1.94972
1.96109
1.9614
1.951
1.93798
1.93034
1.89018
1.60815
1.04065
1
1
1
1
1
1
1
1
1
1
1
1
1
1
1
1
1
1
1
1
1
1
1
1.8973
1.90427
1.92546
1.94757
1.95923
1.9604
1.95101
1.93963
1.93221
1.90632
1.782
1.22522
0.999744
1
1
1
1
1
1
1
1
1
1
1
1
1
1
1
1
1
1
1
1
1
1
1.89826
1.9049
1.92431
1.94528
1.95669
1.95807
1.9508
1.94048
1.93099
1.91332
1.89402
1.51812
1.0125
1
1
1
1
1
1
1
1
1
1
1
1
1
1
1
1
1
1
1
1
1
1
1.90043
1.90641
1.9238
1.94379
1.95493
1.9562
1.94985
1.94014
1.92961
1.91927
1.92032
1.76074
1.15859
0.99982
1
1
1
1
1
1
1
1
1
1
1
1
1
1
1
1
1
1
1
1
1
1.9026
1.90829
1.92373
1.94345
1.95447
1.95536
1.94935
1.93938
1.9286
1.92132
1.91472
1.85757
1.41729
1.00208
1
1
1
1
1
1
1
1
1
1
1
1
1
1
1
1
1
1
1
1
1
1.90408
1.90974
1.92412
1.94351
1.95435
1.95491
1.94926
1.93947
1.92902
1.92056
1.91459
1.91618
1.66139
1.06515
1
1
1
1
1
1
1
1
1
1
1
1
1
1
1
1
1
1
1
1
1
1.90493
1.91069
1.9248
1.94353
1.954
1.95467
1.94957
1.93985
1.92968
1.9216
1.91823
1.92906
1.8382
1.29115
0.999653
1
1
1
1
1
1
1
1
1
1
1
1
1
1
1
1
1
1
1
1
1.90569
1.91106
1.92496
1.94302
1.9532
1.95442
1.9501
1.94066
1.93052
1.92185
1.91816
1.92753
1.89423
1.55931
1.02121
1
1
1
1
1
1
1
1
1
1
1
1
1
1
1
1
1
1
1
1
1.90669
1.9111
1.92481
1.94202
1.95213
1.95392
1.95021
1.94158
1.93132
1.92212
1.91731
1.92195
1.91535
1.74327
1.14662
0.999828
1
1
1
1
1
1
1
1
1
1
1
1
1
1
1
1
1
1
1
1.9076
1.91118
1.92435
1.94092
1.95091
1.95314
1.95012
1.9423
1.93205
1.92291
1.91723
1.92193
1.92704
1.87385
1.39469
1.00131
1
1
1
1
1
1
1
1
1
1
1
1
1
1
1
1
1
1
1
1.90821
1.91147
1.92382
1.93994
1.94987
1.95242
1.95003
1.94281
1.93295
1.92411
1.91837
1.92274
1.93006
1.90891
1.64739
1.05417
1
1
1
1
1
1
1
1
1
1
1
1
1
1
1
1
1
1
1
1.90834
1.912
1.92354
1.93938
1.94929
1.95201
1.94995
1.94302
1.9335
1.92476
1.91994
1.92268
1.9294
1.91769
1.7952
1.22762
0.999719
1
1
1
1
1
1
1
1
1
1
1
1
1
1
1
1
1
1
1.90808
1.91248
1.92349
1.93898
1.94888
1.95173
1.94984
1.94298
1.93368
1.92478
1.92077
1.9224
1.92675
1.92067
1.89006
1.47004
1.00691
1
1
1
1
1
1
1
1
1
1
1
1
1
1
1
1
1
1
1.90796
1.91285
1.92349
1.9385
1.94847
1.95142
1.94973
1.94298
1.93373
1.92484
1.92107
1.92163
1.92557
1.92455
1.92364
1.69366
1.08395
1
1
1
1
1
1
1
1
1
1
1
1
1
1
1
1
1
1
1.90851
1.91319
1.92353
1.93793
1.94795
1.95093
1.94952
1.94311
1.93394
1.9251
1.92139
1.92133
1.92526
1.92624
1.92291
1.83194
1.28868
0.999634
1
1
1
1
1
1
1
1
1
1
1
1
1
1
1
1
1
1.90966
1.91375
1.92364
1.93749
1.94739
1.95027
1.94908
1.94315
1.93434
1.92577
1.92193
1.92158
1.92534
1.92619
1.92099
1.89481
1.52524
1.01439
1
1
1
1
1
1
1
1
1
1
1
1
1
1
1
1
1
1.91101
1.91452
1.92385
1.93729
1.94686
1.94957
1.94848
1.94318
1.93478
1.92656
1.92276
1.92226
1.92526
1.92576
1.92178
1.92394
1.70474
1.10203
0.999899
1
1
1
1
1
1
1
1
1
1
1
1
1
1
1
1
1.91211
1.91539
1.92413
1.93722
1.9464
1.94906
1.94794
1.94323
1.93525
1.92721
1.92322
1.92232
1.92481
1.9256
1.9238
1.93046
1.85057
1.313
1.00011
1
1
1
1
1
1
1
1
1
1
1
1
1
1
1
1
1.91272
1.91607
1.92438
1.93714
1.94601
1.94867
1.94766
1.94323
1.93568
1.92771
1.92336
1.92212
1.92427
1.92548
1.92371
1.92798
1.9018
1.55884
1.02057
1
1
1
1
1
1
1
1
1
1
1
1
1
1
1
1
1.91285
1.91647
1.92454
1.93687
1.94561
1.94838
1.9475
1.94319
1.93603
1.92815
1.92346
1.92187
1.92389
1.92556
1.92296
1.92367
1.92007
1.71586
1.11505
0.999872
1
1
1
1
1
1
1
1
1
1
1
1
1
1
1
1.91287
1.91651
1.92467
1.93634
1.9451
1.94809
1.94739
1.94322
1.93639
1.92859
1.92363
1.9219
1.92373
1.92581
1.92373
1.92357
1.92946
1.84026
1.30744
1.00031
1
1
1
1
1
1
1
1
1
1
1
1
1
1
1
1.91311
1.91637
1.92462
1.9359
1.94448
1.94775
1.94729
1.94338
1.93675
1.92902
1.92388
1.92212
1.92366
1.92581
1.92503
1.92473
1.93126
1.90464
1.55041
1.01969
1
1
1
1
1
1
1
1
1
1
1
1
1
1
1
1.91363
1.91638
1.92439
1.93561
1.94396
1.94733
1.94708
1.94358
1.93714
1.92942
1.92409
1.92238
1.92351
1.92555
1.92566
1.92509
1.93033
1.91961
1.71914
1.1142
0.999873
1
1
1
1
1
1
1
1
1
1
1
1
1
1
1.91414
1.91675
1.92428
1.93544
1.94364
1.94709
1.94689
1.94366
1.93748
1.92969
1.92428
1.92261
1.92331
1.92521
1.92568
1.92468
1.9274
1.92628
1.82609
1.2904
1.00034
1
1
1
1
1
1
1
1
1
1
1
1
1
1
1.91451
1.91742
1.92435
1.93536
1.94347
1.94697
1.94674
1.94361
1.93769
1.92998
1.92458
1.92292
1.92324
1.92504
1.92588
1.92485
1.92612
1.92899
1.90157
1.51567
1.01404
1
1
1
1
1
1
1
1
1
1
1
1
1
1
1.9147
1.91791
1.92452
1.93527
1.94335
1.94682
1.94656
1.94355
1.9378
1.93035
1.92512
1.92331
1.92329
1.92505
1.92622
1.92537
1.92606
1.92992
1.91725
1.7056
1.0972
0.9999
1
1
1
1
1
1
1
1
1
1
1
1
1
1.91486
1.91825
1.92481
1.93506
1.94313
1.94648
1.94624
1.94352
1.93793
1.93077
1.92573
1.92376
1.92343
1.92504
1.92636
1.92614
1.92665
1.92998
1.92286
1.80447
1.25698
1.0002
1
1
1
1
1
1
1
1
1
1
1
1
1
1.91512
1.91833
1.92508
1.93475
1.94271
1.94579
1.94573
1.94342
1.93808
1.93122
1.9263
1.92413
1.92355
1.92486
1.92626
1.92637
1.92688
1.92947
1.9249
1.89005
1.46727
1.00828
0.999991
1
1
1
1
1
1
1
1
1
1
1
1
1.91556
1.91834
1.9251
1.93436
1.94219
1.94501
1.94525
1.94324
1.93823
1.93165
1.92675
1.9243
1.92358
1.92453
1.92588
1.92634
1.92684
1.92878
1.92687
1.91893
1.66889
1.07046
1.00002
1
1
1
1
1
1
1
1
1
1
1
1
1.91613
1.91848
1.92499
1.93396
1.94157
1.94431
1.94489
1.94308
1.93836
1.93207
1.92715
1.92445
1.92361
1.92435
1.92562
1.92621
1.92643
1.92804
1.92837
1.92168
1.77639
1.20492
1.00003
1
1
1
1
1
1
1
1
1
1
1
1
1.91639
1.91853
1.92473
1.93334
1.94067
1.94361
1.94454
1.94296
1.93853
1.93249
1.92748
1.92451
1.92372
1.92436
1.92563
1.92625
1.92639
1.92797
1.92958
1.92437
1.8712
1.4205
1.00699
1
1
1
1
1
1
1
1
1
1
1
1
1.91743
1.92093
1.92778
1.93604
1.94192
1.94404
1.94466
1.94299
1.9385
1.93277
1.92734
1.92445
1.92392
1.92457
1.92583
1.9264
1.92657
1.92828
1.92996
1.92458
1.91452
1.58024
1.01706
0.99943
0.999995
1
1
1
1
1
1
1
1
1
1
1.49256
1.72115
1.80057
1.85438
1.89233
1.91558
1.92889
1.93574
1.93542
1.93227
1.92822
1.92528
1.92422
1.92453
1.92556
1.92648
1.92657
1.9275
1.92969
1.92633
1.92483
1.79081
1.24874
1.00591
1.00002
1
1
1
1
1
1
1
1
1
1
1.02958
1.45866
1.61367
1.70822
1.77604
1.83291
1.87107
1.89899
1.91311
1.92086
1.92176
1.92174
1.92214
1.92345
1.92488
1.92627
1.92652
1.92678
1.92872
1.92859
1.92366
1.91741
1.54937
1.05714
1.00054
1
1
1
1
1
1
1
1
1
1
0.997046
1.26196
1.41864
1.54793
1.64364
1.7144
1.77927
1.82794
1.86356
1.88534
1.8997
1.90655
1.91267
1.91747
1.92166
1.9246
1.92632
1.9263
1.92726
1.92915
1.92372
1.9302
1.8042
1.25202
1.00692
1.00003
1
1
1
1
1
1
1
1
1
1.03622
1.15522
1.25534
1.38091
1.51076
1.59927
1.67373
1.73527
1.79319
1.82961
1.85746
1.87612
1.88959
1.90193
1.91124
1.91862
1.92342
1.92562
1.92591
1.9283
1.92536
1.93184
1.91321
1.54142
1.0531
1.00046
1
1
1
1
1
1
1
1
1
1.12791
1.11627
1.14702
1.24126
1.36442
1.48654
1.57222
1.64557
1.70608
1.76536
1.79941
1.83329
1.85349
1.87453
1.89053
1.90465
1.91462
1.92137
1.92398
1.92627
1.9283
1.93369
1.92321
1.73909
1.19872
1.00445
1.00002
1
1
1
1
1
1
1
1
1.17242
1.07909
1.07564
1.17163
1.25142
1.36943
1.47276
1.56105
1.62338
1.69232
1.74243
1.7764
1.81196
1.83482
1.86201
1.87988
1.89829
1.91036
1.91813
1.92242
1.92898
1.93539
1.92247
1.88377
1.43957
1.0286
1.00019
1
1
1
1
1
1
1
1
1.19418
1.06216
1.01203
1.11832
1.19688
1.27187
1.37267
1.47493
1.55636
1.61072
1.68171
1.72101
1.76367
1.79429
1.82338
1.85033
1.87247
1.8923
1.90574
1.91495
1.92536
1.93625
1.91994
1.92599
1.7
1.13838
1.00213
1.00001
1
1
1
1
1
1
1
1.20893
1.0634
0.988685
1.05476
1.14794
1.22595
1.29444
1.38394
1.48703
1.54944
1.61446
1.67223
1.7056
1.75293
1.78046
1.81704
1.84054
1.86831
1.88661
1.90194
1.91715
1.93271
1.9219
1.92497
1.83593
1.34651
1.01401
1.00007
1
1
1
1
1
1
1
1.20146
1.07669
1.00072
1.00947
1.08268
1.18319
1.25319
1.3119
1.41179
1.49828
1.5452
1.61925
1.66101
1.70494
1.7436
1.77481
1.81048
1.83597
1.86401
1.88292
1.90345
1.92454
1.92043
1.92145
1.89647
1.57278
1.06603
1.00058
1
1
1
1
1
1
1
1.19833
1.10563
1.03009
1.00687
1.01495
1.11467
1.20957
1.27392
1.33443
1.43872
1.50129
1.55868
1.62009
1.652
1.70526
1.7358
1.77699
1.80439
1.83692
1.86072
1.88547
1.91054
1.91238
1.91601
1.91785
1.73252
1.19763
1.00412
1.00002
1
1
1
1
1
1
1.19758
1.13798
1.06169
1.00943
0.994352
1.03856
1.14967
1.24064
1.29042
1.37447
1.45897
1.5012
1.57443
1.61774
1.65931
1.70322
1.73533
1.77663
1.80322
1.83777
1.86312
1.89234
1.89988
1.90959
1.91603
1.85365
1.40218
1.02204
1.00013
1
1
1
1
1
1
1.18697
1.14451
1.07831
1.0144
0.99488
1.02119
1.07667
1.1925
1.26626
1.31085
1.40831
1.46851
1.51957
1.58264
1.61372
1.66858
1.70129
1.74451
1.77464
1.81097
1.84071
1.8703
1.88189
1.89785
1.91058
1.90029
1.62942
1.09196
1.00097
1
1
1
1
1
1
1.17157
1.14235
1.08126
1.02225
1.0021
1.0264
1.04265
1.12655
1.23056
1.2817
1.35212
1.43292
1.47179
1.54258
1.58647
1.62535
1.67235
1.70513
1.74922
1.77972
1.81916
1.84458
1.86144
1.88274
1.90123
1.89923
1.75906
1.23731
1.00553
1.00002
1
1
1
1
1
1.15812
1.13369
1.07942
1.02834
1.01268
1.02654
1.04038
1.07592
1.18315
1.26048
1.30124
1.3907
1.44695
1.49232
1.55514
1.58619
1.64115
1.67574
1.71915
1.7541
1.794
1.82112
1.84196
1.86382
1.88963
1.89333
1.82474
1.40675
1.02317
1.00012
1
1
1
1
1
1.15454
1.12294
1.07403
1.0284
1.01678
1.02214
1.03651
1.07155
1.12462
1.22582
1.27885
1.34121
1.4171
1.45215
1.51927
1.56333
1.6008
1.64992
1.68331
1.73083
1.76467
1.80271
1.81892
1.84492
1.87452
1.88835
1.86903
1.57148
1.07558
1.00073
1
1
1
1
1
1.15387
1.12127
1.07361
1.02893
1.01492
1.01622
1.03065
1.07076
1.09829
1.17854
1.25647
1.29767
1.38107
1.43294
1.47337
1.53516
1.5668
1.62163
1.65801
1.70321
1.7399
1.78102
1.79735
1.82755
1.85602
1.88114
1.8793
1.72988
1.1982
1.00388
1.00001
1
1
1
1
1.15678
1.12505
1.07769
1.03266
1.01229
1.00762
1.01911
1.06052
1.0907
1.14023
1.22565
1.27734
1.33707
1.40733
1.43934
1.50295
1.54704
1.58388
1.63466
1.67189
1.71858
1.75269
1.77971
1.80742
1.83923
1.86865
1.87613
1.7938
1.36408
1.01654
1.00008
1
1
1
1
1.16056
1.13388
1.0878
1.03958
1.01303
1.00036
1.00425
1.03811
1.07689
1.11798
1.19293
1.25938
1.29458
1.37447
1.42367
1.46103
1.52175
1.55419
1.60883
1.64941
1.69419
1.72311
1.76054
1.78831
1.82211
1.85179
1.86801
1.82416
1.50459
1.05107
1.00038
1
1
1
1
1.15718
1.13555
1.09305
1.04871
1.01764
1.00022
1.00101
1.02388
1.05848
1.09778
1.15721
1.23504
1.2791
1.33504
1.4013
1.43217
1.49252
1.53668
1.57385
1.62763
1.66694
1.70357
1.7356
1.77155
1.80035
1.83419
1.859
1.84565
1.62065
1.12272
1.00164
1.00001
1
1
1
1.14699
1.13249
1.09262
1.05686
1.02631
1.00314
1.00137
1.01508
1.04449
1.08621
1.12128
1.20443
1.26693
1.29664
1.37165
1.41855
1.45376
1.5138
1.54849
1.60345
1.64533
1.68433
1.7112
1.75301
1.7778
1.81648
1.84729
1.8467
1.73153
1.24755
1.00682
1.00003
1
1
1
1.13302
1.12564
1.09022
1.05962
1.03188
1.01175
1.00512
1.01227
1.03138
1.07652
1.10734
1.16391
1.24363
1.28357
1.33507
1.39815
1.42904
1.48685
1.53266
1.57167
1.62456
1.65952
1.6946
1.72963
1.7624
1.79495
1.82939
1.84354
1.77718
1.38646
1.02218
1.00012
1
1
1
1.12695
1.11755
1.08542
1.05827
1.03581
1.02326
1.0143
1.01211
1.01757
1.06178
1.10102
1.13125
1.21471
1.27363
1.30134
1.371
1.41643
1.45108
1.51183
1.54994
1.60248
1.63515
1.67795
1.70673
1.74738
1.77463
1.81237
1.83552
1.79597
1.51828
1.06048
1.00049
1
1
1
1.12819
1.11351
1.08016
1.0545
1.03726
1.02863
1.02183
1.01352
1.01401
1.04037
1.08941
1.12463
1.1788
1.25304
1.29065
1.33594
1.39736
1.43045
1.48636
1.53449
1.57466
1.61803
1.65574
1.69177
1.72753
1.75992
1.79478
1.82536
1.8078
1.60096
1.12803
1.0018
1.00001
1
1
1.13345
1.11398
1.07898
1.0503
1.03705
1.02871
1.02273
1.01375
1.01363
1.02747
1.07456
1.12102
1.14754
1.22543
1.28107
1.3081
1.37255
1.41844
1.45385
1.51504
1.55315
1.60165
1.63093
1.67669
1.70619
1.74535
1.77586
1.81365
1.80982
1.67686
1.22383
1.00601
1.00002
1
1
1.14126
1.1183
1.07888
1.04781
1.03488
1.02753
1.02182
1.0122
1.01215
1.02247
1.05498
1.10989
1.14143
1.19123
1.26182
1.29944
1.33933
1.4004
1.43684
1.49091
1.53613
1.58063
1.61497
1.65719
1.69274
1.72785
1.76156
1.79897
1.80754
1.73649
1.34054
1.01708
1.00008
1
1
1.14381
1.12129
1.07905
1.04682
1.03308
1.02537
1.0201
1.01231
1.01257
1.02105
1.03332
1.09256
1.13851
1.16459
1.23519
1.28915
1.31752
1.37682
1.42465
1.46204
1.51793
1.55303
1.60028
1.63457
1.67985
1.70961
1.74861
1.78319
1.80174
1.75438
1.4595
1.04431
1.00031
1
1
1.14103
1.12143
1.08092
1.04688
1.03331
1.02529
1.01963
1.01334
1.01428
1.02144
1.02598
1.0702
1.12751
1.15981
1.20153
1.2702
1.30994
1.34574
1.4072
1.44693
1.49763
1.53419
1.58252
1.61928
1.66302
1.69656
1.73236
1.76465
1.79265
1.76413
1.5331
1.09166
1.00103
1
1
1.13265
1.11974
1.08371
1.0483
1.03435
1.02634
1.0206
1.01545
1.01749
1.02165
1.024
1.04677
1.10962
1.15555
1.18198
1.24431
1.29856
1.3295
1.38389
1.43374
1.47292
1.52004
1.55707
1.60519
1.64058
1.68399
1.71251
1.74736
1.78376
1.76955
1.60045
1.15803
1.00308
1.00001
1
1.12289
1.11554
1.0856
1.05042
1.03501
1.0272
1.02151
1.01776
1.01846
1.02017
1.02156
1.03917
1.08653
1.1437
1.17866
1.2133
1.27954
1.32188
1.35644
1.41711
1.45682
1.50458
1.53772
1.58876
1.62383
1.66909
1.6978
1.73503
1.77215
1.76892
1.66749
1.24937
1.0082
1.00003
1
1.11983
1.11213
1.08712
1.05257
1.03439
1.02678
1.02152
1.01928
1.01736
1.0181
1.02142
1.04138
1.06223
1.12417
1.17256
1.20103
1.25299
1.30909
1.34463
1.39465
1.44208
1.48205
1.52547
1.56648
1.61134
1.64882
1.68625
1.72089
1.75631
1.76525
1.69153
1.35025
1.02099
1.00011
1
1.12016
1.11105
1.08804
1.0541
1.03315
1.02584
1.02135
1.01906
1.01538
1.01617
1.02149
1.04209
1.05539
1.09842
1.15892
1.19749
1.22701
1.28993
1.33629
1.37103
1.4266
1.46201
1.51229
1.54905
1.59777
1.63055
1.67336
1.70234
1.74209
1.75996
1.70702
1.42129
1.04414
1.00033
1
1.12314
1.11163
1.08737
1.05396
1.03151
1.02433
1.02124
1.019
1.01408
1.01306
1.01941
1.03899
1.05547
1.07925
1.13803
1.18899
1.22031
1.26337
1.32256
1.36056
1.40699
1.44839
1.49342
1.53751
1.57909
1.61936
1.65756
1.68772
1.72849
1.75371
1.72183
1.49009
1.07981
1.00092
1
1.12645
1.11278
1.08522
1.05273
1.02975
1.02284
1.02153
1.01958
1.01414
1.01
1.01471
1.03238
1.05204
1.07619
1.11153
1.17328
1.21574
1.2451
1.30311
1.35067
1.38524
1.43521
1.47229
1.52482
1.56018
1.60789
1.64083
1.67863
1.71108
1.74569
1.72876
1.56791
1.13811
1.00242
1.00001
1.12627
1.11245
1.08263
1.05105
1.02898
1.0222
1.02231
1.02067
1.01501
1.00959
1.01146
1.02454
1.04491
1.07384
1.10035
1.15009
1.20501
1.2409
1.27794
1.33662
1.3732
1.41976
1.45926
1.50839
1.54883
1.59315
1.62941
1.66788
1.69804
1.73582
1.72802
1.60158
1.21142
1.00613
1.00002
1.12372
1.1105
1.07966
1.04964
1.02901
1.02209
1.02315
1.02192
1.01664
1.01004
1.01105
1.01797
1.03594
1.06808
1.09805
1.12819
1.18774
1.23448
1.26593
1.31706
1.36181
1.39719
1.44729
1.48795
1.53767
1.57399
1.61896
1.65174
1.68758
1.72481
1.72457
1.62545
1.27698
1.01355
1.00006
1.11866
1.10717
1.07781
1.0493
1.02941
1.02219
1.02304
1.02225
1.01892
1.01258
1.0116
1.01585
1.02576
1.05656
1.09254
1.12331
1.16357
1.22161
1.26104
1.29436
1.34892
1.38348
1.43448
1.47502
1.52435
1.56093
1.60687
1.6371
1.67337
1.7099
1.71956
1.65574
1.34408
1.02603
1.00017
1.11475
1.10455
1.07765
1.04952
1.03042
1.02221
1.022
1.02165
1.0198
1.0166
1.01431
1.01603
1.02113
1.04261
1.08226
1.1199
1.14987
1.20213
1.25221
1.28466
1.33186
1.37338
1.41461
1.46383
1.50469
1.55058
1.58995
1.62807
1.65863
1.69654
1.71497
1.67365
1.42296
1.04967
1.00044
1.11308
1.10327
1.07786
1.05005
1.03159
1.02169
1.01958
1.01983
1.0195
1.01845
1.01754
1.01666
1.02126
1.03723
1.06585
1.11178
1.14663
1.18012
1.23773
1.278
1.31116
1.36211
1.39874
1.45204
1.48927
1.53917
1.57381
1.61761
1.64681
1.68618
1.70951
1.67815
1.4727
1.08592
1.00109
1.11199
1.10264
1.07907
1.05088
1.03198
1.02008
1.01601
1.01659
1.0183
1.01849
1.01809
1.01617
1.02048
1.03528
1.05403
1.09778
1.14071
1.17311
1.21665
1.26784
1.3006
1.34821
1.38944
1.43537
1.47961
1.52334
1.56355
1.60345
1.63367
1.67241
1.70254
1.67838
1.50813
1.12799
1.0025
1.11179
1.10244
1.08029
1.05112
1.03164
1.0185
1.0137
1.01371
1.01643
1.01795
1.0177
1.01542
1.01875
1.0332
1.05091
1.07893
1.12969
1.16935
1.20095
1.25297
1.29227
1.3273
1.37903
1.41865
1.46959
1.50571
1.55337
1.58697
1.62317
1.65538
1.6945
1.68034
1.55581
1.17989
1.00516
1.11084
1.10147
1.08018
1.05094
1.03072
1.0178
1.01308
1.01303
1.01486
1.01677
1.01685
1.01487
1.0176
1.02948
1.04761
1.07174
1.11267
1.16121
1.19601
1.23256
1.28224
1.31597
1.36722
1.40918
1.45674
1.49579
1.54111
1.57679
1.6148
1.64575
1.68669
1.68024
1.58494
1.24338
1.01055
1.10849
1.10002
1.07926
1.05021
1.02946
1.01754
1.01306
1.01284
1.0144
1.01573
1.01561
1.01416
1.01695
1.02587
1.04277
1.07003
1.09678
1.14776
1.19012
1.22066
1.26878
1.30844
1.34877
1.39932
1.43875
1.48663
1.52431
1.56829
1.60354
1.63647
1.67581
1.67823
1.59669
1.29847
1.0206
1.1056
1.09805
1.07723
1.04852
1.02831
1.01747
1.01351
1.01314
1.01433
1.01502
1.01446
1.01265
1.01646
1.02301
1.0347
1.06564
1.09351
1.12915
1.17981
1.21471
1.24963
1.29916
1.33627
1.38856
1.42735
1.47617
1.51243
1.55831
1.58942
1.62297
1.66222
1.6743
1.61175
1.3426
1.0345
1.10397
1.09623
1.07445
1.04632
1.02737
1.01732
1.01359
1.0132
1.01448
1.01466
1.01409
1.01229
1.01497
1.02106
1.02637
1.05743
1.09066
1.11951
1.16391
1.20714
1.23871
1.28721
1.32858
1.37216
1.41835
1.4604
1.50384
1.54499
1.58016
1.61207
1.65153
1.66972
1.62635
1.39878
1.05659
1.10317
1.09542
1.07275
1.04468
1.02608
1.0168
1.01328
1.01265
1.01408
1.01452
1.01389
1.01237
1.01371
1.01948
1.02369
1.04567
1.08411
1.11668
1.14726
1.19615
1.23222
1.26824
1.31941
1.35855
1.40905
1.44591
1.49447
1.53048
1.5722
1.60334
1.63979
1.66443
1.63314
1.44504
1.09033
1.10284
1.0951
1.0719
1.04389
1.02448
1.01557
1.0124
1.01168
1.01288
1.01424
1.0139
1.01268
1.01363
1.01735
1.02205
1.03915
1.07376
1.1115
1.14114
1.17954
1.22455
1.25772
1.30824
1.35024
1.39607
1.43736
1.48238
1.52119
1.5621
1.59162
1.62505
1.65758
1.6326
1.4691
1.12797
1.10225
1.09467
1.0713
1.04369
1.0237
1.01433
1.01047
1.00982
1.0111
1.01353
1.01386
1.01344
1.01368
1.01546
1.02025
1.03852
1.05946
1.10191
1.13687
1.16664
1.21412
1.25198
1.29099
1.34123
1.37971
1.42869
1.46598
1.51224
1.54819
1.57894
1.61498
1.65081
1.63244
1.49779
1.17165
1.10077
1.09362
1.07077
1.04354
1.02366
1.01411
1.00918
1.00792
1.0091
1.0121
1.01365
1.01436
1.01407
1.01446
1.01849
1.0372
1.0538
1.08703
1.12959
1.16111
1.19782
1.24445
1.28081
1.33122
1.37069
1.41885
1.45621
1.50225
1.53579
1.57143
1.60637
1.64336
1.63225
1.52986
1.22372
1.09875
1.09191
1.06967
1.04327
1.02354
1.01393
1.00876
1.00717
1.00749
1.01019
1.01305
1.0143
1.01404
1.01373
1.01663
1.0338
1.05245
1.07568
1.11805
1.15552
1.18684
1.23403
1.27475
1.31636
1.36261
1.40387
1.44846
1.4886
1.5284
1.56379
1.59537
1.6343
1.63114
1.54205
1.27491
1.09591
1.09025
1.07053
1.04419
1.024
1.01401
1.00873
1.0069
1.00649
1.00819
1.01187
1.01358
1.01353
1.01278
1.01473
1.0275
1.04825
1.07214
1.10292
1.14626
1.17999
1.21769
1.26625
1.30484
1.35373
1.39149
1.43941
1.47535
1.51997
1.55404
1.58289
1.62463
1.62865
1.54983
1.32323
1.12015
1.08842
1.06765
1.04177
1.02253
1.01326
1.00847
1.00658
1.00598
1.00734
1.01091
1.01288
1.0129
1.01196
1.01381
1.02412
1.04481
1.07234
1.09673
1.13899
1.17639
1.20995
1.26076
1.30087
1.34814
1.38739
1.43328
1.4703
1.51354
1.54654
1.57548
1.61874
1.62654
1.55732
1.35564
1.14246
1.08661
1.06505
1.03968
1.02121
1.0126
1.0082
1.00632
1.00579
1.00727
1.01046
1.01239
1.01225
1.01097
1.01303
1.02285
1.04238
1.07203
1.09685
1.1333
1.17381
1.20776
1.25675
1.2982
1.34418
1.38486
1.42927
1.46846
1.50941
1.54032
1.57342
1.61557
1.62505
1.56373
1.37662
1.15994
1.08475
1.0621
1.03741
1.01968
1.01175
1.00777
1.00599
1.00559
1.00721
1.01032
1.01199
1.01126
1.00901
1.01174
1.02115
1.03972
1.07042
1.09673
1.12955
1.17074
1.20444
1.25104
1.29459
1.33662
1.38074
1.42283
1.46482
1.50499
1.53453
1.57104
1.61079
1.62298
1.56926
1.40448
1.17999
1.08401
1.05894
1.03515
1.01816
1.01081
1.0074
1.0059
1.00546
1.00707
1.01023
1.0117
1.01065
1.00867
1.01111
1.02045
1.03661
1.06717
1.09497
1.12636
1.16751
1.20288
1.24647
1.29136
1.32845
1.37671
1.41463
1.45978
1.49956
1.53324
1.56638
1.60341
1.62081
1.57186
1.42702
1.18744
1.08346
1.05542
1.0326
1.01655
1.00986
1.00714
1.0059
1.00543
1.00702
1.01008
1.01146
1.01039
1.00866
1.01125
1.02101
1.03363
1.06313
1.09259
1.1206
1.16377
1.20173
1.24093
1.28734
1.32461
1.37253
1.40988
1.45502
1.49327
1.53075
1.56091
1.5975
1.61869
1.57316
1.44804
1.19671
1.08361
1.05154
1.02987
1.01472
1.00886
1.00682
1.00583
1.00538
1.00699
1.00982
1.01113
1.01012
1.00862
1.01182
1.02108
1.03049
1.0591
1.08958
1.11686
1.15734
1.19844
1.23252
1.28202
1.3204
1.36741
1.40502
1.45006
1.48696
1.52561
1.55564
1.59149
1.61611
1.57606
1.47457
1.20692
1.08578
1.04831
1.02642
1.01264
1.00792
1.00637
1.00563
1.00524
1.00688
1.00949
1.01047
1.00976
1.00864
1.01199
1.02087
1.02755
1.05544
1.08523
1.11485
1.1508
1.1936
1.22947
1.277
1.31696
1.36233
1.40091
1.44484
1.48153
1.51982
1.54917
1.58306
1.61181
1.57978
1.50555
1.20616
1.08929
1.04434
1.02294
1.01028
1.00697
1.00572
1.00519
1.00495
1.00657
1.00898
1.00959
1.00928
1.00882
1.01105
1.02008
1.02712
1.05101
1.08082
1.11194
1.14518
1.18885
1.22735
1.27227
1.31313
1.35689
1.3968
1.43933
1.47684
1.51357
1.54213
1.57759
1.6068
1.57971
1.53333
1.20598
1.0941
1.042
1.02064
1.00817
1.00563
1.00455
1.00428
1.00426
1.00606
1.0083
1.00869
1.00866
1.00884
1.01087
1.01841
1.02677
1.04525
1.07657
1.10822
1.13963
1.18378
1.22337
1.26274
1.30718
1.34637
1.39079
1.43043
1.4712
1.50741
1.53685
1.57147
1.60204
1.5781
1.55925
1.20289
1.09781
1.04416
1.01694
1.00628
1.0041
1.00308
1.00298
1.00327
1.00536
1.00733
1.00796
1.00808
1.00877
1.01098
1.0159
1.02358
1.04368
1.0718
1.10453
1.13547
1.17486
1.21858
1.25365
1.3019
1.33813
1.38508
1.42026
1.4644
1.50064
1.53055
1.56411
1.59727
1.57804
1.58997
1.19665
1.0995
1.04869
1.0165
1.00567
1.00302
1.00226
1.00226
1.00272
1.00465
1.00615
1.00732
1.00777
1.00858
1.01093
1.01362
1.02101
1.04268
1.06509
1.0998
1.13239
1.16577
1.21384
1.2499
1.29453
1.33342
1.37805
1.41491
1.45766
1.49132
1.52396
1.55648
1.59088
1.58062
1.61866
1.20371
1.10585
1.05558
1.01829
1.00535
1.00229
1.00165
1.0021
1.00261
1.00384
1.0051
1.00659
1.00734
1.00779
1.01065
1.01134
1.01886
1.03969
1.05933
1.0913
1.12884
1.16165
1.20416
1.24556
1.28309
1.32767
1.3659
1.40874
1.44679
1.4844
1.51733
1.54662
1.58414
1.58631
1.64561
1.21803
1.11534
1.06309
1.02294
1.00531
1.00167
1.00108
1.00199
1.00254
1.00293
1.00404
1.00545
1.00601
1.00654
1.0093
1.00995
1.01557
1.03446
1.05532
1.08469
1.12155
1.15833
1.19506
1.24043
1.27691
1.32135
1.35858
1.40181
1.43715
1.47794
1.50762
1.53731
1.5761
1.59604
1.67447
1.23392
1.12783
1.0721
1.02983
1.00606
1.00098
1.00077
1.00178
1.00237
1.00232
1.0031
1.00432
1.00488
1.00606
1.00726
1.00813
1.01257
1.0298
1.05058
1.08054
1.11401
1.15247
1.18962
1.23045
1.27076
1.31033
1.35205
1.39037
1.43065
1.46855
1.49837
1.52889
1.5661
1.6045
1.70395
1.25014
1.14247
1.08247
1.03772
1.0081
1.0003
1.00053
1.00142
1.00194
1.00184
1.00256
1.00375
1.0049
1.00573
1.00565
1.00468
1.00904
1.02709
1.0448
1.07427
1.1082
1.14445
1.18343
1.2214
1.26266
1.30193
1.34313
1.38099
1.42175
1.45695
1.49118
1.51866
1.55475
1.60998
1.7336
1.24825
1.15534
1.09763
1.05144
1.01389
1.00045
1.00008
1.00077
1.00126
1.00131
1.00219
1.00352
1.00508
1.00555
1.00427
1.00171
1.00388
1.02303
1.04052
1.06732
1.10057
1.13697
1.17495
1.21388
1.25267
1.29399
1.33228
1.37255
1.4101
1.44817
1.48221
1.50824
1.54367
1.61732
1.76361
1.24032
1.16724
1.11123
1.06502
1.02401
1.00214
0.998893
0.999411
0.999925
1.0004
1.00144
1.00302
1.00481
1.00505
1.00321
1.00039
1.00139
1.01704
1.03519
1.06246
1.09226
1.12885
1.16656
1.20496
1.24367
1.28379
1.3225
1.36167
1.39927
1.4382
1.47113
1.49763
1.53541
1.62595
1.79494
1.22386
1.16666
1.11921
1.08473
1.04554
1.00803
0.998118
0.997963
0.998447
0.999027
1.00019
1.00195
1.00344
1.00335
1.00135
0.999269
1.00065
1.01195
1.02759
1.05686
1.08566
1.11984
1.15802
1.19549
1.2342
1.27265
1.31203
1.34982
1.38838
1.42624
1.45993
1.4859
1.52404
1.62987
1.82471
1.20737
1.16431
1.12906
1.10513
1.06835
1.02016
0.999195
0.996913
0.997709
0.998744
0.999754
1.00089
1.00164
1.00053
0.99852
0.997301
0.999449
1.00851
1.02003
1.04906
1.07901
1.11215
1.1488
1.18579
1.22373
1.26205
1.30038
1.33821
1.37625
1.41364
1.44779
1.47441
1.51576
1.64198
1.85424
1.20553
1.15979
1.13336
1.11311
1.08896
1.04627
1.00575
0.997023
0.997471
0.998594
0.999498
1.0001
0.999812
0.997788
0.995583
0.994669
0.995989
1.00394
1.01487
1.04265
1.07128
1.10418
1.13907
1.17574
1.21264
1.2508
1.28842
1.32622
1.36369
1.40103
1.43527
1.46196
1.50772
1.64817
1.88181
1.20446
1.15496
1.13553
1.12093
1.1097
1.07405
1.02161
0.999028
0.99679
0.997944
0.998793
0.999014
0.998002
0.995487
0.993195
0.992376
0.992437
0.998808
1.01039
1.03691
1.06279
1.09547
1.12948
1.16479
1.20149
1.23919
1.27619
1.3135
1.35056
1.38764
1.42227
1.45
1.49779
1.65473
1.90886
1.20031
1.15092
1.13404
1.12082
1.11293
1.09545
1.0535
1.00811
0.997057
0.997058
0.99721
0.99684
0.995705
0.993525
0.991448
0.990552
0.990677
0.993652
1.00517
1.0307
1.05441
1.08581
1.11895
1.15386
1.18998
1.227
1.26351
1.30032
1.33692
1.37381
1.40829
1.43655
1.49477
1.66944
1.92824
1.19241
1.14717
1.13098
1.12233
1.11751
1.11431
1.0853
1.02928
0.999757
0.994568
0.994751
0.994147
0.993081
0.991463
0.989671
0.988772
0.989193
0.98916
0.99938
1.02353
1.04546
1.07644
1.10859
1.1425
1.17808
1.21448
1.25018
1.28634
1.32232
1.35834
1.39282
1.42303
1.48917
1.6745
1.94633
1.18688
1.14616
1.12779
1.12211
1.11839
1.11616
1.10454
1.06709
1.01473
0.99502
0.991233
0.990683
0.990035
0.989022
0.987662
0.986892
0.986657
0.98512
0.994485
1.01558
1.0372
1.06757
1.09769
1.13106
1.16589
1.20142
1.23637
1.27177
1.30739
1.34263
1.37656
1.40878
1.4893
1.68458
1.95935
1.18423
1.14564
1.12564
1.12067
1.11993
1.12035
1.12151
1.10434
1.04659
1.00168
0.989501
0.987861
0.987266
0.986755
0.985597
0.984469
0.982998
0.98154
0.992192
1.00851
1.02819
1.05817
1.08715
1.1195
1.15315
1.18803
1.2222
1.25672
1.29143
1.32599
1.35995
1.39599
1.49513
1.69497
1.95987
1.18197
1.14573
1.12584
1.12016
1.12029
1.12043
1.11947
1.11016
1.08373
1.02867
0.993176
0.985075
0.984944
0.984518
0.983275
0.981271
0.979299
0.978867
0.989555
1.00038
1.01913
1.04893
1.07559
1.10759
1.14043
1.17405
1.20732
1.24128
1.27526
1.30942
1.34322
1.38475
1.50884
1.70001
1.95794
1.17909
1.14538
1.12757
1.12102
1.11881
1.11755
1.11673
1.11686
1.11467
1.06993
1.01128
0.98625
0.981548
0.981749
0.980396
0.977782
0.976379
0.977512
0.986
0.993035
1.01071
1.03844
1.06434
1.09572
1.12724
1.15986
1.19212
1.22516
1.25822
1.2909
1.32508
1.37365
1.52761
1.70332
1.94685
1.17916
1.14728
1.13241
1.12405
1.1194
1.11754
1.11653
1.11729
1.11506
1.09236
1.05538
1.00125
0.981652
0.977834
0.976598
0.975185
0.975678
0.97692
0.981512
0.984364
1.00145
1.02829
1.0525
1.08321
1.11336
1.14483
1.17595
1.20813
1.24034
1.27279
1.30767
1.36973
1.55362
1.70106
1.92436
1.17711
1.14801
1.1351
1.12676
1.12161
1.1188
1.11671
1.11675
1.11601
1.11124
1.09412
1.03114
0.987484
0.974841
0.972615
0.973652
0.974497
0.974759
0.975689
0.978183
0.996209
1.01789
1.04145
1.07227
1.10047
1.13086
1.161
1.19226
1.22325
1.25444
1.29181
1.3774
1.58334
1.69616
1.89425
1.17913
1.15133
1.13758
1.12998
1.12604
1.1238
1.12181
1.12056
1.11902
1.11809
1.11283
1.08391
1.03963
0.993048
0.974153
0.970252
0.970016
0.968862
0.967702
0.970975
0.986893
1.00134
1.02372
1.05274
1.07834
1.10714
1.13523
1.16482
1.19427
1.22584
1.27788
1.41947
1.6231
1.67832
1.83252
)
;

boundaryField
{
    inlet
    {
        type            fixedValue;
        value           uniform 1;
    }
    outlet
    {
        type            inletOutlet;
        inletValue      uniform 1;
        value           nonuniform List<scalar> 
70
(
1.17918
1.15139
1.13755
1.12994
1.126
1.12378
1.12182
1.12057
1.11901
1.11807
1.11282
1.08391
1.03962
0.99302
0.974117
0.970214
0.96998
0.968829
0.967672
0.970949
0.986871
1.00131
1.0237
1.05272
1.07832
1.1071
1.13519
1.16478
1.19423
1.2258
1.27778
1.41915
1.62281
1.67821
1.83254
1.24231
1.33892
1.44116
1.51222
1.53652
1.53563
1.50086
1.42877
1.33481
1.23591
1.1219
0.863037
0.604404
0.622838
0.642229
0.659886
0.679322
0.702895
0.725044
0.752535
0.778654
0.807649
0.840192
0.872943
0.909023
0.946484
0.985518
1.02687
1.07526
1.12812
1.15404
1.14862
1.10693
1.03375
1.00302
)
;
    }
    airfoil
    {
        type            zeroGradient;
    }
    top
    {
        type            symmetryPlane;
    }
    bottom
    {
        type            symmetryPlane;
    }
    defaultFaces
    {
        type            empty;
    }
}


// ************************************************************************* //
