/*--------------------------------*- C++ -*----------------------------------*\
  =========                 |
  \\      /  F ield         | OpenFOAM: The Open Source CFD Toolbox
   \\    /   O peration     | Website:  https://openfoam.org
    \\  /    A nd           | Version:  7
     \\/     M anipulation  |
\*---------------------------------------------------------------------------*/
FoamFile
{
    version     2.0;
    format      ascii;
    class       volScalarField;
    location    "1";
    object      T;
}
// * * * * * * * * * * * * * * * * * * * * * * * * * * * * * * * * * * * * * //

dimensions      [0 0 0 1 0 0 0];

internalField   nonuniform List<scalar> 
11200
(
0.886786
1.05543
1.14679
1.19625
1.22907
1.26269
1.26442
1.2603
1.24312
1.20222
1.15832
1.13256
1.12487
1.12127
1.11283
1.09578
1.07866
1.06138
1.04357
1.02764
1.02737
1.02829
1.02709
1.0255
1.02374
1.01945
1.00931
0.989586
0.968699
0.964292
0.584062
0.584436
0.618299
0.69513
0.802535
0.902378
0.993036
1.0897
1.19729
1.2729
1.27176
1.24578
1.21797
1.19619
1.16965
1.1543
1.14844
1.14153
1.1312
1.11949
1.10939
1.1064
1.10385
1.0974
1.08469
1.06425
1.03557
0.999445
0.968558
0.963388
0.582379
0.581354
0.579903
0.577311
0.573737
0.568595
0.568397
0.620208
0.788713
1.02437
1.19601
1.25044
1.2586
1.24056
1.21818
1.20248
1.19858
1.19662
1.19864
1.19607
1.18885
1.178
1.1622
1.14357
1.11951
1.08656
1.04288
0.993328
0.960639
0.960547
0.581352
0.579795
0.578198
0.574997
0.571201
0.571182
0.570871
0.570653
0.570025
0.586541
0.725817
0.966164
1.12528
1.22852
1.27833
1.25727
1.23266
1.22633
1.22896
1.2274
1.21672
1.19157
1.16637
1.14114
1.11118
1.07225
1.02536
0.985838
0.958705
0.958382
0.583324
0.580689
0.578171
0.576883
0.577322
0.579327
0.582775
0.584047
0.583906
0.58214
0.574938
0.544252
0.593576
0.847521
1.12811
1.24676
1.25065
1.23887
1.22421
1.20926
1.19504
1.18163
1.15947
1.12841
1.09193
1.05071
1.00713
0.972374
0.953143
0.955707
0.583502
0.581947
0.581893
0.582397
0.584369
0.587726
0.589469
0.589107
0.588135
0.58544
0.5774
0.55313
0.512359
0.492985
0.577255
0.865546
1.09444
1.18654
1.1763
1.1637
1.15484
1.14242
1.11938
1.08741
1.05153
1.0169
0.983352
0.959145
0.947755
0.952973
0.586488
0.585723
0.585685
0.587022
0.590135
0.591818
0.591693
0.590649
0.589102
0.585806
0.57732
0.55607
0.520416
0.503378
0.502603
0.504008
0.588454
0.80147
0.940923
1.01019
1.03706
1.04199
1.03716
1.02576
1.00811
0.986427
0.963553
0.950125
0.944277
0.950853
0.587634
0.587595
0.588615
0.590927
0.592301
0.592001
0.590876
0.589436
0.586432
0.581192
0.573561
0.558431
0.533455
0.514571
0.513069
0.516459
0.522727
0.532355
0.567167
0.663101
0.775982
0.860992
0.92021
0.953696
0.959677
0.954515
0.946459
0.941721
0.938989
0.947665
0.588738
0.589635
0.592355
0.593021
0.592328
0.590617
0.589194
0.587818
0.584424
0.579481
0.572711
0.565219
0.551992
0.532557
0.525849
0.52888
0.536853
0.549885
0.561751
0.578394
0.594753
0.627013
0.694898
0.780843
0.850225
0.891433
0.910541
0.919075
0.922627
0.940449
0.590617
0.592749
0.594087
0.593779
0.592351
0.590679
0.589867
0.588503
0.584484
0.582436
0.582384
0.582442
0.580172
0.567863
0.557626
0.559007
0.565597
0.577066
0.592167
0.605661
0.620743
0.637297
0.654038
0.674176
0.709447
0.758921
0.811892
0.858392
0.885593
0.928325
0.601775
0.602339
0.603276
0.605228
0.604424
0.603316
0.602766
0.601876
0.602578
0.605797
0.610107
0.611513
0.611736
0.60443
0.588478
0.585815
0.589554
0.597935
0.611021
0.625356
0.639185
0.656359
0.674287
0.691909
0.711316
0.738
0.772163
0.817227
0.859626
0.927802
0.614096
0.614015
0.614353
0.615926
0.615258
0.614625
0.615665
0.618328
0.62021
0.622641
0.628397
0.631664
0.631724
0.626601
0.610486
0.602517
0.605307
0.612815
0.623066
0.638435
0.655793
0.670651
0.687681
0.709364
0.732787
0.756688
0.785552
0.823773
0.863568
0.931721
0.626023
0.626229
0.626633
0.62768
0.62933
0.632039
0.633655
0.635067
0.637663
0.642005
0.649684
0.655633
0.657381
0.656785
0.645421
0.632699
0.633538
0.640407
0.654093
0.670157
0.687054
0.705242
0.72453
0.744976
0.767172
0.789928
0.813307
0.842274
0.87766
0.943122
0.655208
0.656403
0.658133
0.660019
0.661946
0.66402
0.666502
0.66935
0.672418
0.676141
0.683037
0.689844
0.691227
0.690834
0.681942
0.667678
0.666577
0.671372
0.68206
0.696551
0.712143
0.729547
0.748773
0.769304
0.792305
0.818963
0.847907
0.8791
0.912498
0.964542
0.681178
0.681852
0.682834
0.684078
0.685545
0.687665
0.69071
0.693028
0.695679
0.699262
0.705812
0.713489
0.715692
0.716024
0.709767
0.694469
0.691408
0.695929
0.705927
0.720854
0.738601
0.756769
0.775973
0.798027
0.823191
0.850854
0.880922
0.914006
0.948122
0.98462
0.710876
0.712044
0.713166
0.71465
0.716452
0.718507
0.72197
0.724988
0.727887
0.7315
0.738038
0.746479
0.749282
0.74979
0.745508
0.732195
0.728029
0.731671
0.741514
0.756188
0.773367
0.792632
0.813754
0.83639
0.861016
0.888408
0.918805
0.950897
0.978861
0.996331
0.741171
0.742774
0.744298
0.745891
0.747832
0.750039
0.753597
0.756847
0.759836
0.763385
0.769838
0.77835
0.781216
0.781832
0.778382
0.766397
0.76251
0.765868
0.774874
0.789629
0.807967
0.827907
0.849455
0.873138
0.899081
0.927081
0.955855
0.980844
0.995354
0.999634
0.773905
0.776147
0.778489
0.780961
0.783443
0.78616
0.789349
0.792355
0.795419
0.799117
0.805754
0.813666
0.816219
0.816795
0.813404
0.803288
0.801094
0.804633
0.814077
0.829585
0.84876
0.869715
0.892071
0.915803
0.940567
0.964884
0.984984
0.996328
0.999615
0.999988
0.812173
0.815215
0.818202
0.820832
0.823194
0.825873
0.828982
0.832294
0.835468
0.839292
0.845887
0.851687
0.85339
0.853631
0.84924
0.841848
0.842106
0.846641
0.857312
0.874002
0.893866
0.914797
0.936139
0.95718
0.976247
0.990514
0.997802
0.999771
0.999991
1
0.860074
0.862282
0.864856
0.867607
0.870594
0.872782
0.874914
0.878193
0.881905
0.885141
0.889192
0.891958
0.892931
0.891969
0.886198
0.883908
0.886179
0.892755
0.905271
0.922392
0.940834
0.958587
0.974524
0.987299
0.995518
0.99908
0.999911
0.999996
1
1
0.923905
0.923994
0.924278
0.92473
0.925628
0.927755
0.929581
0.930256
0.930922
0.931737
0.932795
0.933387
0.932569
0.928449
0.926326
0.927889
0.932097
0.940424
0.952888
0.966649
0.978997
0.988689
0.995198
0.998584
0.999754
0.999978
0.999999
1
1
1
0.987486
0.985409
0.983229
0.981279
0.979607
0.977841
0.975991
0.974542
0.973163
0.971742
0.970307
0.968428
0.965433
0.964031
0.965056
0.967574
0.972191
0.979111
0.986645
0.992765
0.996767
0.998891
0.999737
0.999962
0.999997
1
1
1
1
1
1.01215
1.01101
1.00967
1.0081
1.00626
1.00399
1.00121
0.998518
0.996136
0.994068
0.992182
0.990158
0.989078
0.989392
0.990353
0.992011
0.994384
0.996844
0.998593
0.9995
0.999864
0.999974
0.999997
1
1
1
1
1
1
1
1.0103
1.00917
1.00795
1.00666
1.00546
1.00446
1.00359
1.00247
1.00126
1.00016
0.99918
0.998558
0.998512
0.998642
0.998905
0.999273
0.999638
0.999869
0.999963
0.999992
0.999999
1
1
1
1
1
1
1
1
1
1.00405
1.00348
1.00292
1.00242
1.00194
1.00142
1.00095
1.00061
1.00035
1.00015
1
0.999934
0.999933
0.999943
0.999962
0.999982
0.999994
0.999999
1
1
1
1
1
1
1
1
1
1
1
1
1.00041
1.00034
1.00027
1.00021
1.00015
1.0001
1.00006
1.00004
1.00002
1.00001
1
0.999999
0.999999
0.999999
1
1
1
1
1
1
1
1
1
1
1
1
1
1
1
1
1.00001
1.00001
1
1
1
1
1
1
1
1
1
1
1
1
1
1
1
1
1
1
1
1
1
1
1
1
1
1
1
1
1
1
1
1
1
1
1
1
1
1
1
1
1
1
1
1
1
1
1
1
1
1
1
1
1
1
1
1
1
1
1
1
1
1
1
1
1
1
1
1
1
1
1
1
1
1
1
1
1
1
1
1
1
1
1
1
1
1
1
1
1
1
1
1
1
1
1
1
1
1
1
1
1
1
1
1
1
1
1
1
1
1
1
1
1
1
1
1
1
1
1
1
1
1
1
1
1
1
1
1
1
1
1
1
1
1
1
1
1
1
1
1
1
1
1
1
1
1
1
1
1
1
1
1
1
1
1
1
1
1
1
1
1
1
1
1
1
1
1
1
1
1
1
1
1
1
1
1
1
1
1
1
1
1
1
1
1
1
1
1
1
1
1
1
1
1
1
1
1
1
1
1
1
1
1
1
1
1
1
1
1
1
1
1
1
1
1
1
1
1
1
1
1
1
1
1
1
1
1
1
1
1
1
1
1
1
1
1
1
1
1
1
1
1
1
1
1
1
1
1
1
1
1
1
1
1
1
1
1
1
1
1
1
1
1
1
1
1
1
1
0.586225
0.584638
0.583313
0.585238
0.588539
0.589405
0.590597
0.58965
0.588803
0.588099
0.59965
0.614296
0.625845
0.654068
0.680249
0.709295
0.739151
0.770803
0.808391
0.858309
0.923909
0.99096
1.0138
1.01208
1.00488
1.00052
1.00001
1
1
1
1
1
1
1
1
0.586878
0.583526
0.584771
0.590885
0.596755
0.59777
0.598112
0.59427
0.59009
0.587278
0.599762
0.616542
0.62907
0.657314
0.68308
0.711727
0.740448
0.77103
0.809337
0.863992
0.937232
1.00035
1.01683
1.01429
1.00554
1.00054
1.00001
1
1
1
1
1
1
1
1
0.588012
0.58305
0.590661
0.596649
0.601362
0.603437
0.603268
0.597879
0.590722
0.584427
0.59048
0.611043
0.62759
0.655735
0.678917
0.70419
0.732355
0.76708
0.809909
0.871114
0.946734
1.00659
1.01974
1.0166
1.00624
1.00059
1.00001
1
1
1
1
1
1
1
1
0.594261
0.588528
0.597785
0.599842
0.601698
0.606308
0.605674
0.598987
0.582065
0.569872
0.570078
0.588263
0.604077
0.631198
0.658351
0.691742
0.729272
0.770307
0.818721
0.880637
0.956951
1.01289
1.02317
1.01888
1.00678
1.0006
1.00001
1
1
1
1
1
1
1
1
0.602435
0.596396
0.605148
0.602348
0.597327
0.606574
0.603831
0.585985
0.549122
0.538207
0.537648
0.559791
0.580106
0.612447
0.648165
0.688375
0.73103
0.775941
0.826124
0.88996
0.967618
1.01955
1.02671
1.02122
1.00714
1.00059
1.00001
1
1
1
1
1
1
1
1
0.609164
0.6029
0.611014
0.606311
0.594936
0.593253
0.580883
0.544954
0.510448
0.504771
0.508422
0.536165
0.564879
0.601952
0.642993
0.687287
0.733159
0.780556
0.832526
0.899599
0.979503
1.02628
1.03054
1.02344
1.00727
1.00054
1.00001
1
1
1
1
1
1
1
1
0.615098
0.609249
0.617645
0.614143
0.595945
0.56704
0.538339
0.510023
0.479385
0.475893
0.49011
0.516799
0.552241
0.591843
0.637132
0.685457
0.735061
0.783646
0.83833
0.911323
0.992041
1.03247
1.03477
1.0253
1.0072
1.00048
1.00001
1
1
1
1
1
1
1
1
0.623375
0.618746
0.626712
0.617809
0.594571
0.545491
0.507086
0.479629
0.457749
0.457393
0.482136
0.509031
0.545964
0.587129
0.634521
0.684962
0.735557
0.786069
0.846727
0.926146
1.00413
1.03844
1.0392
1.02677
1.00689
1.00041
1.00001
1
1
1
1
1
1
1
1
0.637489
0.635609
0.635355
0.615872
0.571222
0.518111
0.481693
0.454967
0.445
0.449038
0.479954
0.508453
0.545373
0.587348
0.635105
0.684565
0.735057
0.790845
0.862228
0.941287
1.01535
1.04427
1.04363
1.02772
1.00639
1.00033
1
1
1
1
1
1
1
1
1
0.653277
0.651818
0.640559
0.609456
0.551235
0.496101
0.458377
0.436073
0.438225
0.445787
0.479051
0.508483
0.545532
0.587546
0.634087
0.683509
0.737292
0.808062
0.877139
0.955203
1.02668
1.05008
1.04777
1.02817
1.00575
1.00026
1
1
1
1
1
1
1
1
1
0.661394
0.65722
0.640987
0.603247
0.534647
0.4798
0.438983
0.430118
0.43418
0.444991
0.475094
0.506394
0.544836
0.587737
0.633837
0.688874
0.759801
0.822917
0.889233
0.969478
1.03833
1.05573
1.05141
1.02821
1.00497
1.00019
1
1
1
1
1
1
1
1
1
0.662966
0.657118
0.634324
0.57749
0.508507
0.457307
0.432796
0.429198
0.432001
0.447931
0.474361
0.506796
0.549483
0.595685
0.649384
0.714204
0.77291
0.831177
0.900121
0.985189
1.04966
1.0615
1.0546
1.02709
1.00409
1.00013
1
1
1
1
1
1
1
1
1
0.655772
0.639233
0.601761
0.537285
0.478771
0.445454
0.434687
0.431114
0.432157
0.453268
0.482075
0.519941
0.563015
0.612527
0.6683
0.72341
0.778152
0.838434
0.914516
1.00227
1.06019
1.06755
1.05754
1.02559
1.00325
1.00009
1
1
1
1
1
1
1
1
1
0.620665
0.595323
0.552547
0.500953
0.464254
0.444357
0.439328
0.435567
0.438927
0.464473
0.495866
0.533394
0.574404
0.622778
0.673596
0.72663
0.783051
0.850799
0.932226
1.01924
1.07012
1.07377
1.05999
1.02356
1.00243
1.00005
1
1
1
1
1
1
1
1
1
0.594656
0.566185
0.524949
0.490392
0.463444
0.446043
0.439595
0.437041
0.446665
0.477864
0.505948
0.54217
0.583107
0.628679
0.677648
0.730933
0.79663
0.870657
0.951717
1.03626
1.07902
1.07998
1.06106
1.02072
1.00174
1.00003
1
1
1
1
1
1
1
1
1
0.588814
0.562532
0.522048
0.49146
0.464332
0.446725
0.436131
0.435585
0.450426
0.482007
0.512172
0.548782
0.590231
0.634818
0.685136
0.74969
0.820162
0.889297
0.97028
1.05325
1.08687
1.08571
1.06037
1.01741
1.00118
1.00002
1
1
1
1
1
1
1
1
1
0.587203
0.564494
0.523971
0.496399
0.464232
0.444066
0.431377
0.430201
0.451394
0.481357
0.516396
0.554819
0.598082
0.647474
0.710511
0.774403
0.8362
0.905227
0.989805
1.06964
1.09458
1.0902
1.05826
1.01406
1.00075
1.00001
1
1
1
1
1
1
1
1
1
0.590707
0.567983
0.527789
0.497851
0.463176
0.441299
0.429439
0.428943
0.452019
0.479016
0.520853
0.566828
0.615374
0.671274
0.729676
0.78653
0.848725
0.922081
1.01094
1.08475
1.10222
1.09331
1.05415
1.01069
1.00045
1.00001
1
1
1
1
1
1
1
1
1
0.59177
0.569241
0.531375
0.497672
0.461389
0.441099
0.429961
0.429451
0.458874
0.487866
0.535533
0.580767
0.628664
0.681575
0.737622
0.798067
0.864075
0.94267
1.03338
1.09847
1.10876
1.09543
1.04899
1.00776
1.00026
1
1
1
1
1
1
1
1
1
1
0.588307
0.567797
0.533364
0.496202
0.460959
0.442552
0.433982
0.435113
0.469054
0.502413
0.543898
0.586568
0.634193
0.688588
0.747766
0.814002
0.886228
0.96709
1.05565
1.11012
1.11412
1.09673
1.04275
1.00521
1.00014
1
1
1
1
1
1
1
1
1
1
0.577096
0.561748
0.533209
0.494102
0.460437
0.44353
0.435982
0.444619
0.477777
0.508798
0.548012
0.590481
0.640366
0.699362
0.767336
0.839956
0.91006
0.991234
1.07706
1.11971
1.11926
1.09404
1.03488
1.00332
1.00007
1
1
1
1
1
1
1
1
1
1
0.570539
0.557099
0.5293
0.488833
0.455118
0.441185
0.435425
0.45092
0.482321
0.515923
0.55466
0.597814
0.655738
0.727675
0.798854
0.862384
0.931669
1.01466
1.09721
1.1281
1.12454
1.08905
1.0274
1.00197
1.00003
1
1
1
1
1
1
1
1
1
1
0.569574
0.555558
0.522432
0.47838
0.444187
0.432608
0.432183
0.455612
0.487212
0.526608
0.570958
0.627091
0.691852
0.755935
0.817007
0.879744
0.952773
1.03875
1.11532
1.13589
1.12816
1.0831
1.02034
1.0011
1.00002
1
1
1
1
1
1
1
1
1
1
0.576505
0.559401
0.520274
0.470806
0.437372
0.428149
0.430877
0.462027
0.503166
0.548993
0.597849
0.651373
0.707745
0.767059
0.830051
0.897935
0.976205
1.06421
1.13068
1.14218
1.12945
1.07391
1.01388
1.00056
1.00001
1
1
1
1
1
1
1
1
1
1
0.590924
0.569428
0.522669
0.469025
0.435948
0.427694
0.435486
0.473008
0.517898
0.561305
0.607268
0.657861
0.71384
0.776871
0.846749
0.922348
1.00318
1.0897
1.14245
1.14682
1.12676
1.06174
1.00897
1.00028
1
1
1
1
1
1
1
1
1
1
1
0.598228
0.573237
0.528834
0.470809
0.436148
0.429594
0.443147
0.477103
0.520859
0.563041
0.608619
0.659982
0.719657
0.796373
0.876339
0.951068
1.03148
1.11307
1.1509
1.15003
1.12144
1.05005
1.00543
1.00013
1
1
1
1
1
1
1
1
1
1
1
0.599627
0.573313
0.538648
0.480032
0.442619
0.430472
0.444897
0.47687
0.519578
0.560234
0.605682
0.665641
0.752601
0.836841
0.907963
0.979674
1.05934
1.13307
1.15726
1.15214
1.11338
1.03757
1.003
1.00006
1
1
1
1
1
1
1
1
1
1
1
0.594982
0.571642
0.548053
0.486471
0.445829
0.433338
0.446569
0.476739
0.520553
0.568761
0.634516
0.719369
0.797405
0.865559
0.934444
1.00752
1.08731
1.14897
1.16231
1.15344
1.10127
1.02643
1.00156
1.00002
1
1
1
1
1
1
1
1
1
1
1
0.588298
0.572825
0.549618
0.48741
0.446583
0.43637
0.458435
0.496369
0.551689
0.61681
0.685059
0.751824
0.818537
0.888095
0.960503
1.03623
1.11385
1.16108
1.16618
1.15046
1.08689
1.0174
1.00076
1.00001
1
1
1
1
1
1
1
1
1
1
1
0.588733
0.582816
0.54639
0.47538
0.442299
0.440605
0.482052
0.531072
0.587763
0.644285
0.702795
0.766029
0.836457
0.913854
0.990166
1.067
1.13768
1.16988
1.16903
1.1441
1.07108
1.01054
1.00034
1
1
1
1
1
1
1
1
1
1
1
1
0.599249
0.591858
0.533627
0.45992
0.440955
0.46003
0.504765
0.554304
0.60181
0.651384
0.70996
0.779819
0.864789
0.948067
1.0228
1.09751
1.15677
1.17509
1.1705
1.13527
1.0545
1.00595
1.00015
1
1
1
1
1
1
1
1
1
1
1
1
0.622743
0.594704
0.511715
0.451032
0.449094
0.471983
0.511833
0.560453
0.603751
0.653042
0.721802
0.818352
0.907937
0.983313
1.05651
1.12447
1.16984
1.17777
1.17057
1.12143
1.03837
1.00298
1.00006
1
1
1
1
1
1
1
1
1
1
1
1
0.641204
0.593546
0.490855
0.445128
0.455949
0.476813
0.510688
0.559793
0.602969
0.677829
0.780728
0.868371
0.94266
1.01682
1.08824
1.14784
1.17819
1.17929
1.16554
1.10389
1.02566
1.00147
1.00002
1
1
1
1
1
1
1
1
1
1
1
1
0.646376
0.577912
0.480426
0.44217
0.456721
0.484083
0.512044
0.570022
0.650329
0.744869
0.825146
0.898389
0.975447
1.05183
1.11795
1.16674
1.18298
1.18067
1.15638
1.0862
1.01597
1.00066
1.00001
1
1
1
1
1
1
1
1
1
1
1
1
0.633329
0.556975
0.484936
0.444822
0.45108
0.495395
0.552478
0.632695
0.707338
0.777826
0.849452
0.929105
1.01473
1.08667
1.14441
1.17896
1.18543
1.18112
1.14776
1.06674
1.00894
1.00027
1
1
1
1
1
1
1
1
1
1
1
1
1
0.601456
0.546739
0.499975
0.464486
0.465687
0.516591
0.593464
0.666113
0.728359
0.797868
0.879654
0.975052
1.05574
1.11857
1.16415
1.18448
1.1862
1.17928
1.13195
1.04609
1.00431
1.0001
1
1
1
1
1
1
1
1
1
1
1
1
1
0.588101
0.542256
0.505332
0.471441
0.494583
0.547644
0.612483
0.678968
0.743804
0.829608
0.936324
1.02333
1.09184
1.14492
1.17705
1.18639
1.18566
1.16953
1.11117
1.03104
1.00209
1.00004
1
1
1
1
1
1
1
1
1
1
1
1
1
0.592362
0.541491
0.498313
0.470964
0.50997
0.555983
0.61918
0.692045
0.784328
0.899805
0.991435
1.06207
1.1229
1.16446
1.18419
1.18752
1.18425
1.16252
1.09493
1.02001
1.00096
1.00001
1
1
1
1
1
1
1
1
1
1
1
1
1
0.623879
0.537057
0.466841
0.45357
0.508643
0.562775
0.63579
0.756589
0.866368
0.95812
1.03214
1.0974
1.14851
1.17702
1.18681
1.18808
1.18394
1.15409
1.07276
1.01036
1.00034
1
1
1
1
1
1
1
1
1
1
1
1
1
1
0.640459
0.510429
0.438636
0.440379
0.498656
0.605267
0.732698
0.837993
0.922213
1.00062
1.07338
1.13106
1.16612
1.18266
1.18694
1.18768
1.18103
1.13449
1.04939
1.00497
1.00012
1
1
1
1
1
1
1
1
1
1
1
1
1
1
0.639276
0.474239
0.415809
0.439444
0.572752
0.708127
0.801935
0.888319
0.968081
1.04922
1.11675
1.15582
1.17559
1.18403
1.18504
1.18393
1.16822
1.1129
1.03302
1.00234
1.00004
1
1
1
1
1
1
1
1
1
1
1
1
1
1
0.627068
0.446295
0.409254
0.505426
0.667962
0.764418
0.851243
0.939074
1.02663
1.10206
1.14871
1.17016
1.17966
1.1839
1.18345
1.17957
1.15864
1.09399
1.01984
1.00095
1.00001
1
1
1
1
1
1
1
1
1
1
1
1
1
1
0.608144
0.427552
0.460556
0.624593
0.724895
0.814609
0.912868
1.00972
1.08864
1.13999
1.16805
1.17655
1.18134
1.18419
1.18326
1.17673
1.14706
1.06926
1.01002
1.00034
1
1
1
1
1
1
1
1
1
1
1
1
1
1
1
0.567813
0.460035
0.551053
0.675618
0.775827
0.892657
0.997968
1.07686
1.132
1.16389
1.17787
1.17828
1.18211
1.18439
1.1839
1.17443
1.12562
1.04368
1.00414
1.0001
1
1
1
1
1
1
1
1
1
1
1
1
1
1
1
0.576301
0.514133
0.629445
0.752378
0.87581
0.989586
1.0691
1.12488
1.16056
1.17726
1.18072
1.17769
1.18256
1.18237
1.17965
1.15995
1.09867
1.02428
1.00145
1.00002
1
1
1
1
1
1
1
1
1
1
1
1
1
1
1
0.551165
0.55193
0.705557
0.861111
0.986471
1.06691
1.12185
1.15793
1.17631
1.1819
1.18074
1.17722
1.18202
1.17958
1.17144
1.14269
1.07337
1.0123
1.00048
1.00001
1
1
1
1
1
1
1
1
1
1
1
1
1
1
1
0.143933
0.570366
0.849795
0.985016
1.06858
1.12431
1.15843
1.17565
1.18182
1.18233
1.17963
1.17695
1.18226
1.17736
1.1659
1.12684
1.04871
1.00516
1.00013
1
1
1
1
1
1
1
1
1
1
1
1
1
1
1
1
0.281781
0.761917
0.966878
1.07558
1.13123
1.16151
1.17623
1.18144
1.18266
1.18094
1.17701
1.17718
1.18225
1.17559
1.15959
1.1004
1.02522
1.00153
1.00003
1
1
1
1
1
1
1
1
1
1
1
1
1
1
1
1
0.533912
0.88934
1.07583
1.14164
1.1671
1.17696
1.18136
1.18232
1.1815
1.17869
1.1756
1.1778
1.18033
1.17114
1.14101
1.0665
1.00967
1.00032
1
1
1
1
1
1
1
1
1
1
1
1
1
1
1
1
1
0.916578
1.08957
1.15652
1.17331
1.17818
1.18056
1.18188
1.18148
1.17926
1.17602
1.17503
1.17792
1.17661
1.15952
1.11616
1.03751
1.00284
1.00004
1
1
1
1
1
1
1
1
1
1
1
1
1
1
1
1
1
1.18142
1.18049
1.17996
1.17946
1.17986
1.18102
1.1805
1.17937
1.17697
1.17419
1.17442
1.17685
1.17291
1.1476
1.09135
1.01416
0.99989
0.999991
1
1
1
1
1
1
1
1
1
1
1
1
1
1
1
1
1
1.18118
1.18018
1.17967
1.17907
1.17903
1.17964
1.17978
1.17906
1.17732
1.17412
1.1723
1.17627
1.17359
1.15122
1.09656
1.01909
1.0006
1
1
1
1
1
1
1
1
1
1
1
1
1
1
1
1
1
1
1.18108
1.18008
1.17956
1.17897
1.17878
1.17907
1.17913
1.17843
1.17678
1.17347
1.17131
1.17477
1.17203
1.1467
1.08619
1.01423
1.00037
1
1
1
1
1
1
1
1
1
1
1
1
1
1
1
1
1
1
1.18087
1.17992
1.17948
1.17892
1.17864
1.17859
1.17859
1.17814
1.17678
1.17308
1.17028
1.17355
1.17095
1.14379
1.07945
1.01163
1.00027
1
1
1
1
1
1
1
1
1
1
1
1
1
1
1
1
1
1
1.18077
1.17983
1.17947
1.17902
1.17866
1.17837
1.17815
1.17799
1.17675
1.17299
1.16963
1.17261
1.16978
1.13968
1.07136
1.00892
1.00018
1
1
1
1
1
1
1
1
1
1
1
1
1
1
1
1
1
1
1.1808
1.17983
1.17948
1.17911
1.17866
1.17826
1.17788
1.17807
1.17692
1.17322
1.1691
1.17114
1.16861
1.13574
1.06289
1.00663
1.00011
1
1
1
1
1
1
1
1
1
1
1
1
1
1
1
1
1
1
1.18111
1.18008
1.17971
1.17949
1.17895
1.17836
1.17774
1.17811
1.17705
1.17407
1.16889
1.16973
1.16744
1.13063
1.05408
1.00471
1.00007
1
1
1
1
1
1
1
1
1
1
1
1
1
1
1
1
1
1
1.18172
1.18082
1.18057
1.18043
1.17972
1.17868
1.17764
1.17848
1.17752
1.1751
1.169
1.16784
1.166
1.12469
1.04508
1.0032
1.00004
1
1
1
1
1
1
1
1
1
1
1
1
1
1
1
1
1
1
1.1823
1.18164
1.1814
1.18131
1.18063
1.17942
1.17794
1.17874
1.17816
1.17618
1.16952
1.1663
1.16462
1.11721
1.03622
1.00206
1.00002
1
1
1
1
1
1
1
1
1
1
1
1
1
1
1
1
1
1
1.18267
1.18239
1.18221
1.1822
1.1816
1.18032
1.17867
1.17919
1.17917
1.17742
1.17087
1.16516
1.16239
1.10828
1.02788
1.00125
1.00001
1
1
1
1
1
1
1
1
1
1
1
1
1
1
1
1
1
1
1.1829
1.18282
1.18293
1.18309
1.18256
1.18136
1.17955
1.17977
1.18016
1.17847
1.17298
1.16466
1.15885
1.09777
1.02039
1.00072
1.00001
1
1
1
1
1
1
1
1
1
1
1
1
1
1
1
1
1
1
1.18312
1.18313
1.18353
1.18386
1.1834
1.18228
1.18037
1.18006
1.18078
1.17933
1.17499
1.1647
1.15374
1.08568
1.01406
1.00038
1
1
1
1
1
1
1
1
1
1
1
1
1
1
1
1
1
1
1
1.18353
1.18343
1.18406
1.1845
1.18412
1.18313
1.1814
1.18022
1.18106
1.18011
1.17669
1.16469
1.1473
1.07239
1.00903
1.00019
1
1
1
1
1
1
1
1
1
1
1
1
1
1
1
1
1
1
1
1.18413
1.18401
1.18494
1.18526
1.18501
1.18424
1.18256
1.18086
1.18119
1.18132
1.1781
1.16457
1.13957
1.05826
1.00534
1.00008
1
1
1
1
1
1
1
1
1
1
1
1
1
1
1
1
1
1
1
1.18489
1.18505
1.18609
1.18632
1.18612
1.18559
1.184
1.18187
1.18109
1.18271
1.17972
1.16541
1.12945
1.04396
1.00287
1.00003
1
1
1
1
1
1
1
1
1
1
1
1
1
1
1
1
1
1
1
1.18618
1.18618
1.18707
1.18735
1.18717
1.1868
1.18547
1.18295
1.18103
1.1838
1.18125
1.16579
1.11664
1.0305
1.00138
1.00001
1
1
1
1
1
1
1
1
1
1
1
1
1
1
1
1
1
1
1
1.18782
1.18748
1.18805
1.18831
1.18831
1.18819
1.18702
1.18391
1.18195
1.18484
1.18278
1.16301
1.10066
1.01896
1.00059
1
1
1
1
1
1
1
1
1
1
1
1
1
1
1
1
1
1
1
1
1.18969
1.18901
1.18909
1.18921
1.18959
1.18981
1.18906
1.1863
1.18373
1.18681
1.18497
1.15695
1.081
1.01025
1.00022
1
1
1
1
1
1
1
1
1
1
1
1
1
1
1
1
1
1
1
1
1.19175
1.191
1.19062
1.19048
1.19106
1.19164
1.19155
1.19018
1.18779
1.18896
1.18686
1.14698
1.05839
1.0047
1.00007
1
1
1
1
1
1
1
1
1
1
1
1
1
1
1
1
1
1
1
1
1.19406
1.19367
1.19317
1.19286
1.19295
1.19372
1.19424
1.19495
1.19235
1.18988
1.18707
1.13085
1.03655
1.00182
1.00002
1
1
1
1
1
1
1
1
1
1
1
1
1
1
1
1
1
1
1
1
1.19663
1.19664
1.19646
1.19625
1.19538
1.19564
1.197
1.19896
1.19736
1.19085
1.17993
1.10772
1.01965
1.00061
1
1
1
1
1
1
1
1
1
1
1
1
1
1
1
1
1
1
1
1
1
1.19889
1.19931
1.19972
1.19975
1.19827
1.19734
1.19894
1.20189
1.20081
1.19142
1.16721
1.08125
1.00902
1.00017
1
1
1
1
1
1
1
1
1
1
1
1
1
1
1
1
1
1
1
1
1
1.20046
1.20127
1.20219
1.2024
1.20077
1.19924
1.19983
1.2035
1.20245
1.19142
1.15028
1.05202
1.00342
1.00004
1
1
1
1
1
1
1
1
1
1
1
1
1
1
1
1
1
1
1
1
1
1.20148
1.20246
1.20365
1.20399
1.20277
1.20081
1.20048
1.20383
1.20294
1.18509
1.12458
1.02779
1.00107
1.00001
1
1
1
1
1
1
1
1
1
1
1
1
1
1
1
1
1
1
1
1
1
1.20228
1.203
1.20428
1.20472
1.20432
1.20225
1.20128
1.20391
1.20266
1.17198
1.09331
1.01251
1.00029
1
1
1
1
1
1
1
1
1
1
1
1
1
1
1
1
1
1
1
1
1
1
1.20268
1.20319
1.20433
1.20491
1.20501
1.20409
1.20222
1.20343
1.20186
1.15662
1.05909
1.00453
1.00007
1
1
1
1
1
1
1
1
1
1
1
1
1
1
1
1
1
1
1
1
1
1
1.20264
1.20296
1.20343
1.20427
1.20498
1.20585
1.2031
1.20062
1.19498
1.12957
1.0309
1.00135
1.00001
1
1
1
1
1
1
1
1
1
1
1
1
1
1
1
1
1
1
1
1
1
1
1.20272
1.20272
1.20241
1.20245
1.20399
1.20648
1.20533
1.19765
1.17889
1.09813
1.01442
1.00036
1
1
1
1
1
1
1
1
1
1
1
1
1
1
1
1
1
1
1
1
1
1
1
1.20281
1.20266
1.20189
1.20129
1.20246
1.20648
1.20623
1.19649
1.16112
1.06458
1.00517
1.00008
1
1
1
1
1
1
1
1
1
1
1
1
1
1
1
1
1
1
1
1
1
1
1
1.20298
1.20288
1.20199
1.20086
1.2013
1.20526
1.2061
1.1928
1.13506
1.03305
1.00146
1.00001
1
1
1
1
1
1
1
1
1
1
1
1
1
1
1
1
1
1
1
1
1
1
1
1.20327
1.20316
1.20262
1.20186
1.20115
1.20503
1.20514
1.17784
1.09907
1.01437
1.00036
1
1
1
1
1
1
1
1
1
1
1
1
1
1
1
1
1
1
1
1
1
1
1
1
1.20332
1.20306
1.20321
1.20372
1.20183
1.20533
1.20533
1.15981
1.06193
1.00488
1.00007
1
1
1
1
1
1
1
1
1
1
1
1
1
1
1
1
1
1
1
1
1
1
1
1
1.20326
1.20249
1.20359
1.2058
1.20372
1.20474
1.20062
1.12985
1.02859
1.00116
1.00001
1
1
1
1
1
1
1
1
1
1
1
1
1
1
1
1
1
1
1
1
1
1
1
1
1.20229
1.2017
1.20262
1.20786
1.20794
1.20025
1.18029
1.09103
1.01189
1.00027
1
1
1
1
1
1
1
1
1
1
1
1
1
1
1
1
1
1
1
1
1
1
1
1
1
1.20119
1.20083
1.20068
1.20898
1.2117
1.19907
1.15549
1.05287
1.00336
1.00005
1
1
1
1
1
1
1
1
1
1
1
1
1
1
1
1
1
1
1
1
1
1
1
1
1
1.2004
1.20032
1.19968
1.20934
1.2124
1.19607
1.11759
1.02099
1.00069
1.00001
1
1
1
1
1
1
1
1
1
1
1
1
1
1
1
1
1
1
1
1
1
1
1
1
1
1.2
1.20061
1.19897
1.207
1.21037
1.17143
1.07422
1.00718
1.00013
1
1
1
1
1
1
1
1
1
1
1
1
1
1
1
1
1
1
1
1
1
1
1
1
1
1
1.1991
1.20259
1.20403
1.20543
1.20503
1.14257
1.0367
1.00166
1.00002
1
1
1
1
1
1
1
1
1
1
1
1
1
1
1
1
1
1
1
1
1
1
1
1
1
1
1.19803
1.20535
1.21245
1.2047
1.19167
1.09452
1.01134
1.00027
1
1
1
1
1
1
1
1
1
1
1
1
1
1
1
1
1
1
1
1
1
1
1
1
1
1
1
1.19832
1.21001
1.21659
1.20261
1.15675
1.04815
1.00301
1.00004
1
1
1
1
1
1
1
1
1
1
1
1
1
1
1
1
1
1
1
1
1
1
1
1
1
1
1
1.20381
1.21375
1.21738
1.19058
1.11132
1.01794
1.00052
1
1
1
1
1
1
1
1
1
1
1
1
1
1
1
1
1
1
1
1
1
1
1
1
1
1
1
1
1.20925
1.21385
1.21746
1.1694
1.05615
1.00384
1.00006
1
1
1
1
1
1
1
1
1
1
1
1
1
1
1
1
1
1
1
1
1
1
1
1
1
1
1
1
1.21774
1.20924
1.20101
1.11505
1.02033
1.00068
1.00001
1
1
1
1
1
1
1
1
1
1
1
1
1
1
1
1
1
1
1
1
1
1
1
1
1
1
1
1
1.23965
1.19373
1.17049
1.06264
1.00525
1.00009
1
1
1
1
1
1
1
1
1
1
1
1
1
1
1
1
1
1
1
1
1
1
1
1
1
1
1
1
1
1.25513
1.17846
1.11318
1.02066
1.00079
1.00001
1
1
1
1
1
1
1
1
1
1
1
1
1
1
1
1
1
1
1
1
1
1
1
1
1
1
1
1
1
1.25883
1.14868
1.05728
1.00532
1.00012
1
1
1
1
1
1
1
1
1
1
1
1
1
1
1
1
1
1
1
1
1
1
1
1
1
1
1
1
1
1
1.2356
1.10549
1.02379
1.00113
1.00002
1
1
1
1
1
1
1
1
1
1
1
1
1
1
1
1
1
1
1
1
1
1
1
1
1
1
1
1
1
1
1.19366
1.06405
1.00674
1.00016
1
1
1
1
1
1
1
1
1
1
1
1
1
1
1
1
1
1
1
1
1
1
1
1
1
1
1
1
1
1
1
1.13228
1.02661
1.00134
1.00002
1
1
1
1
1
1
1
1
1
1
1
1
1
1
1
1
1
1
1
1
1
1
1
1
1
1
1
1
1
1
1
1.05491
1.0054
1.00009
1
1
1
1
1
1
1
1
1
1
1
1
1
1
1
1
1
1
1
1
1
1
1
1
1
1
1
1
1
1
1
1
1
1
1
1
1
1
1
1
1
1
1
1
1
1
1
1
1
1
1
1
1
1
1
1
1
1
1
1
1
1
1
1
1
1
1
1
1
1
1
1
1
1
1
1
1
1
1
1
1
1
1
1
1
1
1
1
1
1
1
1
1
1
1
1
1
1
1
1
1
1
1
1
1
1
1
1
1
1
1
1
1
1
1
1
1
1
1
1
1
1
1
1
1
1
1
1
1
1
1
1
1
1
1
1
1
1
1
1
1
1
1
1
1
1
1
1
1
1
1
1
1
1
1
1
1
1
1
1
1
1
1
1
1
1
1
1
1
1
1
1
1
1
1
1
1
1
1
1
1
1
1
1
1
1
1
1
1
1
1
1
1
1
1
1
1
1
1
1
1
1
1
1
1
1
1
1
1
1
1
1
1
1
1
1
1
1
1
1
1
1
1
1
1
1
1
1
1
1
1
1
1
1
1
1
1
1
1
1
1
1
1
1
1
1
1
1
1
1
1
1
1
1
1
1
1
1
1
1
1
1
1
1
1
1
1
1
1
1
1
1
1
1
1
1
1
1
1
1
1
1
1
1
1
1
1
1
1
1
1
1
1
1
1
1
1
1
1
1
1
1
1
1
1
1
1
1
1
1
1
1
1
1
1
1
1
1
1
1
1
1
1
1
1
1
1
1
1
1
1
1
1
1
1
1
1
1
1
1
1
1
1
1
1
1
1
1
1
1
1
1
1
1
1
1
1
1
1
1
1
1
1
1
1
1
1
1
1
1
1
1
1
1
1
1
1
1
1
1
1
1
1
1
1
1
1
1
1
1
1
1
1
1
1
1
1
1
1
1
1
1
1
1
1
1
1
1
1
1
1
1
1
1
1
1
1
1
1
1
1
1
1
1
1
1
1
1
1
1
1
1
1
1
1
1
1
1
1
1
1
1
1
1
1
1
1
1
1
1
1
1
1
1
1
1
1
1
1
1
1
1
1
1
1
1
1
1
1
1
1
1
1
1
1
1
1
1
1
1
1
1
1
1
1
1
1
1
1
1
1
1
1
1
1
1
1
1
1
1
1
1
1
1
1
1
1
1
1
1
1
1
1
1
1
1
1
1
1
1
1
1
1
1
1
1
1
1
1
1
1
1
1
1
1
1
1
1
1
1
1
1
1
1
1
1
1
1
1
1
1
1
1
1
1
1
1
1
1
1
1
1
1
1
1
1
1
1
1
1
1
1
1
1
1
1
1
1
1
1
1
1
1
1
1
1
1
1
1
1
1
1
1
1
1
1
1
1
1
1
1
1
1
1
1
1
1
1
1
1
1
1
1
1
1
1
1
1
1
1
1
1
1
1
1
1
1
1
1
1
1
1
1
1
1
1
1
1
1
1
1
1
1
1
1
1
1
1
1
1
1
1
1
1
1
1
1
1
1
1
1
1
1
1
1
1
1
1
1
1
1
1
1
1
1
1
1
1
1
1
1
1
1
1
1
1
1
1
1
1
1
1
1
1
1
1
1
1
1
1
1
1
1
1
1
1
1
1
1
1
1
1
1
1
1
1
1
1
1
1
1
1
1
1
1
1
1
1
1
1
1
1
1
1
1
1
1
1
1
1
1
1
1
1
1
1
1
1
1
1
1
1
1
1
1
1
1
1
1
1
1
1
1
1
1
1
1
1
1
1
1
1
1
1
1
1
1
1
1
1
1
1
1
1
1
1
1
1
1
1
1
1
1
1
1
1
1
1
1
1
1
1
1
1
1
1
1
1
1
1
1
1
1
1
1
1
1
1
1
1
1
1
1
1
1
1
1
1
1
1
1
1
1
1
1
1
1
1
1
1
1
1
1
1
1
1
1
1
1
1
1
1
1
1
1
1
1
1
1
1
1
1
1
1
1
1
1
1
1
1
1
1
1
1
1
1
1
1
1
1
1
1
1
1
1
1
1
1
1
1
1
1
1
1
1
1
1
1
1
1
1
1
1
1
1
1
1
1
1
1
1
1
1
1
1
1
1
1
1
1
1
1
1
1
1
1
1
1
1
1
1
1
1
1
1
1
1
1
1
1
1
1
1
1
1
1
1
1
1
1
1
1
1
1
1
1
1
1
1
1
1
1
1
1
1
1
1
1
1
1
1
1
1
1
1
1
1
1
1
1
1
1
1
1
1
1
1
1
1
1
1
1
1
1
1
1
1
1
1
1
1
1
1
1
1
1
1
1
1
1
1
1
1
1
1
1
1
1
1
1
1
1
1
1
1
1
1
1
1
1
1
1
1
1
1
1
1
1
1
1
1
1
1
1
1
1
1
1
1
1
1
1
1
1
1
1
1
1
1
1
1
1
1
1
1
1
1
1
1
1
1
1
1
1
1
1
1
1
1
1
1
1
1
1
1
1
1
1
1
1
1
1
1
1
1
1
1
1
1
1
1
1
1
1
1
1
1
1
1
1
1
1
1
1
1
1
1
1
1
1
1
1
1
1
1
1
1
1
1
1
1
1
1
1
1
1
1
1
1
1
1
1
1
1
1
1
1
1
1
1
1
1
1
1
1
1
1
1
1
1
1
1
1
1
1
1
1
1
1
1
1
1
1
1
1
1
1
1
1
1
1
1
1
1
1
1
1
1
1
1
1
1
1
1
1
1
1
1
1
1
1
1
1
1
1
1
1
1
1
1
1
1
1
1
1
1
1
1
1
1
1
1
1
1
1
1
1
1
1
1
1
1
1
1
1
1
1
1
1
1
1
1
1
1
1
1
1
1
1
1
1
1
1
1
1
1
1
1
1
1
1
1
1
1
1
1
1
1
1
1
1
1
1
1
1
1
1
1
1
1
1
1
1
1
1
1
1
1
1
1
1
1
1
1
1
1
1
1
1
1
1
1
1
1
1
1
1
1
1
1
1
1
1
1
1
1
1
1
1
1
1
1
1
1
1
1
1
1
1
1
1
1
1
1
1
1
1
1
1
1
1
1
1
1
1
1
1
1
1
1
1
1
1
1
1
1
1
1
1
1
1
1
1
1
1
1
1
1
1
1
1
1
1
1
1
1
1
1
1
1
1
1
1
1
1
1
1
1
1
1
1
1
1
1
1
1
1
1
1
1
1
1
1
1
1
1
1
1
1
1
1
1
1
1
1
1
1
1
1
1
1
1
1
1
1
1
1
1
1
1
1
1
1
1
1
1
1
1
1
1
1
1
1
1
1
1
1
1
1
1
1
1
1
1
1
1
1
1
1
1
1
1
1
1
1
1
1
1
1
1
1
1
1
1
1
1
1
1
1
1
1
1
1
1
1
1
1
1
1
1
1
1
1
1
1
1
1
1
1
1
1
1
1
1
1
1
1
1
1
1
1
1
1
1
1
1
1
1
1
1
1
1
1
1
1
1
1
1
1
1
1
1
1
1
1
1
1
1
1
1
1
1
1
1
1
1
1
1
1
1
1
1
1
1
1
1
1
1
1
1
1
1
1
1
1
1
1
1
1
1
1
1
1
1
1
1
1
1
1
1
1
1
1
1
1
1
1
1
1
1
1
1
1
1
1
1
1
1
1
1
1
1
1
1
1
1
1
1
1
1
1
1
1
1
1
1
1
1
1
1
1
1
1
1
1
1
1
1
1
1
1
1
1
1
1
1
1
1
1
1
1
1
1
1
1
1
1
1
1
1
1
1
1
1
1
1
1
1
1
1
1
1
1
1
1
1
1
1
1
1
1
1
1
1
1
1
1
1
1
1
1
1
1
1
1
1
1
1
1
1
1
1
1
1
1
1
1
1
1
1
1
1
1
1
1
1
1
1
1
1
1
1
1
1
1
1
1
1
1
1
1
1
1
1
1
1
1
1
1
1
1
1
1
1
1
1
1
1
1
1
1
1
1
1
1
1
1
1
1
1
1
1
1
1
1
1
1
1
1
1
1
1
1
1
1
1
1
1
1
1
1
1
1
1
1
1
1
1
1
1
1
1
1
1
1
1
1
1
1
1
1
1
1
1
1
1
1
1
1
1
1
1
1
1
1
1
1
1
1
1
1
1
1
1
1
1
1
1
1
1
1
1
1
1
1
1
1
1
1
1
1
1
1
1
1
1
1
1
1
1
1
1
1
1
1
1
1
1
1
1
1
1
1
1
1
1
1
1
1
1
1
1
1
1
1
1
1
1
1
1
1
1
1
1
1
1
1
1
1
1
1
1
1
1
1
1
1
1
1
1
1
1
1
1
1
1
1
1
1
1
1
1
1
1
1
1
1
1
1
1
1
1
1
1
1
1
1
1
1
1
1
1
1
1
1
1
1
1
1
1
1
1
1
1
1
1
1
1
1
1
1
1
1
1
1
1
1
1
1
1
1
1
1
1
1
1
1
1
1
1
1
1
1
1
1
1
1
1
1
1
1
1
1
1
1
1
1
1
1
1
1
1
1
1
1
1
1
1
1
1
1
1
1
1
1
1
1
1
1
1
1
1
1
1
1
1
1
1
1
1
1
1
1
1
1
1
1
1
1
1
1
1
1
1
1
1
1
1
1
1
1
1
1
1
1
1
1
1
1
1
1
1
1
1
1
1
1
1
1
1
1
1
1
1
1
1
1
1
1
1
1
1
1
1
1
1
1
1
1
1
1
1
1
1
1
1
1
1
1
1
1
1
1
1
1
1
1
1
1
1
1
1
1
1
1
1
1
1
1
1
1
1
1
1
1
1
1
1
1
1
1
1
1
1
1
1
1
1
1
1
1
1
1
1
1
1
1
1
1
1
1
1
1.16481
0.999858
1
1
1
1
1
1
1
1
1
1
1
1
1
1
1
1
1
1
1
1
1
1
1
1
1
1
1
1
1
1
1
1
1
1.43663
1.02109
1
1
1
1
1
1
1
1
1
1
1
1
1
1
1
1
1
1
1
1
1
1
1
1
1
1
1
1
1
1
1
1
1
1.73011
1.17794
0.999851
1
1
1
1
1
1
1
1
1
1
1
1
1
1
1
1
1
1
1
1
1
1
1
1
1
1
1
1
1
1
1
1
1.97314
1.57555
1.04555
0.999984
1
1
1
1
1
1
1
1
1
1
1
1
1
1
1
1
1
1
1
1
1
1
1
1
1
1
1
1
1
1
1
2.08121
1.90074
1.64942
1.0462
0.999974
1
1
1
1
1
1
1
1
1
1
1
1
1
1
1
1
1
1
1
1
1
1
1
1
1
1
1
1
1
1
1.97935
1.89869
2.00838
1.64466
1.03388
1
1
1
1
1
1
1
1
1
1
1
1
1
1
1
1
1
1
1
1
1
1
1
1
1
1
1
1
1
1
1.89315
1.90367
1.99789
1.98704
1.45301
0.999674
1
1
1
1
1
1
1
1
1
1
1
1
1
1
1
1
1
1
1
1
1
1
1
1
1
1
1
1
1
1.86824
1.89968
1.96959
1.98504
1.87108
1.22628
0.999798
1
1
1
1
1
1
1
1
1
1
1
1
1
1
1
1
1
1
1
1
1
1
1
1
1
1
1
1
1.87199
1.8947
1.92772
1.95956
1.99096
1.67238
1.06379
1
1
1
1
1
1
1
1
1
1
1
1
1
1
1
1
1
1
1
1
1
1
1
1
1
1
1
1
1.87137
1.8891
1.91138
1.95462
1.98856
1.9008
1.36726
0.999665
1
1
1
1
1
1
1
1
1
1
1
1
1
1
1
1
1
1
1
1
1
1
1
1
1
1
1
1.87205
1.88735
1.91476
1.95086
1.97813
1.9497
1.71113
1.09837
1
1
1
1
1
1
1
1
1
1
1
1
1
1
1
1
1
1
1
1
1
1
1
1
1
1
1
1.87355
1.88607
1.91514
1.94628
1.96011
1.9411
1.85038
1.38302
0.999621
1
1
1
1
1
1
1
1
1
1
1
1
1
1
1
1
1
1
1
1
1
1
1
1
1
1
1.87587
1.88663
1.91286
1.93757
1.93957
1.93013
1.88949
1.62079
1.0616
1
1
1
1
1
1
1
1
1
1
1
1
1
1
1
1
1
1
1
1
1
1
1
1
1
1
1.87748
1.88527
1.90709
1.92653
1.92897
1.92215
1.90235
1.78908
1.27627
0.999705
1
1
1
1
1
1
1
1
1
1
1
1
1
1
1
1
1
1
1
1
1
1
1
1
1
1.87574
1.88088
1.89852
1.91664
1.92006
1.91732
1.89786
1.83677
1.51732
1.01831
1
1
1
1
1
1
1
1
1
1
1
1
1
1
1
1
1
1
1
1
1
1
1
1
1
1.87137
1.87446
1.89086
1.90915
1.91262
1.9111
1.89288
1.83917
1.64417
1.11091
1
1
1
1
1
1
1
1
1
1
1
1
1
1
1
1
1
1
1
1
1
1
1
1
1
1.86481
1.86698
1.8835
1.90218
1.90982
1.90313
1.88402
1.84095
1.73574
1.27958
0.9997
1
1
1
1
1
1
1
1
1
1
1
1
1
1
1
1
1
1
1
1
1
1
1
1
1.8568
1.8589
1.87651
1.89526
1.90552
1.89545
1.87457
1.83835
1.7802
1.46531
1.01023
1
1
1
1
1
1
1
1
1
1
1
1
1
1
1
1
1
1
1
1
1
1
1
1
1.84863
1.85209
1.87116
1.8882
1.90005
1.88869
1.86774
1.83621
1.78808
1.58139
1.06859
1
1
1
1
1
1
1
1
1
1
1
1
1
1
1
1
1
1
1
1
1
1
1
1
1.84172
1.84675
1.86624
1.8828
1.89271
1.88212
1.86316
1.83656
1.79459
1.65564
1.17327
1
1
1
1
1
1
1
1
1
1
1
1
1
1
1
1
1
1
1
1
1
1
1
1
1.83733
1.84286
1.86167
1.87719
1.88191
1.87705
1.85925
1.83536
1.79459
1.71217
1.31584
0.999672
1
1
1
1
1
1
1
1
1
1
1
1
1
1
1
1
1
1
1
1
1
1
1
1.83452
1.84016
1.85696
1.87047
1.87326
1.87081
1.85419
1.83191
1.79184
1.7301
1.44018
1.00802
1
1
1
1
1
1
1
1
1
1
1
1
1
1
1
1
1
1
1
1
1
1
1
1.83325
1.83872
1.8529
1.86409
1.86654
1.86408
1.84922
1.82732
1.78933
1.74289
1.52687
1.04095
1
1
1
1
1
1
1
1
1
1
1
1
1
1
1
1
1
1
1
1
1
1
1
1.83384
1.8388
1.8502
1.85942
1.86121
1.85846
1.84363
1.81967
1.7903
1.75916
1.60085
1.11493
1
1
1
1
1
1
1
1
1
1
1
1
1
1
1
1
1
1
1
1
1
1
1
1.83498
1.83893
1.84866
1.85628
1.85659
1.85281
1.83717
1.81274
1.78964
1.76047
1.64664
1.21889
1
1
1
1
1
1
1
1
1
1
1
1
1
1
1
1
1
1
1
1
1
1
1
1.83529
1.83828
1.84701
1.85388
1.85258
1.84677
1.8302
1.80641
1.78725
1.76103
1.68306
1.317
0.999687
1
1
1
1
1
1
1
1
1
1
1
1
1
1
1
1
1
1
1
1
1
1
1.83487
1.83644
1.84451
1.85084
1.84839
1.84173
1.82392
1.80093
1.78314
1.76166
1.72313
1.41774
1.00551
1
1
1
1
1
1
1
1
1
1
1
1
1
1
1
1
1
1
1
1
1
1
1.8333
1.83369
1.84078
1.84654
1.84464
1.83795
1.8193
1.79524
1.77806
1.75895
1.73572
1.50329
1.02956
1
1
1
1
1
1
1
1
1
1
1
1
1
1
1
1
1
1
1
1
1
1
1.83041
1.83006
1.83606
1.84079
1.84121
1.83426
1.81522
1.79044
1.77385
1.75664
1.73884
1.5684
1.07731
1
1
1
1
1
1
1
1
1
1
1
1
1
1
1
1
1
1
1
1
1
1
1.82668
1.82587
1.8311
1.83509
1.83671
1.82995
1.81149
1.78806
1.77175
1.75701
1.74526
1.62222
1.14978
1
1
1
1
1
1
1
1
1
1
1
1
1
1
1
1
1
1
1
1
1
1
1.82249
1.82135
1.8262
1.8297
1.83134
1.82466
1.80724
1.78567
1.77006
1.75932
1.75467
1.66282
1.24003
1
1
1
1
1
1
1
1
1
1
1
1
1
1
1
1
1
1
1
1
1
1
1.81811
1.81676
1.82149
1.82501
1.82627
1.81931
1.80272
1.78243
1.76842
1.76163
1.75924
1.68549
1.33018
0.99994
1
1
1
1
1
1
1
1
1
1
1
1
1
1
1
1
1
1
1
1
1
1.81279
1.8124
1.8177
1.82147
1.82132
1.81404
1.79796
1.77816
1.76446
1.75974
1.75961
1.70797
1.40667
1.00435
1
1
1
1
1
1
1
1
1
1
1
1
1
1
1
1
1
1
1
1
1
1.80575
1.80858
1.81436
1.81802
1.81637
1.80863
1.79318
1.77504
1.76195
1.75705
1.75814
1.73516
1.48119
1.02067
1
1
1
1
1
1
1
1
1
1
1
1
1
1
1
1
1
1
1
1
1
1.80001
1.80474
1.81098
1.81484
1.81192
1.80442
1.79054
1.77467
1.76168
1.75581
1.75645
1.7592
1.54938
1.05684
1
1
1
1
1
1
1
1
1
1
1
1
1
1
1
1
1
1
1
1
1
1.79881
1.80309
1.80801
1.81217
1.80923
1.80292
1.79065
1.77544
1.76295
1.75643
1.75616
1.76191
1.59792
1.10924
1
1
1
1
1
1
1
1
1
1
1
1
1
1
1
1
1
1
1
1
1
1.80019
1.80331
1.80586
1.80529
1.8045
1.79985
1.79083
1.77751
1.76571
1.75813
1.75459
1.75835
1.63879
1.17643
1
1
1
1
1
1
1
1
1
1
1
1
1
1
1
1
1
1
1
1
1
1.80377
1.80385
1.80562
1.80049
1.79933
1.79556
1.78936
1.78036
1.76963
1.76224
1.75598
1.74881
1.67564
1.25715
0.999993
1
1
1
1
1
1
1
1
1
1
1
1
1
1
1
1
1
1
1
1
1.81002
1.80663
1.80519
1.79907
1.79743
1.79353
1.78928
1.78309
1.77404
1.7679
1.76056
1.74791
1.70359
1.33547
1.0002
1
1
1
1
1
1
1
1
1
1
1
1
1
1
1
1
1
1
1
1
1.81495
1.80954
1.80511
1.79996
1.79738
1.79363
1.79006
1.78595
1.77784
1.77253
1.76224
1.74956
1.72643
1.40663
1.00423
1
1
1
1
1
1
1
1
1
1
1
1
1
1
1
1
1
1
1
1
1.81389
1.80951
1.80601
1.80338
1.80015
1.79562
1.79325
1.78974
1.78124
1.77263
1.76062
1.75214
1.74526
1.47264
1.01639
1
1
1
1
1
1
1
1
1
1
1
1
1
1
1
1
1
1
1
1
1.81351
1.81014
1.80926
1.8095
1.80662
1.80026
1.79871
1.79372
1.78324
1.77186
1.75745
1.755
1.75845
1.53156
1.04158
1
1
1
1
1
1
1
1
1
1
1
1
1
1
1
1
1
1
1
1
1.81352
1.81214
1.81341
1.81421
1.8101
1.8084
1.80517
1.79741
1.78462
1.77036
1.75792
1.75949
1.76692
1.57986
1.08184
1
1
1
1
1
1
1
1
1
1
1
1
1
1
1
1
1
1
1
1
1.81313
1.81441
1.8171
1.81895
1.81632
1.81798
1.81314
1.80335
1.78799
1.7709
1.75971
1.76592
1.77263
1.61774
1.1341
1
1
1
1
1
1
1
1
1
1
1
1
1
1
1
1
1
1
1
1
1.81405
1.81723
1.82164
1.82528
1.82481
1.8293
1.82299
1.81102
1.79324
1.77345
1.76318
1.77308
1.77672
1.64738
1.19435
1
1
1
1
1
1
1
1
1
1
1
1
1
1
1
1
1
1
1
1
1.8164
1.81992
1.82541
1.82997
1.83198
1.8373
1.82963
1.81741
1.79883
1.77868
1.76897
1.78091
1.78186
1.67286
1.25535
0.999992
1
1
1
1
1
1
1
1
1
1
1
1
1
1
1
1
1
1
1
1.819
1.82168
1.8275
1.83274
1.83644
1.84281
1.83619
1.82527
1.80612
1.78512
1.77519
1.78701
1.78677
1.69657
1.31698
1.00015
1
1
1
1
1
1
1
1
1
1
1
1
1
1
1
1
1
1
1
1.82088
1.8226
1.82829
1.83425
1.83868
1.84507
1.84056
1.83046
1.8137
1.79252
1.78245
1.79322
1.79138
1.71588
1.36673
1.00136
1
1
1
1
1
1
1
1
1
1
1
1
1
1
1
1
1
1
1
1.82213
1.82277
1.82854
1.83542
1.83991
1.84542
1.84236
1.83363
1.8205
1.80129
1.78952
1.79773
1.79457
1.74293
1.44659
1.01055
1
1
1
1
1
1
1
1
1
1
1
1
1
1
1
1
1
1
1
1.82263
1.82475
1.83175
1.83856
1.84345
1.84695
1.84222
1.83118
1.8195
1.80458
1.79914
1.80438
1.79862
1.73027
1.41694
0.984742
1
1
1
1
1
1
1
1
1
1
1
1
1
1
1
1
1
1
1
1.4258
1.6492
1.74389
1.79205
1.82069
1.83827
1.84003
1.83537
1.82807
1.81641
1.80473
1.80883
1.81119
1.78334
1.59987
1.13254
1.00254
1.00001
1
1
1
1
1
1
1
1
1
1
1
1
1
1
1
1
1
0.921741
1.35877
1.55777
1.67089
1.7422
1.79089
1.8182
1.82719
1.82565
1.82114
1.81109
1.8097
1.82154
1.79867
1.74607
1.38116
1.02983
1.00027
1
1
1
1
1
1
1
1
1
1
1
1
1
1
1
1
1
0.821944
1.20813
1.3618
1.49318
1.61382
1.69602
1.75566
1.79263
1.80876
1.81389
1.80953
1.80706
1.82679
1.81049
1.77792
1.58276
1.12598
1.00262
1.00001
1
1
1
1
1
1
1
1
1
1
1
1
1
1
1
1
0.847993
1.07293
1.22281
1.34351
1.45713
1.57936
1.65893
1.72748
1.76745
1.79003
1.79791
1.80018
1.8249
1.81706
1.80552
1.70674
1.30848
1.01732
1.00013
1
1
1
1
1
1
1
1
1
1
1
1
1
1
1
1
0.863027
0.931998
1.08339
1.2374
1.33308
1.44972
1.5569
1.63539
1.70572
1.74466
1.77123
1.7852
1.81489
1.81959
1.82019
1.78615
1.50721
1.07687
1.00116
1
1
1
1
1
1
1
1
1
1
1
1
1
1
1
1
0.972022
0.905458
0.928888
1.09857
1.23811
1.32143
1.45351
1.5443
1.62554
1.68187
1.72007
1.75445
1.79319
1.81292
1.8185
1.81604
1.68057
1.22239
1.00759
1.00004
1
1
1
1
1
1
1
1
1
1
1
1
1
1
1
1.08794
0.921283
0.867957
0.966877
1.14473
1.24656
1.33284
1.45416
1.53986
1.6207
1.66382
1.70716
1.75567
1.78873
1.81014
1.81919
1.75519
1.4097
1.0366
1.00034
1
1
1
1
1
1
1
1
1
1
1
1
1
1
1
1.1429
0.938103
0.849592
0.917104
1.03454
1.18326
1.25483
1.37067
1.46432
1.55208
1.6134
1.66069
1.71149
1.75163
1.79194
1.81283
1.79651
1.56688
1.10953
1.00192
1.00001
1
1
1
1
1
1
1
1
1
1
1
1
1
1
1.15169
0.943031
0.836891
0.904621
0.962142
1.10909
1.20655
1.2731
1.38081
1.46873
1.54728
1.61121
1.66634
1.71176
1.75977
1.79844
1.79806
1.67651
1.2491
1.01033
1.00006
1
1
1
1
1
1
1
1
1
1
1
1
1
1
1.14602
0.951841
0.841879
0.8822
0.920441
1.00001
1.14954
1.22058
1.30382
1.39765
1.4634
1.54778
1.61299
1.66281
1.71597
1.77367
1.78766
1.73376
1.40813
1.0383
1.00037
1
1
1
1
1
1
1
1
1
1
1
1
1
1
1.11707
0.957976
0.868635
0.872948
0.900475
0.952582
1.0751
1.17729
1.25044
1.35467
1.4255
1.49482
1.56452
1.60957
1.66621
1.73568
1.76874
1.7483
1.53275
1.10938
1.00208
1.00001
1
1
1
1
1
1
1
1
1
1
1
1
1
1.06525
0.969369
0.900721
0.863016
0.887897
0.947258
0.994507
1.12882
1.20718
1.30844
1.39922
1.45756
1.52368
1.57097
1.62049
1.69095
1.74449
1.74096
1.61779
1.21452
1.00815
1.00005
1
1
1
1
1
1
1
1
1
1
1
1
1
1.03998
0.982226
0.921453
0.865347
0.872954
0.942315
0.985025
1.06352
1.14999
1.23941
1.35121
1.41258
1.47373
1.5313
1.57933
1.64628
1.71802
1.72648
1.65865
1.33498
1.02681
1.00023
1
1
1
1
1
1
1
1
1
1
1
1
1
1.03969
0.996404
0.929032
0.865253
0.856511
0.929194
0.982773
1.0246
1.10228
1.18058
1.27354
1.35374
1.41426
1.47864
1.53228
1.60097
1.68434
1.70826
1.67105
1.42972
1.06401
1.00092
1
1
1
1
1
1
1
1
1
1
1
1
1
1.05178
1.01838
0.937018
0.863652
0.842885
0.898075
0.968897
1.01991
1.08244
1.16389
1.23592
1.31321
1.37895
1.43535
1.49156
1.55509
1.64141
1.6845
1.66272
1.49044
1.12607
1.00327
1.00002
1
1
1
1
1
1
1
1
1
1
1
1
1.06289
1.02643
0.944899
0.866695
0.841124
0.862555
0.932001
1.002
1.05851
1.1429
1.21421
1.28157
1.35163
1.40824
1.46322
1.51943
1.59813
1.65601
1.64913
1.53813
1.19929
1.00918
1.00006
1
1
1
1
1
1
1
1
1
1
1
1
1.0599
1.02369
0.949556
0.877213
0.847183
0.858378
0.883563
0.957918
1.01005
1.101
1.17998
1.24207
1.31565
1.3753
1.43193
1.48828
1.56117
1.62816
1.63058
1.55449
1.27356
1.02243
1.00021
1
1
1
1
1
1
1
1
1
1
1
1
1.04119
1.00964
0.949519
0.893089
0.864184
0.863313
0.874116
0.931295
0.980038
1.04232
1.12089
1.18437
1.25439
1.32483
1.38293
1.44644
1.52134
1.59871
1.60894
1.55549
1.32695
1.04397
1.00061
1
1
1
1
1
1
1
1
1
1
1
1
1.01516
0.991804
0.946639
0.907678
0.886401
0.874521
0.879789
0.929459
0.976058
1.03358
1.09853
1.16036
1.22543
1.29125
1.34797
1.40513
1.47669
1.56209
1.58407
1.54906
1.36813
1.07336
1.00155
1.00001
1
1
1
1
1
1
1
1
1
1
1
1.00617
0.984726
0.942711
0.911518
0.896407
0.87879
0.879399
0.92184
0.970241
1.02881
1.08859
1.1513
1.21361
1.27327
1.33003
1.38371
1.44673
1.52731
1.55954
1.53706
1.39233
1.10882
1.0035
1.00002
1
1
1
1
1
1
1
1
1
1
1
1.00764
0.984366
0.942185
0.915169
0.896444
0.87816
0.875489
0.900091
0.943396
1.00757
1.07023
1.13411
1.19549
1.25157
1.30934
1.36412
1.42418
1.49928
1.53814
1.51947
1.4062
1.14295
1.00689
1.00005
1
1
1
1
1
1
1
1
1
1
1
1.01242
0.987643
0.947272
0.924792
0.893841
0.876743
0.87436
0.886872
0.900082
0.958552
1.02433
1.09168
1.15575
1.21266
1.26983
1.32837
1.39193
1.46747
1.51469
1.49896
1.40878
1.17632
1.01243
1.00011
1
1
1
1
1
1
1
1
1
1
1
1.0183
0.995337
0.956693
0.925005
0.890806
0.872889
0.876074
0.889263
0.895322
0.937214
0.998108
1.05061
1.11204
1.16922
1.22722
1.28733
1.35009
1.42613
1.48414
1.47665
1.40435
1.19958
1.01958
1.00023
1
1
1
1
1
1
1
1
1
1
1
1.02048
1.00162
0.958989
0.922628
0.890217
0.8728
0.87612
0.88899
0.895667
0.936963
0.994433
1.04688
1.10379
1.15994
1.21881
1.27682
1.33334
1.39862
1.4574
1.45593
1.39697
1.21637
1.02817
1.00043
1
1
1
1
1
1
1
1
1
1
1
1.01931
1.0023
0.95916
0.920795
0.889365
0.874133
0.872357
0.882344
0.890474
0.930969
0.987595
1.03983
1.09513
1.15122
1.20887
1.26684
1.32195
1.38118
1.43813
1.43849
1.38731
1.22816
1.0376
1.00075
1
1
1
1
1
1
1
1
1
1
1
1.01616
1.00119
0.959399
0.91992
0.890078
0.876594
0.869862
0.873599
0.877499
0.909047
0.963367
1.01821
1.07446
1.13125
1.18923
1.24837
1.30307
1.35999
1.41782
1.41984
1.37471
1.23511
1.04764
1.00123
1.00001
1
1
1
1
1
1
1
1
1
1
1.0134
0.998233
0.959043
0.918845
0.893981
0.881602
0.87163
0.869363
0.870196
0.894537
0.931783
0.979486
1.03154
1.08993
1.14878
1.2088
1.26512
1.32253
1.38612
1.39446
1.35821
1.23714
1.05765
1.00187
1.00001
1
1
1
1
1
1
1
1
1
1
1.01194
0.994815
0.957527
0.917384
0.896023
0.884097
0.876542
0.870011
0.871598
0.89568
0.92729
0.968051
1.02036
1.06961
1.12706
1.18482
1.23691
1.28853
1.35085
1.36654
1.33715
1.23474
1.06473
1.00258
1.00002
1
1
1
1
1
1
1
1
1
1
1.01183
0.990829
0.953744
0.914587
0.895335
0.883735
0.878137
0.869828
0.871476
0.893871
0.926047
0.968319
1.01973
1.0718
1.12958
1.18612
1.23338
1.27797
1.33264
1.34922
1.32186
1.22987
1.06984
1.00329
1.00003
1
1
1
1
1
1
1
1
1
1
1.01235
0.988304
0.948292
0.908821
0.891645
0.880976
0.876627
0.866158
0.867072
0.884709
0.918666
0.961463
1.01446
1.06957
1.12721
1.18208
1.22535
1.26554
1.31723
1.33594
1.30978
1.22395
1.07371
1.00401
1.00004
1
1
1
1
1
1
1
1
1
1
1.01368
0.987166
0.944417
0.903259
0.884358
0.875716
0.87285
0.864523
0.865145
0.87576
0.902423
0.940779
0.994366
1.05482
1.11393
1.16629
1.20594
1.24324
1.295
1.31827
1.29474
1.21746
1.0766
1.00475
1.00005
1
1
1
1
1
1
1
1
1
1
1.01272
0.985363
0.94295
0.898185
0.876482
0.872997
0.87067
0.864669
0.865443
0.87555
0.896464
0.928184
0.973424
1.03082
1.09057
1.14261
1.18013
1.2141
1.26267
1.29218
1.27433
1.20901
1.07792
1.00536
1.00006
1
1
1
1
1
1
1
1
1
1
1.01284
0.985222
0.943261
0.895858
0.873883
0.873831
0.871579
0.866563
0.867918
0.878255
0.898106
0.927996
0.972753
1.02292
1.07446
1.12327
1.1579
1.18771
1.23347
1.26771
1.25407
1.19851
1.07718
1.00571
1.00007
1
1
1
1
1
1
1
1
1
1
1.01738
0.989194
0.94727
0.898407
0.875943
0.877005
0.875404
0.872342
0.875103
0.887623
0.904289
0.932557
0.978757
1.02523
1.07418
1.11371
1.14266
1.16824
1.21481
1.25171
1.23916
1.18767
1.07439
1.00572
1.00007
1
1
1
1
1
1
1
1
1
1
1.02903
1.00216
0.962562
0.910925
0.884988
0.883778
0.883251
0.882365
0.885657
0.896906
0.909143
0.938843
0.983548
1.0294
1.07431
1.10982
1.1334
1.15658
1.20327
1.23774
1.22638
1.17733
1.07023
1.00552
1.00007
1
1
1
1
1
1
1
1
1
1
1.04808
1.0237
0.988892
0.938338
0.909028
0.900944
0.896833
0.894722
0.895041
0.901888
0.913978
0.942665
0.98326
1.02876
1.0706
1.1013
1.1198
1.14155
1.1884
1.22218
1.21283
1.16709
1.06558
1.00516
1.00007
1
1
1
1
1
1
1
1
1
1
1.07343
1.05509
1.02343
0.972483
0.943524
0.929687
0.919541
0.909914
0.904709
0.908112
0.921162
0.946764
0.979615
1.02374
1.05937
1.08455
1.09859
1.11892
1.16565
1.20428
1.19797
1.15651
1.06065
1.00471
1.00006
1
1
1
1
1
1
1
1
1
1
1.08149
1.07165
1.053
1.00972
0.976938
0.955839
0.945674
0.934353
0.92063
0.918692
0.930907
0.953683
0.978554
1.01593
1.04328
1.06266
1.07539
1.09565
1.14302
1.18661
1.18312
1.14556
1.05522
1.00417
1.00005
1
1
1
1
1
1
1
1
1
1
1.07953
1.07071
1.05665
1.02579
0.995253
0.974522
0.966199
0.962927
0.947938
0.936429
0.943493
0.957178
0.974869
1.00191
1.02357
1.04299
1.05653
1.07767
1.12778
1.17199
1.16975
1.13452
1.04922
1.00355
1.00004
1
1
1
1
1
1
1
1
1
1
1.07369
1.0657
1.05292
1.02519
1.00464
0.990107
0.989386
0.991048
0.982393
0.963358
0.957886
0.960147
0.97028
0.986744
1.00742
1.02426
1.03896
1.06519
1.11904
1.15988
1.15811
1.12358
1.04285
1.0029
1.00003
1
1
1
1
1
1
1
1
1
1
1.06198
1.0557
1.04317
1.0228
1.01062
1.00538
1.01046
1.0137
1.01364
0.994538
0.971576
0.962896
0.966372
0.971866
0.988965
1.00248
1.01883
1.05154
1.10943
1.14904
1.14762
1.11275
1.03639
1.00225
1.00003
1
1
1
1
1
1
1
1
1
1
1.04648
1.0423
1.03253
1.02023
1.01166
1.00951
1.01282
1.01797
1.02058
1.0085
0.97711
0.962478
0.958582
0.955706
0.968565
0.982098
1.00169
1.03689
1.09774
1.13889
1.13774
1.10188
1.03007
1.00166
1.00002
1
1
1
1
1
1
1
1
1
1
1.03374
1.02839
1.02447
1.01701
1.01128
1.009
1.01097
1.01549
1.01859
1.00708
0.97657
0.95622
0.94409
0.938544
0.951036
0.968024
0.990951
1.02646
1.08856
1.12968
1.12826
1.09087
1.024
1.00115
1.00001
1
1
1
1
1
1
1
1
1
1
1.02397
1.01682
1.01611
1.01093
1.00775
1.00555
1.00512
1.0062
1.00849
0.997298
0.969099
0.940461
0.924601
0.922388
0.935397
0.955107
0.979689
1.0197
1.08352
1.12163
1.119
1.07964
1.01833
1.00074
1.00001
1
1
1
1
1
1
1
1
1
1
1.01481
1.00612
1.00469
0.999198
0.996679
0.993828
0.989674
0.985926
0.985497
0.975218
0.949698
0.920598
0.905599
0.907343
0.916626
0.940494
0.968519
1.01561
1.08132
1.11433
1.10977
1.06816
1.01325
1.00044
1
1
1
1
1
1
1
1
1
1
1
1.00291
0.993033
0.988404
0.979971
0.97537
0.970764
0.963727
0.957321
0.955561
0.944939
0.923602
0.901466
0.890745
0.893006
0.899947
0.927773
0.960693
1.01455
1.07992
1.10728
1.10035
1.05642
1.00891
1.00023
1
1
1
1
1
1
1
1
1
1
1
0.985044
0.97525
0.96694
0.954861
0.947403
0.941579
0.934937
0.930094
0.926796
0.912965
0.893466
0.879994
0.876543
0.882526
0.889556
0.920268
0.958987
1.01474
1.07875
1.10017
1.09044
1.0446
1.00546
1.00011
1
1
1
1
1
1
1
1
1
1
1
0.962288
0.953713
0.943383
0.930207
0.921724
0.915936
0.910451
0.905278
0.897461
0.886441
0.872619
0.865285
0.866854
0.877238
0.884824
0.919314
0.958609
1.01575
1.07764
1.09287
1.07976
1.03304
1.00296
1.00004
1
1
1
1
1
1
1
1
1
1
1
0.938894
0.931839
0.920353
0.907856
0.898897
0.89231
0.88665
0.88169
0.87626
0.871647
0.863078
0.859202
0.862759
0.874347
0.884135
0.918759
0.958622
1.01852
1.07644
1.08518
1.06786
1.02208
1.00133
1.00001
1
1
1
1
1
1
1
1
1
1
1
0.899559
0.900416
0.89645
0.887399
0.879914
0.87471
0.871006
0.868579
0.866003
0.863977
0.858158
0.855854
0.859676
0.872404
0.882823
0.917234
0.959113
1.02198
1.07391
1.07704
1.05486
1.01333
1.00054
1
1
1
1
1
1
1
1
1
1
1
1
0.942988
0.886192
0.879347
0.873654
0.86883
0.865756
0.86406
0.862863
0.860986
0.859263
0.855076
0.853569
0.858992
0.872456
0.882746
0.917905
0.96256
1.02733
1.07187
1.07108
1.0439
1.00744
1.00014
0.999998
0.999999
1
1
1
1
1
1
1
1
1
1
0.98123
0.88727
0.87152
0.867801
0.86501
0.863341
0.862409
0.860642
0.858911
0.856887
0.853947
0.852588
0.859013
0.87255
0.882785
0.919036
0.965805
1.03123
1.07009
1.06707
1.03671
1.00471
1.00005
0.999997
0.999999
1
1
1
1
1
1
1
1
1
1
1.01067
0.892098
0.866627
0.864091
0.862856
0.86216
0.860856
0.858408
0.85698
0.85447
0.85356
0.852525
0.85948
0.872822
0.883137
0.921154
0.970217
1.03538
1.06768
1.06184
1.02889
1.00258
1.00001
0.999996
0.999999
1
1
1
1
1
1
1
1
1
1
1.03682
0.901675
0.863272
0.861711
0.861079
0.860485
0.85822
0.855875
0.854236
0.85277
0.853699
0.853096
0.860335
0.873538
0.884218
0.924314
0.976304
1.03935
1.0643
1.05514
1.02075
1.00111
0.999988
0.999994
0.999999
1
1
1
1
1
1
1
1
1
1
1.06109
0.915975
0.863495
0.858983
0.858399
0.857165
0.85508
0.852797
0.851363
0.852649
0.854526
0.853815
0.860812
0.874636
0.886845
0.929011
0.983929
1.04285
1.05957
1.04664
1.01271
1.00031
0.999975
0.999993
1
1
1
1
1
1
1
1
1
1
1
1.08878
0.932617
0.865218
0.855823
0.855093
0.853634
0.852246
0.851011
0.850703
0.85322
0.856017
0.854732
0.860907
0.876652
0.891969
0.935213
0.992142
1.04509
1.053
1.03576
1.0058
0.999972
0.999958
0.999994
1
1
1
1
1
1
1
1
1
1
1
1.10743
0.947182
0.868928
0.853824
0.852639
0.852209
0.851596
0.850861
0.850964
0.854595
0.857977
0.856601
0.862325
0.880467
0.899196
0.94376
1.0006
1.04526
1.04473
1.02244
1.00141
0.999816
0.999953
0.999997
1
1
1
1
1
1
1
1
1
1
1
1.10817
0.955189
0.873076
0.853712
0.852195
0.852205
0.851866
0.851384
0.852005
0.856378
0.860675
0.859986
0.866008
0.886479
0.908175
0.955726
1.00694
1.04158
1.03371
1.00904
0.999457
0.999732
0.999966
0.999999
1
1
1
1
1
1
1
1
1
1
1
1.10171
0.955967
0.878685
0.854159
0.852341
0.85264
0.852685
0.852618
0.853756
0.858634
0.864862
0.866238
0.87327
0.895866
0.91898
0.964107
1.00832
1.03018
1.01738
0.999486
0.998782
0.999765
0.999985
1
1
1
1
1
1
1
1
1
1
1
1
1.07024
0.948345
0.885297
0.855607
0.852885
0.853569
0.854032
0.854689
0.85689
0.862813
0.8713
0.875175
0.882719
0.90343
0.925671
0.965447
1.00749
1.01079
0.998423
0.995453
0.99882
0.999875
0.999997
1
1
1
1
1
1
1
1
1
1
1
1
1.03329
0.940561
0.894641
0.859629
0.854585
0.855383
0.856823
0.859153
0.863494
0.869929
0.876709
0.880009
0.885455
0.90462
0.926386
0.965204
0.996717
0.987655
0.986219
0.995274
0.999249
0.999969
1
1
1
1
1
1
1
1
1
1
1
1
1
1.02276
0.944279
0.908312
0.868519
0.858654
0.859622
0.862135
0.866177
0.871023
0.874435
0.877706
0.88034
0.885357
0.904283
0.926102
0.959044
0.968432
0.967489
0.984793
0.996416
0.999736
0.999997
1
1
1
1
1
1
1
1
1
1
1
1
1
1.02924
0.961137
0.929356
0.883921
0.864149
0.86428
0.865954
0.869571
0.872935
0.87462
0.877294
0.879729
0.884746
0.900227
0.919759
0.93598
0.939111
0.963106
0.986742
0.998129
0.999951
1
1
1
1
1
1
1
1
1
1
1
1
1
1
1.04139
0.983184
0.950634
0.90944
0.873138
0.865117
0.866252
0.869692
0.872685
0.873051
0.873803
0.874673
0.879477
0.886732
0.896657
0.90934
0.932646
0.965173
0.990435
0.999227
0.999986
1
1
1
1
1
1
1
1
1
1
1
1
1
1
1.04381
0.992723
0.957319
0.925249
0.884684
0.864592
0.864727
0.86734
0.868663
0.865277
0.861782
0.859866
0.863312
0.866556
0.873601
0.903866
0.934577
0.970297
0.993656
0.99957
0.999991
1
1
1
1
1
1
1
1
1
1
1
1
1
1
1.03725
0.992846
0.95783
0.928454
0.89192
0.859892
0.856268
0.856434
0.854936
0.848312
0.842171
0.840344
0.84566
0.857288
0.871018
0.905663
0.94013
0.975813
0.995281
0.999677
0.999993
1
1
1
1
1
1
1
1
1
1
1
1
1
1
1.02025
0.988365
0.956577
0.934602
0.898148
0.854998
0.841421
0.840367
0.838914
0.834767
0.831875
0.831628
0.841424
0.857474
0.873367
0.910866
0.946665
0.979519
0.996146
0.999747
0.999995
1
1
1
1
1
1
1
1
1
1
1
1
1
1
0.999607
0.976585
0.953984
0.94121
0.915039
0.861815
0.836957
0.833754
0.833501
0.832281
0.830917
0.830812
0.841828
0.859721
0.8787
0.91717
0.951772
0.982166
0.996865
0.999815
0.999997
1
1
1
1
1
1
1
1
1
1
1
1
1
1
0.979364
0.959275
0.951158
0.945179
0.934553
0.883073
0.841335
0.83366
0.832459
0.832276
0.83106
0.831015
0.843675
0.863699
0.884423
0.922532
0.956097
0.984677
0.997577
0.999877
0.999998
1
1
1
1
1
1
1
1
1
1
1
1
1
1
0.965388
0.943499
0.94569
0.943913
0.940073
0.909866
0.858681
0.835127
0.831801
0.832354
0.831226
0.831708
0.84709
0.868083
0.889629
0.927501
0.960556
0.987291
0.998242
0.999924
0.999999
1
1
1
1
1
1
1
1
1
1
1
1
1
1
0.966714
0.943128
0.941287
0.943596
0.944421
0.926817
0.882367
0.840664
0.831623
0.832716
0.832319
0.832659
0.850259
0.872957
0.894996
0.932857
0.965384
0.989881
0.998797
0.999957
0.999999
1
1
1
1
1
1
1
1
1
1
1
1
1
1
0.972819
0.946177
0.940294
0.943132
0.942792
0.931903
0.909395
0.856607
0.832713
0.833496
0.83384
0.834232
0.853845
0.878125
0.901058
0.938753
0.970433
0.992285
0.999226
0.999977
1
1
1
1
1
1
1
1
1
1
1
1
1
1
1
0.979234
0.950115
0.941096
0.943069
0.943656
0.939254
0.927954
0.880802
0.838141
0.834864
0.834089
0.836033
0.858754
0.883592
0.90788
0.945079
0.975513
0.994411
0.999538
0.999989
1
1
1
1
1
1
1
1
1
1
1
1
1
1
1
0.977885
0.95254
0.943255
0.943935
0.947928
0.949656
0.942771
0.905604
0.854082
0.837779
0.83659
0.838664
0.864309
0.89005
0.915448
0.951786
0.980483
0.996205
0.999749
0.999995
1
1
1
1
1
1
1
1
1
1
1
1
1
1
1
0.976096
0.954125
0.945371
0.94517
0.949568
0.954774
0.951821
0.930783
0.888204
0.846254
0.843581
0.843307
0.86845
0.897642
0.923764
0.958893
0.985243
0.997636
0.999879
0.999998
1
1
1
1
1
1
1
1
1
1
1
1
1
1
1
0.977129
0.956809
0.947995
0.946733
0.950498
0.955693
0.958447
0.949262
0.921858
0.870023
0.855062
0.852452
0.871844
0.904876
0.932201
0.966192
0.98961
0.998689
0.999949
0.999999
1
1
1
1
1
1
1
1
1
1
1
1
1
1
1
0.977394
0.959986
0.951453
0.949663
0.951919
0.95545
0.958373
0.95443
0.941113
0.907089
0.875262
0.870018
0.879132
0.911875
0.940101
0.973079
0.993223
0.999363
0.999982
1
1
1
1
1
1
1
1
1
1
1
1
1
1
1
1
0.972989
0.960646
0.95483
0.952693
0.952951
0.954183
0.955582
0.953413
0.948617
0.93878
0.909018
0.894423
0.896115
0.922096
0.948438
0.979278
0.995861
0.999722
0.999994
1
1
1
1
1
1
1
1
1
1
1
1
1
1
1
1
0.965499
0.960778
0.957183
0.955285
0.954741
0.954566
0.954038
0.951892
0.949451
0.947817
0.935091
0.920236
0.918659
0.936908
0.95899
0.985211
0.997696
0.999891
0.999998
1
1
1
1
1
1
1
1
1
1
1
1
1
1
1
1
0.964491
0.963526
0.962422
0.961814
0.961736
0.961124
0.959839
0.957838
0.957578
0.95938
0.959067
0.956367
0.955721
0.966363
0.979725
0.993826
0.999308
0.999978
1
1
1
1
1
1
1
1
1
1
1
1
1
1
1
1
1
)
;

boundaryField
{
    inlet
    {
        type            fixedValue;
        value           uniform 1;
    }
    outlet
    {
        type            inletOutlet;
        inletValue      uniform 1;
        value           nonuniform List<scalar> 
70
(
0.964506
0.963562
0.96248
0.961887
0.961824
0.961222
0.95994
0.957959
0.95767
0.959456
0.959277
0.9567
0.956138
0.966807
0.980169
0.994044
0.999346
0.99998
1
1
1
1
1
1
1
1
1
1
1
1
1
1
1
1
1
0.964304
0.963383
0.960528
0.958368
0.955731
0.953034
0.95092
0.947756
0.940586
0.928658
0.928338
0.932437
0.943967
0.965295
0.985132
0.996525
0.999664
0.999989
1
1
1
1
1
1
1
1
1
1
1
1
1
1
1
1
1
)
;
    }
    airfoil
    {
        type            zeroGradient;
    }
    top
    {
        type            symmetryPlane;
    }
    bottom
    {
        type            symmetryPlane;
    }
    defaultFaces
    {
        type            empty;
    }
}


// ************************************************************************* //
