/*--------------------------------*- C++ -*----------------------------------*\
  =========                 |
  \\      /  F ield         | OpenFOAM: The Open Source CFD Toolbox
   \\    /   O peration     | Website:  https://openfoam.org
    \\  /    A nd           | Version:  7
     \\/     M anipulation  |
\*---------------------------------------------------------------------------*/
FoamFile
{
    version     2.0;
    format      ascii;
    class       volScalarField;
    location    "3.9";
    object      p;
}
// * * * * * * * * * * * * * * * * * * * * * * * * * * * * * * * * * * * * * //

dimensions      [1 -1 -2 0 0 0 0];

internalField   nonuniform List<scalar> 
8400
(
0.146202
0.237852
0.329906
0.416673
0.490252
0.56097
0.607879
0.655965
0.687181
0.714461
0.730567
0.73722
0.760148
0.776093
0.781722
0.801819
0.821254
0.831111
0.833218
0.817595
0.802361
0.799081
0.80336
0.811281
0.80771
0.799238
0.792072
0.791885
0.78451
0.782209
0.0561161
0.0565017
0.0617835
0.0815052
0.115906
0.168081
0.24563
0.32858
0.422238
0.510667
0.603928
0.687153
0.770253
0.834525
0.883142
0.898981
0.886538
0.86213
0.829139
0.79385
0.763854
0.767955
0.777484
0.801721
0.821111
0.82914
0.817213
0.803689
0.795289
0.791829
0.0587216
0.0590139
0.0590372
0.0592122
0.0592051
0.0582078
0.0574395
0.0562666
0.0644217
0.0861313
0.128544
0.198895
0.283148
0.390487
0.519257
0.623443
0.685894
0.735996
0.7816
0.790973
0.811119
0.812243
0.803721
0.797911
0.805373
0.814705
0.808526
0.801585
0.798938
0.795503
0.0546009
0.0555383
0.0558031
0.0555597
0.0554783
0.0552771
0.054538
0.0535358
0.0524739
0.0517185
0.0514446
0.0512266
0.0510449
0.0538721
0.0724211
0.122002
0.202421
0.314849
0.464602
0.621637
0.739607
0.778018
0.798043
0.801524
0.821925
0.824426
0.810953
0.813008
0.821038
0.807377
0.0517361
0.0521952
0.0524534
0.0527396
0.0533718
0.0535568
0.0533177
0.0526059
0.0517949
0.051383
0.0518908
0.0543658
0.0552444
0.0543388
0.0549098
0.0573805
0.0627318
0.0656193
0.0775732
0.13238
0.234956
0.38265
0.526746
0.644141
0.701662
0.732751
0.766297
0.80188
0.822874
0.798316
0.0508311
0.0508268
0.0509138
0.0512247
0.0519703
0.0532234
0.0541897
0.0543819
0.0544432
0.0559218
0.0603469
0.0663547
0.0717164
0.0729373
0.0731903
0.07375
0.0767102
0.0813066
0.0824599
0.0823639
0.0841588
0.0890239
0.1182
0.189537
0.286201
0.414548
0.550213
0.630143
0.673165
0.731677
0.0553228
0.0556316
0.0564469
0.0583089
0.0613105
0.0651039
0.0694278
0.0726521
0.0746294
0.0763172
0.0780321
0.0798764
0.0835199
0.0879962
0.0887439
0.0889334
0.0897437
0.0929934
0.0962005
0.0992277
0.104215
0.11098
0.116852
0.117598
0.117104
0.122414
0.155546
0.23326
0.33327
0.533218
0.0779401
0.07817
0.0784146
0.0789615
0.0804544
0.0831267
0.0864359
0.0901163
0.0922277
0.0914447
0.0890563
0.0889283
0.0914596
0.0976065
0.101349
0.103682
0.106858
0.112845
0.120504
0.126155
0.129282
0.132226
0.131395
0.130898
0.130435
0.131069
0.132918
0.136757
0.139157
0.18638
0.100154
0.100511
0.100644
0.100058
0.0998576
0.100093
0.101675
0.107217
0.114411
0.115321
0.115456
0.116899
0.12087
0.127424
0.133131
0.13519
0.136811
0.140931
0.145116
0.147239
0.146769
0.145992
0.144498
0.145421
0.148983
0.155394
0.161018
0.164102
0.166891
0.164912
0.134194
0.136919
0.138132
0.137527
0.136747
0.136969
0.13908
0.143964
0.150978
0.154588
0.155402
0.155931
0.157213
0.161522
0.16514
0.164827
0.163826
0.164451
0.16479
0.164579
0.164864
0.167295
0.172895
0.179101
0.184194
0.18658
0.186079
0.183983
0.182006
0.181453
0.178139
0.182188
0.183895
0.183484
0.17999
0.177736
0.17799
0.179734
0.184504
0.188025
0.187775
0.186458
0.186368
0.187713
0.191102
0.193886
0.1948
0.195682
0.198429
0.202513
0.207208
0.2111
0.214132
0.213565
0.211811
0.20833
0.204539
0.20028
0.201028
0.205823
0.23145
0.236668
0.23944
0.239998
0.237305
0.229641
0.226849
0.227665
0.23226
0.23867
0.24008
0.238518
0.237361
0.238159
0.240447
0.241117
0.241633
0.242841
0.245907
0.247839
0.247563
0.24548
0.241893
0.237603
0.232889
0.229123
0.230245
0.234594
0.239801
0.241597
0.297189
0.301659
0.306943
0.309401
0.309117
0.302555
0.293232
0.290103
0.291117
0.29628
0.29898
0.297658
0.294192
0.294243
0.295059
0.294799
0.29253
0.290145
0.28843
0.286925
0.284687
0.281321
0.278685
0.278844
0.279604
0.281092
0.282843
0.28242
0.280266
0.275089
0.381498
0.384539
0.390099
0.393405
0.393369
0.38896
0.377868
0.370372
0.369053
0.371209
0.371088
0.367121
0.362284
0.362404
0.362689
0.360448
0.353871
0.351531
0.350741
0.349545
0.347463
0.344236
0.340314
0.335879
0.331512
0.326397
0.320711
0.314117
0.308011
0.300769
0.489984
0.491353
0.497981
0.499161
0.497578
0.49417
0.482786
0.468088
0.465169
0.46749
0.466362
0.458113
0.44668
0.445331
0.445229
0.442068
0.433435
0.425857
0.421602
0.41743
0.411488
0.403802
0.395045
0.387324
0.380197
0.372969
0.367126
0.362183
0.359647
0.354175
0.625736
0.628581
0.634102
0.632736
0.626577
0.622153
0.610224
0.591646
0.581768
0.582766
0.581967
0.571135
0.551157
0.546128
0.544774
0.539721
0.52829
0.516273
0.508192
0.500839
0.492115
0.48256
0.471431
0.461695
0.453315
0.44594
0.438254
0.429545
0.422001
0.408836
0.798938
0.783584
0.781221
0.788995
0.793407
0.787461
0.765724
0.737678
0.720761
0.720748
0.719819
0.706574
0.678279
0.669478
0.666175
0.657693
0.641654
0.625167
0.612442
0.600611
0.587926
0.573518
0.558282
0.543286
0.530235
0.517931
0.505005
0.492211
0.480369
0.461578
1.00573
0.976207
0.970682
0.979735
0.986531
0.97767
0.948939
0.914653
0.887145
0.884886
0.883891
0.867246
0.829901
0.815421
0.810016
0.797192
0.774987
0.75421
0.735367
0.718267
0.700382
0.680365
0.660061
0.640621
0.623716
0.607076
0.59021
0.573579
0.559598
0.535968
1.26721
1.21504
1.20271
1.20727
1.20818
1.19317
1.16547
1.1302
1.08933
1.08237
1.07744
1.05525
1.00997
0.985775
0.975423
0.958202
0.930337
0.903559
0.877659
0.85285
0.829455
0.803986
0.777853
0.753249
0.730019
0.708596
0.687694
0.665031
0.645459
0.614881
1.55973
1.52332
1.50558
1.49283
1.47283
1.4491
1.42444
1.39214
1.34695
1.32239
1.30529
1.27686
1.23023
1.19731
1.17297
1.14433
1.11
1.07563
1.04253
1.00747
0.976895
0.946115
0.912472
0.882393
0.854065
0.825227
0.798136
0.771432
0.747334
0.70816
1.73637
1.73044
1.72039
1.70802
1.69269
1.67883
1.6663
1.64881
1.62388
1.59363
1.56664
1.53974
1.49961
1.45475
1.41726
1.37812
1.33567
1.29027
1.24459
1.1998
1.15509
1.11388
1.07274
1.03217
0.996467
0.961146
0.926094
0.891876
0.862762
0.815053
1.73777
1.73655
1.7325
1.72944
1.72974
1.73117
1.7312
1.72968
1.72351
1.71631
1.7111
1.70422
1.69233
1.67426
1.6506
1.62007
1.58233
1.54059
1.49245
1.44061
1.38607
1.32901
1.27459
1.222
1.17155
1.12477
1.07992
1.03514
0.997604
0.937934
1.62412
1.64842
1.65364
1.6452
1.6389
1.65261
1.67451
1.69148
1.69987
1.69778
1.69756
1.70378
1.70361
1.69823
1.69539
1.69299
1.68754
1.677
1.66153
1.63672
1.6036
1.56235
1.51268
1.45805
1.3991
1.33867
1.27952
1.22066
1.16993
1.09001
1.2615
1.28714
1.32675
1.35143
1.36384
1.38408
1.41977
1.45223
1.4852
1.51153
1.535
1.57119
1.609
1.6195
1.63075
1.6471
1.65981
1.66545
1.66281
1.65703
1.64827
1.63685
1.62092
1.59932
1.57249
1.5377
1.49361
1.44053
1.387
1.29038
1.03353
1.03954
1.04809
1.05913
1.0705
1.08156
1.09638
1.11544
1.1378
1.16701
1.19622
1.22841
1.26976
1.31586
1.35676
1.40096
1.45023
1.49359
1.53436
1.56365
1.58305
1.60088
1.60178
1.5969
1.58698
1.57564
1.56117
1.54149
1.51916
1.4644
1.00094
1.00119
1.00156
1.00211
1.00283
1.00373
1.00491
1.00671
1.00924
1.01313
1.01833
1.02489
1.03443
1.04839
1.06698
1.08992
1.12096
1.15917
1.20549
1.25737
1.3136
1.36899
1.41816
1.46477
1.49412
1.51532
1.52985
1.52523
1.51707
1.49802
1.00001
1.00001
1.00001
1.00002
1.00003
1.00004
1.00006
1.00008
1.00013
1.00021
1.00034
1.00054
1.00089
1.0015
1.00258
1.00432
1.00738
1.01237
1.0206
1.03366
1.0529
1.08119
1.11784
1.16394
1.21777
1.27216
1.32669
1.3736
1.4095
1.44021
1
1
1
1
1
1
1
1
1
1
1
1
1.00001
1.00001
1.00002
1.00005
1.00009
1.00019
1.00041
1.00088
1.00185
1.00385
1.00774
1.01483
1.02707
1.04622
1.07401
1.11193
1.15336
1.22824
1
1
1
1
1
1
1
1
1
1
1
1
1
1
1
1
1
1
1
1.00001
1.00002
1.00004
1.00011
1.00028
1.00069
1.00167
1.00378
1.00827
1.01536
1.04042
1
1
1
1
1
1
1
1
1
1
1
1
1
1
1
1
1
1
1
1
1
1
1
1
1.00001
1.00002
1.00005
1.00013
1.00033
1.00179
0.055438
0.0566411
0.058811
0.0536173
0.051027
0.051172
0.0552256
0.0775831
0.0988477
0.130278
0.173265
0.226782
0.294212
0.380841
0.497743
0.645667
0.83942
1.05858
1.32127
1.59654
1.74096
1.7354
1.57579
1.22673
1.02649
1.00074
1.00001
1
1
1
0.056423
0.0574452
0.058592
0.0521287
0.0499594
0.0527756
0.0601852
0.0819666
0.101824
0.133269
0.177809
0.235196
0.313808
0.421874
0.556858
0.720384
0.90789
1.12859
1.38963
1.64814
1.75097
1.72073
1.51504
1.1729
1.01524
1.00029
1
1
1
1
0.0572818
0.0577281
0.0583468
0.0518127
0.0498291
0.0543208
0.0617852
0.0822047
0.102398
0.134987
0.184996
0.256253
0.349832
0.460698
0.591545
0.750847
0.940184
1.16688
1.43724
1.68513
1.75695
1.70388
1.47303
1.13413
1.0092
1.00014
1
1
1
1
0.0577142
0.0579132
0.0587531
0.0518281
0.0497958
0.0545784
0.0617827
0.0813457
0.106098
0.15213
0.211286
0.285147
0.372293
0.478298
0.608831
0.770239
0.965669
1.20744
1.49678
1.72645
1.76066
1.69858
1.42724
1.0931
1.00476
1.00006
1
1
1
1
0.0581672
0.058281
0.0593203
0.0519907
0.0494464
0.0544223
0.0612568
0.0822698
0.119226
0.167195
0.22336
0.294167
0.380222
0.487617
0.625696
0.801099
1.02369
1.28463
1.57872
1.75862
1.7638
1.68782
1.34536
1.0578
1.00227
1.00003
1
1
1
1
0.0585706
0.0585043
0.0594645
0.0514564
0.0481473
0.0539646
0.0618972
0.0918653
0.129095
0.171273
0.226645
0.296458
0.385725
0.504268
0.6723
0.882252
1.11976
1.38183
1.64395
1.77077
1.7649
1.61578
1.26485
1.03674
1.00115
1.00001
1
1
1
1
0.0584199
0.0578526
0.0580884
0.0494609
0.0462063
0.0539366
0.0673532
0.0985883
0.13181
0.170958
0.227997
0.301493
0.414566
0.570306
0.749246
0.948163
1.17623
1.4367
1.68317
1.77479
1.74883
1.55659
1.21217
1.02332
1.00056
1
1
1
1
1
0.0576368
0.0564668
0.0553674
0.047621
0.0454253
0.056476
0.0731257
0.0998244
0.132229
0.17266
0.240914
0.345554
0.472798
0.618624
0.786509
0.983144
1.21889
1.49314
1.72419
1.77798
1.72894
1.5136
1.16174
1.01284
1.00024
1
1
1
1
1
0.0574199
0.0559487
0.0538086
0.0469332
0.0462846
0.059803
0.0755018
0.100736
0.133956
0.197536
0.281671
0.382542
0.499148
0.640694
0.812383
1.02119
1.28151
1.57537
1.7636
1.7814
1.71937
1.4563
1.107
1.0064
1.0001
1
1
1
1
1
0.0574407
0.0557551
0.053134
0.0474779
0.0480253
0.0611123
0.0765569
0.106282
0.15536
0.223485
0.300777
0.396316
0.513857
0.662562
0.86073
1.11291
1.39168
1.65771
1.78447
1.78473
1.7047
1.35982
1.06693
1.0031
1.00004
1
1
1
1
1
0.0574355
0.0563264
0.0529158
0.04777
0.0489354
0.0609896
0.0790841
0.11826
0.172699
0.232863
0.307242
0.403452
0.53565
0.723978
0.959973
1.20974
1.47288
1.70627
1.79281
1.78499
1.62918
1.27894
1.04165
1.00143
1.00002
1
1
1
1
1
0.0577978
0.0576822
0.0529107
0.0474979
0.0488883
0.0599679
0.0869963
0.129323
0.177443
0.233624
0.312407
0.431254
0.609307
0.811996
1.0304
1.27275
1.53372
1.74477
1.79786
1.76607
1.5643
1.21651
1.02413
1.00062
1.00001
1
1
1
1
1
0.0584143
0.0578196
0.0520273
0.0460141
0.0484177
0.0634501
0.0958528
0.132911
0.179298
0.240881
0.351819
0.506317
0.675831
0.861352
1.07967
1.3394
1.60735
1.78241
1.79992
1.74263
1.51228
1.15568
1.01265
1.00026
1
1
1
1
1
1
0.0585187
0.0574394
0.0504196
0.0446643
0.0487391
0.0697648
0.0987325
0.135564
0.187744
0.287775
0.410451
0.548624
0.708189
0.902732
1.15083
1.44062
1.68631
1.80453
1.79816
1.72122
1.43873
1.10025
1.00613
1.0001
1
1
1
1
1
1
0.058355
0.0562226
0.0500928
0.0443609
0.0518981
0.0718617
0.0987326
0.145432
0.227534
0.325533
0.435778
0.570461
0.742685
0.982903
1.26247
1.53541
1.74268
1.81176
1.80044
1.69237
1.33616
1.06032
1.00271
1.00004
1
1
1
1
1
1
0.057319
0.0553752
0.0507631
0.0451631
0.0539997
0.0719618
0.102933
0.169545
0.255172
0.339668
0.447508
0.598895
0.829176
1.09529
1.35181
1.6064
1.78389
1.81393
1.80087
1.61155
1.25116
1.03395
1.0011
1.00001
1
1
1
1
1
1
0.0557527
0.0550731
0.0515204
0.0464002
0.0547378
0.0730386
0.120432
0.192975
0.264381
0.344919
0.474125
0.68965
0.937615
1.17671
1.42885
1.67793
1.80886
1.81327
1.76467
1.52787
1.17883
1.0173
1.00043
1
1
1
1
1
1
1
0.0552445
0.0541759
0.0515711
0.0464325
0.0558689
0.0867025
0.142645
0.201835
0.267619
0.378918
0.570796
0.787591
1.00763
1.25288
1.52772
1.7411
1.81686
1.81301
1.72158
1.45187
1.11685
1.00832
1.00016
1
1
1
1
1
1
1
0.056241
0.0527552
0.0498359
0.0457289
0.0588352
0.103772
0.151552
0.207864
0.298385
0.465635
0.646912
0.842495
1.07465
1.36539
1.62354
1.78037
1.82009
1.79818
1.68508
1.36479
1.071
1.00371
1.00005
1
1
1
1
1
1
1
0.0575983
0.0507646
0.0479024
0.0460218
0.0694131
0.111428
0.153328
0.222982
0.373139
0.524088
0.689725
0.900875
1.19034
1.48002
1.69639
1.80765
1.82397
1.79116
1.63766
1.26774
1.039
1.00143
1.00002
1
1
1
1
1
1
1
0.0588022
0.0480685
0.0463811
0.0507113
0.0755529
0.111261
0.156866
0.280004
0.419964
0.556256
0.73916
1.01831
1.31956
1.57478
1.76041
1.82623
1.82907
1.79466
1.54623
1.17981
1.01814
1.00048
1.00001
1
1
1
1
1
1
1
0.0599724
0.0463672
0.0451621
0.0548474
0.0758281
0.109446
0.192679
0.32696
0.447737
0.59888
0.85815
1.15683
1.42662
1.66312
1.80881
1.83543
1.83035
1.74512
1.43336
1.10851
1.00764
1.00015
1
1
1
1
1
1
1
1
0.0623814
0.0457566
0.0443699
0.0558767
0.0761726
0.12331
0.241897
0.355277
0.48152
0.716101
0.99268
1.26432
1.53052
1.73865
1.83103
1.83848
1.81325
1.65382
1.33024
1.06226
1.0032
1.00005
1
1
1
1
1
1
1
1
0.0669366
0.0454373
0.0418619
0.0550764
0.0853821
0.169423
0.270711
0.383061
0.587351
0.834931
1.09205
1.37372
1.63606
1.78988
1.83706
1.83463
1.78052
1.58772
1.24013
1.03233
1.00115
1.00001
1
1
1
1
1
1
1
1
0.0683546
0.0440063
0.0392623
0.0548545
0.106538
0.200375
0.293241
0.451784
0.695866
0.930309
1.20407
1.50956
1.72186
1.8218
1.83741
1.8208
1.75003
1.51222
1.15469
1.01461
1.00037
1
1
1
1
1
1
1
1
1
0.064838
0.0403564
0.0383755
0.0675623
0.134786
0.217759
0.328939
0.563101
0.790217
1.04219
1.36007
1.62961
1.78505
1.83692
1.83612
1.81801
1.72201
1.38874
1.08398
1.00529
1.0001
1
1
1
1
1
1
1
1
1
0.0602254
0.0375519
0.0384156
0.0875018
0.149729
0.239519
0.428146
0.658086
0.895765
1.21144
1.5055
1.71978
1.82357
1.84027
1.8401
1.81986
1.63106
1.26019
1.03938
1.00167
1.00002
1
1
1
1
1
1
1
1
1
0.0551407
0.0350547
0.0434732
0.099298
0.168716
0.297498
0.524869
0.761774
1.06374
1.3717
1.62269
1.78358
1.83992
1.84179
1.83721
1.76425
1.49712
1.16352
1.0172
1.00051
1.00001
1
1
1
1
1
1
1
1
1
0.047996
0.0352835
0.05483
0.105783
0.207563
0.405999
0.625301
0.906432
1.23239
1.51266
1.72189
1.82114
1.84394
1.84377
1.82075
1.69054
1.39613
1.09675
1.00677
1.00014
1
1
1
1
1
1
1
1
1
1
0.0405862
0.0380959
0.0677248
0.12787
0.277496
0.492129
0.745688
1.09007
1.39637
1.64377
1.78871
1.8399
1.84511
1.83591
1.79581
1.63412
1.29483
1.04726
1.00222
1.00003
1
1
1
1
1
1
1
1
1
1
0.0334901
0.0400709
0.0774818
0.184947
0.371469
0.603426
0.934631
1.27138
1.56224
1.7408
1.821
1.84878
1.84671
1.83114
1.77207
1.54373
1.16997
1.01779
1.00055
1.00001
1
1
1
1
1
1
1
1
1
1
0.0272912
0.0423857
0.0916247
0.252435
0.475308
0.770771
1.13981
1.45815
1.70187
1.79451
1.83362
1.85255
1.85161
1.83854
1.73163
1.37139
1.07881
1.00541
1.00012
1
1
1
1
1
1
1
1
1
1
1
0.0227129
0.0521047
0.145854
0.339515
0.621476
1.00234
1.35245
1.62824
1.78964
1.81791
1.83972
1.85308
1.85269
1.81481
1.58046
1.2259
1.03339
1.00143
1.00002
1
1
1
1
1
1
1
1
1
1
1
0.014473
0.0671319
0.22598
0.48684
0.852334
1.23448
1.55278
1.74734
1.83285
1.82513
1.84537
1.84629
1.83816
1.72794
1.445
1.13287
1.01236
1.00035
1
1
1
1
1
1
1
1
1
1
1
1
0.00496167
0.0842371
0.334331
0.706023
1.12374
1.46918
1.70714
1.8153
1.84537
1.82788
1.85151
1.83839
1.80068
1.64965
1.33071
1.06288
1.00353
1.00007
1
1
1
1
1
1
1
1
1
1
1
1
0.00365412
0.179106
0.534905
0.984589
1.3877
1.66753
1.79723
1.84413
1.85071
1.82798
1.85347
1.83513
1.76513
1.5553
1.18782
1.02092
1.00075
1.00001
1
1
1
1
1
1
1
1
1
1
1
1
0.0277278
0.328485
0.81662
1.30262
1.62493
1.78336
1.83514
1.85413
1.854
1.82768
1.85363
1.84211
1.73011
1.37171
1.07336
1.0049
1.00011
1
1
1
1
1
1
1
1
1
1
1
1
1
0.105452
0.538889
1.17955
1.59608
1.77581
1.83164
1.84743
1.85757
1.85534
1.82596
1.84778
1.82486
1.58623
1.18898
1.02183
1.00081
1.00001
1
1
1
1
1
1
1
1
1
1
1
1
1
0.378919
1.01285
1.55637
1.77352
1.83045
1.84445
1.85198
1.85907
1.85482
1.82188
1.82206
1.71992
1.38107
1.08039
1.00496
1.0001
1
1
1
1
1
1
1
1
1
1
1
1
1
1
1.00291
1.53794
1.78429
1.83691
1.84317
1.84745
1.85369
1.8596
1.84926
1.81777
1.7997
1.59717
1.22056
1.02367
1.00062
1.00001
1
1
1
1
1
1
1
1
1
1
1
1
1
1
1.84951
1.84911
1.84826
1.84772
1.84589
1.84844
1.85327
1.85887
1.84273
1.80869
1.77784
1.43211
1.06699
0.999327
0.999942
0.999999
1
1
1
1
1
1
1
1
1
1
1
1
1
1
1.84727
1.84816
1.84966
1.85026
1.84678
1.8438
1.84671
1.85779
1.85095
1.81143
1.74949
1.36074
1.05813
1.00259
1.00003
1
1
1
1
1
1
1
1
1
1
1
1
1
1
1
1.84556
1.84707
1.85168
1.85321
1.84898
1.84155
1.84188
1.85612
1.85304
1.79735
1.64626
1.24216
1.02173
1.00034
1
1
1
1
1
1
1
1
1
1
1
1
1
1
1
1
1.84496
1.84639
1.85238
1.85497
1.85083
1.83842
1.83726
1.85359
1.85491
1.78985
1.57254
1.1682
1.0101
1.00012
1
1
1
1
1
1
1
1
1
1
1
1
1
1
1
1
1.84478
1.84577
1.85226
1.85524
1.85173
1.8371
1.83198
1.84883
1.85646
1.79238
1.47652
1.09344
1.00354
1.00003
1
1
1
1
1
1
1
1
1
1
1
1
1
1
1
1
1.84484
1.84505
1.85026
1.85463
1.85194
1.83781
1.83
1.84504
1.85043
1.72947
1.35877
1.04961
1.00127
1.00001
1
1
1
1
1
1
1
1
1
1
1
1
1
1
1
1
1.84542
1.84493
1.84739
1.85084
1.85077
1.84239
1.83246
1.84464
1.8407
1.64921
1.2592
1.02399
1.0004
1
1
1
1
1
1
1
1
1
1
1
1
1
1
1
1
1
1.84835
1.84652
1.84563
1.84644
1.84805
1.85006
1.84207
1.84636
1.83312
1.57312
1.16535
1.00957
1.00011
1
1
1
1
1
1
1
1
1
1
1
1
1
1
1
1
1
1.85127
1.84875
1.84409
1.84072
1.84606
1.85734
1.85391
1.83498
1.7923
1.46662
1.0896
1.00338
1.00003
1
1
1
1
1
1
1
1
1
1
1
1
1
1
1
1
1
1.85222
1.84947
1.84335
1.83688
1.84209
1.8607
1.86531
1.82419
1.72357
1.35394
1.04662
1.00113
1.00001
1
1
1
1
1
1
1
1
1
1
1
1
1
1
1
1
1
1.85211
1.8494
1.84334
1.8352
1.83768
1.86236
1.86928
1.81836
1.6607
1.24915
1.02078
1.00032
1
1
1
1
1
1
1
1
1
1
1
1
1
1
1
1
1
1
1.85136
1.848
1.843
1.83489
1.83586
1.86267
1.87028
1.8025
1.57313
1.1492
1.00807
1.00008
1
1
1
1
1
1
1
1
1
1
1
1
1
1
1
1
1
1
1.85002
1.84587
1.84259
1.83816
1.83532
1.86585
1.8701
1.7584
1.45153
1.07939
1.00263
1.00002
1
1
1
1
1
1
1
1
1
1
1
1
1
1
1
1
1
1
1.84815
1.84357
1.84403
1.84047
1.83756
1.86814
1.8719
1.71464
1.33056
1.03885
1.00081
1
1
1
1
1
1
1
1
1
1
1
1
1
1
1
1
1
1
1
1.8464
1.84094
1.84506
1.84602
1.84175
1.86017
1.86702
1.65232
1.20785
1.01452
1.0002
1
1
1
1
1
1
1
1
1
1
1
1
1
1
1
1
1
1
1
1.84544
1.83818
1.84205
1.85333
1.85141
1.84428
1.82284
1.5246
1.11884
1.00523
1.00005
1
1
1
1
1
1
1
1
1
1
1
1
1
1
1
1
1
1
1
1.84518
1.8368
1.83678
1.85983
1.87763
1.83731
1.77069
1.41234
1.06152
1.00162
1.00001
1
1
1
1
1
1
1
1
1
1
1
1
1
1
1
1
1
1
1
1.84259
1.83577
1.83312
1.87363
1.89089
1.83804
1.71499
1.27432
1.02428
1.00041
1
1
1
1
1
1
1
1
1
1
1
1
1
1
1
1
1
1
1
1
1.83699
1.83328
1.83001
1.88465
1.89875
1.82254
1.60038
1.15869
1.00883
1.00009
1
1
1
1
1
1
1
1
1
1
1
1
1
1
1
1
1
1
1
1
1.83248
1.8321
1.82999
1.89153
1.90163
1.78413
1.46917
1.08489
1.00278
1.00002
1
1
1
1
1
1
1
1
1
1
1
1
1
1
1
1
1
1
1
1
1.82684
1.83615
1.83692
1.89152
1.90417
1.75174
1.32687
1.03426
1.00066
1
1
1
1
1
1
1
1
1
1
1
1
1
1
1
1
1
1
1
1
1
1.82015
1.83955
1.84375
1.88245
1.89578
1.6528
1.1915
1.01208
1.00015
1
1
1
1
1
1
1
1
1
1
1
1
1
1
1
1
1
1
1
1
1
1.81528
1.8495
1.87594
1.86667
1.84536
1.5144
1.10514
1.00389
1.00003
1
1
1
1
1
1
1
1
1
1
1
1
1
1
1
1
1
1
1
1
1
1.81438
1.87096
1.91018
1.86439
1.78932
1.37579
1.04447
1.00096
1.00001
1
1
1
1
1
1
1
1
1
1
1
1
1
1
1
1
1
1
1
1
1
1.81705
1.88814
1.92758
1.86846
1.69845
1.21381
1.01447
1.00019
1
1
1
1
1
1
1
1
1
1
1
1
1
1
1
1
1
1
1
1
1
1
1.82662
1.897
1.93704
1.83468
1.53765
1.11266
1.00454
1.00004
1
1
1
1
1
1
1
1
1
1
1
1
1
1
1
1
1
1
1
1
1
1
1.83931
1.90368
1.94338
1.78843
1.38631
1.04795
1.00106
1.00001
1
1
1
1
1
1
1
1
1
1
1
1
1
1
1
1
1
1
1
1
1
1
1.85759
1.91396
1.94638
1.71498
1.22035
1.01477
1.0002
1
1
1
1
1
1
1
1
1
1
1
1
1
1
1
1
1
1
1
1
1
1
1
1.89241
1.91556
1.90011
1.5306
1.10924
1.00432
1.00004
1
1
1
1
1
1
1
1
1
1
1
1
1
1
1
1
1
1
1
1
1
1
1
1.97943
1.887
1.81758
1.36944
1.04657
1.00106
1.00001
1
1
1
1
1
1
1
1
1
1
1
1
1
1
1
1
1
1
1
1
1
1
1
2.07258
1.84281
1.70166
1.2058
1.01396
1.00021
1
1
1
1
1
1
1
1
1
1
1
1
1
1
1
1
1
1
1
1
1
1
1
1
2.13941
1.7857
1.50542
1.09786
1.0041
1.00004
1
1
1
1
1
1
1
1
1
1
1
1
1
1
1
1
1
1
1
1
1
1
1
1
2.17966
1.70277
1.33122
1.04079
1.00107
1.00001
1
1
1
1
1
1
1
1
1
1
1
1
1
1
1
1
1
1
1
1
1
1
1
1
2.18372
1.59054
1.19174
1.0142
1.00024
1
1
1
1
1
1
1
1
1
1
1
1
1
1
1
1
1
1
1
1
1
1
1
1
1
2.06128
1.45269
1.10035
1.00471
1.00005
1
1
1
1
1
1
1
1
1
1
1
1
1
1
1
1
1
1
1
1
1
1
1
1
1
1.93842
1.33331
1.04698
1.00132
1.00001
1
1
1
1
1
1
1
1
1
1
1
1
1
1
1
1
1
1
1
1
1
1
1
1
1
1.80995
1.20131
1.01589
1.00027
1
1
1
1
1
1
1
1
1
1
1
1
1
1
1
1
1
1
1
1
1
1
1
1
1
1
1.59232
1.10429
1.00467
1.00004
1
1
1
1
1
1
1
1
1
1
1
1
1
1
1
1
1
1
1
1
1
1
1
1
1
1
1.36271
1.04394
1.00095
1.00001
1
1
1
1
1
1
1
1
1
1
1
1
1
1
1
1
1
1
1
1
1
1
1
1
1
1
1.13615
1.00846
1.00007
1
1
1
1
1
1
1
1
1
1
1
1
1
1
1
1
1
1
1
1
1
1
1
1
1
1
1
1
1
1
1
1
1
1
1
1
1
1
1
1
1
1
1
1
1
1
1
1
1
1
1
1
1
1
1
1
1
1
1
1
1
1
1
1
1
1
1
1
1
1
1
1
1
1
1
1
1
1
1
1
1
1
1
1
1
1
1
1
1
1
1
1
1
1
1
1
1
1
1
1
1
1
1
1
1
1
1
1
1
1
1
1
1
1
1
1
1
1
1
1
1
1
1
1
1
1
1
1
1
1
1
1
1
1
1
1
1
1
1
1
1
1
1
1
1
1
1
1
1
1
1
1
1
1
1
1
1
1
1
1
1
1
1
1
1
1
1
1
1
1
1
1
1
1
1
1
1
1
1
1
1
1
1
1
1
1
1
1
1
1
1
1
1
1
1
1
1
1
1
1
1
1
1
1
1
1
1
1
1
1
1
1
1
1
1
1
1
1
1
1
1
1
1
1
1
1
1
1
1
1
1
1
1
1
1
1
1
1
1
1
1
1
1
1
1
1
1
1
1
1
1
1
1
1
1
1
1
1
1
1
1
1
1
1
1
1
1
1
1
1
1
1
1
1
1
1
1
1
1
1
1
1
1
1
1
1
1
1
1
1
1
1
1
1
1
1
1
1
1
1
1
1
1
1
1
1
1
1
1
1
1
1
1
1
1
1
1
1
1
1
1
1
1
1
1
1
1
1
1
1
1
1
1
1
1
1
1
1
1
1
1
1
1
1
1
1
1
1
1
1
1
1
1
1
1
1
1
1
1
1
1
1
1
1
1
1
1
1
1
1
1
1
1
1
1
1
1
1
1
1
1
1
1
1
1
1
1
1
1
1
1
1
1
1
1
1
1
1
1
1
1
1
1
1
1
1
1
1
1
1
1
1
1
1
1
1
1
1
1
1
1
1
1
1
1
1
1
1
1
1
1
1
1
1
1
1
1
1
1
1
1
1
1
1
1
1
1
1
1
1
1
1
1
1
1
1
1
1
1
1
1
1
1
1
1
1
1
1
1
1
1
1
1
1
1
1
1
1
1
1
1
1
1
1
1
1
1
1
1
1
1
1
1
1
1
1
1
1
1
1
1
1
1
1
1
1
1
1
1
1
1
1
1
1
1
1
1
1
1
1
1
1
1
1
1
1
1
1
1
1
1
1
1
1
1
1
1
1
1
1
1
1
1
1
1
1
1
1
1
1
1
1
1
1
1
1
1
1
1
1
1
1
1
1
1
1
1
1
1
1
1
1
1
1
1
1
1
1
1
1
1
1
1
1
1
1
1
1
1
1
1
1
1
1
1
1
1
1
1
1
1
1
1
1
1
1
1
1
1
1
1
1
1
1
1
1
1
1
1
1
1
1
1
1
1
1
1
1
1
1
1
1
1
1
1
1
1
1
1
1
1
1
1
1
1
1
1
1
1
1
1
1
1
1
1
1
1
1
1
1
1
1
1
1
1
1
1
1
1
1
1
1
1
1
1
1
1
1
1
1
1
1
1
1
1
1
1
1
1
1
1
1
1
1
1
1
1
1
1
1
1
1
1
1
1
1
1
1
1
1
1
1
1
1
1
1
1
1
1
1
1
1
1
1
1
1
1
1
1
1
1
1
1
1
1
1
1
1
1
1
1
1
1
1
1
1
1
1
1
1
1
1
1
1
1
1
1
1
1
1
1
1
1
1
1
1
1
1
1
1
1
1
1
1
1
1
1
1
1
1
1
1
1
1
1
1
1
1
1
1
1
1
1
1
1
1
1
1
1
1
1
1
1
1
1
1
1
1
1
1
1
1
1
1
1
1
1
1
1
1
1
1
1
1
1
1
1
1
1
1
1
1
1
1
1
1
1
1
1
1
1
1
1
1
1
1
1
1
1
1
1
1
1
1
1
1
1
1
1
1
1
1
1
1
1
1
1
1
1
1
1
1
1
1
1
1
1
1
1
1
1
1
1
1
1
1
1
1
1
1
1
1
1
1
1
1
1
1
1
1
1
1
1
1
1
1
1
1
1
1
1
1
1
1
1
1
1
1
1
1
1
1
1
1
1
1
1
1
1
1
1
1
1
1
1
1
1
1
1
1
1
1
1
1
1
1
1
1
1
1
1
1
1
1
1
1
1
1
1
1
1
1
1
1
1
1
1
1
1
1
1
1
1
1
1
1
1
1
1
1
1
1
1
1
1
1
1
1
1
1
1
1
1
1
1
1
1
1
1
1
1
1
1
1
1
1
1
1
1
1
1
1
1
1
1
1
1
1
1
1
1
1
1
1
1
1
1
1
1
1
1
1
1
1
1
1
1
1
1
1
1
1
1
1
1
1
1
1
1
1
1
1
1
1
1
1
1
1
1
1
1
1
1
1
1
1
1
1
1
1
1
1
1
1
1
1
1
1
1
1
1
1
1
1
1
1
1
1
1
1
1
1
1
1
1
1
1
1
1
1
1
1
1
1
1
1
1
1
1
1
1
1
1
1
1
1
1
1
1
1
1
1
1
1
1
1
1
1
1
1
1
1
1
1
1
1
1
1
1
1
1
1
1
1
1
1
1
1
1
1
1
1
1
1
1
1
1
1
1
1
1
1
1
1
1
1
1
1
1
1
1
1
1
1
1
1
1
1
1
1
1
1
1
1
1
1
1
1
1
1
1
1
1
1
1
1
1
1
1
1
1
1
1
1
1
1
1
1
1
1
1
1
1
1
1
1
1
1
1
1
1
1
1
1
1
1
1
1
1
1
1
1
1
1
1
1
1
1
1
1
1
1
1
1
1
1
1
1
1
1
1
1
1
1
1
1
1
1
1
1
1
1
1
1
1
1
1
1
1
1
1
1
1
1
1
1
1
1
1
1
1
1
1
1
1
1
1
1
1
1
1
1
1
1
1
1
1
1
1
1
1
1
1
1
1
1
1
1
1
1
1
1
1
1
1
1
1
1
1
1
1
1
1
1
1
1
1
1
1
1
1
1
1
1
1
1
1
1
1
1
1
1
1
1
1
1
1
1
1
1
1
1
1
1
1
1
1
1
1
1
1
1
1
1
1
1
1
1
1
1
1
1
1
1
1
1
1
1
1
1
1
1
1
1
1
1
1
1
1
1
1
1
1
1
1
1
1
1
1
1
1
1
1
1
1
1
1
1
1
1
1
1
1
1
1
1
1
1
1
1
1
1
1
1
1
1
1
1
1
1
1
1
1
1
1
1
1
1
1
1
1
1
1
1
1
1
1
1
1
1
1
1
1
1
1
1
1
1
1
1
1
1
1
1
1
1
1
1
1
1
1
1
1
1
1
1
1
1
1
1
1
1
1
1
1
1
1
1
1
1
1
1
1
1
1
1
1
1
1
1
1
1
1
1
1
1
1
1
1
1
1
1
1
1
1
1
1
1
1
1
1
1
1
1
1
1
1
1
1
1
1
1
1
1
1
1
1
1
1
1
1
1
1
1
1
1
1
1
1
1
1
1
1
1
1
1
1
1
1
1
1
1
1
1
1
1
1
1
1
1
1
1
1
1
1
1
1
1
1
1
1
1
1
1
1
1
1
1
1
1
1
1
1
1
1
1
1
1
1
1
1
1
1
1
1
1
1
1
1
1
1
1
1
1
1
1
1
1
1
1
1
1
1
1
1
1
1
1
1
1
1
1
1
1
1
1
1
1
1
1
1
1
1
1
1
1
1
1
1
1
1
1
1
1
1
1
1
1
1
1
1
1
1
1
1
1
1
1
1
1
1
1
1
1
1
1
1
1
1
1
1
1
1
1
1
1
1
1
1
1
1
1
1
1
1
1
1
1
1
1
1
1
1
1
1
1
1
1
1
1
1
1
1
1
1
1
1
1
1
1
1
1
1
1
1
1
1
1
1
1
1
1
1
1
1
1
1
1
1
1
1
1
1
1
1
1
1
1
1
1
1
1
1
1
1
1
1
1
1
1
1
1
1
1
1
1
1
1
1
1
1
1
1
1
1
1
1
1
1
1
1
1
1
1
1
1
1
1
1
1
1
1
1
1
1
1
1
1
1
1
1
1
1
1
1
1
1
1
1
1
1
1
1
1
1
1
1
1
1
1
1
1
1
1
1
1
1
1.42121
1
1
1
1
1
1
1
1
1
1
1
1
1
1
1
1
1
1
1
1
1
1
1
1
1
1
1
1
1
2.36478
0.998517
1
1
1
1
1
1
1
1
1
1
1
1
1
1
1
1
1
1
1
1
1
1
1
1
1
1
1
1
3.60547
1.07682
1
1
1
1
1
1
1
1
1
1
1
1
1
1
1
1
1
1
1
1
1
1
1
1
1
1
1
1
5.22054
1.36398
1
1
1
1
1
1
1
1
1
1
1
1
1
1
1
1
1
1
1
1
1
1
1
1
1
1
1
1
6.88402
2.16746
0.998801
1
1
1
1
1
1
1
1
1
1
1
1
1
1
1
1
1
1
1
1
1
1
1
1
1
1
1
8.62096
3.8493
1.11447
0.999853
1
1
1
1
1
1
1
1
1
1
1
1
1
1
1
1
1
1
1
1
1
1
1
1
1
1
9.50615
6.33944
2.61672
1.00533
1
1
1
1
1
1
1
1
1
1
1
1
1
1
1
1
1
1
1
1
1
1
1
1
1
1
8.52911
6.66171
5.70165
1.78545
0.999263
1
1
1
1
1
1
1
1
1
1
1
1
1
1
1
1
1
1
1
1
1
1
1
1
1
7.04713
6.32833
6.91937
4.38535
1.23959
0.999684
1
1
1
1
1
1
1
1
1
1
1
1
1
1
1
1
1
1
1
1
1
1
1
1
6.15446
6.01206
6.71531
6.47138
2.72863
1.0089
1
1
1
1
1
1
1
1
1
1
1
1
1
1
1
1
1
1
1
1
1
1
1
1
5.79842
5.84921
6.3829
6.24255
4.82731
1.47759
0.999411
1
1
1
1
1
1
1
1
1
1
1
1
1
1
1
1
1
1
1
1
1
1
1
5.65822
5.78552
6.01107
5.91899
5.88778
2.84057
1.02456
1
1
1
1
1
1
1
1
1
1
1
1
1
1
1
1
1
1
1
1
1
1
1
5.58815
5.70009
5.74056
5.82441
6.12683
4.65698
1.42056
0.999438
1
1
1
1
1
1
1
1
1
1
1
1
1
1
1
1
1
1
1
1
1
1
5.57242
5.66131
5.66529
5.79053
6.04256
5.67871
2.69832
1.01919
1
1
1
1
1
1
1
1
1
1
1
1
1
1
1
1
1
1
1
1
1
1
5.59662
5.68035
5.69597
5.79108
5.92356
5.71208
4.15013
1.30285
0.999974
1
1
1
1
1
1
1
1
1
1
1
1
1
1
1
1
1
1
1
1
1
5.63906
5.7189
5.73778
5.75882
5.78566
5.69094
5.17789
2.12323
0.999818
1
1
1
1
1
1
1
1
1
1
1
1
1
1
1
1
1
1
1
1
1
5.70461
5.77284
5.77721
5.76705
5.71934
5.68512
5.72181
3.59488
1.12617
1
1
1
1
1
1
1
1
1
1
1
1
1
1
1
1
1
1
1
1
1
5.77558
5.82938
5.80655
5.78646
5.70392
5.7012
5.78919
4.83454
1.72996
0.999066
1
1
1
1
1
1
1
1
1
1
1
1
1
1
1
1
1
1
1
1
5.83759
5.86508
5.81751
5.79826
5.72368
5.71882
5.74569
5.30504
2.75396
1.03119
1
1
1
1
1
1
1
1
1
1
1
1
1
1
1
1
1
1
1
1
5.87273
5.88202
5.82283
5.82017
5.78441
5.75242
5.76078
5.65127
4.13012
1.29429
0.999598
1
1
1
1
1
1
1
1
1
1
1
1
1
1
1
1
1
1
1
5.89305
5.88712
5.82903
5.83906
5.83668
5.78622
5.78511
5.78135
5.24398
2.14637
1.00168
1
1
1
1
1
1
1
1
1
1
1
1
1
1
1
1
1
1
1
5.90053
5.88274
5.84524
5.85638
5.86427
5.82021
5.81151
5.82358
5.49355
3.32131
1.10007
1
1
1
1
1
1
1
1
1
1
1
1
1
1
1
1
1
1
1
5.90068
5.87894
5.86584
5.86995
5.87639
5.84351
5.83671
5.83847
5.68427
4.527
1.51081
0.999276
1
1
1
1
1
1
1
1
1
1
1
1
1
1
1
1
1
1
5.89822
5.87544
5.88347
5.8844
5.88724
5.86314
5.85278
5.86406
5.81866
5.54607
2.57875
1.01759
1
1
1
1
1
1
1
1
1
1
1
1
1
1
1
1
1
1
5.89122
5.86765
5.88553
5.8872
5.89584
5.88103
5.8658
5.88085
5.88414
5.70302
3.82724
1.21285
1
1
1
1
1
1
1
1
1
1
1
1
1
1
1
1
1
1
5.87996
5.85806
5.87989
5.8807
5.89143
5.88626
5.87465
5.88718
5.90591
5.77407
4.90733
1.79193
0.999003
1
1
1
1
1
1
1
1
1
1
1
1
1
1
1
1
1
5.86754
5.8503
5.87081
5.8706
5.87876
5.88129
5.8748
5.89075
5.89627
5.81961
5.7168
3.03196
1.05067
1
1
1
1
1
1
1
1
1
1
1
1
1
1
1
1
1
5.85642
5.84544
5.86028
5.86075
5.86139
5.87057
5.86792
5.88783
5.88162
5.83963
5.88387
4.25489
1.35645
0.999487
1
1
1
1
1
1
1
1
1
1
1
1
1
1
1
1
5.84781
5.84227
5.84974
5.85171
5.84744
5.85666
5.85589
5.87279
5.87155
5.84925
5.85314
5.22896
2.15433
1.00452
1
1
1
1
1
1
1
1
1
1
1
1
1
1
1
1
5.84294
5.842
5.84118
5.84536
5.84247
5.84591
5.84888
5.86327
5.86805
5.85649
5.83074
5.79496
3.41075
1.10825
1
1
1
1
1
1
1
1
1
1
1
1
1
1
1
1
5.84351
5.84588
5.83916
5.84211
5.84084
5.84028
5.84303
5.85483
5.86715
5.8492
5.8192
5.91925
4.55236
1.51469
0.999222
1
1
1
1
1
1
1
1
1
1
1
1
1
1
1
5.84903
5.85239
5.84013
5.83894
5.84029
5.83648
5.83813
5.84602
5.86449
5.83801
5.79665
5.88742
5.52589
2.51365
1.01814
1
1
1
1
1
1
1
1
1
1
1
1
1
1
1
5.85438
5.85977
5.84378
5.83761
5.84114
5.83447
5.83428
5.83528
5.85682
5.83193
5.76817
5.7911
5.75395
3.79581
1.19385
0.99994
1
1
1
1
1
1
1
1
1
1
1
1
1
1
5.85834
5.86265
5.84842
5.83901
5.84416
5.83497
5.8306
5.82058
5.84035
5.81944
5.7505
5.74921
5.79368
4.67152
1.66195
1.00005
1
1
1
1
1
1
1
1
1
1
1
1
1
1
5.85693
5.85767
5.84923
5.83712
5.84175
5.82958
5.8169
5.79993
5.81476
5.80009
5.74241
5.71306
5.78736
5.47932
2.65171
1.02858
1
1
1
1
1
1
1
1
1
1
1
1
1
1
5.85108
5.84465
5.83899
5.82262
5.82569
5.81445
5.79648
5.7733
5.78172
5.77373
5.72971
5.69596
5.74799
5.67717
3.88958
1.24065
0.999691
0.999998
1
1
1
1
1
1
1
1
1
1
1
1
5.83816
5.82314
5.82142
5.80198
5.80411
5.79458
5.77107
5.74313
5.74449
5.74405
5.7153
5.67405
5.69262
5.6868
4.61817
1.71649
1.00119
0.999999
1
1
1
1
1
1
1
1
1
1
1
1
5.82021
5.797
5.7963
5.77556
5.777
5.76707
5.73977
5.71046
5.70787
5.71632
5.69942
5.65014
5.63981
5.67976
5.3498
2.618
1.02827
0.999953
0.999999
1
1
1
1
1
1
1
1
1
1
1
5.79309
5.76288
5.75971
5.74322
5.74035
5.73414
5.70527
5.682
5.67386
5.68748
5.682
5.63611
5.60759
5.63861
5.53392
3.69967
1.23971
1.00031
1
1
1
1
1
1
1
1
1
1
1
1
5.76324
5.73733
5.734
5.72006
5.71715
5.70244
5.67702
5.65882
5.64946
5.66335
5.65422
5.62002
5.58016
5.57909
5.51921
4.29908
1.47915
0.982197
0.999778
1
1
1
1
1
1
1
1
1
1
1
2.74016
4.19995
4.90728
5.30815
5.50741
5.59576
5.62138
5.62499
5.61762
5.62773
5.63615
5.60415
5.56367
5.53846
5.50684
5.29287
2.87608
1.13014
1.00125
1
1
1
1
1
1
1
1
1
1
1
1.02127
2.61897
3.67037
4.3727
4.90696
5.19824
5.39577
5.49516
5.53805
5.56063
5.59424
5.57759
5.54565
5.51191
5.48394
5.49831
4.1874
1.69183
1.024
1.00017
1
1
1
1
1
1
1
1
1
1
0.397173
1.62813
2.64193
3.38868
4.06833
4.55109
4.92262
5.1773
5.34071
5.42844
5.49689
5.53463
5.51257
5.4891
5.47261
5.46416
5.17948
2.95386
1.18561
1.0029
1.00001
1
1
1
1
1
1
1
1
1
0.218273
1.01776
1.8432
2.63776
3.22216
3.87631
4.28892
4.70559
4.96878
5.18838
5.32116
5.42
5.46275
5.45406
5.44888
5.43979
5.48037
4.25435
1.76416
1.02908
1.00022
1
1
1
1
1
1
1
1
1
0.228836
0.757978
1.243
1.98391
2.59689
3.194
3.72129
4.11673
4.51592
4.81362
5.0449
5.21833
5.34073
5.38916
5.41193
5.42209
5.45772
4.86004
2.77074
1.1658
1.00235
1.00001
1
1
1
1
1
1
1
1
0.283323
0.65955
0.953926
1.44031
2.08856
2.5512
3.18417
3.59548
4.03802
4.36493
4.67959
4.92487
5.12019
5.25532
5.35109
5.40779
5.36317
5.26365
3.85588
1.59223
1.01866
1.00012
1
1
1
1
1
1
1
1
0.316046
0.562545
0.807216
1.1485
1.67637
2.1434
2.63519
3.15549
3.52477
3.95516
4.29955
4.58978
4.85053
5.05534
5.2281
5.35853
5.29276
5.33057
4.84984
2.44786
1.10808
1.00127
1.00001
1
1
1
1
1
1
1
0.348255
0.474544
0.656535
0.971842
1.36942
1.85636
2.18104
2.73731
3.1203
3.55014
3.9018
4.24013
4.54361
4.7821
5.02293
5.25037
5.24133
5.29239
5.11409
3.57756
1.41153
1.00973
1.00005
1
1
1
1
1
1
1
0.421806
0.442739
0.514396
0.800961
1.10453
1.58561
1.96405
2.32084
2.77498
3.12265
3.50377
3.87319
4.18345
4.48441
4.78803
5.05603
5.17788
5.16297
5.12156
4.48641
2.1106
1.05722
1.00049
1
1
1
1
1
1
1
0.510069
0.431256
0.448729
0.696848
0.909304
1.29292
1.75457
2.02757
2.47319
2.80581
3.19975
3.53483
3.86095
4.21683
4.51944
4.81447
5.01308
5.04959
5.09778
4.78182
2.92196
1.21414
1.00314
1.00001
1
1
1
1
1
1
0.560986
0.429706
0.416998
0.635812
0.82643
1.02655
1.50557
1.85118
2.17621
2.54987
2.91807
3.25316
3.59251
3.92796
4.22651
4.5676
4.78439
4.95156
5.05689
4.96388
3.82528
1.60739
1.0192
1.00011
1
1
1
1
1
1
0.59969
0.439648
0.406298
0.569218
0.766935
0.952229
1.24706
1.6489
1.91127
2.30332
2.60898
2.9753
3.31412
3.60213
3.98403
4.28898
4.55875
4.7893
4.97736
4.97349
4.54636
2.2843
1.08401
1.00084
1
1
1
1
1
1
0.607506
0.451583
0.409491
0.492904
0.68748
0.920345
1.05372
1.43766
1.74091
2.04689
2.34805
2.70616
3.02693
3.3547
3.75375
4.00896
4.3392
4.56726
4.83127
4.94328
4.71133
3.20833
1.2876
1.00491
1.00002
1
1
1
1
1
0.604229
0.468992
0.425232
0.468833
0.579909
0.848048
1.00587
1.25036
1.58828
1.84891
2.18704
2.47244
2.80478
3.15751
3.48403
3.80883
4.07812
4.33854
4.64069
4.87124
4.77416
3.79994
1.69923
1.02433
1.00014
1
1
1
1
1
0.592627
0.487633
0.46139
0.475762
0.502698
0.737001
0.961879
1.10766
1.44311
1.71353
2.03516
2.30269
2.61159
2.95379
3.23075
3.61442
3.80831
4.13539
4.45114
4.77138
4.75086
4.24745
2.22013
1.08249
1.00078
1
1
1
1
1
0.564691
0.503736
0.500961
0.482732
0.484306
0.616055
0.88136
1.04809
1.27146
1.5589
1.83565
2.12963
2.41339
2.70152
3.05181
3.3758
3.63077
3.92152
4.22898
4.5854
4.73913
4.57744
2.98263
1.23894
1.00375
1.00002
1
1
1
1
0.52873
0.509294
0.521706
0.482502
0.475137
0.555558
0.79288
1.00481
1.1393
1.41846
1.64273
1.95265
2.21629
2.50693
2.88695
3.14074
3.46887
3.69964
4.01166
4.37032
4.66348
4.618
3.72744
1.61888
1.01885
1.0001
1
1
1
1
0.522519
0.518117
0.523325
0.479025
0.473119
0.553106
0.682613
0.934765
1.09831
1.3056
1.54637
1.79718
2.07659
2.37026
2.68764
2.97208
3.27396
3.53031
3.84987
4.17473
4.53431
4.58006
3.97416
2.06324
1.06415
1.00052
1
1
1
1
0.52886
0.528201
0.519266
0.476619
0.471795
0.553189
0.612409
0.838675
1.05174
1.2204
1.46039
1.68428
1.9469
2.24452
2.48732
2.81868
3.04794
3.38056
3.68354
3.95044
4.34156
4.49466
4.21138
2.57908
1.15847
1.00207
1.00001
1
1
1
0.538533
0.534046
0.514374
0.476425
0.471086
0.543643
0.600966
0.720467
0.965794
1.13452
1.35947
1.5731
1.8133
2.08674
2.36182
2.64328
2.88743
3.22227
3.48696
3.75204
4.15895
4.42488
4.37628
3.29721
1.39344
1.00842
1.00004
1
1
1
0.544949
0.538107
0.510898
0.476654
0.473617
0.528283
0.588816
0.665723
0.852791
1.04441
1.22312
1.44859
1.67235
1.92051
2.25138
2.46853
2.76265
3.04163
3.30638
3.63178
3.98189
4.33383
4.37336
3.60661
1.74028
1.03054
1.00018
1
1
1
0.542545
0.536482
0.5094
0.480835
0.471849
0.509505
0.571523
0.667001
0.776157
0.977094
1.15361
1.36301
1.58388
1.81895
2.12185
2.35177
2.63317
2.8763
3.18791
3.50233
3.77647
4.1745
4.33045
3.84781
2.12117
1.07804
1.00072
1
1
1
0.537803
0.532674
0.511367
0.48637
0.471016
0.491634
0.547311
0.661176
0.758457
0.930765
1.10938
1.29797
1.51069
1.73995
1.96603
2.24243
2.46661
2.75528
3.0664
3.32669
3.61673
4.01958
4.23998
4.10387
2.69943
1.19025
1.00261
1.00001
1
1
0.531037
0.529046
0.516256
0.493128
0.474769
0.479962
0.510181
0.631066
0.732674
0.870651
1.04972
1.22493
1.425
1.66045
1.86191
2.13251
2.33338
2.63948
2.91526
3.15756
3.49043
3.86244
4.16362
4.13319
3.10056
1.39883
1.00945
1.00004
1
1
0.520044
0.5242
0.523958
0.502656
0.483159
0.474557
0.486683
0.578098
0.692989
0.796967
0.967855
1.12401
1.31349
1.53055
1.77182
1.994
2.24129
2.50995
2.7567
3.05943
3.34746
3.66533
4.07354
4.10548
3.36018
1.6452
1.02581
1.00015
1
1
0.512291
0.516739
0.529492
0.511998
0.492383
0.472855
0.483476
0.538114
0.657411
0.769997
0.895965
1.05967
1.23547
1.44118
1.68221
1.87388
2.14891
2.38156
2.65579
2.96249
3.18142
3.52045
3.95753
4.04012
3.70094
2.02333
1.06271
1.00052
1
1
0.509944
0.512045
0.528944
0.517583
0.50062
0.472913
0.484249
0.531172
0.6272
0.750224
0.870661
1.02467
1.19494
1.38455
1.60173
1.79452
2.04346
2.28657
2.56115
2.83259
3.06849
3.41097
3.8228
4.00201
3.82513
2.45506
1.1508
1.00185
1.00001
1
0.510725
0.511333
0.526462
0.519131
0.503993
0.474674
0.485587
0.525073
0.594379
0.721665
0.840757
0.985094
1.14806
1.33319
1.52321
1.72748
1.90764
2.18883
2.44789
2.68523
2.98662
3.2736
3.64566
3.95679
3.8407
2.72796
1.28028
1.00564
1.00002
1
0.514991
0.511469
0.523054
0.518585
0.504042
0.477938
0.48374
0.513134
0.551398
0.667073
0.793758
0.923423
1.08203
1.25745
1.42937
1.64971
1.82721
2.09048
2.31738
2.59141
2.89622
3.1115
3.48558
3.88472
3.84086
3.05434
1.45894
1.01379
1.00007
1
0.517037
0.512868
0.519576
0.515745
0.502431
0.480872
0.483091
0.504422
0.533142
0.60755
0.735495
0.863349
1.01343
1.18494
1.36144
1.5483
1.76765
1.97943
2.22998
2.50971
2.77656
3.01467
3.37841
3.79727
3.82476
3.3898
1.75326
1.0346
1.00022
1
0.51557
0.514633
0.517498
0.513647
0.501293
0.48446
0.484405
0.504386
0.5313
0.600851
0.709446
0.839754
0.981165
1.14324
1.31492
1.47325
1.70598
1.90567
2.15539
2.41873
2.64622
2.94091
3.2496
3.67507
3.81081
3.46043
2.03104
1.07783
1.00071
1
0.511961
0.51373
0.516733
0.513607
0.501429
0.487332
0.483246
0.50076
0.526219
0.599367
0.69137
0.814535
0.95059
1.09906
1.27057
1.42311
1.61871
1.84045
2.076
2.29793
2.56491
2.8519
3.08648
3.52443
3.77441
3.53236
2.28393
1.14096
1.00188
1.00001
0.506613
0.511218
0.515445
0.514152
0.501869
0.488522
0.478543
0.490095
0.512066
0.584966
0.665568
0.781404
0.910834
1.04971
1.20065
1.37431
1.53365
1.76975
1.97572
2.21039
2.49379
2.7278
2.99194
3.40161
3.71299
3.61318
2.65373
1.25482
1.00485
1.00002
0.501696
0.508617
0.513618
0.515891
0.503931
0.490346
0.476393
0.47637
0.490415
0.55237
0.628162
0.728397
0.851112
0.984889
1.12023
1.30361
1.47927
1.69717
1.89902
2.14756
2.41237
2.62724
2.92446
3.28025
3.64417
3.61386
2.87153
1.41788
1.01214
1.00006
0.500151
0.505914
0.511711
0.517597
0.507047
0.495029
0.476964
0.471411
0.48302
0.536639
0.607034
0.701029
0.81898
0.952995
1.09078
1.24126
1.42972
1.61738
1.84187
2.08199
2.29982
2.56434
2.83678
3.1339
3.55766
3.59994
3.00269
1.59045
1.02561
1.00016
0.50041
0.50393
0.5093
0.516903
0.50837
0.501438
0.48067
0.471879
0.483978
0.532499
0.596343
0.690206
0.801414
0.929083
1.06583
1.20231
1.38434
1.56509
1.78035
1.99989
2.21421
2.49905
2.71654
3.03222
3.46525
3.57057
3.20374
1.81955
1.05024
1.0004
0.502632
0.502773
0.505117
0.514208
0.508027
0.504448
0.485321
0.470444
0.482158
0.523769
0.582224
0.673197
0.779169
0.898332
1.03321
1.16659
1.33683
1.51681
1.71701
1.90857
2.16136
2.40908
2.63946
2.95831
3.36637
3.52945
3.32052
2.06992
1.09503
1.00105
0.506022
0.502157
0.498706
0.508685
0.506382
0.504022
0.486151
0.466398
0.475787
0.50446
0.555787
0.645496
0.744244
0.85491
0.975916
1.11467
1.26644
1.46204
1.63664
1.85101
2.10729
2.32323
2.58122
2.86327
3.25312
3.48715
3.33096
2.28202
1.1614
1.00248
0.506608
0.50155
0.495502
0.503639
0.503838
0.502087
0.48572
0.466155
0.473853
0.493335
0.526461
0.608654
0.703961
0.810543
0.92298
1.06047
1.20999
1.39938
1.58139
1.79829
2.03283
2.26046
2.51069
2.7397
3.13461
3.43807
3.34548
2.47702
1.25251
1.00546
0.504713
0.500862
0.494786
0.50183
0.502429
0.500448
0.486202
0.468477
0.474528
0.493433
0.520612
0.591521
0.682906
0.786563
0.900589
1.03112
1.17862
1.34092
1.53461
1.74407
1.93283
2.18992
2.42338
2.64868
3.02114
3.38283
3.33542
2.66628
1.37249
1.01167
0.511728
0.499987
0.494523
0.501595
0.501566
0.499342
0.485741
0.47133
0.476977
0.496153
0.523263
0.593056
0.676623
0.778091
0.892445
1.01958
1.16496
1.31637
1.50333
1.70918
1.88051
2.13839
2.36162
2.6071
2.94952
3.34175
3.33193
2.81533
1.46836
1.01763
0.518708
0.499426
0.494562
0.501872
0.501076
0.498892
0.485339
0.472663
0.477909
0.496821
0.524198
0.59311
0.672628
0.772332
0.885718
1.01131
1.15667
1.30778
1.48123
1.67961
1.87101
2.10991
2.31994
2.58856
2.91579
3.31403
3.33497
2.89217
1.54327
1.02322
0.532113
0.499457
0.494656
0.502241
0.500625
0.498396
0.484849
0.473083
0.477652
0.495917
0.522606
0.590397
0.665997
0.762453
0.873985
0.998112
1.14409
1.29471
1.46037
1.64223
1.86292
2.08801
2.29532
2.56327
2.87858
3.2788
3.33112
2.90367
1.63434
1.03235
0.544463
0.50037
0.494754
0.502759
0.50044
0.497525
0.484313
0.473073
0.476191
0.491232
0.515788
0.581956
0.653405
0.746502
0.855815
0.978255
1.12469
1.2733
1.44204
1.60718
1.83962
2.05938
2.28135
2.52367
2.8129
3.23169
3.31952
2.92195
1.72623
1.04512
0.557561
0.502219
0.494927
0.503474
0.500619
0.496169
0.483549
0.472624
0.472777
0.481997
0.504647
0.569459
0.638476
0.729066
0.83546
0.95478
1.09909
1.2446
1.414
1.58342
1.80898
2.0056
2.25124
2.46928
2.75021
3.17842
3.30465
2.97093
1.81453
1.06163
0.572515
0.506666
0.494724
0.502463
0.499911
0.494126
0.482359
0.471563
0.468993
0.473973
0.493636
0.554694
0.62335
0.710693
0.815608
0.932704
1.07093
1.22113
1.37876
1.56993
1.77932
1.96998
2.20613
2.42646
2.7143
3.13244
3.28588
3.03961
1.91078
1.08245
0.586401
0.514258
0.496195
0.49988
0.498286
0.492308
0.481838
0.470247
0.466393
0.470197
0.489524
0.546892
0.611081
0.697287
0.800032
0.915697
1.04273
1.20377
1.35454
1.54869
1.74694
1.93907
2.16616
2.38916
2.66909
3.07451
3.25477
3.05581
2.01409
1.11155
0.608448
0.524888
0.495687
0.497597
0.497293
0.492279
0.482387
0.470592
0.465546
0.468505
0.487053
0.542322
0.600679
0.686065
0.784892
0.900605
1.02699
1.1868
1.34037
1.51632
1.70612
1.89656
2.13186
2.34704
2.6173
3.00788
3.21255
3.07091
2.12318
1.14973
0.632217
0.537249
0.495165
0.495867
0.496554
0.493031
0.484871
0.473445
0.467123
0.469344
0.485741
0.541081
0.598061
0.684732
0.78214
0.898816
1.0247
1.16833
1.32199
1.48692
1.65426
1.87087
2.09211
2.30684
2.56264
2.93751
3.18337
3.09441
2.24783
1.20121
0.656541
0.552517
0.494991
0.493675
0.495184
0.493799
0.487991
0.477264
0.467961
0.469736
0.485368
0.540563
0.596861
0.683158
0.779074
0.894185
1.01482
1.1453
1.2895
1.46479
1.63028
1.8489
2.04374
2.27005
2.51318
2.87023
3.15699
3.09257
2.35729
1.26818
0.67809
0.570123
0.497378
0.492128
0.492765
0.493048
0.488875
0.477393
0.464965
0.463949
0.479037
0.533363
0.586647
0.669996
0.76351
0.873924
0.989734
1.1165
1.26156
1.42547
1.61373
1.81498
2.00417
2.22385
2.45516
2.80823
3.12346
3.07131
2.45391
1.35252
0.688703
0.584468
0.503741
0.48977
0.488886
0.490732
0.488122
0.47478
0.458581
0.455763
0.466404
0.51664
0.567552
0.64782
0.737304
0.843058
0.957579
1.08675
1.23513
1.38674
1.5779
1.76964
1.96888
2.17383
2.39659
2.73993
3.07464
3.05644
2.53338
1.45384
0.702275
0.598558
0.515319
0.489605
0.487207
0.488796
0.487253
0.474191
0.458461
0.455671
0.464401
0.50348
0.550166
0.628692
0.714357
0.816679
0.926082
1.05485
1.19856
1.35982
1.53494
1.712
1.92401
2.12532
2.34189
2.66099
3.02798
3.04898
2.60159
1.57194
0.711345
0.615841
0.536637
0.49156
0.487444
0.487295
0.486718
0.475081
0.459146
0.457675
0.465978
0.502764
0.545801
0.625988
0.711093
0.812034
0.917872
1.03865
1.1745
1.32848
1.48335
1.65304
1.86442
2.06958
2.28691
2.57605
2.97611
3.03579
2.68664
1.71834
0.710926
0.632501
0.563184
0.497776
0.488655
0.486758
0.485882
0.475226
0.458779
0.45777
0.466912
0.50201
0.543545
0.624247
0.70698
0.806633
0.909107
1.02276
1.1521
1.29667
1.44503
1.62209
1.81318
2.01964
2.23063
2.50682
2.90486
3.00603
2.74275
1.89075
0.723314
0.654031
0.590361
0.508257
0.489954
0.486092
0.483172
0.471476
0.453407
0.45327
0.46353
0.494865
0.534331
0.612999
0.689816
0.785902
0.884727
0.994657
1.12294
1.25965
1.41641
1.59222
1.77256
1.9745
2.17447
2.43301
2.811
2.95784
2.75111
2.07476
0.748925
0.681938
0.616943
0.521345
0.490646
0.484049
0.478357
0.465744
0.447693
0.444808
0.456128
0.482286
0.516936
0.591941
0.663344
0.754731
0.850508
0.959533
1.08678
1.22301
1.3779
1.54161
1.72325
1.91481
2.11576
2.36262
2.72511
2.91443
2.76185
2.26971
0.782128
0.713192
0.645251
0.53922
0.492133
0.482426
0.476453
0.465295
0.447165
0.44236
0.450389
0.47288
0.506771
0.578615
0.64556
0.736282
0.827649
0.934599
1.05724
1.19033
1.33591
1.49334
1.67233
1.85846
2.05226
2.28356
2.64268
2.87562
2.77973
2.48824
0.815587
0.749197
0.677979
0.563622
0.496596
0.481892
0.475533
0.465543
0.44765
0.441473
0.446404
0.466206
0.500769
0.570236
0.631485
0.720371
0.809621
0.911538
1.02935
1.15699
1.29607
1.45123
1.62211
1.80845
1.99774
2.21209
2.55031
2.82992
2.7742
2.718
0.849422
0.786787
0.71175
0.594637
0.507824
0.480199
0.473099
0.464437
0.446863
0.439928
0.443692
0.459943
0.493246
0.559407
0.61665
0.699575
0.78559
0.885584
0.999105
1.12259
1.25829
1.40766
1.57014
1.74936
1.9331
2.14068
2.45815
2.77101
2.76361
2.94522
0.851598
0.817686
0.746093
0.629822
0.522029
0.476263
0.468483
0.461065
0.445033
0.437014
0.440992
0.453523
0.484528
0.546609
0.600167
0.681879
0.761574
0.858762
0.96789
1.08562
1.21704
1.35932
1.51803
1.69069
1.87016
2.06283
2.35279
2.69277
2.76798
3.16203
0.839504
0.849476
0.782756
0.674527
0.548105
0.477015
0.463726
0.458622
0.444087
0.433636
0.437916
0.44733
0.474479
0.532008
0.583293
0.665668
0.739682
0.831901
0.937977
1.04698
1.17213
1.3097
1.46118
1.62862
1.80748
1.99602
2.26076
2.60699
2.77861
3.36182
0.818188
0.847018
0.792115
0.721689
0.594025
0.485024
0.46317
0.456326
0.442816
0.43048
0.433971
0.440258
0.46589
0.516869
0.564392
0.644832
0.71598
0.802854
0.904663
1.00984
1.12999
1.2641
1.40967
1.5696
1.73999
1.92143
2.1683
2.518
2.80113
3.55158
0.795146
0.826848
0.792134
0.757694
0.646159
0.51075
0.464144
0.453345
0.440249
0.427179
0.429536
0.432878
0.458121
0.502047
0.545981
0.623561
0.689949
0.774181
0.871024
0.972938
1.08959
1.21744
1.35858
1.51419
1.68114
1.85371
2.07482
2.42018
2.82387
3.72143
0.770629
0.797581
0.795576
0.774063
0.69785
0.551074
0.469354
0.449015
0.437249
0.424246
0.424473
0.424376
0.448214
0.487822
0.529737
0.603768
0.666661
0.749132
0.839948
0.937495
1.04958
1.17032
1.30381
1.45318
1.61625
1.78578
1.99078
2.32525
2.81428
3.87984
0.76667
0.776065
0.790732
0.77002
0.718769
0.604787
0.484296
0.445907
0.434241
0.420193
0.418312
0.41727
0.438459
0.471151
0.513617
0.585715
0.644079
0.724221
0.808874
0.901527
1.00881
1.12395
1.25206
1.39447
1.55022
1.71093
1.9019
2.23095
2.82839
4.01039
0.771343
0.760752
0.77581
0.760832
0.73542
0.657883
0.513378
0.447425
0.430186
0.415365
0.410658
0.410944
0.431285
0.455739
0.498608
0.564565
0.621023
0.697673
0.777255
0.865146
0.966991
1.07748
1.2003
1.33759
1.48899
1.64464
1.81907
2.13866
2.80539
4.13035
0.781494
0.756644
0.757446
0.747476
0.729824
0.692382
0.564586
0.455436
0.424093
0.407902
0.402415
0.405761
0.423891
0.439112
0.480981
0.542316
0.596495
0.669802
0.744331
0.830064
0.925245
1.03042
1.14668
1.27689
1.42215
1.5749
1.74208
2.05791
2.77832
4.19322
0.790411
0.757237
0.745081
0.735522
0.732336
0.720166
0.610198
0.473615
0.418573
0.399469
0.395161
0.401099
0.413424
0.424594
0.468645
0.52098
0.575111
0.645583
0.715885
0.80039
0.889477
0.99018
1.10099
1.22545
1.36447
1.51075
1.6703
1.9865
2.77016
4.26849
0.788253
0.76732
0.750787
0.739934
0.736396
0.723641
0.66384
0.545125
0.434021
0.391689
0.381962
0.387114
0.391998
0.404441
0.448389
0.487575
0.541342
0.605888
0.66978
0.749923
0.830578
0.92442
1.02697
1.14349
1.27398
1.41143
1.56084
1.88223
2.70075
4.22629
)
;

boundaryField
{
    inlet
    {
        type            fixedValue;
        value           uniform 1;
    }
    outlet
    {
        type            zeroGradient;
    }
    airfoil
    {
        type            zeroGradient;
    }
    top
    {
        type            symmetryPlane;
    }
    bottom
    {
        type            symmetryPlane;
    }
    defaultFaces
    {
        type            empty;
    }
}


// ************************************************************************* //
