/*--------------------------------*- C++ -*----------------------------------*\
  =========                 |
  \\      /  F ield         | OpenFOAM: The Open Source CFD Toolbox
   \\    /   O peration     | Website:  https://openfoam.org
    \\  /    A nd           | Version:  7
     \\/     M anipulation  |
\*---------------------------------------------------------------------------*/
FoamFile
{
    version     2.0;
    format      ascii;
    class       volScalarField;
    location    "8.6";
    object      T;
}
// * * * * * * * * * * * * * * * * * * * * * * * * * * * * * * * * * * * * * //

dimensions      [0 0 0 1 0 0 0];

internalField   nonuniform List<scalar> 
11200
(
1.11918
1.28606
1.36152
1.39891
1.41783
1.4169
1.40854
1.38832
1.38757
1.38005
1.38082
1.38594
1.38385
1.38123
1.37234
1.34913
1.33176
1.32354
1.31389
1.29813
1.28261
1.26902
1.25235
1.23673
1.22295
1.21623
1.21342
1.20909
1.20154
1.19598
0.552242
0.578759
0.69719
0.908219
1.13491
1.30215
1.43714
1.52407
1.59479
1.61386
1.60873
1.5836
1.56485
1.53573
1.50785
1.47684
1.47174
1.46897
1.45561
1.4292
1.40261
1.38734
1.37073
1.34849
1.3274
1.31394
1.30248
1.2905
1.27668
1.25669
0.53101
0.521947
0.512898
0.503088
0.491122
0.517084
0.665091
0.947904
1.17062
1.37837
1.51267
1.58674
1.64018
1.62802
1.61201
1.59745
1.58501
1.57271
1.55501
1.54313
1.53598
1.52653
1.50752
1.48286
1.45815
1.44306
1.42869
1.40998
1.39044
1.36157
0.499604
0.49458
0.489505
0.485709
0.48229
0.479339
0.476693
0.474302
0.470858
0.538878
0.760859
1.09438
1.3361
1.50687
1.6392
1.65904
1.64733
1.62684
1.60112
1.60326
1.61484
1.6116
1.6006
1.58584
1.5744
1.56348
1.54805
1.53126
1.51424
1.48386
0.484162
0.482897
0.481872
0.480649
0.479303
0.477359
0.474872
0.471998
0.469313
0.466416
0.464545
0.463871
0.495107
0.771238
1.14716
1.40445
1.54643
1.60226
1.60795
1.62276
1.63627
1.6341
1.6319
1.62689
1.62491
1.62512
1.61875
1.60795
1.59847
1.57822
0.4819
0.480962
0.479984
0.478692
0.476921
0.474549
0.471369
0.467353
0.463768
0.462287
0.46121
0.461305
0.461527
0.461084
0.459194
0.623082
0.972601
1.29416
1.5069
1.59765
1.62302
1.62267
1.627
1.62798
1.63452
1.63234
1.63059
1.62783
1.625
1.61391
0.474871
0.473619
0.472128
0.470575
0.468435
0.465816
0.462983
0.460112
0.458583
0.458227
0.457731
0.457692
0.458519
0.459038
0.45871
0.456851
0.457323
0.521572
0.879172
1.21865
1.42609
1.51286
1.56641
1.59032
1.6025
1.6052
1.61417
1.61699
1.61865
1.6144
0.468299
0.467748
0.466936
0.465488
0.463407
0.461005
0.458192
0.456656
0.456691
0.456643
0.456372
0.456267
0.456681
0.45835
0.458929
0.460835
0.466499
0.474934
0.479847
0.520764
0.797665
1.13146
1.35056
1.44959
1.51211
1.52973
1.54742
1.55302
1.56335
1.57442
0.466254
0.465838
0.465029
0.463863
0.462766
0.460485
0.457214
0.456396
0.456673
0.456743
0.456432
0.455719
0.456028
0.45816
0.464055
0.46929
0.474811
0.48187
0.49174
0.497263
0.501004
0.532428
0.787398
1.09468
1.28139
1.36881
1.43658
1.45075
1.47017
1.49106
0.463853
0.464787
0.466388
0.467716
0.467795
0.466479
0.464732
0.465309
0.467661
0.470939
0.475016
0.477353
0.478602
0.480551
0.484692
0.485031
0.483975
0.485941
0.493437
0.502059
0.511085
0.518815
0.525318
0.566417
0.803484
1.07227
1.21423
1.29409
1.36225
1.38082
0.464417
0.46655
0.469703
0.472275
0.473377
0.474874
0.476744
0.47831
0.480719
0.484683
0.490643
0.497682
0.502176
0.505333
0.510124
0.511333
0.510905
0.511307
0.512876
0.514871
0.517769
0.525277
0.538994
0.547958
0.550183
0.603622
0.817095
1.06418
1.17361
1.26549
0.483744
0.485882
0.489208
0.493602
0.497812
0.501679
0.502664
0.50176
0.500667
0.501646
0.505096
0.511956
0.519212
0.524186
0.528728
0.533489
0.537802
0.542913
0.548522
0.550961
0.550818
0.548302
0.547912
0.555052
0.567595
0.571516
0.572107
0.658795
0.847555
1.14178
0.51273
0.516847
0.522077
0.528012
0.53259
0.533921
0.534106
0.53296
0.532099
0.53332
0.537003
0.542178
0.545654
0.545644
0.546094
0.549294
0.553899
0.559256
0.565666
0.57178
0.576455
0.578958
0.578245
0.577354
0.581733
0.588745
0.593167
0.596658
0.597705
0.8761
0.544347
0.545246
0.547479
0.551816
0.558217
0.562201
0.562234
0.562002
0.562622
0.564702
0.56881
0.572513
0.572652
0.572953
0.57538
0.578102
0.577716
0.577456
0.57933
0.585623
0.593595
0.60011
0.604879
0.605794
0.605382
0.607407
0.612504
0.617677
0.619626
0.624412
0.581755
0.581891
0.583342
0.586241
0.591355
0.595126
0.595274
0.59266
0.589836
0.590008
0.592844
0.598403
0.602514
0.603979
0.605477
0.607792
0.609468
0.611737
0.612515
0.611637
0.612087
0.616137
0.622622
0.626396
0.628285
0.630477
0.632859
0.635447
0.638972
0.642688
0.619369
0.619365
0.619464
0.620124
0.622795
0.627714
0.62896
0.627994
0.627236
0.62768
0.629771
0.632886
0.633052
0.632379
0.63305
0.635599
0.639191
0.643251
0.645584
0.646521
0.646193
0.644934
0.64513
0.647583
0.651003
0.653785
0.654979
0.655969
0.657966
0.661571
0.661566
0.661234
0.660958
0.661152
0.662629
0.666268
0.668979
0.66951
0.668177
0.666243
0.666327
0.667788
0.67062
0.672322
0.672394
0.67169
0.670562
0.670304
0.671234
0.673754
0.675438
0.67534
0.674805
0.674662
0.674945
0.675399
0.67661
0.677846
0.6781
0.67938
0.708568
0.705082
0.704379
0.704371
0.705421
0.707863
0.710502
0.711404
0.710414
0.70725
0.705643
0.705893
0.706264
0.705961
0.705549
0.705792
0.705915
0.7054
0.704274
0.702875
0.702178
0.702822
0.704465
0.704747
0.70427
0.703795
0.703488
0.70295
0.702597
0.702345
0.760136
0.753387
0.751592
0.751312
0.752364
0.75536
0.75688
0.756581
0.754874
0.751295
0.749986
0.750028
0.749011
0.74649
0.746062
0.745878
0.745075
0.743217
0.741901
0.741259
0.740249
0.738207
0.735971
0.734344
0.733074
0.731451
0.730405
0.729313
0.727782
0.72564
0.815004
0.80545
0.803033
0.802745
0.8039
0.807087
0.8072
0.805576
0.802114
0.797966
0.797244
0.796959
0.794514
0.78962
0.788091
0.78749
0.785947
0.783049
0.779625
0.776649
0.774898
0.772784
0.7697
0.766852
0.764694
0.762127
0.758899
0.757573
0.75635
0.752809
0.873314
0.863715
0.857605
0.856585
0.857911
0.8619
0.861814
0.858762
0.852806
0.847091
0.846809
0.846635
0.843187
0.836577
0.833869
0.832522
0.83006
0.825814
0.821945
0.818082
0.814611
0.811252
0.807543
0.80361
0.799786
0.796721
0.792871
0.788247
0.784609
0.778389
0.932942
0.92359
0.915978
0.914108
0.91515
0.918927
0.918572
0.914331
0.906402
0.899679
0.899632
0.899124
0.894008
0.886116
0.882846
0.88061
0.87699
0.871627
0.865989
0.861355
0.856893
0.851984
0.846818
0.841652
0.836247
0.830861
0.826195
0.820551
0.815384
0.807891
0.993149
0.983839
0.976111
0.973742
0.974768
0.978104
0.977192
0.971836
0.961869
0.954849
0.955136
0.95408
0.946733
0.937834
0.934743
0.931873
0.926655
0.919942
0.913218
0.907528
0.901939
0.895889
0.889063
0.882319
0.876368
0.86954
0.862508
0.856047
0.850105
0.839996
1.05677
1.04795
1.03919
1.0357
1.03674
1.03964
1.0382
1.03153
1.01999
1.01266
1.01291
1.01117
1.00186
0.992555
0.989096
0.985167
0.978564
0.970486
0.96281
0.956031
0.949287
0.941606
0.933551
0.925608
0.917591
0.909604
0.901292
0.892779
0.885224
0.872816
1.12567
1.11902
1.10843
1.10442
1.10427
1.10397
1.10101
1.09487
1.08481
1.0758
1.07427
1.07128
1.0615
1.05112
1.04586
1.04024
1.0323
1.02341
1.01456
1.00606
0.997901
0.988853
0.979518
0.970364
0.961082
0.951429
0.941874
0.931953
0.923156
0.908969
1.17816
1.17542
1.17263
1.16994
1.16638
1.16351
1.16046
1.1562
1.15002
1.14314
1.13867
1.1338
1.12558
1.1161
1.1081
1.09967
1.09029
1.08037
1.07003
1.05962
1.04917
1.03851
1.02773
1.01681
1.00611
0.995112
0.98407
0.972916
0.962877
0.946425
1.18851
1.18814
1.18732
1.1871
1.18698
1.18679
1.1864
1.18561
1.18418
1.18256
1.18063
1.17799
1.17418
1.16983
1.16486
1.15836
1.15031
1.14116
1.13083
1.11959
1.10747
1.09465
1.08143
1.06816
1.05487
1.04165
1.02878
1.01563
1.00404
0.985475
1.17694
1.17938
1.18076
1.1815
1.18116
1.17993
1.18065
1.18204
1.18252
1.18263
1.18287
1.1831
1.18254
1.18188
1.18137
1.18047
1.17897
1.17687
1.17348
1.16829
1.16115
1.15178
1.14012
1.12668
1.11176
1.09594
1.07989
1.06351
1.04913
1.02689
1.11283
1.11934
1.12432
1.12711
1.1308
1.13512
1.13891
1.14367
1.14841
1.15388
1.15797
1.16094
1.16534
1.1704
1.17145
1.17242
1.17443
1.17564
1.17563
1.17536
1.17467
1.17343
1.17104
1.16709
1.16017
1.14994
1.13642
1.11984
1.10297
1.07533
1.02591
1.02839
1.03111
1.03475
1.03938
1.04343
1.04775
1.05366
1.05986
1.06696
1.07536
1.08339
1.09249
1.10301
1.11259
1.12118
1.13144
1.14064
1.14899
1.15652
1.16108
1.16456
1.1679
1.16791
1.16735
1.16611
1.16372
1.15886
1.15054
1.12815
1.00114
1.00133
1.00157
1.00187
1.00232
1.00288
1.00352
1.00437
1.00551
1.00697
1.00915
1.01184
1.01527
1.0198
1.02601
1.03327
1.04251
1.0539
1.06693
1.0814
1.09663
1.11147
1.12521
1.13857
1.14776
1.15375
1.15888
1.15888
1.1584
1.15396
1.00001
1.00001
1.00002
1.00002
1.00003
1.00004
1.00005
1.00007
1.0001
1.00014
1.0002
1.0003
1.00045
1.00069
1.00111
1.00176
1.00282
1.00457
1.0073
1.01176
1.01827
1.02787
1.0407
1.0568
1.07605
1.09509
1.11385
1.12999
1.14128
1.14859
1
1
1
1
1
1
1
1
1
1
1
1
1
1.00001
1.00001
1.00002
1.00004
1.00007
1.00015
1.0003
1.00064
1.00133
1.00275
1.00554
1.01077
1.01968
1.03333
1.05266
1.07347
1.10691
1
1
1
1
1
1
1
1
1
1
1
1
1
1
1
1
1
1
1
1
1.00001
1.00001
1.00004
1.0001
1.00029
1.00079
1.00204
1.00521
1.01092
1.03375
1
1
1
1
1
1
1
1
1
1
1
1
1
1
1
1
1
1
1
1
1
1
1
1
1
1.00001
1.00003
1.00011
1.00033
1.00302
0.572651
0.563889
0.541023
0.507221
0.486004
0.4828
0.47579
0.46868
0.46685
0.463301
0.462658
0.482162
0.510262
0.543824
0.58252
0.622603
0.667747
0.71637
0.767106
0.821795
0.879532
0.939565
1.00082
1.06482
1.13156
1.18061
1.18854
1.17341
1.10592
1.02222
1.00092
1.00001
1
1
1
0.571485
0.562759
0.53785
0.504201
0.484775
0.481752
0.47345
0.466869
0.466752
0.462975
0.463708
0.489169
0.51639
0.555669
0.596112
0.636262
0.679435
0.726715
0.777146
0.831545
0.889698
0.950303
1.01234
1.07662
1.14211
1.18466
1.18845
1.16834
1.0939
1.01576
1.00049
1
1
1
1
0.572401
0.56398
0.541336
0.504861
0.484179
0.479916
0.470513
0.465781
0.467017
0.465084
0.470715
0.501144
0.526317
0.563814
0.601072
0.640233
0.682844
0.730066
0.781066
0.835731
0.894175
0.955314
1.01832
1.08371
1.1501
1.18739
1.18797
1.16399
1.0822
1.0112
1.00029
1
1
1
1
0.572919
0.565306
0.543581
0.504862
0.482429
0.476881
0.468911
0.465865
0.467306
0.467265
0.477679
0.510684
0.533776
0.568211
0.603652
0.642195
0.685093
0.73144
0.783178
0.838645
0.898012
0.960018
1.02442
1.09286
1.16059
1.19018
1.18844
1.15772
1.06825
1.00745
1.00016
1
1
1
1
0.574335
0.567196
0.544389
0.50436
0.481338
0.475201
0.468854
0.466333
0.466083
0.467928
0.480928
0.513465
0.537475
0.570864
0.605515
0.643383
0.688392
0.739322
0.795318
0.856289
0.919188
0.982173
1.04626
1.11343
1.17235
1.19213
1.1891
1.1472
1.05518
1.00484
1.00009
1
1
1
1
0.576105
0.568529
0.543925
0.50321
0.481144
0.474326
0.469231
0.46699
0.463458
0.466968
0.483025
0.512919
0.540989
0.573883
0.612441
0.656941
0.708279
0.762695
0.819281
0.878657
0.939796
1.00173
1.06482
1.12879
1.17931
1.19289
1.18694
1.13699
1.0438
1.00303
1.00005
1
1
1
1
0.57778
0.568831
0.540646
0.501133
0.48219
0.474254
0.469987
0.467559
0.462078
0.464856
0.488291
0.513798
0.548499
0.587865
0.63029
0.673474
0.721371
0.773337
0.828647
0.887327
0.948487
1.0107
1.07382
1.13754
1.18377
1.19309
1.18098
1.12449
1.03313
1.00183
1.00002
1
1
1
1
0.580103
0.568292
0.536602
0.49968
0.484978
0.475224
0.470803
0.467682
0.462226
0.46572
0.495574
0.523357
0.557815
0.596238
0.637259
0.679072
0.725829
0.777456
0.833194
0.891865
0.953509
1.01686
1.08173
1.14721
1.18856
1.19323
1.17643
1.1103
1.02462
1.0011
1.00001
1
1
1
1
0.581781
0.566457
0.534394
0.499333
0.488221
0.477336
0.471519
0.467014
0.462584
0.469709
0.500001
0.526954
0.560949
0.598367
0.639317
0.681194
0.728343
0.779034
0.835809
0.89642
0.960982
1.0276
1.09615
1.16118
1.19287
1.19349
1.17398
1.09845
1.01793
1.00063
1.00001
1
1
1
1
0.582204
0.565535
0.533988
0.500577
0.490982
0.479028
0.472057
0.46469
0.461231
0.471809
0.50075
0.528054
0.561465
0.599401
0.639601
0.683184
0.734011
0.792425
0.855413
0.922497
0.989236
1.05483
1.1188
1.17319
1.1951
1.19417
1.17119
1.0843
1.01153
1.00032
1
1
1
1
1
0.580957
0.564889
0.534651
0.504725
0.493831
0.47964
0.471385
0.460481
0.45809
0.472377
0.49918
0.530059
0.562301
0.601333
0.649666
0.704062
0.761398
0.821139
0.882412
0.944908
1.00777
1.07031
1.13097
1.17981
1.19605
1.19337
1.15696
1.06553
1.0071
1.00016
1
1
1
1
1
0.578876
0.564788
0.536403
0.507749
0.496949
0.479301
0.468758
0.458466
0.456931
0.477373
0.502076
0.538784
0.577013
0.621399
0.673149
0.723895
0.776736
0.833436
0.892763
0.954326
1.01697
1.07948
1.14043
1.18538
1.19638
1.18915
1.14274
1.05228
1.00469
1.00009
1
1
1
1
1
0.578706
0.568258
0.539204
0.50905
0.499121
0.479298
0.467983
0.459681
0.460202
0.490641
0.518896
0.55646
0.593519
0.636829
0.681868
0.729795
0.782104
0.838651
0.898717
0.960632
1.02445
1.08946
1.15283
1.19112
1.19651
1.18534
1.1324
1.0418
1.00287
1.00004
1
1
1
1
1
0.579623
0.573138
0.542556
0.510583
0.499805
0.48104
0.469696
0.465743
0.471353
0.501634
0.531433
0.565788
0.599963
0.640114
0.683979
0.730772
0.784701
0.841683
0.905255
0.973389
1.04267
1.11027
1.16815
1.19537
1.19673
1.18398
1.12144
1.02991
1.00152
1.00002
1
1
1
1
1
0.581408
0.576695
0.544179
0.51204
0.498848
0.483122
0.47305
0.470498
0.479627
0.505583
0.534578
0.56759
0.600996
0.640487
0.684318
0.7334
0.793995
0.864415
0.935588
1.00514
1.07043
1.13002
1.17802
1.19752
1.19747
1.18197
1.1043
1.01952
1.00079
1.00001
1
1
1
1
1
0.58805
0.579403
0.543724
0.512478
0.49771
0.483584
0.474102
0.471622
0.482217
0.505134
0.534282
0.566713
0.599963
0.643106
0.700382
0.764835
0.82994
0.895609
0.960416
1.02348
1.08457
1.14107
1.18446
1.19848
1.19725
1.16779
1.08348
1.01268
1.00041
1
1
1
1
1
1
0.598319
0.581195
0.539679
0.514849
0.497945
0.481968
0.473083
0.470637
0.483072
0.500961
0.532449
0.56767
0.614102
0.67129
0.731141
0.78814
0.846797
0.90827
0.970913
1.03373
1.09553
1.15234
1.19055
1.19879
1.19379
1.1549
1.06809
1.00826
1.00021
1
1
1
1
1
1
0.605
0.581855
0.538447
0.518388
0.498199
0.477944
0.464657
0.463875
0.483398
0.503255
0.542814
0.591864
0.641309
0.691396
0.741842
0.795756
0.853771
0.914914
0.97915
1.04491
1.11087
1.16708
1.19548
1.19884
1.18995
1.14588
1.05516
1.00506
1.0001
1
1
1
1
1
1
0.607213
0.58164
0.541531
0.519942
0.496814
0.47263
0.459575
0.461205
0.483439
0.521538
0.565743
0.609248
0.650248
0.69604
0.745341
0.79785
0.858482
0.924253
0.997478
1.07086
1.1337
1.17952
1.19835
1.199
1.18865
1.13516
1.03966
1.00262
1.00004
1
1
1
1
1
1
0.605482
0.5802
0.550339
0.519926
0.490972
0.466747
0.458605
0.462205
0.495408
0.536751
0.575133
0.61347
0.651913
0.696241
0.74721
0.808082
0.881085
0.959859
1.03187
1.09544
1.14879
1.18702
1.1998
1.19971
1.18736
1.11418
1.02554
1.00129
1.00002
1
1
1
1
1
1
0.599187
0.579654
0.556585
0.517014
0.481449
0.462135
0.458402
0.476472
0.50639
0.54274
0.57774
0.614984
0.652217
0.703005
0.774099
0.849431
0.92012
0.98725
1.05059
1.10936
1.15968
1.19259
1.20044
1.19937
1.17331
1.09277
1.0169
1.00067
1.00001
1
1
1
1
1
1
0.596707
0.580272
0.557598
0.511774
0.473399
0.459802
0.461474
0.486402
0.510932
0.545341
0.578408
0.619607
0.675095
0.742526
0.810339
0.873619
0.936931
1.00084
1.06355
1.12308
1.17197
1.19681
1.20044
1.19576
1.15954
1.07634
1.01078
1.00032
1
1
1
1
1
1
1
0.597436
0.584482
0.557261
0.505856
0.469234
0.459729
0.465771
0.49074
0.51332
0.54922
0.593496
0.651096
0.7072
0.764772
0.823372
0.884076
0.948165
1.01388
1.08151
1.14285
1.18354
1.19924
1.19985
1.19135
1.14992
1.06047
1.00615
1.00014
1
1
1
1
1
1
1
0.603371
0.591724
0.556091
0.501067
0.468258
0.463359
0.471879
0.492954
0.523266
0.572022
0.622939
0.671591
0.71856
0.772675
0.831059
0.892322
0.96408
1.04123
1.10974
1.16086
1.19094
1.20034
1.20009
1.18965
1.13807
1.04251
1.00319
1.00006
1
1
1
1
1
1
1
0.613049
0.596725
0.554522
0.500477
0.470093
0.468812
0.478055
0.498678
0.542669
0.587786
0.632078
0.677248
0.722889
0.777116
0.843744
0.923136
1.00253
1.07287
1.12996
1.17249
1.19567
1.20107
1.20087
1.18838
1.11536
1.027
1.00148
1.00002
1
1
1
1
1
1
1
0.617765
0.59776
0.556397
0.506412
0.475331
0.469336
0.484177
0.508846
0.550747
0.590874
0.633145
0.678784
0.729547
0.803085
0.886788
0.961732
1.03003
1.0919
1.14465
1.18233
1.19884
1.20143
1.20037
1.17298
1.09155
1.01666
1.00067
1.00001
1
1
1
1
1
1
1
0.61681
0.593347
0.564014
0.514039
0.476467
0.465561
0.488319
0.512854
0.552581
0.590222
0.633482
0.695781
0.77125
0.846556
0.916943
0.982806
1.04742
1.10922
1.16099
1.19078
1.20057
1.20128
1.19561
1.15662
1.073
1.01008
1.00031
1
1
1
1
1
1
1
1
0.60705
0.584838
0.568238
0.51676
0.474667
0.458968
0.489298
0.515445
0.555627
0.604509
0.667731
0.740923
0.803883
0.867619
0.933178
0.99954
1.06874
1.1333
1.17662
1.19622
1.20118
1.20014
1.18965
1.14509
1.05585
1.00546
1.00013
1
1
1
1
1
1
1
1
0.597329
0.582184
0.566744
0.512304
0.469942
0.455957
0.486902
0.526283
0.579782
0.642258
0.705565
0.763107
0.818582
0.882004
0.951714
1.02823
1.10109
1.15502
1.18685
1.19933
1.2013
1.20007
1.18668
1.13071
1.03695
1.00256
1.00005
1
1
1
1
1
1
1
1
0.59501
0.583216
0.553276
0.488484
0.45868
0.455316
0.4903
0.553063
0.612072
0.668265
0.719382
0.772891
0.831293
0.906354
0.99124
1.06694
1.12674
1.16933
1.19352
1.2009
1.20138
1.20092
1.18402
1.10404
1.02127
1.00104
1.00002
1
1
1
1
1
1
1
1
0.598104
0.59229
0.541027
0.46907
0.448553
0.469752
0.521602
0.581809
0.631993
0.677208
0.724985
0.785061
0.866438
0.954028
1.02951
1.09265
1.14493
1.18123
1.19786
1.20138
1.20135
1.19911
1.16405
1.07724
1.01177
1.00042
1.00001
1
1
1
1
1
1
1
1
0.613503
0.599213
0.528111
0.462723
0.44785
0.498424
0.548699
0.597256
0.637381
0.679838
0.737949
0.832468
0.915343
0.987776
1.05433
1.11431
1.16373
1.19129
1.20009
1.20131
1.2013
1.19126
1.14354
1.05753
1.00641
1.00017
1
1
1
1
1
1
1
1
1
0.640514
0.604475
0.517043
0.461554
0.461681
0.523606
0.561089
0.599409
0.636543
0.693701
0.79428
0.87809
0.945081
1.0122
1.08042
1.14079
1.18046
1.19736
1.20113
1.2009
1.19913
1.18395
1.12901
1.04038
1.00305
1.00006
1
1
1
1
1
1
1
1
1
0.667296
0.611056
0.513605
0.463764
0.489462
0.532857
0.562778
0.5967
0.649394
0.754356
0.837543
0.904628
0.969946
1.04421
1.11583
1.16454
1.19052
1.20027
1.20156
1.20109
1.1987
1.17902
1.10885
1.02303
1.00119
1.00002
1
1
1
1
1
1
1
1
1
0.683338
0.61536
0.514969
0.46787
0.503955
0.530471
0.561389
0.606176
0.71298
0.797194
0.862277
0.930523
1.00969
1.08679
1.14466
1.17999
1.19618
1.20138
1.20187
1.20172
1.19953
1.1694
1.07628
1.0109
1.00039
1.00001
1
1
1
1
1
1
1
1
1
0.688731
0.61348
0.518342
0.480658
0.506405
0.524928
0.559931
0.67006
0.758526
0.821112
0.888831
0.977175
1.05668
1.11933
1.16481
1.1908
1.19935
1.20173
1.20192
1.2017
1.1925
1.13875
1.04948
1.00507
1.00013
1
1
1
1
1
1
1
1
1
1
0.688144
0.599945
0.519788
0.489743
0.503484
0.527709
0.614453
0.719833
0.78261
0.847693
0.941342
1.02718
1.09247
1.14483
1.18165
1.19737
1.20096
1.20185
1.20105
1.19946
1.17865
1.11488
1.03253
1.00228
1.00004
1
1
1
1
1
1
1
1
1
1
0.682856
0.593075
0.517197
0.488151
0.50139
0.542898
0.678154
0.747033
0.807595
0.903848
0.995645
1.06622
1.12403
1.16835
1.19344
1.20002
1.20165
1.20187
1.20029
1.19511
1.16871
1.09527
1.01853
1.00085
1.00001
1
1
1
1
1
1
1
1
1
1
0.691837
0.590662
0.511968
0.470706
0.499462
0.622891
0.711637
0.771013
0.864608
0.963264
1.03905
1.10339
1.1549
1.18514
1.19932
1.20081
1.20173
1.20214
1.2008
1.19301
1.15738
1.06563
1.00779
1.00025
1
1
1
1
1
1
1
1
1
1
1
0.698913
0.582991
0.508399
0.467745
0.543353
0.672287
0.737535
0.822021
0.930636
1.0119
1.08184
1.14102
1.17748
1.19429
1.20175
1.20108
1.20155
1.20199
1.20156
1.19149
1.12721
1.03524
1.00272
1.00006
1
1
1
1
1
1
1
1
1
1
1
0.690093
0.554567
0.489384
0.506617
0.631331
0.706414
0.780607
0.900286
0.986369
1.06025
1.12609
1.16947
1.19095
1.19856
1.20254
1.20134
1.2014
1.20096
1.19966
1.1715
1.09092
1.0183
1.00096
1.00002
1
1
1
1
1
1
1
1
1
1
1
0.673206
0.520945
0.462029
0.577589
0.670256
0.750596
0.868131
0.963192
1.0396
1.11151
1.16036
1.18781
1.1978
1.20009
1.20304
1.20157
1.2017
1.19949
1.19076
1.14833
1.06557
1.00915
1.00031
1
1
1
1
1
1
1
1
1
1
1
1
0.665807
0.502122
0.487092
0.641943
0.718644
0.82353
0.940921
1.02334
1.09794
1.15196
1.18323
1.19791
1.20028
1.20058
1.20348
1.20183
1.20223
1.19922
1.18242
1.12823
1.04107
1.00338
1.00008
1
1
1
1
1
1
1
1
1
1
1
1
0.587425
0.499704
0.589105
0.689476
0.797864
0.923873
1.01181
1.08682
1.14442
1.17945
1.19636
1.20181
1.20095
1.20078
1.20381
1.20193
1.20233
1.20042
1.17505
1.09454
1.01725
1.00086
1.00002
1
1
1
1
1
1
1
1
1
1
1
1
0.513172
0.505083
0.6706
0.775586
0.900282
1.00187
1.07933
1.13989
1.1766
1.19506
1.20182
1.2027
1.20115
1.20092
1.20393
1.20137
1.20096
1.195
1.14768
1.05305
1.00579
1.00019
1
1
1
1
1
1
1
1
1
1
1
1
1
0.360538
0.558407
0.736771
0.883633
0.996468
1.07717
1.13955
1.17586
1.19424
1.20147
1.20343
1.20292
1.20091
1.20093
1.20397
1.20024
1.19684
1.1757
1.10821
1.02824
1.00203
1.00004
1
1
1
1
1
1
1
1
1
1
1
1
1
0.407442
0.684541
0.860916
0.989994
1.08115
1.14317
1.178
1.1948
1.20102
1.20345
1.20378
1.20292
1.20048
1.20084
1.20404
1.19854
1.1922
1.1576
1.07815
1.01319
1.00055
1.00001
1
1
1
1
1
1
1
1
1
1
1
1
1
0.280133
0.760694
0.976316
1.09115
1.15085
1.18273
1.19655
1.20138
1.20287
1.20394
1.20389
1.20238
1.19979
1.20077
1.20402
1.19841
1.18855
1.1333
1.04115
1.0034
1.00008
1
1
1
1
1
1
1
1
1
1
1
1
1
1
0.560806
0.909093
1.09477
1.16301
1.18946
1.19914
1.20203
1.20276
1.20341
1.20401
1.20384
1.20141
1.19931
1.20102
1.20387
1.19881
1.17216
1.08618
1.01316
1.00051
1.00001
1
1
1
1
1
1
1
1
1
1
1
1
1
1
0.937706
1.11484
1.17903
1.19649
1.20175
1.20288
1.20288
1.20306
1.20358
1.20399
1.20317
1.20032
1.1991
1.20158
1.20309
1.18954
1.13591
1.04336
1.0033
1.00006
1
1
1
1
1
1
1
1
1
1
1
1
1
1
1
1.20342
1.20359
1.20377
1.20391
1.20382
1.20337
1.20307
1.20319
1.20353
1.2036
1.20217
1.19975
1.1992
1.20199
1.19995
1.17145
1.09815
1.01394
0.999857
0.999988
1
1
1
1
1
1
1
1
1
1
1
1
1
1
1
1.20335
1.20348
1.20378
1.20409
1.20424
1.20391
1.20332
1.20281
1.20275
1.20317
1.20273
1.2008
1.19918
1.20081
1.20057
1.17253
1.09079
1.01354
1.00042
1
1
1
1
1
1
1
1
1
1
1
1
1
1
1
1
1.20331
1.20341
1.20395
1.20435
1.20448
1.20428
1.20358
1.2027
1.20216
1.2026
1.20284
1.20248
1.20018
1.1999
1.19916
1.15391
1.05667
1.0042
1.00006
1
1
1
1
1
1
1
1
1
1
1
1
1
1
1
1
1.20331
1.20338
1.2039
1.20439
1.20463
1.20448
1.20389
1.20263
1.20187
1.20197
1.20322
1.20414
1.20132
1.19674
1.19084
1.13445
1.03962
1.0021
1.00002
1
1
1
1
1
1
1
1
1
1
1
1
1
1
1
1
1.20312
1.20313
1.20355
1.20418
1.20465
1.20457
1.20413
1.20274
1.20177
1.2015
1.20334
1.2048
1.20268
1.19422
1.18293
1.11828
1.02406
1.0008
1.00001
1
1
1
1
1
1
1
1
1
1
1
1
1
1
1
1
1.20301
1.20295
1.2032
1.20372
1.20443
1.20457
1.20421
1.20286
1.20168
1.20124
1.2031
1.20491
1.20334
1.19298
1.17523
1.09451
1.01273
1.0003
1
1
1
1
1
1
1
1
1
1
1
1
1
1
1
1
1
1.2031
1.20296
1.20303
1.20337
1.20395
1.20432
1.20421
1.20305
1.20163
1.20112
1.20259
1.20463
1.20332
1.19155
1.16329
1.06743
1.00624
1.0001
1
1
1
1
1
1
1
1
1
1
1
1
1
1
1
1
1
1.20332
1.20311
1.20298
1.20317
1.20356
1.20395
1.20415
1.20354
1.20191
1.20105
1.20168
1.20375
1.20205
1.1861
1.14428
1.04559
1.00275
1.00003
1
1
1
1
1
1
1
1
1
1
1
1
1
1
1
1
1
1.20367
1.20353
1.20325
1.20312
1.20342
1.20363
1.2041
1.20405
1.20276
1.2011
1.20082
1.2033
1.20171
1.18213
1.12308
1.02768
1.00104
1.00001
1
1
1
1
1
1
1
1
1
1
1
1
1
1
1
1
1
1.204
1.20398
1.20373
1.20338
1.20354
1.20341
1.20379
1.20433
1.20368
1.20139
1.19975
1.20171
1.20168
1.17872
1.09771
1.01474
1.00037
1
1
1
1
1
1
1
1
1
1
1
1
1
1
1
1
1
1
1.20404
1.20417
1.2041
1.2039
1.20364
1.20328
1.2033
1.20444
1.20418
1.20252
1.1986
1.19819
1.19886
1.16522
1.0714
1.00691
1.00012
1
1
1
1
1
1
1
1
1
1
1
1
1
1
1
1
1
1
1.20391
1.20418
1.20431
1.20433
1.2037
1.2031
1.20297
1.20409
1.2043
1.20372
1.19843
1.19551
1.19405
1.14659
1.04943
1.00307
1.00004
1
1
1
1
1
1
1
1
1
1
1
1
1
1
1
1
1
1
1.20354
1.204
1.20439
1.20448
1.20384
1.20305
1.20284
1.20372
1.20436
1.20439
1.20049
1.19446
1.191
1.12658
1.02928
1.00115
1.00001
1
1
1
1
1
1
1
1
1
1
1
1
1
1
1
1
1
1
1.20296
1.20342
1.20427
1.20451
1.20408
1.20328
1.20269
1.20283
1.20403
1.20461
1.20222
1.19402
1.18198
1.09645
1.01441
1.00037
1
1
1
1
1
1
1
1
1
1
1
1
1
1
1
1
1
1
1
1.20254
1.2028
1.20368
1.20435
1.20424
1.20369
1.20255
1.20193
1.20297
1.20476
1.20312
1.19137
1.16203
1.07031
1.00689
1.00012
1
1
1
1
1
1
1
1
1
1
1
1
1
1
1
1
1
1
1
1.20248
1.20259
1.20321
1.204
1.20423
1.20412
1.20286
1.20147
1.20178
1.20502
1.20328
1.1895
1.14469
1.04715
1.00274
1.00003
1
1
1
1
1
1
1
1
1
1
1
1
1
1
1
1
1
1
1
1.20261
1.20262
1.203
1.20368
1.20436
1.20456
1.20364
1.20109
1.2002
1.2031
1.2029
1.18779
1.12109
1.02533
1.00092
1.00001
1
1
1
1
1
1
1
1
1
1
1
1
1
1
1
1
1
1
1
1.20341
1.20311
1.20291
1.20341
1.2043
1.20493
1.20439
1.20115
1.1991
1.20008
1.19989
1.17298
1.09269
1.01286
1.0003
1
1
1
1
1
1
1
1
1
1
1
1
1
1
1
1
1
1
1
1
1.20425
1.20371
1.2031
1.20331
1.20411
1.20503
1.20485
1.20267
1.19911
1.19915
1.19793
1.15893
1.06648
1.00564
1.00008
1
1
1
1
1
1
1
1
1
1
1
1
1
1
1
1
1
1
1
1
1.20458
1.204
1.20337
1.2034
1.20389
1.20486
1.20493
1.20431
1.20091
1.1991
1.1967
1.1385
1.03823
1.00193
1.00002
1
1
1
1
1
1
1
1
1
1
1
1
1
1
1
1
1
1
1
1
1.20461
1.20409
1.20358
1.20355
1.20355
1.2041
1.20476
1.20548
1.20287
1.19605
1.18472
1.10728
1.01955
1.00061
1
1
1
1
1
1
1
1
1
1
1
1
1
1
1
1
1
1
1
1
1
1.2042
1.20392
1.20368
1.20384
1.20326
1.20306
1.20412
1.20603
1.2042
1.19302
1.16774
1.08087
1.00919
1.00018
1
1
1
1
1
1
1
1
1
1
1
1
1
1
1
1
1
1
1
1
1
1.20305
1.20321
1.20365
1.20389
1.20307
1.20223
1.20284
1.20624
1.20451
1.19228
1.15029
1.05085
1.00318
1.00004
1
1
1
1
1
1
1
1
1
1
1
1
1
1
1
1
1
1
1
1
1
1.20226
1.20258
1.20362
1.20409
1.20314
1.2014
1.20114
1.20406
1.20369
1.18783
1.12317
1.02636
1.001
1.00001
1
1
1
1
1
1
1
1
1
1
1
1
1
1
1
1
1
1
1
1
1
1.202
1.20218
1.20351
1.20433
1.2039
1.20132
1.20025
1.20173
1.20119
1.17299
1.09282
1.01266
1.00029
1
1
1
1
1
1
1
1
1
1
1
1
1
1
1
1
1
1
1
1
1
1
1.202
1.20206
1.20317
1.20422
1.20428
1.20304
1.20034
1.20112
1.20006
1.15859
1.06116
1.00461
1.00007
1
1
1
1
1
1
1
1
1
1
1
1
1
1
1
1
1
1
1
1
1
1
1.20256
1.20252
1.20316
1.20407
1.20449
1.20522
1.20212
1.20021
1.19631
1.13062
1.0311
1.00136
1.00001
1
1
1
1
1
1
1
1
1
1
1
1
1
1
1
1
1
1
1
1
1
1
1.20319
1.20326
1.2034
1.20395
1.205
1.20683
1.20478
1.19591
1.17993
1.09681
1.01468
1.00037
1
1
1
1
1
1
1
1
1
1
1
1
1
1
1
1
1
1
1
1
1
1
1
1.20337
1.20363
1.20328
1.20327
1.20494
1.20782
1.2069
1.19428
1.16076
1.06474
1.00528
1.00008
1
1
1
1
1
1
1
1
1
1
1
1
1
1
1
1
1
1
1
1
1
1
1
1.2031
1.20354
1.20296
1.20264
1.20328
1.20778
1.20746
1.19388
1.13343
1.03205
1.0014
1.00001
1
1
1
1
1
1
1
1
1
1
1
1
1
1
1
1
1
1
1
1
1
1
1
1.20278
1.203
1.20263
1.20288
1.20124
1.20465
1.20598
1.17976
1.09714
1.01399
1.00035
1
1
1
1
1
1
1
1
1
1
1
1
1
1
1
1
1
1
1
1
1
1
1
1
1.20246
1.20242
1.20261
1.20358
1.20078
1.20266
1.20273
1.16125
1.06319
1.00488
1.00007
1
1
1
1
1
1
1
1
1
1
1
1
1
1
1
1
1
1
1
1
1
1
1
1
1.20228
1.20155
1.20201
1.20438
1.2018
1.20199
1.20028
1.13327
1.02951
1.00118
1.00001
1
1
1
1
1
1
1
1
1
1
1
1
1
1
1
1
1
1
1
1
1
1
1
1
1.20237
1.20102
1.20094
1.20544
1.20643
1.19856
1.18295
1.089
1.01103
1.00025
1
1
1
1
1
1
1
1
1
1
1
1
1
1
1
1
1
1
1
1
1
1
1
1
1
1.20243
1.20088
1.20018
1.20722
1.21035
1.1962
1.15511
1.05242
1.00349
1.00005
1
1
1
1
1
1
1
1
1
1
1
1
1
1
1
1
1
1
1
1
1
1
1
1
1
1.20177
1.20076
1.19982
1.20957
1.21238
1.19246
1.11968
1.02232
1.00072
1.00001
1
1
1
1
1
1
1
1
1
1
1
1
1
1
1
1
1
1
1
1
1
1
1
1
1
1.20036
1.20122
1.20043
1.20956
1.21322
1.17864
1.07279
1.00669
1.00012
1
1
1
1
1
1
1
1
1
1
1
1
1
1
1
1
1
1
1
1
1
1
1
1
1
1
1.19916
1.20315
1.20597
1.20813
1.20661
1.13875
1.03603
1.00168
1.00002
1
1
1
1
1
1
1
1
1
1
1
1
1
1
1
1
1
1
1
1
1
1
1
1
1
1
1.19863
1.2065
1.21337
1.20716
1.18924
1.09601
1.01251
1.00029
1
1
1
1
1
1
1
1
1
1
1
1
1
1
1
1
1
1
1
1
1
1
1
1
1
1
1
1.1985
1.20855
1.21556
1.20731
1.15702
1.04654
1.00266
1.00004
1
1
1
1
1
1
1
1
1
1
1
1
1
1
1
1
1
1
1
1
1
1
1
1
1
1
1
1.19795
1.2087
1.21606
1.19275
1.1072
1.01714
1.00049
1
1
1
1
1
1
1
1
1
1
1
1
1
1
1
1
1
1
1
1
1
1
1
1
1
1
1
1
1.20504
1.21184
1.21319
1.1638
1.05986
1.0042
1.00007
1
1
1
1
1
1
1
1
1
1
1
1
1
1
1
1
1
1
1
1
1
1
1
1
1
1
1
1
1.2218
1.2141
1.20557
1.11815
1.02055
1.00069
1.00001
1
1
1
1
1
1
1
1
1
1
1
1
1
1
1
1
1
1
1
1
1
1
1
1
1
1
1
1
1.24044
1.19527
1.16959
1.05874
1.00465
1.00009
1
1
1
1
1
1
1
1
1
1
1
1
1
1
1
1
1
1
1
1
1
1
1
1
1
1
1
1
1
1.25502
1.17579
1.11361
1.02217
1.00086
1.00001
1
1
1
1
1
1
1
1
1
1
1
1
1
1
1
1
1
1
1
1
1
1
1
1
1
1
1
1
1
1.25965
1.1501
1.05669
1.00505
1.00012
1
1
1
1
1
1
1
1
1
1
1
1
1
1
1
1
1
1
1
1
1
1
1
1
1
1
1
1
1
1
1.23548
1.10478
1.02353
1.00112
1.00002
1
1
1
1
1
1
1
1
1
1
1
1
1
1
1
1
1
1
1
1
1
1
1
1
1
1
1
1
1
1
1.19223
1.06466
1.00693
1.00017
1
1
1
1
1
1
1
1
1
1
1
1
1
1
1
1
1
1
1
1
1
1
1
1
1
1
1
1
1
1
1
1.13299
1.02653
1.00132
1.00002
1
1
1
1
1
1
1
1
1
1
1
1
1
1
1
1
1
1
1
1
1
1
1
1
1
1
1
1
1
1
1
1.05496
1.00532
1.00009
1
1
1
1
1
1
1
1
1
1
1
1
1
1
1
1
1
1
1
1
1
1
1
1
1
1
1
1
1
1
1
1
1
1
1
1
1
1
1
1
1
1
1
1
1
1
1
1
1
1
1
1
1
1
1
1
1
1
1
1
1
1
1
1
1
1
1
1
1
1
1
1
1
1
1
1
1
1
1
1
1
1
1
1
1
1
1
1
1
1
1
1
1
1
1
1
1
1
1
1
1
1
1
1
1
1
1
1
1
1
1
1
1
1
1
1
1
1
1
1
1
1
1
1
1
1
1
1
1
1
1
1
1
1
1
1
1
1
1
1
1
1
1
1
1
1
1
1
1
1
1
1
1
1
1
1
1
1
1
1
1
1
1
1
1
1
1
1
1
1
1
1
1
1
1
1
1
1
1
1
1
1
1
1
1
1
1
1
1
1
1
1
1
1
1
1
1
1
1
1
1
1
1
1
1
1
1
1
1
1
1
1
1
1
1
1
1
1
1
1
1
1
1
1
1
1
1
1
1
1
1
1
1
1
1
1
1
1
1
1
1
1
1
1
1
1
1
1
1
1
1
1
1
1
1
1
1
1
1
1
1
1
1
1
1
1
1
1
1
1
1
1
1
1
1
1
1
1
1
1
1
1
1
1
1
1
1
1
1
1
1
1
1
1
1
1
1
1
1
1
1
1
1
1
1
1
1
1
1
1
1
1
1
1
1
1
1
1
1
1
1
1
1
1
1
1
1
1
1
1
1
1
1
1
1
1
1
1
1
1
1
1
1
1
1
1
1
1
1
1
1
1
1
1
1
1
1
1
1
1
1
1
1
1
1
1
1
1
1
1
1
1
1
1
1
1
1
1
1
1
1
1
1
1
1
1
1
1
1
1
1
1
1
1
1
1
1
1
1
1
1
1
1
1
1
1
1
1
1
1
1
1
1
1
1
1
1
1
1
1
1
1
1
1
1
1
1
1
1
1
1
1
1
1
1
1
1
1
1
1
1
1
1
1
1
1
1
1
1
1
1
1
1
1
1
1
1
1
1
1
1
1
1
1
1
1
1
1
1
1
1
1
1
1
1
1
1
1
1
1
1
1
1
1
1
1
1
1
1
1
1
1
1
1
1
1
1
1
1
1
1
1
1
1
1
1
1
1
1
1
1
1
1
1
1
1
1
1
1
1
1
1
1
1
1
1
1
1
1
1
1
1
1
1
1
1
1
1
1
1
1
1
1
1
1
1
1
1
1
1
1
1
1
1
1
1
1
1
1
1
1
1
1
1
1
1
1
1
1
1
1
1
1
1
1
1
1
1
1
1
1
1
1
1
1
1
1
1
1
1
1
1
1
1
1
1
1
1
1
1
1
1
1
1
1
1
1
1
1
1
1
1
1
1
1
1
1
1
1
1
1
1
1
1
1
1
1
1
1
1
1
1
1
1
1
1
1
1
1
1
1
1
1
1
1
1
1
1
1
1
1
1
1
1
1
1
1
1
1
1
1
1
1
1
1
1
1
1
1
1
1
1
1
1
1
1
1
1
1
1
1
1
1
1
1
1
1
1
1
1
1
1
1
1
1
1
1
1
1
1
1
1
1
1
1
1
1
1
1
1
1
1
1
1
1
1
1
1
1
1
1
1
1
1
1
1
1
1
1
1
1
1
1
1
1
1
1
1
1
1
1
1
1
1
1
1
1
1
1
1
1
1
1
1
1
1
1
1
1
1
1
1
1
1
1
1
1
1
1
1
1
1
1
1
1
1
1
1
1
1
1
1
1
1
1
1
1
1
1
1
1
1
1
1
1
1
1
1
1
1
1
1
1
1
1
1
1
1
1
1
1
1
1
1
1
1
1
1
1
1
1
1
1
1
1
1
1
1
1
1
1
1
1
1
1
1
1
1
1
1
1
1
1
1
1
1
1
1
1
1
1
1
1
1
1
1
1
1
1
1
1
1
1
1
1
1
1
1
1
1
1
1
1
1
1
1
1
1
1
1
1
1
1
1
1
1
1
1
1
1
1
1
1
1
1
1
1
1
1
1
1
1
1
1
1
1
1
1
1
1
1
1
1
1
1
1
1
1
1
1
1
1
1
1
1
1
1
1
1
1
1
1
1
1
1
1
1
1
1
1
1
1
1
1
1
1
1
1
1
1
1
1
1
1
1
1
1
1
1
1
1
1
1
1
1
1
1
1
1
1
1
1
1
1
1
1
1
1
1
1
1
1
1
1
1
1
1
1
1
1
1
1
1
1
1
1
1
1
1
1
1
1
1
1
1
1
1
1
1
1
1
1
1
1
1
1
1
1
1
1
1
1
1
1
1
1
1
1
1
1
1
1
1
1
1
1
1
1
1
1
1
1
1
1
1
1
1
1
1
1
1
1
1
1
1
1
1
1
1
1
1
1
1
1
1
1
1
1
1
1
1
1
1
1
1
1
1
1
1
1
1
1
1
1
1
1
1
1
1
1
1
1
1
1
1
1
1
1
1
1
1
1
1
1
1
1
1
1
1
1
1
1
1
1
1
1
1
1
1
1
1
1
1
1
1
1
1
1
1
1
1
1
1
1
1
1
1
1
1
1
1
1
1
1
1
1
1
1
1
1
1
1
1
1
1
1
1
1
1
1
1
1
1
1
1
1
1
1
1
1
1
1
1
1
1
1
1
1
1
1
1
1
1
1
1
1
1
1
1
1
1
1
1
1
1
1
1
1
1
1
1
1
1
1
1
1
1
1
1
1
1
1
1
1
1
1
1
1
1
1
1
1
1
1
1
1
1
1
1
1
1
1
1
1
1
1
1
1
1
1
1
1
1
1
1
1
1
1
1
1
1
1
1
1
1
1
1
1
1
1
1
1
1
1
1
1
1
1
1
1
1
1
1
1
1
1
1
1
1
1
1
1
1
1
1
1
1
1
1
1
1
1
1
1
1
1
1
1
1
1
1
1
1
1
1
1
1
1
1
1
1
1
1
1
1
1
1
1
1
1
1
1
1
1
1
1
1
1
1
1
1
1
1
1
1
1
1
1
1
1
1
1
1
1
1
1
1
1
1
1
1
1
1
1
1
1
1
1
1
1
1
1
1
1
1
1
1
1
1
1
1
1
1
1
1
1
1
1
1
1
1
1
1
1
1
1
1
1
1
1
1
1
1
1
1
1
1
1
1
1
1
1
1
1
1
1
1
1
1
1
1
1
1
1
1
1
1
1
1
1
1
1
1
1
1
1
1
1
1
1
1
1
1
1
1
1
1
1
1
1
1
1
1
1
1
1
1
1
1
1
1
1
1
1
1
1
1
1
1
1
1
1
1
1
1
1
1
1
1
1
1
1
1
1
1
1
1
1
1
1
1
1
1
1
1
1
1
1
1
1
1
1
1
1
1
1
1
1
1
1
1
1
1
1
1
1
1
1
1
1
1
1
1
1
1
1
1
1
1
1
1
1
1
1
1
1
1
1
1
1
1
1
1
1
1
1
1
1
1
1
1
1
1
1
1
1
1
1
1
1
1
1
1
1
1
1
1
1
1
1
1
1
1
1
1
1
1
1
1
1
1
1
1
1
1
1
1
1
1
1
1
1
1
1
1
1
1
1
1
1
1
1
1
1
1
1
1
1
1
1
1
1
1
1
1
1
1
1
1
1
1
1
1
1
1
1
1
1
1
1
1
1
1
1
1
1
1
1
1
1
1
1
1
1
1
1
1
1
1
1
1
1
1
1
1
1
1
1
1
1
1
1
1
1
1
1
1
1
1
1
1
1
1
1
1
1
1
1
1
1
1
1
1
1
1
1
1
1
1
1
1
1
1
1
1
1
1
1
1
1
1
1
1
1
1
1
1
1
1
1
1
1
1
1
1
1
1
1
1
1
1
1
1
1
1
1
1
1
1
1
1
1
1
1
1
1
1
1
1
1
1
1
1
1
1
1
1
1
1
1
1
1
1
1
1
1
1
1
1
1
1
1
1
1
1
1
1
1
1
1
1
1
1
1
1
1
1
1
1
1
1
1
1
1
1
1
1
1
1
1
1
1
1
1
1
1
1
1
1
1
1
1
1
1
1
1
1
1
1
1
1
1
1
1
1
1
1
1
1
1
1
1
1
1
1
1
1
1
1
1
1
1
1
1
1
1
1
1
1
1
1
1
1
1
1
1
1
1
1
1
1
1
1
1
1
1
1
1
1
1
1
1
1
1
1
1
1
1
1
1
1
1
1
1
1
1
1
1
1
1
1
1
1
1
1
1
1
1
1
1
1
1
1
1
1
1
1
1
1
1
1
1
1
1
1
1
1
1
1
1
1
1
1
1
1
1
1
1
1
1
1
1
1
1
1
1
1
1
1
1
1
1
1
1
1
1
1
1
1
1
1
1
1
1
1
1
1
1
1
1
1
1
1
1
1
1
1
1
1
1
1
1
1
1
1
1
1
1
1
1
1
1
1
1
1
1
1
1
1
1
1
1
1
1
1
1
1
1
1
1
1
1
1
1
1
1
1
1
1
1
1
1
1
1
1
1
1
1
1
1
1
1
1
1
1
1
1
1
1
1
1
1
1
1
1
1
1
1
1
1
1
1
1
1
1
1
1
1
1
1
1
1
1
1
1
1
1
1
1
1
1
1
1
1
1
1
1
1
1
1
1
1
1
1
1
1
1
1
1
1
1
1
1
1
1
1
1
1
1
1
1
1
1
1
1
1
1
1
1
1
1
1
1
1
1
1
1
1
1
1
1
1
1
1
1
1
1
1
1
1
1
1
1
1
1
1
1
1
1
1
1
1
1
1
1
1
1
1
1
1
1
1
1
1
1
1
1
1
1
1
1
1
1.1648
0.999858
1
1
1
1
1
1
1
1
1
1
1
1
1
1
1
1
1
1
1
1
1
1
1
1
1
1
1
1
1
1
1
1
1
1.43668
1.0211
1
1
1
1
1
1
1
1
1
1
1
1
1
1
1
1
1
1
1
1
1
1
1
1
1
1
1
1
1
1
1
1
1
1.73004
1.17788
0.999851
1
1
1
1
1
1
1
1
1
1
1
1
1
1
1
1
1
1
1
1
1
1
1
1
1
1
1
1
1
1
1
1
1.97301
1.57581
1.04562
0.999983
1
1
1
1
1
1
1
1
1
1
1
1
1
1
1
1
1
1
1
1
1
1
1
1
1
1
1
1
1
1
1
2.08146
1.90053
1.6502
1.04626
0.999975
1
1
1
1
1
1
1
1
1
1
1
1
1
1
1
1
1
1
1
1
1
1
1
1
1
1
1
1
1
1
1.98006
1.89979
2.00783
1.6387
1.03368
1
1
1
1
1
1
1
1
1
1
1
1
1
1
1
1
1
1
1
1
1
1
1
1
1
1
1
1
1
1
1.89471
1.9045
1.99854
1.99803
1.47023
0.999656
1
1
1
1
1
1
1
1
1
1
1
1
1
1
1
1
1
1
1
1
1
1
1
1
1
1
1
1
1
1.86565
1.89818
1.96801
1.98588
1.85951
1.24156
0.999777
1
1
1
1
1
1
1
1
1
1
1
1
1
1
1
1
1
1
1
1
1
1
1
1
1
1
1
1
1.86867
1.89004
1.9227
1.95721
1.98422
1.63382
1.04492
1
1
1
1
1
1
1
1
1
1
1
1
1
1
1
1
1
1
1
1
1
1
1
1
1
1
1
1
1.86971
1.88705
1.91112
1.95269
1.99165
1.9161
1.37405
0.999658
1
1
1
1
1
1
1
1
1
1
1
1
1
1
1
1
1
1
1
1
1
1
1
1
1
1
1
1.87263
1.88896
1.91732
1.95602
1.98251
1.9532
1.72538
1.11579
0.999976
1
1
1
1
1
1
1
1
1
1
1
1
1
1
1
1
1
1
1
1
1
1
1
1
1
1
1.87735
1.89295
1.92223
1.95508
1.96754
1.95025
1.86822
1.40508
1.00024
1
1
1
1
1
1
1
1
1
1
1
1
1
1
1
1
1
1
1
1
1
1
1
1
1
1
1.88349
1.89811
1.9245
1.95174
1.95631
1.9498
1.9259
1.70043
1.10463
0.999885
1
1
1
1
1
1
1
1
1
1
1
1
1
1
1
1
1
1
1
1
1
1
1
1
1
1.88976
1.90263
1.92562
1.9512
1.95565
1.95352
1.94838
1.86481
1.41582
1.00114
1
1
1
1
1
1
1
1
1
1
1
1
1
1
1
1
1
1
1
1
1
1
1
1
1
1.89431
1.90555
1.92609
1.95157
1.95891
1.95896
1.9554
1.90263
1.67391
1.09455
1
1
1
1
1
1
1
1
1
1
1
1
1
1
1
1
1
1
1
1
1
1
1
1
1
1.89625
1.90476
1.92543
1.95147
1.96348
1.96389
1.95481
1.91701
1.83482
1.35436
0.999637
1
1
1
1
1
1
1
1
1
1
1
1
1
1
1
1
1
1
1
1
1
1
1
1
1.89666
1.90414
1.92603
1.95109
1.96438
1.96388
1.95329
1.93085
1.90829
1.66529
1.07136
1
1
1
1
1
1
1
1
1
1
1
1
1
1
1
1
1
1
1
1
1
1
1
1
1.89651
1.90425
1.92617
1.95
1.96313
1.96202
1.95202
1.9338
1.92027
1.82008
1.32418
0.999649
1
1
1
1
1
1
1
1
1
1
1
1
1
1
1
1
1
1
1
1
1
1
1
1.89662
1.90525
1.92621
1.94827
1.9604
1.95965
1.95199
1.93613
1.92295
1.89124
1.58046
1.03103
1
1
1
1
1
1
1
1
1
1
1
1
1
1
1
1
1
1
1
1
1
1
1
1.89701
1.90635
1.9265
1.94727
1.95782
1.95853
1.95269
1.93845
1.92617
1.92118
1.81028
1.24155
0.999719
1
1
1
1
1
1
1
1
1
1
1
1
1
1
1
1
1
1
1
1
1
1
1.8977
1.90713
1.92612
1.94633
1.95588
1.95736
1.95341
1.93835
1.92573
1.92669
1.88155
1.5295
1.01592
1
1
1
1
1
1
1
1
1
1
1
1
1
1
1
1
1
1
1
1
1
1
1.89915
1.90801
1.92585
1.94543
1.95475
1.95663
1.95317
1.93864
1.92553
1.92491
1.90726
1.73951
1.14044
0.999835
1
1
1
1
1
1
1
1
1
1
1
1
1
1
1
1
1
1
1
1
1
1.90104
1.9089
1.9254
1.94453
1.95384
1.95586
1.95235
1.93885
1.92641
1.92382
1.91585
1.88385
1.42992
1.00234
1
1
1
1
1
1
1
1
1
1
1
1
1
1
1
1
1
1
1
1
1
1.90271
1.90962
1.92497
1.94353
1.9529
1.95495
1.95171
1.93938
1.92767
1.92443
1.92203
1.90304
1.65928
1.07139
1
1
1
1
1
1
1
1
1
1
1
1
1
1
1
1
1
1
1
1
1
1.90357
1.91026
1.92503
1.94249
1.95199
1.95421
1.95107
1.93987
1.92848
1.92364
1.92408
1.9124
1.82504
1.27764
0.999666
1
1
1
1
1
1
1
1
1
1
1
1
1
1
1
1
1
1
1
1
1.90387
1.91077
1.92507
1.94159
1.95125
1.9537
1.95092
1.94031
1.92937
1.92417
1.92228
1.91655
1.91852
1.57744
1.02419
1
1
1
1
1
1
1
1
1
1
1
1
1
1
1
1
1
1
1
1
1.9042
1.91114
1.92517
1.94076
1.95071
1.95339
1.95097
1.9409
1.93003
1.92447
1.92194
1.91684
1.92167
1.74234
1.15297
0.999827
1
1
1
1
1
1
1
1
1
1
1
1
1
1
1
1
1
1
1
1.90496
1.91131
1.92521
1.94027
1.95043
1.95325
1.95111
1.94155
1.93036
1.92474
1.92234
1.91695
1.91812
1.86494
1.38897
1.00125
1
1
1
1
1
1
1
1
1
1
1
1
1
1
1
1
1
1
1
1.90602
1.91163
1.92505
1.93986
1.95007
1.95297
1.95106
1.94215
1.93094
1.92522
1.92288
1.9175
1.91881
1.92826
1.66201
1.05944
1
1
1
1
1
1
1
1
1
1
1
1
1
1
1
1
1
1
1
1.90712
1.9121
1.92482
1.93941
1.94948
1.95241
1.95064
1.94242
1.93172
1.92592
1.92357
1.91871
1.91867
1.93153
1.78623
1.22917
0.999723
1
1
1
1
1
1
1
1
1
1
1
1
1
1
1
1
1
1
1.90808
1.91278
1.92482
1.93899
1.94875
1.95168
1.94991
1.94233
1.93229
1.92659
1.92448
1.92012
1.91787
1.92473
1.87786
1.45943
1.00629
1
1
1
1
1
1
1
1
1
1
1
1
1
1
1
1
1
1
1.90885
1.91348
1.92493
1.93863
1.94806
1.95097
1.94916
1.94198
1.93261
1.92693
1.9252
1.9217
1.91755
1.92363
1.93029
1.7125
1.09526
1
1
1
1
1
1
1
1
1
1
1
1
1
1
1
1
1
1
1.90948
1.9141
1.925
1.93819
1.94744
1.95046
1.94867
1.94159
1.93277
1.92713
1.92542
1.923
1.91848
1.92293
1.93665
1.81352
1.28965
0.999721
1
1
1
1
1
1
1
1
1
1
1
1
1
1
1
1
1
1.90995
1.91436
1.92499
1.93762
1.9469
1.95014
1.94859
1.94149
1.93278
1.92718
1.92556
1.92401
1.91988
1.92172
1.93148
1.8827
1.5024
1.01193
1
1
1
1
1
1
1
1
1
1
1
1
1
1
1
1
1
1.9105
1.9143
1.92481
1.93707
1.94639
1.94983
1.94856
1.94161
1.93284
1.92705
1.92543
1.9245
1.92109
1.92035
1.92815
1.92973
1.73897
1.11814
0.999887
1
1
1
1
1
1
1
1
1
1
1
1
1
1
1
1
1.91112
1.91422
1.92437
1.93662
1.94595
1.94944
1.94844
1.94188
1.93311
1.92682
1.92491
1.9246
1.92247
1.92031
1.9266
1.93664
1.8294
1.32409
1.00035
1
1
1
1
1
1
1
1
1
1
1
1
1
1
1
1
1.91156
1.91433
1.92396
1.93621
1.94554
1.94901
1.94823
1.94215
1.93345
1.92663
1.92441
1.92466
1.92393
1.92153
1.92513
1.93474
1.88232
1.51897
1.01579
1
1
1
1
1
1
1
1
1
1
1
1
1
1
1
1
1.91182
1.91473
1.92392
1.93589
1.94514
1.94858
1.94801
1.94244
1.93372
1.92645
1.92403
1.92471
1.92504
1.92261
1.92337
1.92987
1.92477
1.74103
1.12241
0.99985
1
1
1
1
1
1
1
1
1
1
1
1
1
1
1
1.91211
1.91537
1.92409
1.93567
1.94484
1.94825
1.94786
1.94278
1.93403
1.92639
1.92373
1.92473
1.92551
1.92356
1.92261
1.92869
1.93622
1.83944
1.33317
1.00072
1
1
1
1
1
1
1
1
1
1
1
1
1
1
1
1.91269
1.91602
1.92438
1.93542
1.94452
1.94801
1.94781
1.94322
1.93458
1.92662
1.92363
1.92463
1.92561
1.92465
1.92303
1.92767
1.93642
1.88221
1.52038
1.01665
1
1
1
1
1
1
1
1
1
1
1
1
1
1
1
1.91347
1.91646
1.92465
1.93516
1.94412
1.94767
1.94782
1.94369
1.93528
1.92722
1.92378
1.92439
1.92554
1.92564
1.92377
1.92557
1.93144
1.91769
1.72135
1.1095
0.99986
1
1
1
1
1
1
1
1
1
1
1
1
1
1
1.91424
1.9167
1.92469
1.9349
1.94364
1.94719
1.94771
1.94409
1.93606
1.92798
1.92415
1.92404
1.92524
1.92609
1.92419
1.92387
1.92937
1.93373
1.84192
1.31445
1.00059
1
1
1
1
1
1
1
1
1
1
1
1
1
1
1.915
1.91691
1.92455
1.9346
1.94303
1.94662
1.94743
1.94437
1.93686
1.92883
1.92452
1.92359
1.92486
1.9261
1.92497
1.92382
1.92829
1.93601
1.88086
1.50675
1.01438
1
1
1
1
1
1
1
1
1
1
1
1
1
1
1.91562
1.9172
1.92442
1.93424
1.94234
1.94599
1.94703
1.94456
1.93765
1.92972
1.92489
1.92322
1.9243
1.9259
1.92612
1.92464
1.92671
1.93229
1.90857
1.68433
1.08558
0.999892
1
1
1
1
1
1
1
1
1
1
1
1
1
1.91611
1.91756
1.92435
1.93387
1.94164
1.94542
1.94662
1.94475
1.93841
1.93065
1.92524
1.92309
1.92371
1.92557
1.92691
1.92559
1.92535
1.92986
1.92833
1.83141
1.27282
1.00027
1
1
1
1
1
1
1
1
1
1
1
1
1
1.91642
1.91785
1.92431
1.93354
1.94093
1.94499
1.94628
1.94488
1.93907
1.93153
1.92561
1.92314
1.92332
1.92524
1.92706
1.92644
1.92506
1.92881
1.93548
1.87546
1.47485
1.01013
0.999999
1
1
1
1
1
1
1
1
1
1
1
1
1.9166
1.91805
1.92424
1.93328
1.94038
1.94466
1.94589
1.94487
1.93949
1.93211
1.92598
1.92333
1.92324
1.9249
1.92703
1.92725
1.9254
1.92776
1.93482
1.90314
1.6391
1.05886
0.999955
1
1
1
1
1
1
1
1
1
1
1
1
1.91693
1.91828
1.92426
1.93308
1.93997
1.94443
1.9455
1.94467
1.93969
1.9324
1.92628
1.9236
1.92335
1.92458
1.92681
1.92783
1.92603
1.92644
1.93129
1.9205
1.80369
1.21726
1.00006
1
1
1
1
1
1
1
1
1
1
1
1
1.91731
1.91853
1.92429
1.93287
1.93979
1.94433
1.94508
1.94427
1.93966
1.93244
1.92658
1.92411
1.9236
1.92421
1.92628
1.92778
1.92657
1.92549
1.92986
1.93261
1.86423
1.42057
1.00785
1
1
1
1
1
1
1
1
1
1
1
1
1.91866
1.92095
1.92754
1.93564
1.94156
1.94493
1.94485
1.94306
1.93906
1.93244
1.92685
1.92458
1.92382
1.92407
1.92599
1.92787
1.92717
1.9255
1.92909
1.93469
1.89004
1.56745
1.01187
0.999559
0.999996
1
1
1
1
1
1
1
1
1
1
1.4938
1.72231
1.8016
1.85498
1.89145
1.91648
1.92933
1.93589
1.93559
1.932
1.92775
1.92556
1.92467
1.92405
1.92478
1.92706
1.92833
1.92638
1.92683
1.93298
1.92134
1.79178
1.2443
1.00542
1.00002
1
1
1
1
1
1
1
1
1
1
1.03275
1.45772
1.61421
1.70984
1.77761
1.8328
1.87249
1.89907
1.91346
1.92018
1.92133
1.92178
1.92273
1.9235
1.92394
1.92543
1.92792
1.92824
1.92626
1.92871
1.93267
1.88639
1.54949
1.05886
1.00055
1
1
1
1
1
1
1
1
1
1
1.00407
1.26488
1.41767
1.54487
1.64582
1.71585
1.78186
1.82723
1.86411
1.8849
1.89889
1.90654
1.91304
1.91804
1.92104
1.92337
1.92616
1.92846
1.92656
1.92568
1.9333
1.9354
1.76538
1.23421
1.00644
1.00003
1
1
1
1
1
1
1
1
1
1.04606
1.16615
1.26032
1.3765
1.50539
1.60198
1.67333
1.73896
1.79028
1.83102
1.85524
1.87651
1.88971
1.90246
1.91131
1.9175
1.9225
1.92672
1.92744
1.92525
1.93216
1.9427
1.91726
1.53189
1.05199
1.00048
1
1
1
1
1
1
1
1
1
1.12485
1.11579
1.15195
1.25141
1.3558
1.48673
1.57242
1.64902
1.70503
1.7641
1.80175
1.83047
1.85544
1.8733
1.8916
1.90363
1.91387
1.92155
1.92631
1.92509
1.92856
1.94278
1.93998
1.74536
1.19706
1.00428
1.00002
1
1
1
1
1
1
1
1
1.15966
1.06945
1.07355
1.18134
1.26106
1.3639
1.47219
1.55917
1.63062
1.68451
1.74303
1.77587
1.81192
1.83729
1.85951
1.88167
1.89656
1.91064
1.92007
1.92433
1.92561
1.94023
1.93731
1.90286
1.47392
1.03375
1.00024
1
1
1
1
1
1
1
1
1.18562
1.05717
1.00202
1.11319
1.20557
1.27643
1.37672
1.46857
1.55838
1.61455
1.6774
1.72636
1.75696
1.7967
1.822
1.85049
1.87341
1.89149
1.90742
1.91783
1.92334
1.93534
1.92608
1.93394
1.68235
1.13398
1.00199
1.00001
1
1
1
1
1
1
1
1.20926
1.06216
0.987434
1.04017
1.14736
1.23218
1.30295
1.38351
1.48086
1.55874
1.60574
1.67297
1.71104
1.74804
1.78523
1.81097
1.84495
1.86662
1.88846
1.90501
1.91881
1.93119
1.91973
1.92854
1.85332
1.3626
1.01527
1.00008
1
1
1
1
1
1
1
1.20488
1.08062
1.00318
1.00778
1.06998
1.184
1.25898
1.32282
1.39734
1.4965
1.5545
1.61212
1.66873
1.69777
1.74385
1.77705
1.80769
1.84088
1.86201
1.88697
1.90761
1.92632
1.91588
1.92019
1.92054
1.59053
1.07423
1.00072
1
1
1
1
1
1
1
1.20453
1.11411
1.03701
1.00978
1.00848
1.10407
1.20644
1.28335
1.33843
1.429
1.50931
1.54998
1.62006
1.66405
1.69441
1.74155
1.7713
1.80993
1.8364
1.86367
1.88998
1.91662
1.91482
1.91541
1.9208
1.76385
1.2185
1.00484
1.00002
1
1
1
1
1
1
1.19856
1.14054
1.06963
1.01406
0.995717
1.0353
1.13782
1.24019
1.30791
1.35885
1.45507
1.51416
1.56167
1.62448
1.65705
1.70069
1.74146
1.77153
1.81085
1.83632
1.8694
1.89826
1.90815
1.91585
1.91846
1.88951
1.46447
1.02912
1.00017
1
1
1
1
1
1
1.18245
1.14146
1.08086
1.01748
0.998218
1.03075
1.07016
1.17753
1.27248
1.32084
1.39753
1.47714
1.51302
1.57886
1.6287
1.65578
1.7078
1.74156
1.77943
1.8126
1.84467
1.87489
1.89325
1.91261
1.91618
1.91141
1.64634
1.10834
1.00124
1
1
1
1
1
1
1.1642
1.13789
1.08146
1.02543
1.00513
1.03337
1.05581
1.10824
1.22362
1.29858
1.33951
1.43063
1.48933
1.5243
1.59042
1.62906
1.66716
1.71396
1.74441
1.78859
1.81886
1.85137
1.8717
1.89821
1.9162
1.91219
1.78332
1.25936
1.00692
1.00003
1
1
1
1
1
1.15596
1.12799
1.07695
1.02725
1.01412
1.03014
1.05098
1.08656
1.16296
1.26335
1.31305
1.37783
1.45655
1.49116
1.54696
1.60177
1.63081
1.68219
1.71922
1.75846
1.79774
1.82605
1.84588
1.8785
1.90682
1.90905
1.88117
1.47654
1.03291
1.0002
1
1
1
1
1
1.15563
1.12203
1.07212
1.02649
1.01461
1.02198
1.04282
1.08519
1.1153
1.21658
1.29291
1.33023
1.41538
1.47324
1.49987
1.56578
1.6097
1.64294
1.69348
1.72817
1.77583
1.80124
1.82438
1.85541
1.88815
1.9072
1.89772
1.65958
1.11417
1.00127
1
1
1
1
1
1.157
1.1228
1.07325
1.02736
1.01085
1.01259
1.03015
1.07801
1.10767
1.16286
1.25964
1.31134
1.36594
1.44222
1.47874
1.52386
1.58239
1.61526
1.66333
1.70545
1.74794
1.7817
1.80442
1.82963
1.86679
1.89976
1.89569
1.76048
1.2551
1.0065
1.00002
1
1
1
1
1.1627
1.13019
1.08061
1.03285
1.00979
1.00205
1.01157
1.05889
1.09929
1.13464
1.2205
1.29298
1.32532
1.40391
1.46212
1.48668
1.54872
1.59598
1.62805
1.68199
1.71859
1.76214
1.78447
1.80948
1.84528
1.8826
1.8929
1.84454
1.42391
1.02536
1.00014
1
1
1
1
1.16285
1.1367
1.0916
1.04228
1.01253
0.998073
0.999293
1.03233
1.08125
1.12292
1.17796
1.26401
1.31264
1.35767
1.43209
1.47263
1.50844
1.56906
1.60671
1.65393
1.69702
1.73808
1.76607
1.79625
1.82411
1.862
1.88844
1.87773
1.60673
1.08372
1.00078
1
1
1
1
1.15618
1.13561
1.09401
1.05246
1.02065
0.998873
0.998154
1.01527
1.06124
1.11287
1.14546
1.22853
1.29758
1.32551
1.39604
1.45539
1.48156
1.53682
1.58758
1.62415
1.67685
1.70694
1.74616
1.78254
1.80582
1.84356
1.87813
1.87605
1.72866
1.20578
1.00386
1.00001
1
1
1
1.14238
1.1301
1.09267
1.05856
1.02926
1.00457
0.999913
1.0113
1.04099
1.09911
1.13553
1.1844
1.26977
1.31719
1.35383
1.42619
1.46995
1.50018
1.56208
1.60563
1.65209
1.68518
1.72311
1.76428
1.79208
1.82472
1.86166
1.87136
1.78556
1.34713
1.01478
1.00006
1
1
1
1.13032
1.12141
1.08856
1.05876
1.03255
1.01603
1.0085
1.01172
1.0211
1.07805
1.12722
1.15805
1.23724
1.30389
1.33141
1.39113
1.45102
1.48199
1.53081
1.58614
1.62573
1.67055
1.69636
1.74201
1.77829
1.80385
1.84446
1.86639
1.82848
1.48567
1.04348
1.0003
1
1
1
1.12909
1.1157
1.08244
1.05622
1.03404
1.02449
1.02032
1.01561
1.01619
1.04889
1.11121
1.15264
1.19701
1.27809
1.32488
1.35416
1.42266
1.47015
1.50125
1.56243
1.60632
1.65068
1.67984
1.71589
1.76035
1.78844
1.82674
1.85817
1.84888
1.63968
1.1173
1.00135
1
1
1
1.13193
1.11493
1.07965
1.05122
1.0341
1.02754
1.0244
1.01823
1.0167
1.02991
1.08992
1.14497
1.17367
1.24707
1.31106
1.34032
1.38796
1.44986
1.48857
1.53286
1.58646
1.62392
1.66572
1.69298
1.7403
1.77637
1.80642
1.84494
1.84839
1.71528
1.23571
1.00557
1.00002
1
1
1.1396
1.11775
1.07973
1.04825
1.03299
1.0276
1.02379
1.0169
1.0156
1.02776
1.06277
1.12869
1.17013
1.20938
1.28568
1.33309
1.35955
1.4223
1.47512
1.51086
1.56478
1.60152
1.64781
1.68181
1.71743
1.76039
1.79075
1.82925
1.84426
1.76143
1.35122
1.01714
1.00008
1
1
1.14476
1.12231
1.08008
1.04795
1.03269
1.02604
1.02134
1.01493
1.01587
1.03046
1.0436
1.10743
1.16325
1.19051
1.25414
1.31714
1.35129
1.38932
1.45378
1.49918
1.53842
1.58421
1.62353
1.67025
1.697
1.74028
1.77738
1.81188
1.83726
1.79931
1.478
1.04472
1.00031
1
1
1.14362
1.12341
1.08174
1.04827
1.03389
1.02481
1.01939
1.01367
1.01718
1.03095
1.04015
1.07925
1.1468
1.18776
1.21999
1.29194
1.34231
1.37143
1.42588
1.48342
1.51979
1.56734
1.60004
1.65394
1.68604
1.7218
1.76142
1.79664
1.82871
1.81626
1.60621
1.10988
1.00123
1
1
1.13758
1.1223
1.08458
1.04988
1.03625
1.02601
1.01971
1.0138
1.01754
1.02935
1.0392
1.05919
1.1248
1.18013
1.20834
1.2606
1.32431
1.36475
1.3981
1.4617
1.5068
1.54425
1.58498
1.63355
1.67421
1.70858
1.74281
1.78199
1.81627
1.81578
1.66369
1.20151
1.00437
1.00001
1
1.12735
1.1186
1.08684
1.0522
1.0386
1.02862
1.02089
1.01483
1.01692
1.02576
1.03623
1.05747
1.09626
1.16314
1.20589
1.23406
1.29886
1.353
1.38788
1.43373
1.49048
1.52396
1.57166
1.60856
1.65888
1.69471
1.7286
1.7661
1.80312
1.81175
1.71321
1.29718
1.01182
1.00005
1
1.12185
1.11421
1.08849
1.05446
1.0388
1.03014
1.02248
1.01693
1.01501
1.02133
1.03344
1.05829
1.0767
1.14027
1.19692
1.22836
1.26819
1.33298
1.38003
1.4126
1.47102
1.51132
1.55422
1.59283
1.64204
1.67837
1.71767
1.74927
1.7891
1.80635
1.75899
1.41967
1.0305
1.00018
1
1.12183
1.11255
1.08954
1.05589
1.03749
1.02994
1.02414
1.01916
1.01493
1.01726
1.02917
1.05518
1.07485
1.11205
1.17921
1.22398
1.25213
1.3063
1.36534
1.40437
1.4451
1.49673
1.53323
1.58071
1.62149
1.66216
1.70479
1.73575
1.77281
1.80058
1.77418
1.522
1.07237
1.00063
1
1.12411
1.11276
1.08954
1.05592
1.03519
1.02916
1.0251
1.02175
1.01588
1.01464
1.02242
1.04853
1.07357
1.09762
1.15524
1.21214
1.2485
1.28174
1.34355
1.39422
1.42671
1.4807
1.52003
1.56562
1.60145
1.64773
1.68828
1.72493
1.75932
1.79273
1.77561
1.5794
1.13129
1.00198
1.00001
1.1297
1.11522
1.08802
1.05469
1.03307
1.02811
1.0267
1.0249
1.01828
1.0141
1.01745
1.03902
1.06754
1.09662
1.12882
1.19289
1.24109
1.2746
1.31742
1.378
1.41776
1.45711
1.50683
1.54857
1.58716
1.63385
1.67026
1.71321
1.74757
1.78226
1.77597
1.64623
1.20866
1.00522
1.00002
1.13205
1.11743
1.08602
1.05382
1.03257
1.0273
1.02825
1.02698
1.02136
1.01428
1.0165
1.02896
1.05814
1.09372
1.12148
1.16661
1.22616
1.26931
1.3034
1.35533
1.4064
1.43794
1.492
1.53607
1.57516
1.61799
1.65771
1.69945
1.73277
1.7694
1.77474
1.69814
1.31275
1.01364
1.00006
1.1315
1.11747
1.08537
1.05383
1.03282
1.02724
1.02854
1.0275
1.02434
1.0158
1.01693
1.02421
1.04563
1.08554
1.11898
1.1484
1.20491
1.25793
1.29732
1.33375
1.39111
1.42986
1.47064
1.52225
1.5642
1.59962
1.64715
1.68378
1.71711
1.75786
1.77233
1.71366
1.39917
1.03226
1.00019
1.12837
1.11626
1.08535
1.05458
1.03395
1.02755
1.02852
1.02749
1.02594
1.01992
1.01931
1.02443
1.03425
1.06909
1.11184
1.14606
1.1813
1.2402
1.28823
1.32395
1.36891
1.4192
1.45372
1.50462
1.55243
1.58745
1.6356
1.67098
1.70714
1.7446
1.76728
1.7259
1.4647
1.06099
1.00056
1.1242
1.1142
1.08586
1.05652
1.03627
1.02824
1.02805
1.02714
1.02619
1.0235
1.02357
1.0261
1.03231
1.05683
1.09812
1.14113
1.17454
1.21762
1.27313
1.31611
1.34986
1.40504
1.44622
1.48394
1.53836
1.57937
1.62067
1.66087
1.69713
1.72708
1.76124
1.7344
1.54644
1.10931
1.00148
1.12268
1.11277
1.08694
1.05876
1.03862
1.02842
1.02648
1.02569
1.02576
1.02432
1.02531
1.02611
1.03126
1.05218
1.08476
1.13082
1.17103
1.2045
1.25336
1.30486
1.34173
1.38342
1.43544
1.47336
1.51967
1.56869
1.60421
1.65045
1.68389
1.7146
1.75341
1.7412
1.60054
1.18033
1.00396
1.12246
1.11232
1.08856
1.06041
1.0398
1.02807
1.0247
1.02323
1.02402
1.02461
1.02543
1.02541
1.02857
1.04634
1.07485
1.11681
1.16286
1.20064
1.23738
1.28797
1.33333
1.36599
1.42057
1.46589
1.4998
1.55578
1.59362
1.63854
1.67173
1.70652
1.74233
1.74096
1.62646
1.24966
1.00955
1.12288
1.11254
1.09013
1.06107
1.04007
1.02767
1.02421
1.02231
1.02299
1.0244
1.02512
1.02497
1.02827
1.04305
1.06412
1.10126
1.14951
1.19376
1.23005
1.26898
1.32171
1.35965
1.40015
1.45474
1.4919
1.53969
1.58345
1.62239
1.66296
1.69583
1.72821
1.7387
1.65706
1.31627
1.01906
1.12336
1.11274
1.09036
1.06108
1.04004
1.02777
1.02437
1.02272
1.0234
1.02449
1.02383
1.02444
1.02809
1.04236
1.05908
1.09076
1.12982
1.18166
1.22339
1.25844
1.30357
1.35118
1.38759
1.43879
1.48507
1.51922
1.57162
1.60853
1.65329
1.68181
1.71713
1.73439
1.68328
1.40152
1.03894
1.1228
1.11247
1.08997
1.06059
1.03973
1.02824
1.02498
1.02443
1.02442
1.02512
1.02309
1.02282
1.02706
1.04064
1.05594
1.08616
1.11941
1.16483
1.21265
1.25146
1.28546
1.33882
1.38113
1.42132
1.47504
1.51012
1.55784
1.59946
1.63954
1.67176
1.70644
1.7286
1.69431
1.46322
1.0728
1.12101
1.11152
1.0886
1.05937
1.03949
1.02918
1.0261
1.02642
1.02621
1.02592
1.02332
1.02159
1.02474
1.03598
1.05051
1.08233
1.11742
1.15193
1.19833
1.24307
1.27831
1.31969
1.37152
1.41221
1.46083
1.50436
1.54038
1.58966
1.62564
1.66384
1.69255
1.72185
1.69569
1.5023
1.11446
1.11894
1.11072
1.08747
1.0583
1.03957
1.03019
1.02684
1.02696
1.02788
1.02732
1.02422
1.02171
1.02365
1.03093
1.04263
1.0751
1.11324
1.14842
1.1853
1.23047
1.27179
1.30443
1.35784
1.40431
1.4437
1.49504
1.53106
1.57735
1.61659
1.65386
1.68117
1.71522
1.69721
1.55156
1.17235
1.11843
1.11073
1.08708
1.05801
1.04001
1.03061
1.02707
1.02691
1.02816
1.02861
1.02584
1.0226
1.02404
1.03005
1.03763
1.06301
1.1041
1.14337
1.17714
1.21521
1.26278
1.29974
1.33953
1.39379
1.43432
1.48093
1.52426
1.56259
1.60798
1.64043
1.67388
1.70657
1.69829
1.59103
1.2409
1.11854
1.11093
1.0871
1.05821
1.04073
1.03037
1.02661
1.02641
1.02795
1.02879
1.02764
1.0246
1.02573
1.03053
1.03731
1.05882
1.08948
1.13372
1.17061
1.20431
1.24861
1.29335
1.33001
1.37859
1.42585
1.46533
1.51461
1.55402
1.59856
1.63179
1.66537
1.69604
1.69743
1.60511
1.30734
1.11906
1.11141
1.0879
1.05934
1.04148
1.03
1.02545
1.0252
1.02702
1.02859
1.02823
1.02662
1.0282
1.03009
1.03609
1.05878
1.07997
1.11959
1.1617
1.19736
1.23208
1.28328
1.32535
1.36377
1.41495
1.45598
1.4997
1.54568
1.58717
1.62545
1.65267
1.68686
1.69552
1.6194
1.37696
1.11919
1.11163
1.08887
1.06077
1.0418
1.03022
1.02546
1.02443
1.02543
1.02764
1.02842
1.02777
1.02851
1.02856
1.03304
1.05687
1.07877
1.10776
1.14931
1.1905
1.22482
1.26722
1.3175
1.35796
1.39886
1.44712
1.4867
1.53402
1.57539
1.61645
1.64223
1.67755
1.69221
1.63466
1.44575
1.11872
1.11117
1.08889
1.06146
1.04167
1.03107
1.0261
1.02455
1.02474
1.02617
1.02817
1.02864
1.02836
1.02712
1.03003
1.0511
1.07564
1.1047
1.13668
1.18
1.21924
1.253
1.30551
1.35187
1.38811
1.43534
1.4786
1.52034
1.56508
1.60463
1.63578
1.66483
1.68792
1.64467
1.50994
1.1175
1.10932
1.08828
1.0614
1.04112
1.03241
1.0274
1.02525
1.02479
1.02575
1.02796
1.02914
1.02819
1.02585
1.02786
1.0433
1.06815
1.10126
1.13139
1.16646
1.21179
1.24887
1.28955
1.34152
1.3826
1.42023
1.46939
1.51063
1.5549
1.59432
1.62793
1.65216
1.68117
1.64958
1.57143
1.11656
1.10842
1.0892
1.06234
1.04155
1.03389
1.02893
1.02637
1.02496
1.02573
1.02807
1.02943
1.02822
1.02544
1.02743
1.03903
1.05825
1.09359
1.12656
1.15761
1.2004
1.24323
1.28
1.32708
1.37467
1.4119
1.4575
1.50131
1.54403
1.585
1.6178
1.64443
1.67305
1.6514
1.62922
1.13734
1.107
1.08636
1.0599
1.04037
1.03388
1.02907
1.02655
1.02502
1.02586
1.02834
1.02953
1.02811
1.02556
1.0278
1.03899
1.0533
1.0877
1.12335
1.15425
1.18962
1.23854
1.27827
1.31949
1.36855
1.40899
1.44673
1.49483
1.53761
1.57863
1.61123
1.63934
1.66716
1.65343
1.67016
1.15455
1.10516
1.08377
1.05793
1.03951
1.0338
1.02901
1.02648
1.02506
1.02598
1.02845
1.02954
1.02808
1.02571
1.02818
1.03911
1.05159
1.08282
1.12053
1.15326
1.18596
1.23472
1.27694
1.31702
1.36441
1.40668
1.44228
1.4899
1.53432
1.57526
1.60788
1.63615
1.66356
1.65602
1.69386
1.17385
1.10327
1.08085
1.0558
1.0385
1.03345
1.02882
1.02644
1.02517
1.02615
1.02856
1.02955
1.02804
1.02581
1.02875
1.03992
1.05019
1.07886
1.11658
1.15215
1.18517
1.23096
1.27436
1.31324
1.35997
1.40371
1.4419
1.48518
1.52925
1.57181
1.60262
1.63277
1.65817
1.65923
1.71339
1.18817
1.10199
1.07769
1.05358
1.03743
1.03282
1.02856
1.0265
1.02533
1.02645
1.02881
1.02963
1.02807
1.02604
1.02992
1.04106
1.04993
1.0764
1.11172
1.14974
1.18292
1.22561
1.27098
1.30846
1.35336
1.3997
1.44004
1.48291
1.52378
1.56736
1.59917
1.62811
1.65271
1.66334
1.73402
1.19598
1.10122
1.07454
1.05133
1.03617
1.03202
1.02822
1.02656
1.02555
1.02691
1.02911
1.02973
1.02823
1.02625
1.03096
1.04113
1.05038
1.07404
1.10688
1.14596
1.18006
1.22007
1.26608
1.30624
1.34553
1.39433
1.43473
1.47908
1.52102
1.56178
1.59671
1.62246
1.64969
1.66932
1.75869
1.2043
1.10149
1.07137
1.04904
1.03483
1.03097
1.02767
1.02647
1.02584
1.02727
1.02915
1.02968
1.02846
1.02646
1.03068
1.04046
1.05066
1.07325
1.10157
1.14117
1.17839
1.21457
1.25963
1.30269
1.34145
1.38833
1.43066
1.47327
1.51639
1.55707
1.59216
1.61799
1.64497
1.67629
1.784
1.21198
1.10298
1.06847
1.04669
1.0335
1.02969
1.02693
1.02625
1.02591
1.02737
1.0291
1.02965
1.02885
1.02736
1.03036
1.03817
1.04926
1.07352
1.09628
1.13593
1.17506
1.20902
1.25493
1.2978
1.337
1.3834
1.4262
1.46694
1.51106
1.55138
1.58742
1.61241
1.63969
1.68462
1.81004
1.20984
1.10557
1.06618
1.04461
1.03222
1.02859
1.02656
1.02623
1.02602
1.0273
1.02888
1.02951
1.02916
1.02855
1.03104
1.03566
1.04492
1.07228
1.09455
1.12934
1.16985
1.2065
1.25128
1.29415
1.33273
1.37789
1.42113
1.46072
1.50586
1.54603
1.58251
1.60603
1.63423
1.696
1.83918
1.20704
1.10863
1.06356
1.04247
1.03075
1.02791
1.02651
1.02628
1.02639
1.02712
1.0284
1.02909
1.02925
1.02905
1.03222
1.03486
1.0417
1.06824
1.09271
1.12307
1.16504
1.20373
1.24586
1.2893
1.32847
1.3691
1.41536
1.45556
1.49956
1.54053
1.57694
1.59955
1.62836
1.70505
1.87018
1.20154
1.1086
1.0638
1.04244
1.03029
1.02765
1.02669
1.0266
1.02691
1.02688
1.02765
1.02834
1.02873
1.02911
1.03235
1.03435
1.04052
1.06406
1.08863
1.11816
1.16051
1.19885
1.23768
1.28286
1.32393
1.35981
1.40868
1.44949
1.49198
1.53412
1.56939
1.59389
1.62306
1.71542
1.90283
1.19424
1.10829
1.06568
1.04254
1.03037
1.02795
1.02749
1.02747
1.02745
1.02693
1.02716
1.02746
1.0277
1.02801
1.03175
1.03325
1.03946
1.06114
1.08437
1.11507
1.15171
1.1942
1.23118
1.27449
1.31865
1.356
1.39817
1.4424
1.48219
1.52716
1.56069
1.5881
1.61449
1.72257
1.93599
1.20083
1.11106
1.06876
1.04322
1.03083
1.02884
1.02861
1.0286
1.02812
1.02739
1.02728
1.02736
1.02752
1.02744
1.02981
1.03035
1.03618
1.05724
1.08092
1.11253
1.14404
1.18848
1.22745
1.2671
1.31028
1.35231
1.389
1.43447
1.47457
1.51714
1.55426
1.57975
1.60882
1.73442
1.9706
1.21198
1.11829
1.07277
1.04489
1.03086
1.029
1.0291
1.02935
1.02922
1.02851
1.02791
1.02788
1.02804
1.02813
1.02871
1.02713
1.03193
1.05306
1.07529
1.10963
1.14234
1.18042
1.22256
1.26206
1.30268
1.34547
1.38384
1.42559
1.46782
1.5062
1.54704
1.57112
1.60723
1.74792
2.00672
1.22679
1.13108
1.08038
1.04826
1.03101
1.02883
1.02909
1.02975
1.03016
1.02976
1.02927
1.02963
1.03008
1.02951
1.02835
1.02618
1.02984
1.05028
1.06893
1.10296
1.13911
1.17499
1.2148
1.25409
1.29559
1.33659
1.37682
1.41636
1.4591
1.49985
1.53672
1.5649
1.60432
1.76354
2.04105
1.24003
1.14582
1.09175
1.05405
1.03221
1.02828
1.02902
1.02982
1.03056
1.03031
1.03034
1.03185
1.03266
1.03121
1.02828
1.02578
1.02791
1.04684
1.06517
1.09623
1.13147
1.16867
1.20819
1.24583
1.28533
1.32815
1.36854
1.40794
1.44957
1.49206
1.52809
1.55692
1.60049
1.78208
2.07397
1.24363
1.16071
1.11052
1.06667
1.03629
1.02849
1.02898
1.02977
1.03055
1.03065
1.03072
1.03248
1.03348
1.03184
1.02848
1.02589
1.02688
1.0417
1.06098
1.09282
1.12435
1.15982
1.19992
1.23952
1.27648
1.31789
1.35953
1.39962
1.44062
1.48216
1.51994
1.54758
1.60025
1.80269
2.10519
1.23965
1.17179
1.12584
1.08149
1.04521
1.03009
1.02937
1.02995
1.03046
1.03073
1.03074
1.03254
1.03344
1.03158
1.02821
1.02606
1.02714
1.03856
1.05421
1.08693
1.11905
1.15353
1.19043
1.23063
1.26921
1.30751
1.34862
1.38973
1.43093
1.47189
1.50995
1.53879
1.60186
1.82288
2.13098
1.22981
1.17875
1.13712
1.10178
1.06337
1.03522
1.03043
1.03065
1.03103
1.03149
1.03129
1.03203
1.0325
1.03008
1.02698
1.02559
1.02642
1.03613
1.04971
1.0796
1.1116
1.14736
1.18314
1.22078
1.26032
1.29857
1.33735
1.37806
1.41975
1.46067
1.49753
1.52916
1.60772
1.8471
2.15145
1.21655
1.17855
1.14567
1.1218
1.08612
1.0457
1.03231
1.03175
1.03233
1.03284
1.03264
1.03214
1.031
1.02817
1.02536
1.02429
1.02432
1.03237
1.04648
1.07568
1.10384
1.13916
1.17542
1.21187
1.25
1.28893
1.32674
1.36668
1.40744
1.44809
1.48519
1.52005
1.62085
1.86705
2.16581
1.20758
1.17457
1.1509
1.13425
1.10925
1.06724
1.03726
1.03273
1.03361
1.0345
1.03427
1.03282
1.03074
1.02774
1.02505
1.02376
1.02313
1.02829
1.04213
1.07126
1.09709
1.13059
1.16633
1.20266
1.23973
1.27828
1.31612
1.3552
1.39559
1.43534
1.4721
1.51247
1.64568
1.88898
2.16827
1.20097
1.16905
1.15625
1.1449
1.13297
1.09449
1.05003
1.03481
1.03428
1.0349
1.03466
1.03287
1.0306
1.02785
1.02524
1.02385
1.02305
1.02553
1.03719
1.06501
1.09008
1.12249
1.15672
1.19234
1.22884
1.26671
1.30489
1.34392
1.38368
1.42288
1.45979
1.50617
1.6813
1.90216
2.16151
1.19247
1.16186
1.15465
1.14506
1.13769
1.12021
1.07806
1.04234
1.03505
1.03479
1.03425
1.03233
1.03016
1.02781
1.02526
1.02365
1.02258
1.02312
1.03341
1.0585
1.08236
1.11441
1.14717
1.18212
1.21816
1.25521
1.29279
1.3313
1.37086
1.40931
1.44695
1.50863
1.72855
1.91421
2.14571
1.18296
1.15396
1.14895
1.14508
1.14301
1.14294
1.11261
1.06092
1.03791
1.0343
1.0332
1.03142
1.02947
1.02753
1.02506
1.02313
1.02163
1.02093
1.03025
1.05229
1.07445
1.10633
1.1375
1.1715
1.20686
1.24342
1.28019
1.31851
1.35661
1.39406
1.43494
1.52387
1.78533
1.92004
2.11998
1.17739
1.15124
1.14298
1.14416
1.14479
1.14522
1.12856
1.09554
1.05072
1.03504
1.03194
1.03055
1.0288
1.02705
1.0247
1.02234
1.02044
1.01949
1.02815
1.04609
1.06655
1.09777
1.12737
1.16075
1.19546
1.23143
1.26733
1.30415
1.34178
1.37849
1.42196
1.56286
1.83608
1.91637
2.08273
1.17636
1.15407
1.14379
1.14123
1.14327
1.14405
1.14299
1.13113
1.07721
1.04097
1.03147
1.02922
1.02781
1.02624
1.02395
1.02142
1.01951
1.01861
1.02559
1.03999
1.0588
1.089
1.11689
1.14947
1.18302
1.21815
1.25358
1.29031
1.32636
1.36279
1.42294
1.6256
1.87356
1.90861
2.03493
1.17544
1.15595
1.14517
1.1404
1.13998
1.13983
1.14243
1.14153
1.10895
1.06414
1.03458
1.02799
1.02618
1.02479
1.0226
1.02014
1.01857
1.0176
1.02235
1.03364
1.05094
1.07976
1.1058
1.13792
1.17063
1.20493
1.23968
1.27457
1.30955
1.35007
1.43923
1.70295
1.90528
1.89883
1.97734
1.1729
1.15622
1.14711
1.14105
1.13953
1.14013
1.14348
1.14558
1.13745
1.10004
1.0493
1.02923
1.02459
1.02294
1.02102
1.01925
1.01776
1.01663
1.01932
1.02737
1.04309
1.07012
1.09486
1.12638
1.15751
1.19071
1.2242
1.25953
1.29425
1.33816
1.48685
1.76291
1.9031
1.88488
1.91762
1.17114
1.15753
1.15016
1.14532
1.14251
1.14143
1.14341
1.14482
1.13733
1.12037
1.0862
1.04171
1.0252
1.02132
1.01995
1.01843
1.01679
1.01523
1.01597
1.02169
1.03594
1.06031
1.08334
1.11439
1.14433
1.17693
1.20988
1.24223
1.27752
1.34859
1.56878
1.80888
1.89192
1.86201
1.85855
1.17125
1.16041
1.15385
1.14985
1.14696
1.1439
1.1433
1.14307
1.14045
1.13684
1.12032
1.06783
1.03241
1.02143
1.0196
1.01778
1.01594
1.01435
1.01394
1.01759
1.02984
1.05115
1.07324
1.10391
1.13217
1.16354
1.1942
1.22567
1.26782
1.39029
1.66006
1.80611
1.87041
1.83148
1.81004
1.17436
1.16355
1.15815
1.15474
1.15262
1.15069
1.14822
1.14592
1.14396
1.1427
1.137
1.11305
1.07649
1.03834
1.02238
1.01675
1.01429
1.01236
1.01147
1.0129
1.02109
1.03725
1.05736
1.086
1.11162
1.1414
1.17108
1.21516
1.32125
1.54573
1.7287
1.77886
1.81873
1.76978
1.74017
)
;

boundaryField
{
    inlet
    {
        type            fixedValue;
        value           uniform 1;
    }
    outlet
    {
        type            inletOutlet;
        inletValue      uniform 1;
        value           nonuniform List<scalar> 
70
(
1.17442
1.16356
1.15812
1.15469
1.15258
1.15069
1.14824
1.14592
1.14395
1.14269
1.13699
1.11305
1.0765
1.03834
1.02238
1.01674
1.01428
1.01235
1.01147
1.0129
1.02108
1.03724
1.05735
1.08599
1.11161
1.14139
1.17107
1.21513
1.32111
1.54553
1.7286
1.77885
1.81873
1.76978
1.74017
1.19606
1.25664
1.36158
1.48387
1.57824
1.61391
1.6144
1.57441
1.49105
1.38081
1.2655
1.14176
0.876061
0.624374
0.642663
0.661594
0.679397
0.702337
0.725631
0.752808
0.77839
0.807893
0.839995
0.872816
0.90897
0.946425
0.985476
1.02689
1.07533
1.12815
1.15395
1.14859
1.10691
1.03375
1.00302
)
;
    }
    airfoil
    {
        type            zeroGradient;
    }
    top
    {
        type            symmetryPlane;
    }
    bottom
    {
        type            symmetryPlane;
    }
    defaultFaces
    {
        type            empty;
    }
}


// ************************************************************************* //
