/*--------------------------------*- C++ -*----------------------------------*\
  =========                 |
  \\      /  F ield         | OpenFOAM: The Open Source CFD Toolbox
   \\    /   O peration     | Website:  https://openfoam.org
    \\  /    A nd           | Version:  7
     \\/     M anipulation  |
\*---------------------------------------------------------------------------*/
FoamFile
{
    version     2.0;
    format      ascii;
    class       volScalarField;
    location    "8";
    object      T;
}
// * * * * * * * * * * * * * * * * * * * * * * * * * * * * * * * * * * * * * //

dimensions      [0 0 0 1 0 0 0];

internalField   nonuniform List<scalar> 
14400
(
0.895804
0.905412
0.915794
0.925884
0.935788
0.945221
0.954631
0.963527
0.972575
0.9809
0.989563
0.997082
1.00512
1.0114
1.0181
1.02262
1.02644
1.02923
1.0291
1.02795
1.0241
1.01934
1.01763
1.01829
1.02035
1.02224
1.02288
1.02216
1.02144
1.0212
1.0217
1.02229
1.02165
1.02035
1.02047
1.02079
1.02042
1.01992
1.01985
1.01958
0.887155
0.887641
0.888654
0.89036
0.892824
0.896245
0.900557
0.906063
0.912435
0.920162
0.928483
0.938159
0.947914
0.958643
0.968975
0.979086
0.989105
0.996641
1.00475
1.00872
1.01201
1.01592
1.01947
1.02166
1.02243
1.02196
1.02068
1.01941
1.01956
1.02053
1.02125
1.02093
1.01999
1.01924
1.01988
1.01985
1.01936
1.01914
1.01914
1.01888
0.885163
0.885104
0.885041
0.884981
0.884894
0.884895
0.884952
0.885151
0.885555
0.886323
0.887577
0.889765
0.89297
0.898175
0.905004
0.915153
0.927079
0.942388
0.958895
0.975643
0.993659
1.00483
1.01146
1.01342
1.01552
1.01508
1.01365
1.0146
1.01705
1.01844
1.01808
1.01678
1.01624
1.01711
1.01761
1.01718
1.01682
1.01706
1.01701
1.01684
0.883123
0.883058
0.882991
0.882928
0.882866
0.882797
0.882719
0.882646
0.882567
0.882479
0.882369
0.882267
0.882186
0.882283
0.882656
0.883732
0.885905
0.890682
0.898195
0.9118
0.929711
0.95127
0.973291
0.986131
0.998447
1.0013
1.00558
1.01054
1.01552
1.01548
1.01405
1.01164
1.01269
1.01474
1.01437
1.01341
1.01352
1.01409
1.01404
1.01402
0.881964
0.881907
0.881843
0.881771
0.88169
0.8816
0.881501
0.881392
0.881275
0.881159
0.881045
0.880936
0.880883
0.880844
0.880843
0.880876
0.880989
0.881273
0.881867
0.883529
0.887047
0.896107
0.910713
0.934204
0.959345
0.980136
0.998438
1.00452
1.00999
1.00975
1.0069
1.008
1.01056
1.01212
1.01138
1.01043
1.01104
1.01156
1.01128
1.01142
0.881298
0.881289
0.881273
0.881247
0.881216
0.881183
0.88115
0.88111
0.881067
0.881013
0.880952
0.880919
0.880922
0.88094
0.88098
0.881081
0.881244
0.88147
0.881822
0.882133
0.882515
0.883215
0.884821
0.889942
0.900396
0.922309
0.94874
0.970649
0.989568
0.995617
1.00095
1.00907
1.01125
1.01031
1.00828
1.0089
1.01021
1.01006
1.00965
1.00993
0.881237
0.881266
0.881288
0.881299
0.881312
0.881341
0.881358
0.881357
0.881358
0.881374
0.881404
0.881449
0.881517
0.881598
0.881699
0.881795
0.88189
0.882052
0.882269
0.882476
0.882696
0.883021
0.883303
0.883399
0.883878
0.886548
0.894609
0.91478
0.942004
0.972111
0.995817
1.00629
1.00892
1.00604
1.00662
1.00934
1.00999
1.00919
1.00874
1.0094
0.882125
0.882162
0.882217
0.882222
0.882214
0.882209
0.882204
0.882184
0.882159
0.882167
0.882189
0.882217
0.882215
0.882203
0.882168
0.882106
0.882066
0.882046
0.882082
0.8822
0.882256
0.882315
0.882352
0.882319
0.881914
0.881433
0.881774
0.884147
0.892662
0.914669
0.946651
0.976121
0.994185
1.00075
1.00718
1.01094
1.01002
1.00789
1.00852
1.0096
0.883093
0.883074
0.883049
0.883017
0.882977
0.882932
0.882882
0.882826
0.882771
0.882723
0.882678
0.882624
0.882552
0.882443
0.882309
0.882148
0.881936
0.881743
0.881492
0.881156
0.880853
0.880784
0.880801
0.880856
0.880656
0.880657
0.880876
0.881198
0.881682
0.884378
0.895388
0.920178
0.9541
0.989109
1.00442
1.00997
1.00607
1.00701
1.00976
1.00982
0.882833
0.882782
0.882721
0.882655
0.882591
0.882535
0.88249
0.882433
0.882374
0.88231
0.882225
0.882121
0.881986
0.881819
0.881658
0.881416
0.881
0.880542
0.880128
0.879796
0.879637
0.879677
0.879835
0.879925
0.880009
0.880386
0.881218
0.881899
0.882248
0.882113
0.882555
0.885833
0.90046
0.931019
0.964075
0.992252
0.998419
1.00828
1.01081
1.00957
0.880138
0.880049
0.879938
0.879921
0.87992
0.879918
0.879931
0.879973
0.879994
0.879971
0.879963
0.880048
0.880131
0.880128
0.880104
0.879849
0.879264
0.879049
0.878979
0.878921
0.87905
0.879367
0.879804
0.879966
0.880086
0.880585
0.881378
0.882049
0.882295
0.882242
0.88171
0.881213
0.882162
0.888062
0.90932
0.945591
0.982907
1.00576
1.00889
1.00717
0.876381
0.876388
0.876431
0.876525
0.876604
0.876694
0.876793
0.876962
0.877281
0.877455
0.877618
0.877976
0.878566
0.878949
0.878985
0.878837
0.878504
0.87845
0.878698
0.879545
0.880319
0.880561
0.880577
0.88048
0.880442
0.880585
0.880926
0.881316
0.881537
0.881362
0.880615
0.879613
0.879516
0.880007
0.8831
0.895424
0.929014
0.967896
0.990234
1.00305
0.877959
0.877924
0.877972
0.878247
0.878669
0.878798
0.878648
0.878502
0.878494
0.878455
0.878441
0.878602
0.878899
0.87917
0.879545
0.87998
0.880442
0.881042
0.882102
0.883358
0.883686
0.883403
0.882642
0.881942
0.881315
0.880745
0.879627
0.879131
0.879095
0.879095
0.878955
0.878701
0.878589
0.878782
0.879597
0.881276
0.888661
0.910363
0.950104
0.995337
0.890772
0.890225
0.889704
0.889788
0.889961
0.889809
0.889129
0.887952
0.886679
0.885712
0.884902
0.884256
0.883728
0.883589
0.883578
0.883685
0.884232
0.884598
0.884769
0.885222
0.885067
0.88395
0.882397
0.880746
0.88011
0.87982
0.878845
0.877851
0.877835
0.878196
0.878408
0.878532
0.878874
0.879767
0.880956
0.880811
0.880608
0.882902
0.896303
0.951981
0.906356
0.905956
0.905571
0.905249
0.904844
0.904216
0.903387
0.902342
0.900961
0.899651
0.898609
0.896795
0.896033
0.896146
0.895641
0.894504
0.893688
0.892773
0.890753
0.888697
0.887309
0.885516
0.884381
0.884411
0.884962
0.884887
0.883454
0.881573
0.88084
0.880861
0.881204
0.881901
0.882419
0.882315
0.881938
0.880983
0.879412
0.878646
0.879707
0.904977
0.936562
0.936212
0.935828
0.935384
0.934742
0.93356
0.932971
0.932937
0.932426
0.930852
0.93026
0.929307
0.928417
0.928193
0.927352
0.925964
0.924341
0.922527
0.920229
0.917522
0.915122
0.911877
0.908273
0.907502
0.907128
0.905191
0.902927
0.899928
0.896585
0.893884
0.891668
0.889171
0.886664
0.883917
0.881095
0.8796
0.878645
0.878682
0.879154
0.883921
0.981026
0.980529
0.979781
0.97903
0.978327
0.977432
0.976506
0.975636
0.974508
0.972988
0.971442
0.969848
0.967968
0.965964
0.963779
0.961266
0.958758
0.956191
0.952669
0.950101
0.948353
0.945961
0.942385
0.938893
0.935118
0.928597
0.923831
0.92
0.916009
0.911055
0.905932
0.900949
0.896021
0.89189
0.888467
0.885853
0.884433
0.884025
0.884129
0.88461
1.03105
1.03048
1.02963
1.02872
1.0279
1.02682
1.0255
1.02448
1.0233
1.0216
1.01987
1.01824
1.01622
1.01399
1.01174
1.00926
1.00656
1.00358
1.0002
0.996454
0.992668
0.988533
0.983893
0.979018
0.975125
0.970475
0.964915
0.957447
0.951757
0.946442
0.940326
0.934099
0.927788
0.921645
0.915547
0.909562
0.903097
0.897325
0.89143
0.884923
1.08309
1.08258
1.08185
1.08081
1.07994
1.07891
1.07772
1.07672
1.07548
1.07384
1.07218
1.07045
1.06845
1.06605
1.06349
1.0607
1.05765
1.05428
1.05062
1.04678
1.04261
1.03832
1.0332
1.02757
1.02169
1.0146
1.00877
1.00231
0.994083
0.985715
0.977838
0.969289
0.961014
0.951705
0.942601
0.932855
0.923541
0.914162
0.905824
0.895465
1.11973
1.11953
1.11935
1.11906
1.11873
1.11842
1.11808
1.11768
1.11716
1.11656
1.11581
1.11487
1.11387
1.11265
1.11103
1.1091
1.10676
1.1041
1.10091
1.09737
1.09348
1.08916
1.08445
1.07886
1.07273
1.06626
1.05918
1.05198
1.04338
1.0338
1.02389
1.01357
1.00315
0.99275
0.982171
0.971041
0.960734
0.949676
0.940779
0.925607
1.12666
1.12667
1.12667
1.12666
1.12668
1.12669
1.12662
1.12659
1.1266
1.12643
1.12632
1.12628
1.12616
1.1262
1.12622
1.12592
1.12583
1.12588
1.12557
1.12458
1.12341
1.12218
1.1206
1.11822
1.11476
1.11043
1.10561
1.1003
1.09371
1.08568
1.07609
1.06506
1.05256
1.04011
1.0269
1.01358
0.999831
0.986106
0.973519
0.953395
1.12091
1.1212
1.12143
1.12163
1.1218
1.12174
1.12169
1.12187
1.12197
1.122
1.1221
1.1221
1.12213
1.12233
1.12247
1.12266
1.12303
1.12372
1.12403
1.12397
1.12374
1.12357
1.12356
1.12384
1.12403
1.12384
1.12293
1.12142
1.11982
1.11776
1.1145
1.10917
1.10142
1.09125
1.07898
1.06466
1.04888
1.03207
1.01663
0.993151
1.08054
1.08128
1.08171
1.08221
1.08292
1.0836
1.08437
1.08564
1.08662
1.08744
1.08861
1.08992
1.09132
1.09272
1.0943
1.09608
1.09796
1.1002
1.10251
1.10461
1.1067
1.10846
1.11009
1.11213
1.11429
1.11625
1.11837
1.11887
1.11893
1.11899
1.11903
1.11885
1.11803
1.11613
1.11285
1.10693
1.09746
1.08382
1.06828
1.04025
1.02042
1.02092
1.0213
1.02167
1.02221
1.02285
1.02355
1.02436
1.02521
1.02615
1.02728
1.02855
1.02996
1.03157
1.03335
1.03538
1.03764
1.04019
1.04314
1.04643
1.05015
1.05427
1.05886
1.06385
1.0692
1.0749
1.08074
1.08681
1.09301
1.09856
1.10345
1.10774
1.11085
1.11336
1.11329
1.11304
1.11214
1.1097
1.10518
1.08808
1.00111
1.00115
1.0012
1.00124
1.00129
1.00136
1.00143
1.00152
1.00162
1.00174
1.00188
1.00204
1.00224
1.00248
1.00276
1.0031
1.00352
1.00403
1.00465
1.00544
1.00644
1.00773
1.00935
1.0114
1.01397
1.01724
1.0214
1.02658
1.03297
1.04057
1.04935
1.05914
1.06937
1.07991
1.08956
1.09741
1.10289
1.10675
1.10667
1.10459
1.00002
1.00002
1.00002
1.00002
1.00002
1.00002
1.00002
1.00002
1.00003
1.00003
1.00003
1.00004
1.00004
1.00005
1.00005
1.00006
1.00007
1.00009
1.00011
1.00014
1.00017
1.00023
1.00031
1.00042
1.00058
1.00083
1.00121
1.0018
1.00273
1.00416
1.0064
1.00983
1.01492
1.02218
1.03205
1.04432
1.05792
1.07236
1.08423
1.09544
1
1
1
1
1
1
1
1
1
1
1
1
1
1
1
1
1
1
1
1
1
1
1
1
1.00001
1.00001
1.00002
1.00003
1.00005
1.00009
1.00018
1.00034
1.00067
1.00135
1.00271
1.00537
1.01014
1.01841
1.02946
1.05359
1
1
1
1
1
1
1
1
1
1
1
1
1
1
1
1
1
1
1
1
1
1
1
1
1
1
1
1
1
1
1
1
1.00001
1.00002
1.00005
1.00014
1.00038
1.00105
1.00246
1.01051
1
1
1
1
1
1
1
1
1
1
1
1
1
1
1
1
1
1
1
1
1
1
1
1
1
1
1
1
1
1
1
1
1
1
1
1
1
1.00002
1.00005
1.00058
1
1
1
1
1
1
1
1
1
1
1
1
1
1
1
1
1
1
1
1
1
1
1
1
1
1
1
1
1
1
1
1
1
1
1
1
1
1
1
1.00001
0.887865
0.886989
0.885218
0.883195
0.882034
0.881302
0.881196
0.882089
0.883108
0.882897
0.880239
0.876374
0.878105
0.891455
0.906722
0.93709
0.981695
1.03182
1.08382
1.12005
1.12664
1.12066
1.0796
1.01989
1.00107
1.00002
1
1
1
1
0.88782
0.886961
0.885213
0.883244
0.882106
0.881299
0.881153
0.882066
0.883121
0.882958
0.880326
0.876347
0.878413
0.892394
0.907267
0.938117
0.982921
1.03327
1.08515
1.1205
1.1266
1.12045
1.07859
1.0192
1.001
1.00001
1
1
1
1
0.887758
0.88693
0.885232
0.88332
0.882191
0.881301
0.881109
0.882038
0.883125
0.883019
0.88043
0.876333
0.878707
0.89293
0.907784
0.939184
0.984264
1.03489
1.08661
1.12095
1.12659
1.12043
1.07764
1.01851
1.00094
1.00001
1
1
1
1
0.887692
0.886901
0.885243
0.883401
0.882279
0.881338
0.881071
0.881993
0.883125
0.883066
0.88056
0.876326
0.87885
0.893123
0.908295
0.940292
0.98566
1.03646
1.08804
1.12143
1.12661
1.12041
1.07657
1.0178
1.00088
1.00001
1
1
1
1
0.88763
0.886876
0.88526
0.883501
0.882365
0.881375
0.881038
0.8819
0.883122
0.883087
0.880762
0.876591
0.878859
0.893128
0.908766
0.941448
0.987027
1.03799
1.08942
1.12188
1.12667
1.11984
1.07528
1.01705
1.00082
1.00001
1
1
1
1
0.887564
0.88686
0.885283
0.883616
0.882447
0.881394
0.881004
0.88178
0.883102
0.88306
0.880935
0.876971
0.878733
0.892991
0.909162
0.942724
0.988489
1.03965
1.09092
1.12231
1.12671
1.11902
1.07391
1.01627
1.00076
1.00001
1
1
1
1
0.887496
0.886857
0.885337
0.883745
0.882532
0.88141
0.880957
0.881609
0.882979
0.882943
0.880983
0.877156
0.878575
0.892958
0.909456
0.944149
0.99007
1.04145
1.09257
1.12273
1.12675
1.11846
1.07257
1.01548
1.0007
1.00001
1
1
1
1
0.887412
0.886894
0.885414
0.883863
0.882627
0.881424
0.880904
0.881407
0.882781
0.882794
0.880933
0.877351
0.878765
0.893395
0.909805
0.945736
0.991718
1.04335
1.09426
1.12314
1.12686
1.11792
1.07109
1.01467
1.00064
1.00001
1
1
1
1
0.88732
0.886936
0.885481
0.883975
0.882724
0.881437
0.880846
0.881212
0.882583
0.882641
0.880865
0.877791
0.879407
0.894199
0.911082
0.947477
0.993487
1.04538
1.096
1.12356
1.12709
1.11724
1.06939
1.01384
1.00058
1.00001
1
1
1
1
0.887226
0.886974
0.885564
0.884091
0.882809
0.88146
0.880773
0.881008
0.882389
0.882501
0.880905
0.878461
0.880162
0.894906
0.912673
0.949353
0.995474
1.04761
1.09783
1.12401
1.12737
1.11638
1.06758
1.01299
1.00052
1.00001
1
1
1
1
0.887154
0.887009
0.885671
0.884217
0.882893
0.881484
0.880675
0.880772
0.882182
0.882391
0.881152
0.879019
0.880869
0.895312
0.91301
0.95127
0.997677
1.05001
1.09975
1.12454
1.12758
1.11539
1.0657
1.01214
1.00047
1.00001
1
1
1
1
0.8871
0.887069
0.885797
0.884352
0.882983
0.881533
0.880562
0.880514
0.881952
0.882305
0.881351
0.879374
0.881399
0.89553
0.91253
0.95329
1.00012
1.05252
1.1017
1.12515
1.12762
1.11433
1.06376
1.01128
1.00042
1
1
1
1
1
0.887075
0.887129
0.88593
0.884494
0.88307
0.881611
0.880468
0.880249
0.881679
0.882236
0.881388
0.879516
0.881775
0.895772
0.912191
0.955575
1.00269
1.05511
1.10369
1.12578
1.12755
1.1132
1.06171
1.0104
1.00037
1
1
1
1
1
0.887063
0.887193
0.886059
0.884627
0.883154
0.881691
0.880407
0.880005
0.88133
0.882178
0.881347
0.87951
0.882012
0.896278
0.91329
0.958281
1.00535
1.05787
1.10568
1.12631
1.12754
1.112
1.05947
1.00952
1.00032
1
1
1
1
1
0.887051
0.887248
0.886178
0.884736
0.883228
0.881785
0.880366
0.879834
0.880902
0.882091
0.88132
0.879429
0.882063
0.897014
0.917102
0.96139
1.00818
1.06083
1.10765
1.12668
1.12773
1.11075
1.05702
1.00863
1.00028
1
1
1
1
1
0.887047
0.887281
0.886287
0.884826
0.883289
0.881877
0.880356
0.87973
0.880471
0.881872
0.881299
0.879202
0.88188
0.897952
0.921566
0.964519
1.01129
1.06402
1.10957
1.12706
1.12804
1.10947
1.05441
1.00776
1.00023
1
1
1
1
1
0.887111
0.887313
0.886393
0.8849
0.88333
0.881951
0.880396
0.879675
0.880123
0.881546
0.881268
0.879049
0.881743
0.899181
0.924942
0.967442
1.01481
1.06743
1.11149
1.12783
1.12834
1.1081
1.05164
1.00691
1.0002
1
1
1
1
1
0.887226
0.887386
0.886487
0.884949
0.883348
0.882004
0.880455
0.879639
0.879869
0.881206
0.881396
0.879118
0.88174
0.900824
0.927882
0.970355
1.01863
1.07101
1.11346
1.12866
1.12853
1.10661
1.04875
1.00609
1.00016
1
1
1
1
1
0.887365
0.887519
0.886547
0.884968
0.883345
0.882023
0.880489
0.879596
0.8797
0.880891
0.881675
0.879246
0.881881
0.903024
0.930986
0.973413
1.02265
1.07476
1.11545
1.12909
1.12853
1.10496
1.04569
1.0053
1.00014
1
1
1
1
1
0.887524
0.887611
0.886564
0.884965
0.883278
0.882006
0.88056
0.879554
0.879572
0.880552
0.881944
0.879495
0.882389
0.904899
0.93415
0.976789
1.02688
1.07874
1.11743
1.12937
1.12834
1.10297
1.04246
1.00456
1.00011
1
1
1
1
1
0.887763
0.887675
0.88653
0.884847
0.883186
0.881948
0.880658
0.879544
0.879435
0.880116
0.882193
0.880486
0.882873
0.905335
0.93728
0.98063
1.03145
1.08294
1.11942
1.12968
1.12774
1.10049
1.03915
1.00388
1.00009
1
1
1
1
1
0.888053
0.887766
0.886431
0.884655
0.883055
0.881853
0.880748
0.879599
0.879373
0.87961
0.88232
0.881881
0.883423
0.904871
0.940659
0.98508
1.03633
1.08726
1.12143
1.13012
1.12676
1.09763
1.03581
1.00325
1.00007
1
1
1
1
1
0.88837
0.887946
0.886295
0.884388
0.882888
0.881736
0.880934
0.879752
0.879441
0.879166
0.882158
0.883199
0.884598
0.905584
0.944641
0.989914
1.04148
1.09172
1.12344
1.13049
1.12547
1.0944
1.03243
1.00268
1.00005
1
1
1
1
1
0.888754
0.888138
0.886206
0.884055
0.882685
0.881617
0.881261
0.88011
0.879533
0.878987
0.882008
0.884524
0.886213
0.910091
0.949248
0.995143
1.04709
1.09626
1.12539
1.13061
1.12408
1.09075
1.02901
1.00217
1.00004
1
1
1
1
1
0.889217
0.888294
0.88616
0.883675
0.882442
0.881574
0.881526
0.880634
0.879635
0.878872
0.881928
0.885867
0.888041
0.91552
0.953849
1.00104
1.05313
1.1008
1.12717
1.13063
1.12281
1.08674
1.02555
1.00172
1.00003
1
1
1
1
1
0.889664
0.888441
0.886075
0.883399
0.88217
0.881545
0.881711
0.88113
0.879702
0.878739
0.881913
0.886842
0.889747
0.91953
0.958246
1.00765
1.0595
1.10528
1.12866
1.13074
1.12159
1.0824
1.02211
1.00132
1.00002
1
1
1
1
1
0.890034
0.888605
0.886012
0.883167
0.881882
0.881505
0.881811
0.881508
0.879865
0.878499
0.881834
0.887045
0.891077
0.923756
0.963426
1.01476
1.06617
1.10974
1.12977
1.13076
1.12008
1.07758
1.0187
1.00099
1.00001
1
1
1
1
1
0.890375
0.888704
0.885923
0.88299
0.881594
0.881444
0.881938
0.881695
0.880106
0.878133
0.881221
0.88683
0.893325
0.929628
0.970165
1.02232
1.07335
1.11408
1.13053
1.13057
1.11827
1.0721
1.01542
1.00072
1.00001
1
1
1
1
1
0.8907
0.888783
0.885871
0.882902
0.881348
0.881286
0.881977
0.88179
0.880207
0.877569
0.879523
0.886894
0.899419
0.936339
0.978161
1.03061
1.08082
1.11819
1.13109
1.1303
1.1163
1.06595
1.01239
1.00051
1.00001
1
1
1
1
1
0.890927
0.889002
0.885873
0.882879
0.881196
0.881044
0.881896
0.8818
0.880122
0.876966
0.878423
0.888481
0.905602
0.942352
0.986821
1.03949
1.08845
1.12194
1.13145
1.12957
1.11378
1.05934
1.00969
1.00035
1
1
1
1
1
1
0.891003
0.889208
0.885979
0.882921
0.881141
0.880819
0.881833
0.881771
0.879924
0.876401
0.878063
0.891222
0.91085
0.947978
0.996002
1.049
1.09615
1.12514
1.13162
1.12844
1.10983
1.0524
1.00735
1.00023
1
1
1
1
1
1
0.890797
0.889256
0.886229
0.883172
0.881231
0.880565
0.881747
0.881747
0.879872
0.876009
0.877968
0.894016
0.916906
0.955185
1.0061
1.0592
1.10362
1.12765
1.13166
1.12684
1.10463
1.04531
1.00539
1.00015
1
1
1
1
1
1
0.89045
0.889243
0.886477
0.883518
0.881331
0.880391
0.881344
0.881629
0.880041
0.875953
0.878357
0.898076
0.924209
0.965283
1.01731
1.06994
1.11074
1.12932
1.1316
1.12566
1.09892
1.03813
1.00377
1.00009
1
1
1
1
1
1
0.890023
0.889039
0.886787
0.883894
0.881482
0.880358
0.880722
0.881237
0.880402
0.877412
0.880101
0.903478
0.932438
0.977279
1.02963
1.08119
1.11715
1.13023
1.13165
1.12585
1.0925
1.03075
1.00249
1.00005
1
1
1
1
1
1
0.889285
0.888974
0.886962
0.884227
0.882085
0.880589
0.880076
0.880285
0.88052
0.879603
0.882619
0.908937
0.942145
0.990622
1.04314
1.09238
1.12255
1.13074
1.13171
1.12626
1.08465
1.02352
1.00155
1.00003
1
1
1
1
1
1
0.888941
0.88882
0.886957
0.884367
0.882607
0.881366
0.879874
0.878333
0.880427
0.881862
0.886548
0.915596
0.954238
1.00522
1.05755
1.10291
1.12693
1.13105
1.13164
1.12261
1.07458
1.01702
1.0009
1.00001
1
1
1
1
1
1
0.888922
0.888334
0.886544
0.884202
0.882979
0.882335
0.879837
0.877342
0.879011
0.884371
0.892838
0.924481
0.968622
1.02115
1.07269
1.11251
1.13017
1.13138
1.13136
1.11454
1.06319
1.01167
1.00049
1.00001
1
1
1
1
1
1
0.889638
0.88813
0.885651
0.883797
0.88347
0.882992
0.880648
0.876911
0.878088
0.886555
0.899796
0.936634
0.985601
1.03901
1.08816
1.12047
1.13216
1.13176
1.13066
1.10783
1.05226
1.0075
1.00025
1
1
1
1
1
1
1
0.890435
0.888231
0.884769
0.88307
0.883622
0.883305
0.881438
0.876481
0.877793
0.890111
0.908763
0.953022
1.00527
1.05864
1.10264
1.12616
1.13297
1.13212
1.12771
1.10049
1.04061
1.00438
1.00012
1
1
1
1
1
1
1
0.890869
0.888482
0.884598
0.882269
0.882882
0.883366
0.881685
0.875987
0.877892
0.896252
0.924149
0.972723
1.02699
1.07892
1.11501
1.12954
1.13329
1.13215
1.12479
1.09074
1.02847
1.00225
1.00005
1
1
1
1
1
1
1
1
1
1
1
1
1
1
1
1
1
1
1
1.00016
1.00629
1.05152
1.10914
1.12606
1.13376
1.13459
1.13337
1.13192
1.13205
1.13301
1.13466
1.13548
1.13547
1.1347
1.13348
1.1312
1.11209
1
1
1
1
1
1
1
1
1
1
1
1
1.00019
1.00711
1.05357
1.1105
1.12646
1.1338
1.13451
1.13346
1.13194
1.13207
1.13299
1.13464
1.13547
1.13545
1.13465
1.13337
1.12774
1.08345
1
1
1
1
1
1
1
1
1
1
1
1
1.00023
1.00801
1.05595
1.11249
1.12691
1.13387
1.13447
1.13352
1.13199
1.13207
1.13295
1.13461
1.13544
1.13542
1.1346
1.13301
1.12137
1.05315
1
1
1
1
1
1
1
1
1
1
1
1
1.00027
1.00898
1.05922
1.11393
1.12707
1.13402
1.1345
1.13356
1.13205
1.13206
1.13292
1.13456
1.1354
1.13538
1.1345
1.13218
1.11239
1.02264
1
1
1
1
1
1
1
1
1
1
1
1
1.00033
1.0102
1.06242
1.115
1.12706
1.13412
1.13459
1.13364
1.13212
1.13208
1.13291
1.13452
1.13535
1.13534
1.13434
1.13051
1.101
0.992987
1
1
1
1
1
1
1
1
1
1
1
1
1.00041
1.01159
1.06533
1.11664
1.12699
1.13411
1.1348
1.13379
1.13224
1.13213
1.1329
1.13447
1.13529
1.13528
1.13407
1.12772
1.08686
0.96429
1
1
1
1
1
1
1
1
1
1
1
1.00001
1.00051
1.01317
1.06855
1.11817
1.12723
1.13422
1.13516
1.134
1.13243
1.13218
1.13289
1.1344
1.13522
1.1352
1.13355
1.1231
1.07115
0.937348
1
1
1
1
1
1
1
1
1
1
1
1.00001
1.00063
1.01493
1.07203
1.11946
1.12763
1.13451
1.13559
1.13421
1.1326
1.13227
1.13289
1.13432
1.13514
1.13511
1.13262
1.1165
1.05373
0.910313
1
1
1
1
1
1
1
1
1
1
1
1.00001
1.00078
1.01701
1.07565
1.12101
1.12775
1.13456
1.13589
1.13445
1.13279
1.13236
1.13293
1.13424
1.13506
1.13495
1.13086
1.10708
1.03427
0.888238
1
1
1
1
1
1
1
1
1
1
1
1.00001
1.00099
1.01938
1.07932
1.1226
1.12774
1.13449
1.13599
1.13468
1.13303
1.13246
1.13295
1.13416
1.13497
1.13464
1.12791
1.09506
1.01518
0.86554
1
1
1
1
1
1
1
1
1
1
1
1.00002
1.00125
1.02215
1.0832
1.1238
1.12771
1.13436
1.13599
1.13484
1.13328
1.13258
1.13298
1.13407
1.13487
1.134
1.12299
1.0801
0.994788
0.847729
1
1
1
1
1
1
1
1
1
1
1
1.00002
1.0016
1.02529
1.08705
1.12474
1.1277
1.13418
1.13594
1.13487
1.13347
1.1327
1.13302
1.13399
1.13474
1.13278
1.11582
1.06239
0.974153
0.834503
1
1
1
1
1
1
1
1
1
1
1
1.00003
1.00205
1.02888
1.09117
1.12586
1.12776
1.13392
1.13577
1.13484
1.13365
1.1328
1.13308
1.1339
1.13452
1.13042
1.10548
1.04259
0.956384
0.825252
1
1
1
1
1
1
1
1
1
1
1
1.00005
1.00264
1.03292
1.09541
1.12713
1.128
1.13356
1.13545
1.13476
1.13379
1.13287
1.13314
1.13374
1.13413
1.12648
1.0923
1.02124
0.937396
0.814749
1
1
1
1
1
1
1
1
1
1
1
1.00007
1.0034
1.03746
1.09981
1.12811
1.12819
1.13309
1.13508
1.13468
1.13385
1.13291
1.13319
1.13364
1.13312
1.11997
1.07571
0.999008
0.921337
0.815167
1
1
1
1
1
1
1
1
1
1
1
1.0001
1.00442
1.04255
1.10418
1.12886
1.12831
1.13263
1.13477
1.13459
1.13388
1.13294
1.13319
1.1335
1.13107
1.11072
1.0569
0.976367
0.907399
0.819588
1
1
1
1
1
1
1
1
1
1
1
1.00014
1.00571
1.04798
1.10759
1.12974
1.12869
1.13217
1.13449
1.13448
1.1339
1.13295
1.13314
1.1332
1.12738
1.09775
1.03552
0.954439
0.895916
0.827198
1
1
1
1
1
1
1
1
1
1
1
1.00022
1.00743
1.05383
1.11088
1.13064
1.12931
1.13174
1.13419
1.1344
1.13389
1.13293
1.13307
1.13234
1.12113
1.08184
1.0141
0.93328
0.884767
0.83378
1
1
1
1
1
1
1
1
1
1
1
1.00032
1.00958
1.05995
1.11381
1.13159
1.12965
1.13158
1.13403
1.13432
1.13384
1.13287
1.13292
1.13048
1.11189
1.06257
0.991097
0.913224
0.877549
0.843329
1
1
1
1
1
1
1
1
1
1
1.00001
1.00048
1.01235
1.06632
1.11625
1.13289
1.13008
1.13147
1.13395
1.13424
1.13385
1.13281
1.13253
1.12662
1.09877
1.0414
0.970022
0.895564
0.873818
0.858276
1
1
1
1
1
1
1
1
1
1
1.00001
1.00072
1.01577
1.07289
1.1192
1.13347
1.13077
1.13135
1.13386
1.13421
1.13392
1.13276
1.13162
1.12035
1.08246
1.01853
0.948348
0.880168
0.868732
0.872273
1
1
1
1
1
1
1
1
1
1
1.00002
1.0011
1.02008
1.0796
1.1211
1.13373
1.13108
1.1312
1.13375
1.13425
1.13404
1.13263
1.1295
1.11015
1.06246
0.995443
0.930909
0.87087
0.86305
0.883177
1
1
1
1
1
1
1
1
1
1
1.00003
1.00166
1.02513
1.08614
1.1228
1.13431
1.13112
1.13097
1.13363
1.1343
1.13419
1.13227
1.12537
1.09659
1.04086
0.972178
0.912909
0.863908
0.863383
0.889807
1
1
1
1
1
1
1
1
1
1
1.00005
1.00248
1.03127
1.09307
1.1251
1.1347
1.13104
1.1307
1.13346
1.13441
1.13434
1.13126
1.1182
1.07861
1.01708
0.950214
0.899942
0.864148
0.864831
0.893979
1
1
1
1
1
1
1
1
1
1
1.00008
1.00375
1.03833
1.0992
1.12667
1.13468
1.13101
1.13058
1.13324
1.13453
1.13442
1.12875
1.10725
1.05812
0.993714
0.929186
0.889782
0.865228
0.867555
0.894885
1
1
1
1
1
1
1
1
1
1
1.00014
1.00548
1.04615
1.10504
1.12786
1.1347
1.13113
1.13061
1.13321
1.13475
1.13412
1.12395
1.09211
1.03513
0.970506
0.910486
0.881526
0.866489
0.872172
0.895454
1
1
1
1
1
1
1
1
1
1
1.00026
1.00812
1.05487
1.11028
1.12929
1.13487
1.13134
1.13077
1.13327
1.13493
1.13272
1.11535
1.07331
1.01118
0.949161
0.894862
0.877242
0.86914
0.878362
0.895774
1
1
1
1
1
1
1
1
1
1.00001
1.00045
1.01155
1.06389
1.11487
1.13017
1.13483
1.13153
1.13103
1.13321
1.13477
1.12924
1.1029
1.05166
0.987804
0.929183
0.880213
0.87275
0.872511
0.884295
0.896796
1
1
1
1
1
1
1
1
1
1.00001
1.0008
1.01644
1.07353
1.11925
1.13058
1.13474
1.13182
1.13101
1.13281
1.13402
1.12245
1.08583
1.02802
0.964598
0.914002
0.873032
0.868502
0.876402
0.888773
0.89773
1
1
1
1
1
1
1
1
1
1.00002
1.00142
1.02262
1.08266
1.12263
1.13103
1.13482
1.13224
1.13099
1.13233
1.13116
1.11139
1.06551
1.00451
0.943614
0.899824
0.867606
0.864723
0.879162
0.891052
0.899023
1
1
1
1
1
1
1
1
1
1.00005
1.00242
1.03029
1.09213
1.12549
1.13145
1.13501
1.13271
1.13103
1.13128
1.12545
1.09566
1.04248
0.980703
0.92453
0.891337
0.867675
0.865177
0.880453
0.89242
0.899678
1
1
1
1
1
1
1
1
1
1.0001
1.00417
1.03994
1.10009
1.12816
1.13138
1.13498
1.13329
1.13104
1.12909
1.11561
1.07594
1.01796
0.958684
0.908239
0.884242
0.868331
0.866894
0.881966
0.892323
0.899162
1
1
1
1
1
1
1
1
1
1.00021
1.00683
1.05017
1.10775
1.12962
1.13116
1.13484
1.13367
1.13081
1.12472
1.10135
1.05298
0.994477
0.939063
0.89301
0.87995
0.871463
0.869778
0.883134
0.891743
0.897511
1
1
1
1
1
1
1
1
1.00001
1.00043
1.01094
1.0623
1.11486
1.1306
1.13088
1.13446
1.1336
1.12971
1.11712
1.0831
1.02896
0.970338
0.921301
0.882265
0.876656
0.875951
0.873915
0.884864
0.891186
0.894372
1
1
1
1
1
1
1
1
1.00001
1.00088
1.0171
1.07408
1.11984
1.13171
1.13092
1.13387
1.13322
1.12681
1.10501
1.06051
1.00434
0.949852
0.907414
0.875681
0.87238
0.878031
0.87962
0.886214
0.890591
0.890977
1
1
1
1
1
1
1
1
1.00003
1.00178
1.02509
1.08602
1.12399
1.13301
1.13116
1.13335
1.13195
1.12053
1.08785
1.0364
0.980514
0.930582
0.898211
0.873644
0.871139
0.878673
0.883708
0.887281
0.889355
0.888394
1
1
1
1
1
1
1
1
1.00008
1.00339
1.0358
1.09725
1.12704
1.13327
1.13146
1.13286
1.12895
1.10968
1.06697
1.01255
0.958637
0.912657
0.889487
0.87384
0.872056
0.87976
0.884756
0.887412
0.888331
0.887746
1
1
1
1
1
1
1
1
1.00019
1.00633
1.04865
1.10621
1.12916
1.13316
1.13135
1.13202
1.12305
1.09431
1.04365
0.986225
0.937214
0.899
0.886054
0.876358
0.87394
0.880113
0.884485
0.886797
0.888401
0.888318
1
1
1
1
1
1
1
1.00001
1.00046
1.01118
1.06184
1.11493
1.13057
1.13324
1.13133
1.12952
1.11302
1.074
1.01831
0.963761
0.921002
0.88755
0.882349
0.881231
0.877277
0.880544
0.883675
0.885807
0.888473
0.889837
1
1
1
1
1
1
1
1.00002
1.00104
1.01832
1.07634
1.12119
1.1316
1.13335
1.13099
1.12416
1.09795
1.05039
0.994101
0.94444
0.906194
0.879674
0.877486
0.881291
0.881736
0.881526
0.88214
0.885057
0.88875
0.890972
1.13199
1.13257
1.13352
1.13474
1.13549
1.13549
1.13468
1.13303
1.13205
1.13192
1.13332
1.13466
1.13376
1.1259
1.10801
1.04896
1.00563
1.00013
1
1
1
1
1
1
1
1
1
1
1
1
1.13199
1.13254
1.1335
1.13472
1.13549
1.1355
1.13478
1.13313
1.13207
1.13189
1.13326
1.13469
1.13384
1.12606
1.10736
1.04707
1.00533
1.00013
1
1
1
1
1
1
1
1
1
1
1
1
1.13202
1.13254
1.1335
1.13473
1.13549
1.1355
1.13483
1.1332
1.13214
1.13186
1.13322
1.13482
1.13389
1.12609
1.10607
1.04531
1.00486
1.00011
1
1
1
1
1
1
1
1
1
1
1
1
1.13204
1.13253
1.1335
1.13472
1.13548
1.1355
1.13487
1.13329
1.13219
1.13184
1.13319
1.13503
1.13394
1.12603
1.10478
1.04352
1.0044
1.00009
1
1
1
1
1
1
1
1
1
1
1
1
1.13208
1.13251
1.13346
1.13466
1.13542
1.13544
1.13489
1.13336
1.13224
1.13182
1.13315
1.13509
1.13394
1.1258
1.10333
1.0414
1.00398
1.00008
1
1
1
1
1
1
1
1
1
1
1
1
1.13214
1.13249
1.13344
1.13463
1.13535
1.13537
1.13488
1.13344
1.13231
1.13181
1.13309
1.13508
1.13391
1.12541
1.10162
1.03917
1.00358
1.00007
1
1
1
1
1
1
1
1
1
1
1
1
1.13221
1.13249
1.13343
1.13461
1.13529
1.13531
1.13488
1.13353
1.13238
1.13179
1.13301
1.13509
1.13389
1.12483
1.09968
1.03697
1.00318
1.00006
1
1
1
1
1
1
1
1
1
1
1
1
1.13229
1.13254
1.1334
1.13453
1.1352
1.13523
1.13488
1.13363
1.13242
1.13173
1.1329
1.13519
1.13391
1.12413
1.09758
1.03472
1.0028
1.00005
1
1
1
1
1
1
1
1
1
1
1
1
1.13237
1.13261
1.13338
1.13445
1.1351
1.13513
1.13486
1.13373
1.13243
1.13164
1.13278
1.13531
1.13393
1.12332
1.09523
1.03238
1.00245
1.00004
1
1
1
1
1
1
1
1
1
1
1
1
1.13247
1.13266
1.1334
1.13438
1.13498
1.13503
1.13482
1.1338
1.1324
1.13151
1.13261
1.13535
1.13387
1.1224
1.09269
1.03001
1.00212
1.00004
1
1
1
1
1
1
1
1
1
1
1
1
1.13259
1.13274
1.13342
1.13428
1.13486
1.13491
1.13477
1.13385
1.13235
1.13137
1.13239
1.13532
1.13378
1.12175
1.09013
1.0276
1.00181
1.00003
1
1
1
1
1
1
1
1
1
1
1
1
1.13272
1.13285
1.13343
1.13417
1.13471
1.13479
1.13471
1.13388
1.13234
1.13128
1.13214
1.13519
1.13386
1.12165
1.08747
1.02516
1.00152
1.00002
1
1
1
1
1
1
1
1
1
1
1
1
1.13286
1.13297
1.13344
1.13406
1.13454
1.13466
1.13464
1.13395
1.13238
1.13126
1.13192
1.13517
1.13409
1.12183
1.08458
1.02266
1.00125
1.00002
1
1
1
1
1
1
1
1
1
1
1
1
1.13301
1.1331
1.13349
1.13394
1.13436
1.13452
1.13456
1.13408
1.13251
1.13126
1.1317
1.13509
1.13404
1.12149
1.08136
1.02014
1.00102
1.00001
1
1
1
1
1
1
1
1
1
1
1
1
1.13319
1.13326
1.13354
1.13382
1.13416
1.13439
1.13449
1.1342
1.13274
1.13126
1.13144
1.1347
1.13365
1.11977
1.07774
1.01765
1.00081
1.00001
1
1
1
1
1
1
1
1
1
1
1
1
1.13339
1.13343
1.13358
1.1337
1.13394
1.13425
1.13445
1.13432
1.13297
1.13133
1.13123
1.13418
1.13306
1.1175
1.07362
1.01525
1.00063
1.00001
1
1
1
1
1
1
1
1
1
1
1
1
1.13361
1.13361
1.13361
1.13358
1.13372
1.13411
1.13445
1.13446
1.13321
1.13156
1.13114
1.13394
1.13261
1.11553
1.06921
1.01295
1.00048
1.00001
1
1
1
1
1
1
1
1
1
1
1
1
1.13383
1.13377
1.13365
1.13349
1.13348
1.13399
1.13449
1.1346
1.13348
1.13173
1.13122
1.1339
1.13244
1.11367
1.06441
1.01076
1.00036
1
1
1
1
1
1
1
1
1
1
1
1
1
1.13404
1.13389
1.13366
1.1334
1.13323
1.13386
1.13453
1.13473
1.13379
1.13188
1.13144
1.13399
1.13251
1.11177
1.05901
1.00873
1.00026
1
1
1
1
1
1
1
1
1
1
1
1
1
1.13429
1.13399
1.13364
1.1333
1.13305
1.13368
1.13454
1.13483
1.13412
1.13204
1.13144
1.13401
1.13269
1.10962
1.05315
1.00689
1.00019
1
1
1
1
1
1
1
1
1
1
1
1
1
1.13451
1.13409
1.13366
1.13323
1.13297
1.13347
1.13449
1.13491
1.13445
1.13231
1.13121
1.1335
1.13264
1.10612
1.0468
1.00526
1.00013
1
1
1
1
1
1
1
1
1
1
1
1
1
1.13464
1.13423
1.13378
1.13319
1.13292
1.13325
1.13435
1.13498
1.13471
1.13277
1.13094
1.13218
1.13121
1.10101
1.04057
1.00395
1.00009
1
1
1
1
1
1
1
1
1
1
1
1
1
1.13471
1.13428
1.13382
1.13318
1.13289
1.13308
1.1341
1.13503
1.1348
1.13348
1.13083
1.13073
1.12938
1.0963
1.0347
1.00287
1.00006
1
1
1
1
1
1
1
1
1
1
1
1
1
1.13476
1.13431
1.13382
1.13323
1.13287
1.13299
1.13367
1.13483
1.1348
1.1344
1.13133
1.12947
1.12728
1.09157
1.02885
1.00201
1.00003
1
1
1
1
1
1
1
1
1
1
1
1
1
1.13475
1.13436
1.13387
1.13336
1.13302
1.13292
1.13321
1.13437
1.13473
1.13507
1.13235
1.12871
1.12443
1.08557
1.02305
1.00134
1.00002
1
1
1
1
1
1
1
1
1
1
1
1
1
1.13463
1.13438
1.13398
1.13354
1.13332
1.13288
1.13287
1.13394
1.1347
1.13529
1.13344
1.12856
1.1212
1.07779
1.01773
1.00085
1.00001
1
1
1
1
1
1
1
1
1
1
1
1
1
1.13441
1.13432
1.13403
1.13369
1.1337
1.13285
1.13265
1.13334
1.13449
1.13536
1.13406
1.12857
1.11777
1.06906
1.01304
1.00051
1.00001
1
1
1
1
1
1
1
1
1
1
1
1
1
1.13411
1.13418
1.13406
1.13398
1.13405
1.13294
1.13254
1.13274
1.1343
1.1354
1.13422
1.12762
1.11397
1.05935
1.00905
1.00029
1
1
1
1
1
1
1
1
1
1
1
1
1
1
1.13367
1.134
1.1341
1.13429
1.1344
1.13317
1.13248
1.13226
1.13398
1.13539
1.13415
1.12601
1.10874
1.04869
1.00588
1.00016
1
1
1
1
1
1
1
1
1
1
1
1
1
1
1.13325
1.13376
1.13414
1.13456
1.13468
1.13347
1.13237
1.13204
1.13338
1.13502
1.13358
1.1239
1.10106
1.03832
1.00359
1.00008
1
1
1
1
1
1
1
1
1
1
1
1
1
1
1.13298
1.13351
1.13415
1.13473
1.13486
1.13392
1.13238
1.132
1.13293
1.13469
1.13309
1.12155
1.09198
1.02863
1.00202
1.00004
1
1
1
1
1
1
1
1
1
1
1
1
1
1
1.13289
1.13332
1.13405
1.13477
1.1349
1.13439
1.13286
1.13227
1.13277
1.13495
1.13333
1.11908
1.08032
1.0196
1.00104
1.00002
1
1
1
1
1
1
1
1
1
1
1
1
1
1
1.13299
1.13326
1.13387
1.13458
1.13477
1.13465
1.13359
1.13266
1.1326
1.13538
1.13372
1.11605
1.06526
1.01183
1.00047
1.00001
1
1
1
1
1
1
1
1
1
1
1
1
1
1
1.13343
1.13337
1.13375
1.13413
1.13457
1.13474
1.1343
1.13279
1.13236
1.13456
1.13309
1.1071
1.04922
1.00641
1.00019
1
1
1
1
1
1
1
1
1
1
1
1
1
1
1
1.1338
1.13365
1.13358
1.13359
1.13412
1.13468
1.13469
1.13365
1.13177
1.1319
1.12946
1.09522
1.03495
1.00315
1.00007
1
1
1
1
1
1
1
1
1
1
1
1
1
1
1
1.13416
1.13385
1.13349
1.1332
1.13346
1.13454
1.13478
1.1349
1.13172
1.12879
1.12442
1.08333
1.02216
1.00136
1.00002
1
1
1
1
1
1
1
1
1
1
1
1
1
1
1
1.13435
1.134
1.13349
1.13297
1.13285
1.13374
1.13496
1.13572
1.13378
1.12727
1.11651
1.0655
1.01145
1.00048
1.00001
1
1
1
1
1
1
1
1
1
1
1
1
1
1
1
1.13439
1.13404
1.13359
1.13326
1.13262
1.13285
1.13438
1.13592
1.13466
1.12699
1.10379
1.04246
1.00485
1.00014
1
1
1
1
1
1
1
1
1
1
1
1
1
1
1
1
1.13361
1.13389
1.13385
1.13391
1.13291
1.13253
1.13313
1.13534
1.13401
1.1218
1.08482
1.02363
1.00168
1.00003
1
1
1
1
1
1
1
1
1
1
1
1
1
1
1
1
1.13305
1.13362
1.13421
1.13466
1.13388
1.13262
1.13237
1.13387
1.13232
1.11174
1.06151
1.01057
1.00044
1.00001
1
1
1
1
1
1
1
1
1
1
1
1
1
1
1
1
1
1
1
1
1
1
1
1
1
1
1
1
1
1
1
1
1
1
1
1
1
1
1
1
1
1
1
1
1.00016
1.00803
1
1
1
1
1
1
1
1
1
1
1
1
1
1
1
1
1
1
1
1
1
1
1
1
1
1
1
1
1.00085
1.02048
1
1
1
1
1
1
1
1
1
1
1
1
1
1
1
1
1
1
1
1
1
1
1
1
1
1
1
1.00002
1.00215
1.03377
1
1
1
1
1
1
1
1
1
1
1
1
1
1
1
1
1
1
1
1
1
1
1
1
1
1
1
1.00005
1.00434
1.04708
1
1
1
1
1
1
1
1
1
1
1
1
1
1
1
1
1
1
1
1
1
1
1
1
1
1
1
1.00013
1.00732
1.06056
1
1
1
1
1
1
1
1
1
1
1
1
1
1
1
1
1
1
1
1
1
1
1
1
1
1
1
1.00029
1.01149
1.07375
1
1
1
1
1
1
1
1
1
1
1
1
1
1
1
1
1
1
1
1
1
1
1
1
1
1
1.00001
1.00059
1.01656
1.08692
1
1
1
1
1
1
1
1
1
1
1
1
1
1
1
1
1
1
1
1
1
1
1
1
1
1
1.00001
1.00114
1.0229
1.09984
1
1
1
1
1
1
1
1
1
1
1
1
1
1
1
1
1
1
1
1
1
1
1
1
1
1
1.00003
1.00206
1.03035
1.11202
1
1
1
1
1
1
1
1
1
1
1
1
1
1
1
1
1
1
1
1
1
1
1
1
1
1
1.00007
1.00352
1.03854
1.12452
1
1
1
1
1
1
1
1
1
1
1
1
1
1
1
1
1
1
1
1
1
1
1
1
1
1
1.00014
1.00588
1.04826
1.13504
1
1
1
1
1
1
1
1
1
1
1
1
1
1
1
1
1
1
1
1
1
1
1
1
1
1
1.0003
1.00925
1.05788
1.14596
1
1
1
1
1
1
1
1
1
1
1
1
1
1
1
1
1
1
1
1
1
1
1
1
1
1.00001
1.00062
1.01442
1.06869
1.15467
1
1
1
1
1
1
1
1
1
1
1
1
1
1
1
1
1
1
1
1
1
1
1
1
1
1.00002
1.00123
1.02119
1.07933
1.16238
1
1
1
1
1
1
1
1
1
1
1
1
1
1
1
1
1
1
1
1
1
1
1
1
1
1.00005
1.00245
1.03087
1.08968
1.16804
1
1
1
1
1
1
1
1
1
1
1
1
1
1
1
1
1
1
1
1
1
1
1
1
1
1.00011
1.00451
1.0424
1.10026
1.17309
1
1
1
1
1
1
1
1
1
1
1
1
1
1
1
1
1
1
1
1
1
1
1
1
1
1.00028
1.00845
1.05739
1.10924
1.17329
1
1
1
1
1
1
1
1
1
1
1
1
1
1
1
1
1
1
1
1
1
1
1
1
1.00001
1.00065
1.01464
1.0739
1.11762
1.17179
1
1
1
1
1
1
1
1
1
1
1
1
1
1
1
1
1
1
1
1
1
1
1
1
1.00003
1.00157
1.02492
1.09281
1.12412
1.16778
1
1
1
1
1
1
1
1
1
1
1
1
1
1
1
1
1
1
1
1
1
1
1
1
1.00008
1.00351
1.04051
1.11235
1.12875
1.16077
1
1
1
1
1
1
1
1
1
1
1
1
1
1
1
1
1
1
1
1
1
1
1
1
1.00023
1.00795
1.05926
1.12565
1.13506
1.15103
1
1
1
1
1
1
1
1
1
1
1
1
1
1
1
1
1
1
1
1
1
1
1
1.00001
1.00066
1.01586
1.08079
1.13849
1.14179
1.14158
1
1
1
1
1
1
1
1
1
1
1
1
1
1
1
1
1
1
1
1
1
1
1
1.00003
1.00193
1.0304
1.10085
1.14163
1.14245
1.13536
1
1
1
1
1
1
1
1
1
1
1
1
1
1
1
1
1
1
1
1
1
1
1
1.00012
1.00514
1.04972
1.11689
1.14279
1.14077
1.13014
1
1
1
1
1
1
1
1
1
1
1
1
1
1
1
1
1
1
1
1
1
1
1.00001
1.00042
1.01227
1.0728
1.12611
1.14302
1.14007
1.12948
1
1
1
1
1
1
1
1
1
1
1
1
1
1
1
1
1
1
1
1
1
1
1.00002
1.00145
1.02526
1.09428
1.13163
1.14292
1.13935
1.12967
1
1
1
1
1
1
1
1
1
1
1
1
1
1
1
1
1
1
1
1
1
1
1.00009
1.0042
1.0448
1.11436
1.1343
1.14199
1.13772
1.12987
1
1
1
1
1
1
1
1
1
1
1
1
1
1
1
1
1
1
1
1
1
1
1.0004
1.0115
1.06931
1.12692
1.13436
1.13943
1.13501
1.13001
1
1
1
1
1
1
1
1
1
1
1
1
1
1
1
1
1
1
1
1
1
1.00002
1.00138
1.02429
1.09315
1.13586
1.13606
1.13423
1.13285
1.13073
1
1
1
1
1
1
1
1
1
1
1
1
1
1
1
1
1
1
1
1
1
1.00011
1.00466
1.04524
1.11005
1.13951
1.13774
1.1307
1.13172
1.13179
1
1
1
1
1
1
1
1
1
1
1
1
1
1
1
1
1
1
1
1
1.00001
1.00046
1.01209
1.06976
1.12192
1.13935
1.13806
1.13083
1.13131
1.13263
1
1
1
1
1
1
1
1
1
1
1
1
1
1
1
1
1
1
1
1
1.00003
1.00186
1.0273
1.09294
1.12846
1.1389
1.1376
1.13168
1.13148
1.13236
1
1
1
1
1
1
1
1
1
1
1
1
1
1
1
1
1
1
1
1
1.00017
1.00582
1.04961
1.11258
1.12988
1.13705
1.13703
1.13317
1.13178
1.13225
1
1
1
1
1
1
1
1
1
1
1
1
1
1
1
1
1
1
1
1.00001
1.00074
1.01591
1.07583
1.12763
1.13153
1.13313
1.13573
1.13405
1.13263
1.13255
1
1
1
1
1
1
1
1
1
1
1
1
1
1
1
1
1
1
1
1.00006
1.0029
1.03415
1.09952
1.1329
1.13324
1.1317
1.13389
1.13363
1.13375
1.13336
1
1
1
1
1
1
1
1
1
1
1
1
1
1
1
1
1
1
1
1.00034
1.0092
1.05908
1.11384
1.13507
1.13494
1.13207
1.13176
1.13315
1.13396
1.13405
1
1
1
1
1
1
1
1
1
1
1
1
1
1
1
1
1
1
1.00003
1.00141
1.02221
1.08563
1.12476
1.13606
1.13661
1.13303
1.13196
1.13273
1.13365
1.13418
1
1
1
1
1
1
1
1
1
1
1
1
1
1
1
1
1
1
1.00016
1.00558
1.04617
1.10574
1.12622
1.13551
1.13623
1.13399
1.13287
1.13296
1.13321
1.13369
1
1
1
1
1
1
1
1
1
1
1
1
1
1
1
1
1
1.00001
1.00077
1.01502
1.07267
1.12402
1.12961
1.13315
1.13557
1.13483
1.1343
1.13341
1.13297
1.13303
1
1
1
1
1
1
1
1
1
1
1
1
1
1
1
1
1
1.00009
1.00333
1.03524
1.09809
1.13155
1.13295
1.13211
1.13383
1.1348
1.13492
1.13425
1.1332
1.13279
1
1
1
1
1
1
1
1
1
1
1
1
1
1
1
1
1
1
1
1
1
1
1
1
1
1
1
1
1
1
1
1
1
1
1
1
1
1
1
1
1
1
1
1
1
1
1
1
1
1
1
1
1
1
1
1
1
1
1
1
1
1
1
1
1
1
1
1
1
1
1
1
1
1
1
1
1
1
1
1
1
1
1
1
1
1
1
1
1
1
1
1
1
1
1
1
1
1
1
1
1
1
1
1
1
1
1
1
1
1
1
1
1
1
1
1
1
1
1
1
1
1
1
1
1
1
1
1
1
1
1
1
1
1
1
1
1
1
1
1
1
1
1
1
1
1
1
1
1
1
1
1
1
1
1
1
1
1
1
1
1
1
1
1
1
1
1
1
1
1
1
1
1
1
1
1
1
1
1
1
1
1
1
1
1
1
1
1
1
1
1
1
1
1
1
1
1
1
1
1
1
1
1
1
1
1
1
1
1
1
1
1
1
1
1
1
1
1
1
1
1
1
1
1
1
1
1
1
1
1
1
1
1
1
1
1
1
1
1
1
1
1
1
1
1
1
1
1
1
1
1
1
1
1
1
1
1
1
1
1
1
1
1
1
1
1
1
1
1
1
1
1
1
1
1
1
1
1
1
1
1
1
1
1
1
1
1
1
1
1
1
1
1
1
1
1
1
1
1
1
1
1
1
1
1
1
1
1
1
1
1
1
1
1
1
1
1
1
1
1
1
1
1
1
1
1
1
1
1
1
1
1
1
1
1
1
1
1
1
1
1
1
1
1
1
1
1
1
1
1
1
1
1
1
1
1
1
1
1
1
1
1
1
1
1
1
1
1
1
1
1
1
1
1
1
1
1
1
1
1
1
1
1
1
1
1
1
1
1
1
1
1
1
1
1
1
1
1
1
1
1
1
1
1
1
1
1
1
1
1
1
1
1
1
1
1
1
1
1
1
1
1
1
1
1
1
1
1
1
1
1
1
1
1
1
1
1
1
1
1
1
1
1
1
1
1
1
1
1
1
1
1
1
1
1
1
1
1
1
1
1
1
1
1
1
1
1
1
1
1
1
1
1
1
1
1
1
1
1
1
1
1
1
1
1
1
1
1
1
1
1
1
1
1
1
1
1
1
1
1
1
1
1
1
1
1
1
1
1
1
1
1
1
1
1
1
1
1
1
1
1
1
1
1
1
1
1
1
1
1
1
1
1
1
1
1
1
1
1
1
1
1
1
1
1
1
1
1
1
1
1
1
1
1
1
1
1
1
1
1
1
1
1
1
1
1
1
1
1
1
1
1
1
1
1
1
1
1
1
1
1
1
1
1
1
1
1
1
1
1
1
1
1
1
1
1
1
1
1
1
1
1
1
1
1
1
1
1
1
1
1
1
1
1
1
1
1
1
1
1
1
1
1
1
1
1
1
1
1
1
1
1
1
1
1
1
1
1
1
1
1
1
1
1
1
1
1
1
1
1
1
1
1
1
1
1
1
1
1
1
1
1
1
1
1
1
1
1
1
1
1
1
1
1
1
1
1
1
1
1
1
1
1
1
1
1
1
1
1
1
1
1
1
1
1
1
1
1
1
1
1
1
1
1
1
1
1
1
1
1
1
1
1
1
1
1
1
1
1
1
1
1
1
1
1
1
1
1
1
1
1
1
1
1
1
1
1
1
1
1
1
1
1
1
1
1
1
1
1
1
1
1
1
1
1
1
1
1
1
1
1
1
1
1
1
1
1
1
1
1
1
1
1
1
1
1
1
1
1
1
1
1
1
1
1
1
1
1
1
1
1
1
1
1
1
1
1
1
1
1
1
1
1
1
1
1
1
1
1
1
1
1
1
1
1
1
1
1
1
1
1
1
1
1
1
1
1
1
1
1
1
1
1
1
1
1
1
1
1
1
1
1
1
1
1
1
1
1
1
1
1
1
1
1
1
1
1
1
1
1
1
1
1
1
1
1
1
1
1
1
1
1
1
1
1
1
1
1
1
1
1
1
1
1
1
1
1
1
1
1
1
1
1
1
1
1
1
1
1
1
1
1
1
1
1
1
1
1
1
1
1
1
1
1
1
1
1
1
1
1
1
1
1
1
1
1
1
1
1
1
1
1
1
1
1
1
1
1
1
1
1
1
1
1
1
1
1
1
1
1
1
1
1
1
1
1
1
1
1
1
1
1
1
1
1
1
1
1
1
1
1
1
1
1
1
1
1
1
1
1
1
1
1
1
1
1
1
1
1
1
1
1
1
1
1
1
1
1
1
1
1
1
1
1
1
1
1
1
1
1
1
1
1
1
1
1
1
1
1
1
1
1
1
1
1
1
1
1
1
1
1
1
1
1
1
1
1
1
1
1
1
1
1
1
1
1
1
1
1
1
1
1
1
1
1
1
1
1
1
1
1
1
1
1
1
1
1
1
1
1
1
1
1
1
1
1
1
1
1
1
1
1
1
1
1
1
1
1
1
1
1
1
1
1
1
1
1
1
1
1
1
1
1
1
1
1
1
1
1
1
1
1
1
1
1
1
1
1
1
1
1
1
1
1
1
1
1
1
1
1
1
1
1
1
1
1
1
1
1
1
1
1
1
1
1
1
1
1
1
1
1
1
1
1
1
1
1
1
1
1
1
1
1
1
1
1
1
1
1
1
1
1
1
1
1
1
1
1
1
1
1
1
1
1
1
1
1
1
1
1
1
1
1
1
1
1
1
1
1
1
1
1
1
1
1
1
1
1
1
1
1
1
1
1
1
1
1
1
1
1
1
1
1
1
1
1
1
1
1
1
1
1
1
1
1
1
1
1
1
1
1
1
1
1
1
1
1
1
1
1
1
1
1
1
1
1
1
1
1
1
1
1
1
1
1
1
1
1
1
1
1
1
1
1
1
1
1
1
1
1
1
1
1
1
1
1
1
1
1
1
1
1
1
1
1
1
1
1
1
1
1
1
1
1
1
1
1
1
1
1
1
1
1
1
1
1
1
1
1
1
1
1
1
1
1
1
1
1
1
1
1
1
1
1
1
1
1
1
1
1
1
1
1
1
1
1
1
1
1
1
1
1
1
1
1
1
1
1
1
1
1
1
1
1
1
1
1
1
1
1
1
1
1
1
1
1
1
1
1
1
1
1
1
1
1
1
1
1
1
1
1
1
1
1
1
1
1
1
1
1
1
1
1
1
1
1
1
1
1
1
1
1
1
1
1
1
1
1
1
1
1
1
1
1
1
1
1
1
1
1
1
1
1
1
1
1
1
1
1
1
1
1
1
1
1
1
1
1
1
1
1
1
1
1
1
1
1
1
1
1
1
1
1
1
1
1
1
1
1
1
1
1
1
1
1
1
1
1
1
1
1
1
1
1
1
1
1
1
1
1
1
1
1
1
1
1
1
1
1
1
1
1
1
1
1
1
1
1
1
1
1
1
1
1
1
1
1
1
1
1
1
1
1
1
1
1
1
1
1
1
1
1
1
1
1
1
1
1
1
1
1
1
1
1
1
1
1
1
1
1
1
1
1
1
1
1
1
1
1
1
1
1
1
1
1
1
1
1
1
1
1
1
1
1
1
1
1
1
1
1
1
1
1
1
1
1
1
1
1
1
1
1
1
1
1
1
1
1
1
1
1
1
1
1
1
1
1
1
1
1
1
1
1
1
1
1
1
1
1
1
1
1
1
1
1
1
1
1
1
1
1
1
1
1
1
1
1
1
1
1
1
1
1
1
1
1
1
1
1
1
1
1
1
1
1
1
1
1
1
1
1
1
1
1
1
1
1
1
1
1
1
1
1
1
1
1
1
1
1
1
1
1
1
1
1
1
1
1
1
1
1
1
1
1
1
1
1
1
1
1
1
1
1
1
1
1
1
1
1
1
1
1
1
1
1
1
1
1
1
1
1
1
1
1
1
1
1
1
1
1
1
1
1
1
1
1
1
1
1
1
1
1
1
1
1
1
1
1
1
1
1
1
1
1
1
1
1
1
1
1
1
1
1
1
1
1
1
1
1
1
1
1
1
1
1
1
1
1
1
1
1
1
1
1
1
1
1
1
1
1
1
1
1
1
1
1
1
1
1
1
1
1
1
1
1
1
1
1
1
1
1
1
1
1
1
1
1
1
1
1
1
1
1
1
1
1
1
1
1
1
1
1
1
1
1
1
1
1
1
1
1
1
1
1
1
1
1
1
1
1
1
1
1
1
1
1
1
1
1
1
1
1
1
1
1
1
1
1
1
1
1
1
1
1
1
1
1
1
1
1
1
1
1
1
1
1
1
1
1
1
1
1
1
1
1
1
1
1
1
1
1
1
1
1
1
1
1
1
1
1
1
1
1
1
1
1
1
1
1
1
1
1
1
1
1
1
1
1
1
1
1
1
1
1
1
1
1
1
1
1
1
1
1
1
1
1
1
1
1
1
1
1
1
1
1
1
1
1
1
1
1
1
1
1
1
1
1
1
1
1
1
1
1
1
1
1
1
1
1
1
1
1
1
1
1
1
1
1
1
1
1
1
1
1
1
1
1
1
1
1
1
1
1
1
1
1
1
1
1
1
1
1
1
1
1
1
1
1
1
1
1
1
1
1
1
1
1
1
1
1
1
1
1
1
1
1
1
1
1
1
1
1
1
1
1
1
1
1
1
1
1
1
1
1
1
1
1
1
1
1
1
1
1
1
1
1
1
1
1
1
1
1
1
1
1
1
1
1
1
1
1
1
1
1
1
1
1
1
1
1
1
1
1
1
1
1
1
1
1
1
1
1
1
1
1
1
1
1
1
1
1
1
1
1
1
1
1
1
1
1
1
1
1
1
1
1
1
1
1
1
1
1
1
1
1
1
1
1
1
1
1
1
1
1
1
1
1
1
1
1
1
1
1
1
1
1
1
1
1
1
1
1
1
1
1
1
1
1
1
1
1
1
1
1
1
1
1
1
1
1
1
1
1
1
1
1
1
1
1
1
1
1
1
1
1
1
1
1
1
1
1
1
1
1
1
1
1
1
1
1
1
1
1
1
1
1
1
1
1
1
1
1
1
1
1
1
1
1
1
1
1
1
1
1
1
1
1
1
1
1
1
1
1
1
1
1
1
1
1
1
1
1
1
1
1
1
1
1
1
1
1
1
1
1
1
1
1
1
1
1
1
1
1
1
1
1
1
1
1
1
1
1
1
1
1
1
1
1
1
1
1
1
1
1
1
1
1
1
1
1
1
1
1
1
1
1
1
1
1
1
1
1
1
1
1
1
1
1
1
1
1
1
1
1
1
1
1
1
1
1
1
1
1
1
1
1
1
1
1
1
1
1
1
1
1
1
1
1
1
1
1
1
1
1
1
1
1
1
1
1
1
1
1
1
1
1
1
1
1
1
1
1
1
1
1
1
1
1
1
1
1
1
1
1
1
1
1
1
1
1
1
1
1
1
1
1
1
1
1
1
1.00803
1.00016
1
1
1
1
1
1
1
1
1
1
1
1
1
1
1
1
1
1
1
1
1
1
1
1
1
1
1
1
1.02048
1.00085
1
1
1
1
1
1
1
1
1
1
1
1
1
1
1
1
1
1
1
1
1
1
1
1
1
1
1
1
1.03376
1.00215
1.00002
1
1
1
1
1
1
1
1
1
1
1
1
1
1
1
1
1
1
1
1
1
1
1
1
1
1
1
1.04709
1.00433
1.00005
1
1
1
1
1
1
1
1
1
1
1
1
1
1
1
1
1
1
1
1
1
1
1
1
1
1
1
1.06054
1.00732
1.00013
1
1
1
1
1
1
1
1
1
1
1
1
1
1
1
1
1
1
1
1
1
1
1
1
1
1
1
1.07378
1.01147
1.00029
1
1
1
1
1
1
1
1
1
1
1
1
1
1
1
1
1
1
1
1
1
1
1
1
1
1
1
1.08688
1.01658
1.0006
1.00001
1
1
1
1
1
1
1
1
1
1
1
1
1
1
1
1
1
1
1
1
1
1
1
1
1
1
1.09988
1.02287
1.00114
1.00001
1
1
1
1
1
1
1
1
1
1
1
1
1
1
1
1
1
1
1
1
1
1
1
1
1
1
1.11201
1.03038
1.00206
1.00003
1
1
1
1
1
1
1
1
1
1
1
1
1
1
1
1
1
1
1
1
1
1
1
1
1
1
1.12451
1.03853
1.00352
1.00007
1
1
1
1
1
1
1
1
1
1
1
1
1
1
1
1
1
1
1
1
1
1
1
1
1
1
1.13507
1.04826
1.00588
1.00014
1
1
1
1
1
1
1
1
1
1
1
1
1
1
1
1
1
1
1
1
1
1
1
1
1
1
1.14593
1.05788
1.00924
1.0003
1
1
1
1
1
1
1
1
1
1
1
1
1
1
1
1
1
1
1
1
1
1
1
1
1
1
1.15465
1.06869
1.01442
1.00063
1.00001
1
1
1
1
1
1
1
1
1
1
1
1
1
1
1
1
1
1
1
1
1
1
1
1
1
1.16242
1.07932
1.02119
1.00123
1.00002
1
1
1
1
1
1
1
1
1
1
1
1
1
1
1
1
1
1
1
1
1
1
1
1
1
1.16804
1.08968
1.03086
1.00245
1.00005
1
1
1
1
1
1
1
1
1
1
1
1
1
1
1
1
1
1
1
1
1
1
1
1
1
1.17302
1.10024
1.04241
1.00451
1.00011
1
1
1
1
1
1
1
1
1
1
1
1
1
1
1
1
1
1
1
1
1
1
1
1
1
1.17336
1.10928
1.05737
1.00844
1.00028
1
1
1
1
1
1
1
1
1
1
1
1
1
1
1
1
1
1
1
1
1
1
1
1
1
1.17181
1.11759
1.07393
1.01466
1.00065
1.00001
1
1
1
1
1
1
1
1
1
1
1
1
1
1
1
1
1
1
1
1
1
1
1
1
1.16775
1.12412
1.09278
1.02491
1.00157
1.00003
1
1
1
1
1
1
1
1
1
1
1
1
1
1
1
1
1
1
1
1
1
1
1
1
1.16076
1.12879
1.11242
1.0405
1.00351
1.00008
1
1
1
1
1
1
1
1
1
1
1
1
1
1
1
1
1
1
1
1
1
1
1
1
1.15096
1.13496
1.12562
1.05933
1.00796
1.00023
1
1
1
1
1
1
1
1
1
1
1
1
1
1
1
1
1
1
1
1
1
1
1
1
1.14153
1.14158
1.13851
1.08081
1.01584
1.00066
1.00001
1
1
1
1
1
1
1
1
1
1
1
1
1
1
1
1
1
1
1
1
1
1
1
1.13552
1.14262
1.14183
1.10079
1.0304
1.00193
1.00003
1
1
1
1
1
1
1
1
1
1
1
1
1
1
1
1
1
1
1
1
1
1
1
1.13023
1.14094
1.14281
1.11697
1.04971
1.00513
1.00012
1
1
1
1
1
1
1
1
1
1
1
1
1
1
1
1
1
1
1
1
1
1
1
1.12933
1.13997
1.14293
1.12612
1.07281
1.0123
1.00042
1.00001
1
1
1
1
1
1
1
1
1
1
1
1
1
1
1
1
1
1
1
1
1
1
1.12961
1.13924
1.14281
1.13163
1.09426
1.02527
1.00145
1.00002
1
1
1
1
1
1
1
1
1
1
1
1
1
1
1
1
1
1
1
1
1
1
1.12991
1.13769
1.14191
1.13429
1.1144
1.04476
1.0042
1.00009
1
1
1
1
1
1
1
1
1
1
1
1
1
1
1
1
1
1
1
1
1
1
1.13008
1.13504
1.13942
1.13431
1.12697
1.06932
1.0115
1.0004
1
1
1
1
1
1
1
1
1
1
1
1
1
1
1
1
1
1
1
1
1
1
1.13079
1.13287
1.13421
1.13601
1.13588
1.09324
1.0243
1.00138
1.00002
1
1
1
1
1
1
1
1
1
1
1
1
1
1
1
1
1
1
1
1
1
1.13179
1.13173
1.1307
1.13771
1.13949
1.11006
1.04525
1.00466
1.00011
1
1
1
1
1
1
1
1
1
1
1
1
1
1
1
1
1
1
1
1
1
1.13265
1.13135
1.13083
1.13806
1.13932
1.12187
1.06975
1.01209
1.00046
1.00001
1
1
1
1
1
1
1
1
1
1
1
1
1
1
1
1
1
1
1
1
1.13238
1.13148
1.13172
1.13762
1.1389
1.12844
1.09292
1.0273
1.00186
1.00003
1
1
1
1
1
1
1
1
1
1
1
1
1
1
1
1
1
1
1
1
1.13223
1.13177
1.13319
1.13706
1.1371
1.1299
1.11256
1.04961
1.00582
1.00017
1
1
1
1
1
1
1
1
1
1
1
1
1
1
1
1
1
1
1
1
1.13251
1.1326
1.13404
1.13576
1.13319
1.13153
1.12762
1.07583
1.01591
1.00074
1.00001
1
1
1
1
1
1
1
1
1
1
1
1
1
1
1
1
1
1
1
1.13334
1.13373
1.13361
1.13389
1.13172
1.13324
1.1329
1.09954
1.03414
1.0029
1.00006
1
1
1
1
1
1
1
1
1
1
1
1
1
1
1
1
1
1
1
1.13406
1.13396
1.13314
1.13175
1.13207
1.13494
1.13505
1.11381
1.05909
1.00921
1.00034
1
1
1
1
1
1
1
1
1
1
1
1
1
1
1
1
1
1
1
1.13418
1.13365
1.13272
1.13195
1.13303
1.13661
1.13605
1.12475
1.08563
1.0222
1.00141
1.00003
1
1
1
1
1
1
1
1
1
1
1
1
1
1
1
1
1
1
1.13369
1.1332
1.13296
1.13287
1.13399
1.13622
1.13551
1.12622
1.10575
1.04617
1.00558
1.00016
1
1
1
1
1
1
1
1
1
1
1
1
1
1
1
1
1
1
1.13302
1.13297
1.13341
1.13429
1.13482
1.13557
1.13315
1.1296
1.12399
1.07265
1.01503
1.00077
1.00001
1
1
1
1
1
1
1
1
1
1
1
1
1
1
1
1
1
1.13279
1.13319
1.13425
1.13491
1.13479
1.13382
1.13211
1.13296
1.13157
1.09811
1.03521
1.00333
1.00009
1
1
1
1
1
1
1
1
1
1
1
1
1
1
1
1
1
1
1
1
1
1
1
1
1
1
1
1
1
1.00013
1.00563
1.04888
1.10785
1.12601
1.1337
1.13454
1.13319
1.13181
1.13202
1.13301
1.13468
1.13549
1.13549
1.13474
1.13353
1.13257
1.13199
1
1
1
1
1
1
1
1
1
1
1
1
1.00013
1.00534
1.04711
1.10713
1.1259
1.13381
1.13468
1.13315
1.13177
1.13205
1.13311
1.13478
1.1355
1.13548
1.13472
1.13347
1.13254
1.13198
1
1
1
1
1
1
1
1
1
1
1
1
1.00011
1.00486
1.04542
1.10596
1.12586
1.13393
1.13488
1.13312
1.13174
1.1321
1.13319
1.13483
1.1355
1.13549
1.13472
1.13347
1.13253
1.132
1
1
1
1
1
1
1
1
1
1
1
1
1.00009
1.0044
1.04355
1.1048
1.12594
1.13405
1.13506
1.13309
1.13172
1.13215
1.13328
1.13487
1.13549
1.13547
1.13471
1.13347
1.1325
1.13203
1
1
1
1
1
1
1
1
1
1
1
1
1.00008
1.00397
1.04137
1.10334
1.12595
1.13409
1.13516
1.13305
1.13171
1.13222
1.13336
1.13487
1.13543
1.13541
1.13465
1.13346
1.13247
1.13208
1
1
1
1
1
1
1
1
1
1
1
1
1.00007
1.00357
1.03919
1.10165
1.12568
1.13406
1.13517
1.13301
1.13171
1.13231
1.13345
1.13486
1.13536
1.13534
1.13461
1.13343
1.13247
1.13214
1
1
1
1
1
1
1
1
1
1
1
1
1.00006
1.00318
1.03701
1.09983
1.1251
1.13403
1.13517
1.13296
1.13169
1.13236
1.13354
1.13487
1.1353
1.13527
1.13458
1.1334
1.13249
1.1322
1
1
1
1
1
1
1
1
1
1
1
1
1.00005
1.0028
1.03472
1.09783
1.12442
1.13402
1.13527
1.1329
1.13165
1.13237
1.13363
1.13488
1.13522
1.13519
1.13452
1.13337
1.13254
1.13227
1
1
1
1
1
1
1
1
1
1
1
1
1.00004
1.00244
1.03232
1.09543
1.12346
1.13402
1.1354
1.1328
1.13157
1.13233
1.1337
1.13485
1.13512
1.13509
1.13444
1.13336
1.13259
1.13235
1
1
1
1
1
1
1
1
1
1
1
1
1.00004
1.00211
1.02995
1.09264
1.1222
1.13391
1.13542
1.13263
1.13146
1.1323
1.13376
1.13481
1.13501
1.13497
1.13436
1.13339
1.13263
1.13245
1
1
1
1
1
1
1
1
1
1
1
1
1.00003
1.00181
1.02759
1.08984
1.12148
1.13374
1.13533
1.13239
1.13135
1.13229
1.1338
1.13477
1.1349
1.13485
1.13426
1.13341
1.13272
1.13256
1
1
1
1
1
1
1
1
1
1
1
1
1.00002
1.00152
1.02521
1.08723
1.12149
1.13365
1.13503
1.13209
1.13127
1.1323
1.13386
1.13472
1.13478
1.1347
1.13416
1.13341
1.13283
1.13269
1
1
1
1
1
1
1
1
1
1
1
1
1.00002
1.00125
1.02271
1.08456
1.12188
1.13392
1.13495
1.13184
1.13124
1.13238
1.13399
1.13466
1.13466
1.13455
1.13405
1.13342
1.13295
1.13283
1
1
1
1
1
1
1
1
1
1
1
1
1.00001
1.00102
1.02018
1.08147
1.12165
1.134
1.13498
1.13168
1.13123
1.13256
1.13413
1.13459
1.13454
1.13437
1.13394
1.13348
1.13308
1.13298
1
1
1
1
1
1
1
1
1
1
1
1
1.00001
1.00081
1.01769
1.07784
1.12003
1.13385
1.1349
1.13151
1.13128
1.13282
1.13425
1.13453
1.13441
1.13417
1.13382
1.13353
1.13323
1.13316
1
1
1
1
1
1
1
1
1
1
1
1
1.00001
1.00063
1.01525
1.07372
1.11758
1.13347
1.1346
1.13133
1.13147
1.13307
1.13438
1.1345
1.13427
1.13396
1.1337
1.13357
1.13341
1.13337
1
1
1
1
1
1
1
1
1
1
1
1
1.00001
1.00048
1.01293
1.06921
1.11538
1.133
1.13419
1.13125
1.13171
1.13332
1.13453
1.1345
1.13414
1.13374
1.13359
1.1336
1.13359
1.13359
1
1
1
1
1
1
1
1
1
1
1
1
1
1.00036
1.01074
1.06434
1.11338
1.13265
1.13399
1.13136
1.13184
1.13356
1.13467
1.13453
1.13401
1.1335
1.13349
1.13364
1.13374
1.1338
1
1
1
1
1
1
1
1
1
1
1
1
1
1.00026
1.00872
1.05894
1.11132
1.13244
1.13393
1.13155
1.13196
1.13384
1.13478
1.13455
1.13389
1.13324
1.1334
1.13365
1.13387
1.13402
1
1
1
1
1
1
1
1
1
1
1
1
1
1.00019
1.00689
1.05305
1.10915
1.13232
1.13387
1.13148
1.13212
1.13415
1.13486
1.13456
1.13371
1.13307
1.1333
1.13363
1.13398
1.13427
1
1
1
1
1
1
1
1
1
1
1
1
1
1.00013
1.00527
1.04678
1.10602
1.13214
1.13344
1.13118
1.13236
1.13448
1.13494
1.1345
1.13349
1.13298
1.13323
1.13366
1.13409
1.1345
1
1
1
1
1
1
1
1
1
1
1
1
1
1.00009
1.00395
1.04056
1.10144
1.13136
1.13221
1.13092
1.13277
1.13471
1.135
1.13437
1.13326
1.13293
1.1332
1.13378
1.13423
1.13463
1
1
1
1
1
1
1
1
1
1
1
1
1
1.00006
1.00287
1.03462
1.09662
1.12955
1.13066
1.13083
1.13344
1.13478
1.13503
1.13409
1.13308
1.1329
1.13319
1.13382
1.13428
1.13471
1
1
1
1
1
1
1
1
1
1
1
1
1
1.00003
1.00201
1.02883
1.0916
1.1271
1.12935
1.1313
1.13435
1.13476
1.13478
1.13365
1.13299
1.13287
1.13323
1.13382
1.13432
1.13476
1
1
1
1
1
1
1
1
1
1
1
1
1
1.00002
1.00134
1.02311
1.08559
1.12442
1.12872
1.13232
1.13499
1.13468
1.13437
1.1332
1.13291
1.13303
1.13337
1.13388
1.13436
1.13476
1
1
1
1
1
1
1
1
1
1
1
1
1
1.00001
1.00085
1.01776
1.07785
1.12139
1.12863
1.13342
1.13521
1.13466
1.13393
1.13286
1.13286
1.13332
1.13356
1.13399
1.13439
1.13463
1
1
1
1
1
1
1
1
1
1
1
1
1
1.00001
1.00051
1.01302
1.06901
1.11801
1.12849
1.134
1.13533
1.13447
1.13334
1.13264
1.13283
1.1337
1.1337
1.13403
1.13433
1.13441
1
1
1
1
1
1
1
1
1
1
1
1
1
1
1.00029
1.00903
1.05927
1.11398
1.12739
1.13416
1.13539
1.13429
1.13274
1.13253
1.13293
1.13405
1.13399
1.13407
1.13418
1.13411
1
1
1
1
1
1
1
1
1
1
1
1
1
1
1.00016
1.00589
1.04873
1.10871
1.12584
1.13412
1.13533
1.13395
1.13226
1.13247
1.13317
1.1344
1.13429
1.1341
1.134
1.13367
1
1
1
1
1
1
1
1
1
1
1
1
1
1
1.00008
1.0036
1.0384
1.10121
1.12389
1.13355
1.13498
1.13335
1.13205
1.13238
1.13347
1.13468
1.13456
1.13414
1.13376
1.13325
1
1
1
1
1
1
1
1
1
1
1
1
1
1
1.00004
1.00203
1.02871
1.09204
1.12166
1.13316
1.13472
1.13296
1.13203
1.13239
1.13393
1.13486
1.13473
1.13415
1.1335
1.13298
1
1
1
1
1
1
1
1
1
1
1
1
1
1
1.00002
1.00104
1.01955
1.08018
1.11944
1.13354
1.13513
1.13283
1.13231
1.13289
1.1344
1.13491
1.13478
1.13405
1.13332
1.13289
1
1
1
1
1
1
1
1
1
1
1
1
1
1
1.00001
1.00047
1.01177
1.06501
1.11621
1.13384
1.13546
1.13263
1.13268
1.13361
1.13466
1.13478
1.13459
1.13388
1.13327
1.133
1
1
1
1
1
1
1
1
1
1
1
1
1
1
1
1.00019
1.00642
1.04922
1.10649
1.13291
1.13447
1.13235
1.1328
1.13432
1.13474
1.13457
1.13414
1.13376
1.13338
1.13344
1
1
1
1
1
1
1
1
1
1
1
1
1
1
1
1.00007
1.00316
1.03512
1.0953
1.12931
1.13179
1.13171
1.13364
1.13469
1.13468
1.13412
1.1336
1.13358
1.13365
1.13381
1
1
1
1
1
1
1
1
1
1
1
1
1
1
1
1.00002
1.00136
1.02214
1.08366
1.12459
1.12874
1.13166
1.13488
1.13477
1.13454
1.13347
1.1332
1.13349
1.13385
1.13416
1
1
1
1
1
1
1
1
1
1
1
1
1
1
1
1.00001
1.00048
1.01141
1.06537
1.1166
1.12728
1.13378
1.13571
1.13495
1.13374
1.13285
1.13297
1.13349
1.134
1.13435
1
1
1
1
1
1
1
1
1
1
1
1
1
1
1
1
1.00014
1.00486
1.04242
1.10371
1.12703
1.13466
1.13591
1.13437
1.13285
1.13263
1.13327
1.13359
1.13404
1.13439
1
1
1
1
1
1
1
1
1
1
1
1
1
1
1
1
1.00003
1.00168
1.02367
1.08483
1.12174
1.134
1.13533
1.13311
1.13254
1.13291
1.1339
1.13385
1.13389
1.13361
1
1
1
1
1
1
1
1
1
1
1
1
1
1
1
1
1.00001
1.00044
1.01057
1.06153
1.11175
1.13232
1.13387
1.13237
1.13261
1.13387
1.13465
1.1342
1.13361
1.13305
1.11208
1.1312
1.1335
1.1347
1.13547
1.13548
1.13466
1.13298
1.13203
1.13184
1.13323
1.13445
1.13369
1.1264
1.10905
1.05159
1.00629
1.00016
1
1
1
1
1
1
1
1
1
1
1
1
1.08346
1.12774
1.13338
1.13465
1.13545
1.13547
1.13464
1.13297
1.13205
1.13187
1.13328
1.13444
1.13372
1.12695
1.11043
1.0537
1.00712
1.00019
1
1
1
1
1
1
1
1
1
1
1
1
1.05314
1.12138
1.13301
1.1346
1.13542
1.13544
1.13461
1.13295
1.13206
1.13192
1.13335
1.13445
1.13387
1.1272
1.11244
1.05604
1.00802
1.00023
1
1
1
1
1
1
1
1
1
1
1
1
1.02266
1.11238
1.13217
1.1345
1.13538
1.1354
1.13456
1.13292
1.13206
1.132
1.13342
1.13446
1.13394
1.12714
1.11425
1.05924
1.00898
1.00027
1
1
1
1
1
1
1
1
1
1
1
1
0.992961
1.10102
1.13051
1.13434
1.13534
1.13535
1.13452
1.13291
1.13208
1.1321
1.13353
1.13457
1.13391
1.12702
1.11561
1.06255
1.01018
1.00033
1
1
1
1
1
1
1
1
1
1
1
1
0.96431
1.08685
1.12772
1.13406
1.13527
1.13529
1.13447
1.13292
1.13212
1.13221
1.1337
1.13484
1.13397
1.1273
1.11718
1.0655
1.01158
1.00041
1
1
1
1
1
1
1
1
1
1
1
1
0.937348
1.07116
1.1231
1.13355
1.1352
1.13522
1.1344
1.13291
1.1322
1.13238
1.13395
1.13526
1.13432
1.12753
1.11877
1.06867
1.01315
1.00051
1.00001
1
1
1
1
1
1
1
1
1
1
1
0.910296
1.05372
1.11651
1.13262
1.13511
1.13515
1.13433
1.13292
1.13232
1.13261
1.1342
1.13565
1.1345
1.12756
1.11996
1.07213
1.01494
1.00063
1.00001
1
1
1
1
1
1
1
1
1
1
1
0.88826
1.03425
1.10708
1.13086
1.13495
1.13507
1.13425
1.13294
1.13239
1.1328
1.13439
1.13581
1.13449
1.12749
1.12096
1.07563
1.01706
1.00079
1.00001
1
1
1
1
1
1
1
1
1
1
1
0.865536
1.01519
1.09508
1.12791
1.13464
1.13498
1.13417
1.13296
1.13246
1.13301
1.13461
1.13582
1.13445
1.12752
1.12231
1.07911
1.01943
1.00099
1.00001
1
1
1
1
1
1
1
1
1
1
1
0.847705
0.994807
1.08011
1.123
1.134
1.13487
1.13407
1.13298
1.13257
1.13325
1.13475
1.13582
1.13439
1.12762
1.12384
1.08303
1.02219
1.00126
1.00002
1
1
1
1
1
1
1
1
1
1
1
0.834534
0.974137
1.06239
1.11583
1.13278
1.13473
1.13399
1.13302
1.13269
1.13348
1.13486
1.13578
1.13426
1.12771
1.1245
1.08693
1.02534
1.00161
1.00002
1
1
1
1
1
1
1
1
1
1
1
0.825272
0.956415
1.04258
1.10548
1.13043
1.13452
1.1339
1.13308
1.1328
1.13369
1.1349
1.13567
1.134
1.12796
1.12541
1.09105
1.02887
1.00205
1.00003
1
1
1
1
1
1
1
1
1
1
1
0.814729
0.937384
1.02124
1.09229
1.12648
1.13413
1.13373
1.13311
1.13287
1.13384
1.13487
1.13548
1.13366
1.12818
1.12673
1.09553
1.0329
1.00264
1.00005
1
1
1
1
1
1
1
1
1
1
1
0.815163
0.921353
0.999024
1.07572
1.11998
1.13312
1.13363
1.13316
1.13292
1.13391
1.13478
1.13523
1.13323
1.12827
1.12786
1.09985
1.03743
1.0034
1.00007
1
1
1
1
1
1
1
1
1
1
1
0.819627
0.907391
0.976351
1.05689
1.11073
1.13107
1.13348
1.13317
1.13296
1.13394
1.13467
1.13492
1.13271
1.12843
1.12881
1.10387
1.0425
1.00442
1.0001
1
1
1
1
1
1
1
1
1
1
1
0.827195
0.89594
0.954469
1.03553
1.09774
1.12737
1.13318
1.13313
1.13298
1.13396
1.13455
1.13457
1.1322
1.12881
1.12983
1.10722
1.04793
1.00571
1.00014
1
1
1
1
1
1
1
1
1
1
1
0.833796
0.884787
0.933252
1.01407
1.08185
1.12113
1.13234
1.13307
1.13295
1.13394
1.13445
1.13428
1.13177
1.12916
1.1308
1.11069
1.05383
1.00743
1.00022
1
1
1
1
1
1
1
1
1
1
1
0.843334
0.877454
0.913222
0.991123
1.06255
1.11187
1.1305
1.13294
1.13287
1.13387
1.13436
1.1341
1.13149
1.12951
1.13169
1.1139
1.05999
1.00959
1.00032
1
1
1
1
1
1
1
1
1
1
1
0.858067
0.873863
0.895594
0.97001
1.04142
1.09877
1.12666
1.13255
1.13279
1.13385
1.13424
1.13398
1.13134
1.13002
1.13277
1.11638
1.0664
1.01235
1.00048
1.00001
1
1
1
1
1
1
1
1
1
1
0.872373
0.868745
0.880174
0.948362
1.01852
1.08243
1.12037
1.13163
1.13274
1.13391
1.1342
1.13386
1.13122
1.13059
1.13344
1.11928
1.07292
1.01577
1.00072
1.00001
1
1
1
1
1
1
1
1
1
1
0.883472
0.863053
0.870845
0.930898
0.995444
1.06244
1.11015
1.12949
1.13261
1.13403
1.13426
1.1337
1.13108
1.13093
1.13378
1.12125
1.07966
1.02006
1.0011
1.00002
1
1
1
1
1
1
1
1
1
1
0.889563
0.863486
0.863899
0.912867
0.972142
1.04086
1.09662
1.12535
1.13226
1.13418
1.13433
1.13361
1.13093
1.13111
1.13434
1.12284
1.08616
1.02513
1.00166
1.00003
1
1
1
1
1
1
1
1
1
1
0.893825
0.864765
0.864136
0.89997
0.950213
1.01702
1.07859
1.11819
1.13126
1.13433
1.13443
1.13355
1.13078
1.1311
1.13476
1.12507
1.09296
1.03122
1.00248
1.00005
1
1
1
1
1
1
1
1
1
1
0.895185
0.867511
0.865182
0.889711
0.929196
0.993781
1.05813
1.10721
1.12875
1.13438
1.13452
1.13335
1.13066
1.13108
1.13475
1.12662
1.09918
1.03831
1.00375
1.00008
1
1
1
1
1
1
1
1
1
1
0.895559
0.872197
0.866466
0.881516
0.910434
0.970414
1.03513
1.09211
1.12395
1.13409
1.1347
1.13317
1.13066
1.1312
1.13473
1.12778
1.10493
1.04614
1.00548
1.00014
1
1
1
1
1
1
1
1
1
1
0.895715
0.878329
0.869137
0.877247
0.89489
0.949185
1.01114
1.07327
1.11533
1.13269
1.13488
1.13319
1.13075
1.13136
1.13486
1.12918
1.11026
1.05486
1.00812
1.00026
1
1
1
1
1
1
1
1
1
1
0.896655
0.884185
0.87249
0.872738
0.880181
0.929181
0.987809
1.05167
1.10289
1.12921
1.13473
1.13312
1.13097
1.13151
1.13482
1.13005
1.11496
1.06389
1.01155
1.00046
1.00001
1
1
1
1
1
1
1
1
1
0.897642
0.888715
0.876373
0.868533
0.873037
0.913941
0.964551
1.028
1.08585
1.12245
1.13399
1.13275
1.13093
1.13177
1.13478
1.13063
1.11922
1.07355
1.01643
1.0008
1.00001
1
1
1
1
1
1
1
1
1
0.898992
0.891076
0.879257
0.864766
0.867661
0.899871
0.943646
1.00454
1.06549
1.11141
1.13117
1.1323
1.13093
1.13216
1.13486
1.13122
1.12259
1.08265
1.02263
1.00142
1.00002
1
1
1
1
1
1
1
1
1
0.899718
0.892491
0.880552
0.865213
0.867694
0.89132
0.924501
0.980736
1.04255
1.0957
1.12548
1.13129
1.13098
1.13263
1.13498
1.13147
1.12548
1.09212
1.03028
1.00242
1.00005
1
1
1
1
1
1
1
1
1
0.899231
0.892387
0.881966
0.86688
0.868337
0.884289
0.908282
0.958656
1.01793
1.07597
1.11566
1.12915
1.13106
1.13325
1.13493
1.13134
1.1282
1.10014
1.03994
1.00417
1.0001
1
1
1
1
1
1
1
1
1
0.897548
0.891736
0.883085
0.869731
0.871445
0.879933
0.893024
0.939154
0.994492
1.05297
1.10136
1.12479
1.13086
1.13369
1.13477
1.1311
1.12967
1.10778
1.05018
1.00683
1.00021
1
1
1
1
1
1
1
1
1
0.894351
0.891159
0.884815
0.873896
0.875917
0.87664
0.882215
0.92122
0.970339
1.02899
1.08314
1.11716
1.12976
1.13364
1.13444
1.13086
1.13061
1.11482
1.0623
1.01094
1.00043
1.00001
1
1
1
1
1
1
1
1
0.890975
0.890591
0.88621
0.879631
0.878088
0.872467
0.875765
0.907458
0.949786
1.00425
1.0605
1.10503
1.12682
1.13326
1.13389
1.13089
1.13167
1.1199
1.07406
1.0171
1.00088
1.00001
1
1
1
1
1
1
1
1
0.888449
0.889432
0.887362
0.883779
0.878727
0.871161
0.873671
0.898213
0.930584
0.980548
1.03638
1.08777
1.12049
1.13197
1.13338
1.13115
1.133
1.12402
1.08602
1.02508
1.00178
1.00003
1
1
1
1
1
1
1
1
0.88777
0.888362
0.887419
0.884767
0.879747
0.872038
0.87383
0.889473
0.912696
0.958645
1.01259
1.06694
1.10963
1.12896
1.13288
1.13146
1.13328
1.12695
1.09726
1.0358
1.00338
1.00008
1
1
1
1
1
1
1
1
0.888337
0.888411
0.886779
0.884466
0.880097
0.873915
0.876326
0.886049
0.899031
0.937187
0.986201
1.04371
1.09431
1.12305
1.13202
1.13135
1.13316
1.12917
1.10617
1.04865
1.00633
1.00019
1
1
1
1
1
1
1
1
0.889825
0.888457
0.885783
0.883644
0.880529
0.877265
0.881208
0.882312
0.887547
0.921116
0.963768
1.01827
1.07404
1.11302
1.12951
1.13132
1.13323
1.13061
1.11492
1.06183
1.01118
1.00046
1.00001
1
1
1
1
1
1
1
0.890954
0.888723
0.885038
0.882132
0.881532
0.88174
0.881276
0.877463
0.879659
0.906178
0.944485
0.994113
1.05041
1.09796
1.12415
1.13098
1.13334
1.13158
1.12122
1.07634
1.01831
1.00104
1.00002
1
1
1
1
1
1
1
1
1
1
1
1.00002
1.00107
1.01985
1.0796
1.12105
1.12678
1.11994
1.0838
1.03183
0.98172
0.937181
0.90686
0.891545
0.878104
0.876408
0.88027
0.882938
0.883098
0.882059
0.881182
0.881287
0.882026
0.883182
0.885196
0.88696
0.88782
1
1
1
1
1.00001
1.001
1.01916
1.07856
1.12064
1.1268
1.12037
1.08518
1.03333
0.982956
0.938005
0.907381
0.892467
0.878399
0.876377
0.880358
0.882996
0.883108
0.882053
0.881143
0.881295
0.882102
0.883236
0.885197
0.886933
0.887774
1
1
1
1
1.00001
1.00094
1.01849
1.07759
1.12032
1.12688
1.12081
1.08664
1.03497
0.984333
0.939024
0.907846
0.892958
0.878676
0.876361
0.880453
0.883051
0.883111
0.882041
0.881102
0.881309
0.882191
0.883317
0.885219
0.886903
0.887712
1
1
1
1
1.00001
1.00088
1.01779
1.07654
1.12006
1.12694
1.12127
1.08802
1.03651
0.985744
0.940306
0.908342
0.893112
0.878823
0.876351
0.880568
0.883092
0.883109
0.882003
0.881075
0.881339
0.882282
0.883402
0.88523
0.886873
0.887649
1
1
1
1
1.00001
1.00082
1.01704
1.07529
1.11979
1.12693
1.12171
1.0894
1.03802
0.987082
0.94151
0.908885
0.893097
0.878837
0.876557
0.880749
0.883107
0.883108
0.881878
0.88105
0.881375
0.882372
0.883504
0.885243
0.886846
0.88759
1
1
1
1
1.00001
1.00076
1.01626
1.07393
1.11937
1.12691
1.12216
1.09093
1.03966
0.988504
0.942732
0.909366
0.892919
0.87873
0.876952
0.880918
0.883067
0.883087
0.881736
0.881024
0.881403
0.882462
0.883623
0.885263
0.886831
0.887526
1
1
1
1
1.00001
1.0007
1.01548
1.07256
1.11868
1.12696
1.12264
1.09258
1.04145
0.990084
0.944069
0.909582
0.89291
0.878575
0.877147
0.880965
0.882941
0.882963
0.881588
0.880985
0.881427
0.882553
0.883753
0.88532
0.88683
0.887458
1
1
1
1
1.00001
1.00064
1.01468
1.07107
1.11789
1.12722
1.12314
1.09426
1.04335
0.991765
0.945612
0.909778
0.893408
0.878744
0.877348
0.880913
0.882784
0.882765
0.881421
0.880939
0.881452
0.882649
0.883875
0.885398
0.886871
0.887377
1
1
1
1
1.00001
1.00058
1.01385
1.06939
1.11703
1.12746
1.12367
1.096
1.04539
0.99353
0.947428
0.911148
0.894223
0.879383
0.877798
0.880847
0.882619
0.882562
0.88123
0.880888
0.881473
0.882747
0.883988
0.88547
0.886914
0.887288
1
1
1
1
1.00001
1.00052
1.013
1.06761
1.11607
1.12759
1.12422
1.09784
1.04762
0.995469
0.949355
0.912647
0.894934
0.880162
0.8785
0.88089
0.882465
0.88235
0.881015
0.880828
0.881502
0.882836
0.884102
0.885558
0.886956
0.8872
1
1
1
1
1.00001
1.00047
1.01215
1.06573
1.11508
1.12772
1.12477
1.09976
1.05002
0.997648
0.951236
0.912828
0.895336
0.880898
0.879083
0.881148
0.882345
0.882128
0.880778
0.880741
0.88154
0.882922
0.88423
0.885674
0.887001
0.887135
1
1
1
1
1
1.00042
1.01128
1.06374
1.11408
1.12778
1.12532
1.10171
1.0525
1.00009
0.95322
0.912182
0.895522
0.881435
0.879397
0.881322
0.882255
0.881895
0.880523
0.880621
0.881593
0.883015
0.884369
0.885806
0.887069
0.887086
1
1
1
1
1
1.00037
1.01039
1.06165
1.11302
1.12767
1.12583
1.1037
1.0551
1.00265
0.95551
0.911935
0.895731
0.881792
0.879475
0.881331
0.882187
0.881628
0.880259
0.88052
0.881667
0.883105
0.884515
0.885944
0.887132
0.887066
1
1
1
1
1
1.00032
1.00951
1.05939
1.11189
1.12754
1.12625
1.10569
1.05788
1.0053
0.958252
0.913225
0.896215
0.882003
0.879436
0.881271
0.88213
0.881291
0.880014
0.880457
0.88175
0.883193
0.884651
0.886079
0.887205
0.88706
1
1
1
1
1
1.00028
1.00863
1.05698
1.11071
1.12757
1.12658
1.10766
1.06086
1.00814
0.961401
0.917104
0.896931
0.882044
0.879345
0.881248
0.882025
0.880873
0.87984
0.880415
0.881841
0.883271
0.884761
0.8862
0.887265
0.887056
1
1
1
1
1
1.00023
1.00776
1.0544
1.10951
1.12786
1.12705
1.10959
1.06403
1.01126
0.964558
0.921512
0.89788
0.881879
0.879149
0.881224
0.881793
0.880436
0.879731
0.880402
0.881931
0.883332
0.884851
0.886309
0.8873
0.887062
1
1
1
1
1
1.0002
1.00691
1.05164
1.10827
1.12831
1.12792
1.11151
1.0674
1.01478
0.967486
0.924923
0.899191
0.881781
0.879073
0.881214
0.88147
0.880077
0.879674
0.88043
0.882002
0.883371
0.884924
0.886412
0.887331
0.887128
1
1
1
1
1
1.00016
1.00609
1.04872
1.10689
1.1285
1.12861
1.11347
1.07099
1.01861
0.970344
0.927904
0.901029
0.881805
0.879195
0.881401
0.881137
0.879824
0.879638
0.880491
0.882047
0.883386
0.884974
0.8865
0.887403
0.887241
1
1
1
1
1
1.00013
1.0053
1.04565
1.10519
1.12846
1.12901
1.11543
1.07475
1.02261
0.973367
0.93103
0.903401
0.882025
0.879281
0.881681
0.880841
0.879673
0.879594
0.880522
0.882052
0.883379
0.884994
0.886557
0.887532
0.887368
1
1
1
1
1
1.00011
1.00456
1.04244
1.10297
1.12812
1.1293
1.11741
1.07873
1.02682
0.976776
0.934193
0.905109
0.882554
0.879536
0.881973
0.880528
0.879565
0.879547
0.880581
0.882025
0.883303
0.884993
0.886578
0.887627
0.887521
1
1
1
1
1
1.00009
1.00388
1.03915
1.10034
1.12753
1.12961
1.1194
1.08291
1.0314
0.980608
0.937301
0.905331
0.882959
0.880587
0.88224
0.880102
0.879427
0.879538
0.880661
0.881953
0.883195
0.884868
0.886565
0.887692
0.88777
1
1
1
1
1
1.00007
1.00325
1.03583
1.09748
1.12669
1.13008
1.1214
1.08723
1.03632
0.985
0.940635
0.904688
0.88345
0.881934
0.882349
0.879583
0.879357
0.879575
0.880731
0.881838
0.883043
0.884666
0.886465
0.887778
0.888077
1
1
1
1
1
1.00005
1.00268
1.03246
1.09428
1.12559
1.13047
1.12341
1.0917
1.0415
0.98987
0.944602
0.905373
0.884583
0.883166
0.882101
0.879142
0.879421
0.879719
0.880897
0.881714
0.882866
0.88439
0.886307
0.887958
0.888393
1
1
1
1
1
1.00004
1.00217
1.02903
1.09073
1.12437
1.13061
1.12537
1.09624
1.04711
0.995162
0.949285
0.909798
0.886156
0.884429
0.881937
0.878991
0.879544
0.880079
0.881234
0.881595
0.88266
0.884038
0.886197
0.88814
0.888767
1
1
1
1
1
1.00003
1.00172
1.02557
1.08683
1.12294
1.13065
1.12716
1.10077
1.05311
1.00107
0.954
0.91542
0.888033
0.885821
0.88186
0.87891
0.879663
0.880611
0.881511
0.881551
0.882411
0.883653
0.886148
0.888288
0.889224
1
1
1
1
1
1.00002
1.00132
1.02211
1.08251
1.12134
1.13074
1.12865
1.10526
1.05947
1.00764
0.95841
0.91959
0.889844
0.886943
0.881861
0.878761
0.879724
0.881121
0.881705
0.881526
0.882143
0.883377
0.88606
0.888434
0.889666
1
1
1
1
1
1.00001
1.00099
1.01869
1.07766
1.11985
1.13074
1.12978
1.10973
1.06617
1.01473
0.96341
0.923728
0.89119
0.887215
0.881803
0.878494
0.879858
0.88152
0.881809
0.881492
0.881859
0.883148
0.886001
0.8886
0.890034
1
1
1
1
1
1.00001
1.00072
1.01541
1.07211
1.11843
1.13057
1.13054
1.11409
1.07337
1.02234
0.970021
0.929507
0.893201
0.886986
0.8813
0.878101
0.880111
0.881736
0.881947
0.881446
0.881587
0.882974
0.885911
0.8887
0.89037
1
1
1
1
1
1.00001
1.00051
1.01238
1.0659
1.11668
1.13032
1.1311
1.1182
1.08083
1.03064
0.978079
0.936354
0.899154
0.88697
0.879664
0.877589
0.880294
0.881866
0.881997
0.881321
0.881358
0.882887
0.88585
0.888768
0.890687
1
1
1
1
1
1
1.00035
1.00969
1.05929
1.11369
1.1296
1.13146
1.12195
1.08845
1.0395
0.986784
0.942537
0.905661
0.888377
0.878464
0.877041
0.880279
0.881902
0.881955
0.881106
0.881215
0.882866
0.885852
0.888967
0.890906
1
1
1
1
1
1
1.00023
1.00735
1.05242
1.10955
1.12844
1.13163
1.12516
1.09614
1.049
0.995996
0.948108
0.910931
0.891076
0.878062
0.876468
0.880016
0.881875
0.881913
0.880877
0.881162
0.882926
0.88596
0.889182
0.890979
1
1
1
1
1
1
1.00015
1.00539
1.04535
1.10471
1.12684
1.13167
1.12766
1.10362
1.0592
1.0061
0.955058
0.916894
0.893787
0.87794
0.875993
0.879859
0.881806
0.881848
0.880597
0.881244
0.883168
0.886201
0.88923
0.89075
1
1
1
1
1
1
1.00009
1.00377
1.03811
1.099
1.12567
1.13161
1.12931
1.11074
1.06995
1.01734
0.965121
0.924283
0.89786
0.878116
0.875859
0.879936
0.881602
0.881347
0.880378
0.881315
0.883496
0.886449
0.889204
0.890409
1
1
1
1
1
1
1.00005
1.0025
1.03075
1.09248
1.12584
1.13166
1.13023
1.11715
1.08119
1.02966
0.977266
0.932567
0.903774
0.879949
0.877164
0.880304
0.881191
0.880681
0.88034
0.881469
0.883883
0.886766
0.889007
0.88998
1
1
1
1
1
1
1.00003
1.00155
1.02353
1.08465
1.12626
1.13171
1.13075
1.12256
1.09237
1.04312
0.990657
0.94207
0.909294
0.882805
0.879568
0.880441
0.88024
0.88006
0.880588
0.882079
0.884207
0.886939
0.88895
0.889264
1
1
1
1
1
1
1.00001
1.0009
1.01702
1.0746
1.12263
1.13165
1.13107
1.12695
1.10293
1.05753
1.00527
0.954108
0.915569
0.886748
0.881969
0.880404
0.878278
0.879847
0.881345
0.882579
0.884346
0.886946
0.888821
0.888945
1
1
1
1
1
1
1.00001
1.00049
1.01167
1.06318
1.11454
1.13139
1.13141
1.13018
1.11252
1.07271
1.0212
0.968675
0.924257
0.892842
0.884458
0.879014
0.877298
0.879812
0.882321
0.882969
0.884204
0.886552
0.888348
0.888933
1
1
1
1
1
1
1
1.00025
1.0075
1.05224
1.1078
1.13066
1.13178
1.13217
1.12046
1.08816
1.039
0.985667
0.936558
0.899741
0.886613
0.878093
0.876883
0.880644
0.882994
0.883474
0.883805
0.88566
0.888136
0.889652
1
1
1
1
1
1
1
1.00012
1.00438
1.04061
1.10047
1.12767
1.13211
1.13298
1.12616
1.10264
1.05861
1.00525
0.95306
0.908705
0.890071
0.877784
0.876506
0.881456
0.883317
0.883627
0.883073
0.884769
0.88823
0.890429
1
1
1
1
1
1
1
1.00005
1.00225
1.02847
1.09076
1.1248
1.13214
1.13328
1.12954
1.11501
1.07893
1.02697
0.972783
0.924124
0.89616
0.877926
0.876025
0.881711
0.883382
0.8829
0.882267
0.884591
0.888467
0.890854
1
1
1
1
1
1
1
1
1
1
1
1
1
1
1
1
1
1
1
1
1
1
1
1
1
1
1
1
1
1
1
1
1
1
1
1
1
1
1
1.00001
1
1
1
1
1
1
1
1
1
1
1
1
1
1
1
1
1
1
1
1
1
1
1
1
1
1
1
1
1
1
1
1
1
1
1
1
1
1.00002
1.00005
1.00058
1
1
1
1
1
1
1
1
1
1
1
1
1
1
1
1
1
1
1
1
1
1
1
1
1
1
1
1
1
1
1
1
1.00001
1.00002
1.00005
1.00014
1.00038
1.00105
1.00246
1.01051
1
1
1
1
1
1
1
1
1
1
1
1
1
1
1
1
1
1
1
1
1
1
1
1
1.00001
1.00001
1.00002
1.00003
1.00005
1.00009
1.00018
1.00034
1.00067
1.00135
1.00271
1.00537
1.01014
1.01841
1.02946
1.05358
1.00002
1.00002
1.00002
1.00002
1.00002
1.00002
1.00002
1.00002
1.00003
1.00003
1.00003
1.00004
1.00004
1.00005
1.00005
1.00006
1.00007
1.00009
1.00011
1.00014
1.00017
1.00023
1.00031
1.00042
1.00058
1.00083
1.00121
1.0018
1.00273
1.00416
1.0064
1.00983
1.01492
1.02217
1.03205
1.04432
1.05793
1.07236
1.08423
1.09543
1.00111
1.00114
1.0012
1.00124
1.00129
1.00136
1.00143
1.00152
1.00162
1.00174
1.00188
1.00205
1.00224
1.00248
1.00276
1.0031
1.00352
1.00403
1.00465
1.00544
1.00644
1.00773
1.00934
1.0114
1.01397
1.01724
1.0214
1.02658
1.03297
1.04056
1.04935
1.05915
1.06937
1.0799
1.08957
1.09742
1.10288
1.10675
1.10667
1.1046
1.02038
1.0209
1.02131
1.02168
1.02221
1.02285
1.02353
1.02435
1.02522
1.02616
1.02729
1.02856
1.02997
1.03157
1.03336
1.03538
1.03763
1.0402
1.04312
1.04642
1.05017
1.05426
1.05881
1.06385
1.06921
1.07491
1.08073
1.08683
1.09299
1.09856
1.10347
1.10773
1.11084
1.11338
1.11331
1.11305
1.11213
1.1097
1.10519
1.08808
1.08052
1.08127
1.08172
1.0822
1.08293
1.08364
1.08441
1.08562
1.08654
1.08734
1.08853
1.08988
1.09129
1.09275
1.09438
1.09616
1.09808
1.10023
1.10245
1.10469
1.10665
1.1083
1.11005
1.11219
1.11435
1.11627
1.11836
1.11886
1.11891
1.11898
1.11903
1.11884
1.11804
1.11616
1.11287
1.10693
1.09745
1.08382
1.06828
1.04025
1.12135
1.12153
1.12163
1.12157
1.12147
1.12155
1.12174
1.12192
1.12204
1.122
1.12205
1.12223
1.1222
1.12223
1.12243
1.1227
1.12307
1.12359
1.12395
1.12389
1.12372
1.12366
1.12366
1.12392
1.12405
1.12384
1.12288
1.12143
1.11984
1.11775
1.11449
1.10917
1.10144
1.09127
1.07898
1.06464
1.04886
1.03207
1.01663
0.99314
1.12676
1.12671
1.12666
1.12658
1.12656
1.12658
1.12651
1.12648
1.12643
1.12621
1.1261
1.12617
1.12611
1.12605
1.12601
1.12595
1.12597
1.12587
1.12542
1.12452
1.12345
1.12227
1.12063
1.11819
1.11477
1.11038
1.10555
1.10033
1.09375
1.08567
1.07604
1.06503
1.05257
1.04012
1.0269
1.01357
0.999835
0.986117
0.973525
0.953399
1.11964
1.11948
1.11933
1.11908
1.11878
1.11849
1.11817
1.1178
1.11732
1.11674
1.11599
1.11505
1.11401
1.11273
1.11107
1.10912
1.10674
1.10404
1.10083
1.09731
1.09344
1.0891
1.08435
1.0788
1.07269
1.06624
1.05921
1.05201
1.04338
1.03378
1.02388
1.01354
1.00313
0.992742
0.982161
0.97103
0.960723
0.949661
0.940768
0.925606
1.08306
1.08256
1.08184
1.08084
1.07999
1.07897
1.0777
1.07667
1.07549
1.07387
1.07215
1.07042
1.06843
1.06605
1.06348
1.06068
1.05764
1.05429
1.05066
1.04682
1.04264
1.03831
1.03319
1.02755
1.02169
1.0146
1.00875
1.00232
0.994102
0.985712
0.977845
0.96929
0.960999
0.951686
0.942605
0.932874
0.923559
0.914189
0.905853
0.895477
1.03105
1.03051
1.02972
1.02877
1.02792
1.02685
1.02551
1.02445
1.02325
1.02158
1.01986
1.01822
1.01625
1.01402
1.01175
1.00929
1.00657
1.00356
1.00019
0.996447
0.99264
0.988519
0.983903
0.979005
0.975117
0.970486
0.964975
0.957407
0.951666
0.946423
0.940319
0.934054
0.92773
0.921643
0.915581
0.909557
0.90308
0.897344
0.891478
0.884948
0.981065
0.980545
0.97977
0.979027
0.978315
0.977381
0.976424
0.975587
0.974528
0.973069
0.971546
0.969942
0.968027
0.965923
0.963703
0.961207
0.95868
0.956129
0.952726
0.950092
0.948332
0.946008
0.942518
0.938991
0.935208
0.928536
0.923726
0.919999
0.916078
0.911129
0.905968
0.900957
0.89607
0.891992
0.888515
0.885785
0.884393
0.884015
0.884121
0.88461
0.936765
0.936418
0.935934
0.935399
0.934699
0.93354
0.93273
0.932718
0.932351
0.931203
0.930489
0.929805
0.928753
0.927475
0.926887
0.926081
0.924564
0.922631
0.920229
0.917463
0.915034
0.91195
0.908418
0.907622
0.907118
0.904891
0.902738
0.900059
0.896662
0.893823
0.891602
0.889166
0.886754
0.884001
0.881091
0.879585
0.878661
0.87869
0.879151
0.883916
0.906477
0.906068
0.905692
0.905326
0.904843
0.904206
0.903457
0.902483
0.90116
0.899856
0.898753
0.896905
0.896009
0.896052
0.895587
0.894542
0.893715
0.892835
0.890883
0.888684
0.887289
0.88554
0.884425
0.884468
0.884969
0.884873
0.883554
0.881673
0.880813
0.880778
0.881104
0.881834
0.882445
0.88234
0.881934
0.880979
0.879425
0.878658
0.879714
0.90499
0.890825
0.890267
0.889702
0.889752
0.889986
0.889852
0.889171
0.887964
0.886679
0.885663
0.884816
0.884122
0.883612
0.883509
0.883504
0.883654
0.884277
0.884745
0.884933
0.885314
0.88514
0.884012
0.882411
0.880721
0.880068
0.879816
0.878975
0.877899
0.877832
0.878148
0.87839
0.878525
0.878864
0.879772
0.880964
0.880828
0.880622
0.882911
0.896322
0.952001
0.877965
0.877943
0.878009
0.878317
0.878739
0.878829
0.878641
0.878492
0.878476
0.878437
0.878438
0.878611
0.878895
0.879149
0.879497
0.879935
0.880443
0.881113
0.88222
0.883428
0.883722
0.883412
0.882596
0.88187
0.881247
0.880734
0.879693
0.879167
0.879114
0.879099
0.878952
0.878702
0.878596
0.878799
0.879613
0.881282
0.88864
0.910353
0.950126
0.995345
0.876414
0.876421
0.87647
0.876572
0.876653
0.876752
0.876856
0.877032
0.877327
0.877493
0.877655
0.878012
0.878596
0.878966
0.879001
0.878858
0.878536
0.878487
0.878744
0.879586
0.88033
0.880549
0.880541
0.880397
0.880357
0.880532
0.880915
0.881334
0.881567
0.881397
0.880637
0.879625
0.879525
0.880024
0.88313
0.895448
0.929003
0.967913
0.990257
1.00305
0.880166
0.880079
0.880002
0.880002
0.880001
0.880002
0.880019
0.880056
0.880064
0.880037
0.880036
0.880115
0.880167
0.880163
0.880136
0.879864
0.87927
0.879071
0.879002
0.878932
0.879052
0.879356
0.879779
0.879948
0.880069
0.880563
0.881361
0.882054
0.882312
0.882256
0.881714
0.881208
0.882168
0.888101
0.909376
0.945618
0.982905
1.00578
1.00889
1.00716
0.882874
0.882819
0.88276
0.882701
0.882646
0.882598
0.882554
0.882502
0.882442
0.88237
0.882279
0.882172
0.882031
0.881859
0.881683
0.881416
0.880989
0.880547
0.880141
0.879794
0.879619
0.879655
0.879815
0.879915
0.880009
0.880384
0.881209
0.881901
0.88225
0.882106
0.882541
0.885825
0.900489
0.931063
0.964126
0.992258
0.998429
1.00829
1.0108
1.00956
0.883084
0.883067
0.883044
0.883013
0.882978
0.882941
0.882901
0.882858
0.882806
0.882755
0.882705
0.882649
0.882573
0.882452
0.882303
0.882122
0.881899
0.881731
0.881492
0.881142
0.88083
0.880765
0.880788
0.88086
0.880677
0.880678
0.88089
0.881202
0.881674
0.884369
0.895387
0.920183
0.954121
0.989158
1.00446
1.00998
1.00608
1.007
1.00974
1.00982
0.882083
0.882109
0.882161
0.882197
0.882204
0.882201
0.882197
0.882178
0.882154
0.88216
0.882195
0.88222
0.882214
0.882197
0.882156
0.882098
0.882063
0.882041
0.882076
0.882188
0.882241
0.882307
0.882352
0.882339
0.881954
0.881455
0.881782
0.884157
0.892725
0.914748
0.946665
0.976072
0.994178
1.00078
1.0072
1.01095
1.01001
1.00785
1.0085
1.0096
0.881211
0.881226
0.881242
0.881257
0.881273
0.881298
0.88132
0.88132
0.881316
0.881326
0.881357
0.881409
0.881481
0.881569
0.881679
0.881781
0.881879
0.882044
0.882263
0.882463
0.882683
0.883012
0.883307
0.883417
0.883902
0.886569
0.894626
0.914885
0.942192
0.972203
0.995802
1.00623
1.00889
1.00603
1.00662
1.00933
1.00995
1.00915
1.00874
1.0094
0.881275
0.881262
0.881243
0.881217
0.881184
0.881146
0.881108
0.881063
0.881017
0.880954
0.88089
0.880863
0.880869
0.88089
0.880937
0.88105
0.881222
0.881454
0.881814
0.882127
0.882509
0.88321
0.884818
0.889933
0.900443
0.922375
0.948755
0.970784
0.989611
0.995584
1.0009
1.009
1.0112
1.01026
1.00825
1.00885
1.01017
1.01006
1.00967
1.00993
0.881953
0.881892
0.881825
0.881751
0.881666
0.88157
0.881468
0.881356
0.881238
0.881118
0.881003
0.8809
0.880851
0.880821
0.880823
0.880865
0.880989
0.881281
0.881878
0.883542
0.887068
0.896069
0.910634
0.934242
0.959529
0.980274
0.998498
1.00442
1.00986
1.00963
1.00686
1.00798
1.01051
1.01207
1.01135
1.01039
1.01101
1.01156
1.0113
1.01143
0.883107
0.883039
0.882971
0.882908
0.882842
0.882773
0.882698
0.882626
0.882545
0.882458
0.88235
0.882245
0.882164
0.882267
0.882647
0.883729
0.885913
0.890682
0.898217
0.911833
0.929764
0.951089
0.973339
0.986485
0.998542
1.00119
1.0055
1.01038
1.01544
1.01542
1.01407
1.01169
1.01273
1.01475
1.01438
1.0134
1.01357
1.01419
1.01409
1.01405
0.885135
0.885076
0.885019
0.884959
0.884871
0.884874
0.884937
0.885139
0.885541
0.886308
0.887562
0.889752
0.892954
0.898159
0.904993
0.915143
0.927081
0.942383
0.958875
0.975784
0.993414
1.00482
1.01188
1.01384
1.01545
1.01516
1.0136
1.0147
1.01727
1.01864
1.01819
1.01685
1.01632
1.01717
1.01767
1.01718
1.0168
1.01707
1.01706
1.01689
0.887126
0.887612
0.888627
0.890337
0.892804
0.896231
0.900546
0.906056
0.912426
0.920155
0.92847
0.938144
0.947891
0.958615
0.968948
0.979067
0.98909
0.996653
1.0048
1.00871
1.01195
1.01633
1.0197
1.02219
1.02201
1.02117
1.02067
1.01987
1.02007
1.02099
1.02139
1.021
1.01996
1.01919
1.01987
1.01985
1.01945
1.01916
1.01916
1.01891
0.895765
0.905383
0.915772
0.925872
0.93578
0.945219
0.95463
0.963527
0.972573
0.980896
0.989557
0.997072
1.0051
1.01138
1.01809
1.0226
1.02644
1.02926
1.02913
1.02785
1.02564
1.02023
1.0178
1.01841
1.01965
1.02126
1.02281
1.02243
1.02169
1.02145
1.02223
1.02232
1.0215
1.02032
1.0204
1.02065
1.02042
1.01991
1.0199
1.0196
)
;

boundaryField
{
    inlet
    {
        type            fixedValue;
        value           uniform 1;
    }
    outlet
    {
        type            inletOutlet;
        inletValue      uniform 1;
        value           nonuniform List<scalar> 
60
(
1.00001
1.00058
1.01051
1.05358
1.09543
1.1046
1.08808
1.04025
0.99314
0.953399
0.925606
0.895477
0.884948
0.884611
0.883916
0.90499
0.952001
0.995345
1.00305
1.00716
1.00956
1.00982
1.0096
1.0094
1.00993
1.01143
1.01405
1.01689
1.01891
1.0196
1.01958
1.01888
1.01684
1.01402
1.01142
1.00993
1.0094
1.0096
1.00982
1.00957
1.00717
1.00305
0.995337
0.951981
0.904977
0.883921
0.88461
0.884923
0.895465
0.925607
0.953395
0.993151
1.04025
1.08808
1.10459
1.09544
1.05359
1.01051
1.00058
1.00001
)
;
    }
    airfoil
    {
        type            zeroGradient;
    }
    top_fore
    {
        type            fixedValue;
        value           uniform 1;
    }
    top_wake
    {
        type            fixedValue;
        value           uniform 1;
    }
    bottom_fore
    {
        type            fixedValue;
        value           uniform 1;
    }
    bottom_wake
    {
        type            fixedValue;
        value           uniform 1;
    }
    defaultFaces
    {
        type            empty;
    }
}


// ************************************************************************* //
