/*--------------------------------*- C++ -*----------------------------------*\
  =========                 |
  \\      /  F ield         | OpenFOAM: The Open Source CFD Toolbox
   \\    /   O peration     | Website:  https://openfoam.org
    \\  /    A nd           | Version:  7
     \\/     M anipulation  |
\*---------------------------------------------------------------------------*/
FoamFile
{
    version     2.0;
    format      ascii;
    class       volScalarField;
    location    "2";
    object      T;
}
// * * * * * * * * * * * * * * * * * * * * * * * * * * * * * * * * * * * * * //

dimensions      [0 0 0 1 0 0 0];

internalField   nonuniform List<scalar> 
12750
(
99.9187
100.126
100.217
100.277
100.314
100.351
100.384
100.426
100.446
100.466
100.474
100.472
100.47
100.467
100.457
100.433
100.4
100.38
100.361
100.348
100.342
100.373
100.407
100.394
100.378
100.333
100.283
100.238
100.122
99.952
99.2801
99.272
99.2607
99.2658
99.3393
99.4969
99.7678
99.9827
100.206
100.353
100.437
100.478
100.544
100.565
100.56
100.541
100.504
100.472
100.425
100.378
100.348
100.369
100.399
100.39
100.376
100.334
100.288
100.254
100.18
100
99.2635
99.2566
99.2502
99.2446
99.2419
99.2432
99.2434
99.243
99.2423
99.239
99.4572
99.7577
100.037
100.302
100.482
100.609
100.603
100.57
100.521
100.465
100.387
100.374
100.384
100.379
100.371
100.328
100.279
100.257
100.214
100.059
99.2457
99.243
99.241
99.2391
99.2392
99.2418
99.2424
99.2422
99.241
99.2354
99.2231
99.2114
99.2072
99.2081
99.3729
99.9722
100.367
100.465
100.58
100.575
100.503
100.41
100.404
100.399
100.385
100.325
100.272
100.25
100.226
100.125
99.2375
99.2383
99.2386
99.2379
99.2383
99.2406
99.2408
99.2387
99.2318
99.2206
99.2074
99.1988
99.2022
99.2063
99.2073
99.2055
99.201
99.2214
99.8512
100.486
100.594
100.533
100.495
100.479
100.437
100.32
100.242
100.221
100.216
100.18
99.2349
99.2367
99.2375
99.2364
99.2354
99.2332
99.2274
99.2188
99.2109
99.203
99.1958
99.1951
99.2012
99.2055
99.2066
99.2075
99.2123
99.217
99.2244
99.2774
100.155
100.606
100.605
100.581
100.453
100.231
100.188
100.181
100.194
100.195
99.2343
99.2331
99.2289
99.2206
99.2118
99.2062
99.2017
99.1985
99.1971
99.1962
99.1952
99.1993
99.2032
99.205
99.2097
99.2186
99.2276
99.2367
99.2521
99.262
99.2713
99.9209
100.336
100.305
100.028
99.7619
100.026
100.146
100.181
100.181
99.2151
99.2088
99.2013
99.1947
99.1918
99.1918
99.1921
99.1922
99.1934
99.1998
99.2103
99.2158
99.2145
99.2187
99.2309
99.2389
99.2426
99.2518
99.2689
99.2884
99.3003
99.3117
99.3282
99.3477
99.3876
99.4281
99.7492
100.119
100.161
100.161
99.1978
99.1936
99.1889
99.1877
99.1879
99.1888
99.191
99.1931
99.2007
99.2178
99.2371
99.2395
99.239
99.2396
99.2442
99.2533
99.2682
99.283
99.2945
99.3124
99.3273
99.3352
99.3522
99.373
99.4134
99.4603
99.5224
99.9319
100.14
100.14
99.1916
99.1902
99.1877
99.1881
99.1905
99.1974
99.2077
99.2199
99.2339
99.249
99.2605
99.2613
99.2575
99.2537
99.2574
99.2784
99.3069
99.3261
99.3307
99.3373
99.3477
99.3555
99.3662
99.3858
99.4218
99.4845
99.5298
99.6142
100.013
100.093
99.2001
99.2061
99.2139
99.2216
99.2319
99.2441
99.2528
99.2596
99.264
99.268
99.2736
99.2739
99.2756
99.2836
99.3032
99.329
99.3456
99.361
99.3606
99.3598
99.3666
99.3839
99.3978
99.411
99.4336
99.4859
99.5477
99.5899
99.7064
100.021
99.2577
99.2648
99.2698
99.274
99.2778
99.2793
99.2803
99.2834
99.2834
99.284
99.291
99.3074
99.3283
99.3437
99.3587
99.3711
99.3741
99.3791
99.384
99.3902
99.404
99.4219
99.4411
99.4492
99.4561
99.4881
99.5481
99.6063
99.6383
99.8239
99.3012
99.3046
99.3078
99.3108
99.3081
99.3041
99.3061
99.3141
99.3251
99.338
99.3547
99.3723
99.3849
99.3881
99.3909
99.3946
99.3961
99.3989
99.4091
99.4274
99.4445
99.4571
99.4704
99.4809
99.4863
99.5025
99.5489
99.6071
99.658
99.6869
99.3402
99.3462
99.3536
99.361
99.363
99.3648
99.3711
99.3807
99.3885
99.3972
99.4053
99.4132
99.4189
99.4176
99.4151
99.4179
99.4284
99.441
99.4524
99.4668
99.4785
99.4859
99.4938
99.505
99.517
99.5328
99.5608
99.6161
99.6712
99.6993
99.3957
99.403
99.4124
99.4229
99.4269
99.4262
99.4265
99.4296
99.4345
99.4399
99.4397
99.4407
99.447
99.4554
99.4609
99.468
99.4806
99.4939
99.5032
99.5094
99.5113
99.5118
99.5155
99.526
99.5429
99.5651
99.592
99.6289
99.6819
99.7172
99.4528
99.4549
99.4601
99.4704
99.4785
99.4784
99.4759
99.4763
99.4798
99.4853
99.4901
99.4952
99.503
99.5125
99.5197
99.5257
99.532
99.5368
99.5416
99.5453
99.5467
99.5485
99.5518
99.56
99.5742
99.5952
99.6246
99.661
99.6994
99.7321
99.5181
99.518
99.5194
99.5248
99.5351
99.5433
99.5433
99.5429
99.544
99.5468
99.5513
99.5556
99.5599
99.5646
99.567
99.5683
99.5701
99.5718
99.5746
99.5798
99.5878
99.5973
99.6061
99.6116
99.6163
99.6263
99.6489
99.6861
99.7224
99.7549
99.5905
99.587
99.5868
99.5882
99.5937
99.6023
99.6068
99.6066
99.604
99.6033
99.6053
99.6087
99.6105
99.6132
99.6161
99.6176
99.6201
99.6248
99.6299
99.6344
99.6399
99.6454
99.6508
99.6535
99.6547
99.6584
99.6706
99.6987
99.7357
99.7728
99.6701
99.6638
99.6601
99.6603
99.6621
99.6673
99.673
99.6744
99.6727
99.6705
99.6709
99.6728
99.6752
99.677
99.6788
99.6807
99.6826
99.685
99.6872
99.688
99.6875
99.6859
99.6842
99.6841
99.6846
99.6877
99.6948
99.7105
99.7458
99.7873
99.75
99.7481
99.7412
99.7367
99.7362
99.7379
99.7425
99.745
99.7441
99.7397
99.7383
99.7388
99.7387
99.7383
99.7379
99.7369
99.7354
99.734
99.7333
99.7325
99.7307
99.7298
99.7288
99.7278
99.7287
99.7324
99.7407
99.7532
99.7682
99.7982
99.8283
99.8286
99.8263
99.8181
99.8132
99.8129
99.8153
99.8167
99.8161
99.8123
99.8087
99.8067
99.8052
99.8037
99.8019
99.7989
99.7961
99.7938
99.792
99.7902
99.7871
99.7849
99.7835
99.7799
99.7755
99.7754
99.7796
99.7913
99.8067
99.8312
99.8991
99.8991
99.8982
99.8919
99.8861
99.8863
99.887
99.8858
99.8815
99.8771
99.8757
99.8741
99.8706
99.8661
99.8628
99.8595
99.8556
99.8516
99.8471
99.8431
99.839
99.8339
99.8287
99.8223
99.8161
99.8143
99.8142
99.8173
99.8252
99.8484
99.9471
99.9472
99.9472
99.9445
99.9393
99.9388
99.9389
99.9381
99.9351
99.9307
99.929
99.9276
99.9247
99.9205
99.9168
99.9132
99.9091
99.9049
99.9
99.8947
99.8897
99.8836
99.8772
99.8713
99.864
99.8584
99.8567
99.8561
99.8569
99.8693
99.9692
99.9693
99.9693
99.9681
99.9661
99.9661
99.9659
99.9653
99.9641
99.9621
99.961
99.9602
99.9584
99.9558
99.9536
99.9513
99.9482
99.9448
99.941
99.9364
99.9315
99.926
99.9194
99.9133
99.9065
99.8988
99.8952
99.8944
99.8952
99.903
99.9772
99.9773
99.9771
99.9765
99.9762
99.9763
99.9763
99.9762
99.9757
99.9751
99.9748
99.9746
99.9739
99.9728
99.972
99.9711
99.9697
99.9679
99.9659
99.9634
99.9603
99.9568
99.9526
99.948
99.9436
99.9385
99.9338
99.9304
99.9289
99.9327
99.9828
99.9828
99.9829
99.9827
99.9823
99.9822
99.9823
99.9824
99.9824
99.9823
99.9821
99.982
99.9819
99.9817
99.9815
99.9813
99.981
99.9805
99.9799
99.9792
99.9782
99.977
99.9757
99.9741
99.9724
99.9702
99.9675
99.9652
99.9638
99.9651
99.9902
99.9903
99.9903
99.9903
99.9899
99.9896
99.9896
99.9897
99.9897
99.9896
99.9895
99.9894
99.9895
99.9894
99.9894
99.9895
99.9896
99.9896
99.9897
99.9899
99.99
99.9902
99.9905
99.9908
99.9908
99.9907
99.9902
99.9894
99.9886
99.9888
99.9972
99.9972
99.9972
99.9972
99.9971
99.9969
99.9968
99.9968
99.9968
99.9966
99.9966
99.9965
99.9965
99.9964
99.9964
99.9965
99.9966
99.9967
99.9968
99.997
99.9973
99.9976
99.9979
99.9982
99.9985
99.9986
99.9986
99.9986
99.9984
99.9984
99.9998
99.9998
99.9997
99.9997
99.9997
99.9997
99.9997
99.9997
99.9996
99.9996
99.9996
99.9996
99.9996
99.9996
99.9996
99.9996
99.9996
99.9996
99.9996
99.9997
99.9997
99.9998
99.9998
99.9999
99.9999
99.9999
99.9999
99.9999
99.9999
99.9999
100
100
100
100
100
100
100
100
100
100
100
100
100
100
100
100
100
100
100
100
100
100
100
100
100
100
100
100
100
100
100
100
100
100
100
100
100
100
100
100
100
100
100
100
100
100
100
100
100
100
100
100
100
100
100
100
100
100
100
100
100
100
100
100
100
100
100
100
100
100
100
100
100
100
100
100
100
100
100
100
100
100
100
100
100
100
100
100
100
100
100
100
100
100
100
100
100
100
100
100
100
100
100
100
100
100
100
100
100
100
100
100
100
100
100
100
100
100
100
100
100
100
100
100
100
100
100
100
100
100
100
100
100
100
100
100
100
100
100
100
100
100
100
100
100
100
100
100
100
100
100
100
100
100
100
100
100
100
100
100
100
100
100
100
100
100
100
100
100
100
100
100
100
100
100
100
100
100
100
100
99.2963
99.2888
99.2712
99.2504
99.2377
99.2327
99.2341
99.2207
99.2042
99.1938
99.1958
99.2484
99.296
99.3366
99.3924
99.4524
99.5217
99.5971
99.6731
99.75
99.8281
99.899
99.9479
99.9695
99.9772
99.9827
99.9902
99.9974
99.9998
100
100
100
100
100
100
99.2963
99.2865
99.2674
99.2477
99.236
99.2301
99.231
99.2182
99.2077
99.2004
99.2011
99.2518
99.3023
99.3471
99.4078
99.4733
99.5419
99.612
99.6848
99.7613
99.8396
99.9095
99.954
99.9714
99.9777
99.983
99.991
99.9979
99.9999
100
100
100
100
100
100
99.2958
99.2855
99.267
99.2476
99.2359
99.2296
99.2292
99.2175
99.21
99.2062
99.2046
99.2489
99.3067
99.36
99.4228
99.4846
99.5485
99.6166
99.6891
99.7666
99.8474
99.9184
99.9589
99.9727
99.9779
99.9834
99.9918
99.9983
99.9999
100
100
100
100
100
100
99.2941
99.2839
99.2675
99.2491
99.2373
99.2313
99.225
99.2116
99.2102
99.2106
99.2107
99.2507
99.3174
99.3703
99.4293
99.4891
99.5516
99.6193
99.6931
99.779
99.8665
99.9312
99.9634
99.974
99.9786
99.9845
99.9927
99.9986
99.9999
100
100
100
100
100
100
99.2918
99.2833
99.2693
99.2509
99.2385
99.2313
99.2174
99.2003
99.207
99.2141
99.2173
99.2584
99.3233
99.3744
99.4316
99.4907
99.5528
99.628
99.7171
99.8056
99.8823
99.9377
99.9653
99.9746
99.9791
99.985
99.9932
99.9988
99.9999
100
100
100
100
100
100
99.2884
99.2826
99.2704
99.2523
99.2386
99.2298
99.209
99.1916
99.1991
99.2167
99.2241
99.2628
99.3263
99.3767
99.4328
99.4934
99.5719
99.6566
99.7385
99.8174
99.8895
99.9421
99.967
99.9749
99.9792
99.9852
99.9937
99.999
100
100
100
100
100
100
100
99.2857
99.2819
99.2706
99.253
99.2389
99.2295
99.2054
99.1875
99.1941
99.2188
99.2309
99.2661
99.3299
99.381
99.444
99.5198
99.595
99.6698
99.7469
99.8253
99.8972
99.9474
99.9691
99.9753
99.9793
99.9856
99.9945
99.9993
100
100
100
100
100
100
100
99.2848
99.2818
99.27
99.2531
99.2389
99.2302
99.2041
99.1852
99.1878
99.2191
99.2386
99.2711
99.3401
99.4033
99.4704
99.536
99.6043
99.6762
99.7529
99.8329
99.9066
99.954
99.9711
99.9757
99.9795
99.9867
99.9955
99.9994
100
100
100
100
100
100
100
99.2849
99.283
99.2696
99.252
99.2386
99.2315
99.2035
99.1833
99.1836
99.2163
99.2475
99.2872
99.3565
99.417
99.4793
99.5421
99.6087
99.6804
99.7596
99.8484
99.9218
99.96
99.9724
99.9764
99.9805
99.988
99.9961
99.9996
100
100
100
100
100
100
100
99.2877
99.2851
99.269
99.25
99.2387
99.2325
99.2048
99.1826
99.1828
99.2186
99.2581
99.2997
99.3615
99.4194
99.4809
99.544
99.6121
99.6939
99.7878
99.8723
99.9324
99.9631
99.973
99.9767
99.981
99.9885
99.9965
99.9997
100
100
100
100
100
100
100
99.2932
99.2861
99.2668
99.2464
99.2374
99.233
99.2103
99.1843
99.1846
99.2252
99.2654
99.3051
99.3629
99.4195
99.4793
99.5492
99.6368
99.7267
99.8097
99.8834
99.9381
99.9653
99.9734
99.9767
99.9811
99.9891
99.9971
99.9998
100
100
100
100
100
100
100
99.2961
99.2855
99.2619
99.2416
99.2359
99.2333
99.2163
99.1895
99.189
99.2267
99.2691
99.3073
99.3646
99.4225
99.493
99.5785
99.6611
99.741
99.8197
99.892
99.9441
99.9677
99.9739
99.9767
99.9813
99.9901
99.9978
99.9999
100
100
100
100
100
100
100
99.2958
99.2801
99.2557
99.2364
99.2344
99.2335
99.2189
99.1935
99.1918
99.2261
99.2718
99.3112
99.3801
99.4474
99.5225
99.5959
99.6709
99.749
99.8288
99.9019
99.9512
99.9699
99.9743
99.9768
99.9821
99.9916
99.9983
99.9999
100
100
100
100
100
100
100
99.2908
99.2739
99.2523
99.2328
99.2301
99.2303
99.2175
99.194
99.1919
99.2214
99.2757
99.3299
99.4022
99.4678
99.5356
99.6039
99.677
99.7559
99.8405
99.9163
99.9583
99.9714
99.9746
99.9774
99.9835
99.9927
99.9987
99.9999
100
100
100
100
100
100
100
99.2861
99.2713
99.2521
99.2309
99.2216
99.2191
99.2045
99.1925
99.1909
99.2255
99.2902
99.3452
99.413
99.4752
99.5403
99.6084
99.6835
99.7749
99.8662
99.9307
99.9627
99.9721
99.9747
99.9777
99.9841
99.9933
99.9989
100
100
100
100
100
100
100
100
99.2843
99.2711
99.2527
99.2303
99.2149
99.2043
99.1876
99.1918
99.1934
99.2392
99.3033
99.3529
99.4156
99.4779
99.5418
99.6204
99.716
99.8078
99.8839
99.9385
99.9653
99.9726
99.9747
99.9778
99.9847
99.9942
99.9992
100
100
100
100
100
100
100
100
99.2835
99.2711
99.2531
99.2307
99.2117
99.1935
99.1797
99.1919
99.2014
99.2466
99.3077
99.358
99.4153
99.4819
99.5649
99.6577
99.7435
99.8233
99.8944
99.9449
99.9676
99.9729
99.9748
99.9778
99.9856
99.9955
99.9995
100
100
100
100
100
100
100
100
99.2824
99.2716
99.2533
99.2319
99.2113
99.1881
99.1786
99.1983
99.2047
99.2463
99.3077
99.3636
99.4279
99.5115
99.5959
99.6755
99.7553
99.8347
99.9055
99.9521
99.9695
99.9731
99.9749
99.9786
99.9877
99.9966
99.9997
100
100
100
100
100
100
100
100
99.2819
99.2718
99.2526
99.233
99.2126
99.1853
99.1786
99.2007
99.2072
99.2384
99.308
99.3801
99.4614
99.535
99.6085
99.6844
99.765
99.8473
99.9192
99.9589
99.9707
99.9732
99.9751
99.9799
99.9891
99.9972
99.9998
100
100
100
100
100
100
100
100
99.2815
99.2724
99.2522
99.232
99.2125
99.1842
99.1801
99.2021
99.2165
99.2529
99.3376
99.4041
99.4762
99.5431
99.6147
99.6922
99.7789
99.8694
99.934
99.9635
99.9712
99.9731
99.9752
99.9806
99.9901
99.9978
99.9999
100
100
100
100
100
100
100
100
99.2789
99.2713
99.2521
99.2313
99.2118
99.1861
99.186
99.2074
99.2285
99.2772
99.3564
99.4123
99.4797
99.5471
99.6196
99.7125
99.8124
99.8915
99.9432
99.9661
99.9715
99.9729
99.975
99.9811
99.9914
99.9985
99.9999
100
100
100
100
100
100
100
100
99.2694
99.2638
99.2522
99.2321
99.2128
99.1881
99.1874
99.2136
99.2404
99.2833
99.3594
99.4187
99.4803
99.5563
99.6546
99.7532
99.8362
99.9044
99.9497
99.9681
99.9717
99.9728
99.975
99.9822
99.9933
99.999
100
100
100
100
100
100
100
100
100
99.2582
99.2563
99.2527
99.2346
99.2149
99.1887
99.1875
99.2164
99.2465
99.2866
99.358
99.4276
99.5045
99.6003
99.691
99.7733
99.8505
99.9159
99.956
99.9695
99.9719
99.9731
99.9762
99.9849
99.9949
99.9994
100
100
100
100
100
100
100
100
100
99.253
99.2541
99.2525
99.2329
99.2113
99.1858
99.1804
99.2114
99.248
99.2953
99.3667
99.4518
99.5426
99.6252
99.7056
99.7865
99.8651
99.9289
99.9615
99.9703
99.972
99.9735
99.9776
99.9864
99.9957
99.9995
100
100
100
100
100
100
100
100
100
99.2529
99.2575
99.2474
99.2199
99.193
99.1698
99.1619
99.1862
99.2476
99.311
99.4007
99.4811
99.5592
99.6354
99.7162
99.8012
99.885
99.9418
99.9653
99.9706
99.9719
99.9736
99.9783
99.9876
99.9965
99.9997
100
100
100
100
100
100
100
100
100
99.2613
99.2636
99.24
99.2061
99.1744
99.1607
99.153
99.1812
99.26
99.3387
99.4232
99.4917
99.5647
99.6429
99.7314
99.8299
99.9066
99.9509
99.9674
99.9708
99.9718
99.9734
99.9788
99.9891
99.9976
99.9998
100
100
100
100
100
100
100
100
100
99.2778
99.2663
99.2292
99.1939
99.1678
99.1602
99.1536
99.2076
99.2957
99.3542
99.428
99.4954
99.5664
99.6632
99.7718
99.8585
99.9212
99.9569
99.9689
99.971
99.9718
99.9736
99.9801
99.9916
99.9985
99.9999
100
100
100
100
100
100
100
100
100
99.2908
99.2669
99.2212
99.1865
99.1709
99.1737
99.1764
99.2369
99.3121
99.3596
99.4249
99.4992
99.6043
99.7134
99.8024
99.877
99.9329
99.9619
99.9699
99.9712
99.9722
99.9751
99.9833
99.9936
99.999
100
100
100
100
100
100
100
100
100
100
99.2956
99.2661
99.2184
99.1887
99.1878
99.1909
99.1954
99.2452
99.3169
99.3631
99.4426
99.5507
99.6533
99.7409
99.822
99.894
99.9444
99.9659
99.9705
99.9714
99.9728
99.9767
99.9851
99.9947
99.9993
100
100
100
100
100
100
100
100
100
100
99.2926
99.2587
99.2217
99.2044
99.1933
99.1967
99.1979
99.2442
99.319
99.3964
99.4982
99.5907
99.6759
99.7597
99.8422
99.9132
99.9543
99.9683
99.9708
99.9715
99.9731
99.9775
99.9863
99.9957
99.9995
100
100
100
100
100
100
100
100
100
100
99.2711
99.2484
99.2332
99.2061
99.1897
99.1863
99.1972
99.2464
99.3429
99.4391
99.5259
99.6079
99.6924
99.781
99.8689
99.9311
99.961
99.9696
99.9709
99.9714
99.973
99.978
99.9879
99.997
99.9998
100
100
100
100
100
100
100
100
100
100
99.2471
99.2429
99.2392
99.2019
99.1644
99.1712
99.2102
99.2856
99.3762
99.4571
99.5374
99.6221
99.7151
99.8162
99.895
99.9439
99.9652
99.9702
99.9709
99.9714
99.973
99.979
99.9905
99.9982
99.9999
100
100
100
100
100
100
100
100
100
100
99.2405
99.2453
99.2384
99.1905
99.1447
99.1687
99.2349
99.3118
99.3876
99.464
99.5458
99.6491
99.7608
99.8491
99.914
99.9531
99.9679
99.9706
99.971
99.9716
99.9742
99.9825
99.9931
99.9988
99.9999
100
100
100
100
100
100
100
100
100
100
99.2496
99.2617
99.224
99.1489
99.1259
99.1817
99.2461
99.3145
99.3961
99.4711
99.5865
99.7036
99.7962
99.8727
99.9298
99.9605
99.9696
99.9709
99.9712
99.9723
99.9763
99.9847
99.9943
99.9992
100
100
100
100
100
100
100
100
100
100
100
99.2833
99.2693
99.1857
99.1
99.1134
99.1914
99.2617
99.3124
99.4124
99.5303
99.6437
99.7382
99.8223
99.8951
99.9446
99.9656
99.9704
99.9711
99.9716
99.9731
99.9775
99.9862
99.9955
99.9995
100
100
100
100
100
100
100
100
100
100
100
99.3071
99.2604
99.1483
99.0849
99.1069
99.1918
99.2883
99.3653
99.4739
99.5791
99.6748
99.7656
99.8503
99.9186
99.9559
99.9686
99.9708
99.9712
99.9717
99.9734
99.9784
99.988
99.997
99.9997
100
100
100
100
100
100
100
100
100
100
100
99.3084
99.2339
99.1163
99.0891
99.1156
99.1959
99.3198
99.4184
99.5124
99.6058
99.7018
99.7981
99.8831
99.9377
99.9631
99.97
99.9709
99.9712
99.9716
99.9734
99.9796
99.9909
99.9982
99.9999
100
100
100
100
100
100
100
100
100
100
100
99.3042
99.2038
99.0978
99.1038
99.1714
99.2354
99.3448
99.4452
99.5331
99.6319
99.7405
99.8409
99.9104
99.9507
99.9672
99.9706
99.971
99.9712
99.9716
99.9742
99.983
99.9935
99.9989
99.9999
100
100
100
100
100
100
100
100
100
100
100
99.2959
99.187
99.0948
99.142
99.2095
99.2725
99.3513
99.4541
99.556
99.6793
99.7941
99.8756
99.9302
99.9596
99.9694
99.9709
99.9711
99.9713
99.9723
99.9769
99.9858
99.995
99.9993
100
100
100
100
100
100
100
100
100
100
100
100
99.2762
99.1646
99.101
99.1728
99.2234
99.2923
99.3592
99.4616
99.6146
99.7425
99.8344
99.9018
99.9459
99.9656
99.9704
99.971
99.9711
99.9715
99.9733
99.9785
99.9876
99.9963
99.9996
100
100
100
100
100
100
100
100
100
100
100
100
99.2435
99.1347
99.1139
99.1731
99.2234
99.29
99.3908
99.5451
99.6852
99.7866
99.8666
99.9253
99.9578
99.9689
99.9708
99.971
99.9712
99.9718
99.974
99.9798
99.9897
99.9977
99.9998
100
100
100
100
100
100
100
100
100
100
100
100
99.2081
99.131
99.1143
99.1435
99.2256
99.2861
99.465
99.6223
99.7333
99.8249
99.8988
99.9451
99.9651
99.9704
99.971
99.9711
99.9713
99.972
99.9745
99.9816
99.9926
99.9987
99.9999
100
100
100
100
100
100
100
100
100
100
100
100
99.1794
99.1387
99.1094
99.1066
99.2225
99.3787
99.5541
99.6746
99.7772
99.8667
99.9274
99.958
99.9687
99.9709
99.971
99.9711
99.9713
99.9721
99.9755
99.9852
99.9951
99.9993
100
100
100
100
100
100
100
100
100
100
100
100
100
99.1591
99.1512
99.1066
99.0971
99.2507
99.4677
99.6052
99.7224
99.8301
99.905
99.947
99.9654
99.9703
99.971
99.9711
99.971
99.9712
99.9724
99.9785
99.9885
99.9967
99.9996
100
100
100
100
100
100
100
100
100
100
100
100
100
99.1373
99.1579
99.1102
99.124
99.3492
99.5281
99.6629
99.7885
99.8783
99.9322
99.9594
99.9691
99.9708
99.971
99.971
99.9711
99.9714
99.9743
99.9812
99.9908
99.9978
99.9998
100
100
100
100
100
100
100
100
100
100
100
100
100
99.0829
99.1177
99.0844
99.1895
99.4233
99.5936
99.7384
99.8484
99.9144
99.9509
99.9665
99.9707
99.9709
99.971
99.971
99.9711
99.9723
99.9759
99.9834
99.9931
99.9988
99.9999
100
100
100
100
100
100
100
100
100
100
100
100
100
99.0184
99.036
99.057
99.2479
99.4935
99.6723
99.8137
99.8943
99.9405
99.9625
99.9697
99.9711
99.9709
99.9711
99.9711
99.9714
99.9731
99.9773
99.9859
99.9955
99.9994
100
100
100
100
100
100
100
100
100
100
100
100
100
100
99.0083
98.9363
99.0699
99.3593
99.6036
99.7732
99.8724
99.9287
99.9572
99.9681
99.9708
99.9711
99.9708
99.9712
99.9712
99.9718
99.9736
99.979
99.9895
99.9974
99.9997
100
100
100
100
100
100
100
100
100
100
100
100
100
100
99.0729
98.9241
99.1949
99.4948
99.7123
99.8458
99.9158
99.9515
99.9659
99.9703
99.9711
99.9711
99.9708
99.9712
99.9714
99.972
99.9744
99.9824
99.9927
99.9985
99.9999
100
100
100
100
100
100
100
100
100
100
100
100
100
100
99.1404
98.9565
99.3437
99.6483
99.8159
99.9022
99.9459
99.9638
99.9695
99.971
99.9712
99.9711
99.9707
99.9712
99.9715
99.9723
99.9769
99.9861
99.9951
99.9993
100
100
100
100
100
100
100
100
100
100
100
100
100
100
100
98.676
99.1328
99.5263
99.7626
99.885
99.9403
99.9622
99.9691
99.9707
99.9712
99.9712
99.9711
99.9706
99.9712
99.9716
99.9737
99.98
99.9893
99.997
99.9997
100
100
100
100
100
100
100
100
100
100
100
100
100
100
100
98.5246
99.2429
99.6868
99.8661
99.9345
99.9607
99.9688
99.9706
99.971
99.9712
99.9712
99.971
99.9706
99.9712
99.9719
99.9757
99.9829
99.9924
99.9985
99.9999
100
100
100
100
100
100
100
100
100
100
100
100
100
100
100
99.0365
99.5688
99.8242
99.9263
99.9599
99.9687
99.9706
99.9709
99.9711
99.9713
99.9712
99.9709
99.9705
99.9712
99.973
99.9777
99.9862
99.9953
99.9993
100
100
100
100
100
100
100
100
100
100
100
100
100
100
100
100
99.4585
99.7588
99.9163
99.9593
99.9689
99.9708
99.971
99.971
99.9711
99.9713
99.9712
99.9707
99.9706
99.972
99.9742
99.9802
99.9901
99.9974
99.9997
100
100
100
100
100
100
100
100
100
100
100
100
100
100
100
100
99.7852
99.9138
99.9607
99.9695
99.971
99.9711
99.971
99.971
99.9712
99.9713
99.9711
99.9706
99.9708
99.9729
99.9759
99.9841
99.9935
99.9987
99.9999
100
100
100
100
100
100
100
100
100
100
100
100
100
100
100
100
99.9711
99.9711
99.9712
99.9712
99.9712
99.9711
99.971
99.971
99.9712
99.9713
99.971
99.9706
99.9712
99.9742
99.9785
99.9881
99.9962
99.9996
100
100
100
100
100
100
100
100
100
100
100
100
100
100
100
100
100
99.9711
99.9711
99.9711
99.9712
99.9712
99.9712
99.971
99.971
99.9711
99.9713
99.9712
99.9707
99.971
99.9741
99.9788
99.988
99.9962
99.9995
100
100
100
100
100
100
100
100
100
100
100
100
100
100
100
100
100
99.9712
99.9711
99.9711
99.9712
99.9711
99.9712
99.971
99.9709
99.971
99.9712
99.9713
99.9708
99.9712
99.9748
99.9808
99.9906
99.9977
99.9998
100
100
100
100
100
100
100
100
100
100
100
100
100
100
100
100
100
99.9712
99.9712
99.9711
99.9711
99.9711
99.9711
99.9711
99.9709
99.9709
99.9711
99.9714
99.9709
99.9712
99.9755
99.9825
99.9921
99.9983
99.9999
100
100
100
100
100
100
100
100
100
100
100
100
100
100
100
100
100
99.9713
99.9712
99.9711
99.9711
99.9711
99.9711
99.9711
99.9709
99.9709
99.971
99.9715
99.9712
99.9718
99.9768
99.9842
99.9936
99.9988
99.9999
100
100
100
100
100
100
100
100
100
100
100
100
100
100
100
100
100
99.9713
99.9712
99.9711
99.9711
99.9711
99.9712
99.9712
99.9711
99.9709
99.9709
99.9715
99.9717
99.9721
99.9774
99.9858
99.995
99.9992
100
100
100
100
100
100
100
100
100
100
100
100
100
100
100
100
100
100
99.9713
99.9712
99.9711
99.9711
99.9711
99.9712
99.9713
99.9712
99.9709
99.9707
99.9713
99.9719
99.9723
99.9783
99.9879
99.9963
99.9995
100
100
100
100
100
100
100
100
100
100
100
100
100
100
100
100
100
100
99.9713
99.9712
99.9712
99.9711
99.9711
99.9712
99.9713
99.9713
99.9709
99.9706
99.971
99.972
99.9728
99.9804
99.9899
99.9972
99.9997
100
100
100
100
100
100
100
100
100
100
100
100
100
100
100
100
100
100
99.9712
99.9712
99.9712
99.9711
99.9711
99.9712
99.9713
99.9713
99.9709
99.9705
99.9709
99.9723
99.9744
99.9822
99.9915
99.9981
99.9998
100
100
100
100
100
100
100
100
100
100
100
100
100
100
100
100
100
100
99.9712
99.9712
99.9712
99.9711
99.971
99.9711
99.9713
99.9712
99.9709
99.9705
99.9709
99.9731
99.9756
99.9834
99.9931
99.9987
99.9999
100
100
100
100
100
100
100
100
100
100
100
100
100
100
100
100
100
100
99.9712
99.9712
99.9712
99.9711
99.971
99.971
99.9712
99.9712
99.9709
99.9704
99.9709
99.9734
99.9765
99.9853
99.9948
99.9992
100
100
100
100
100
100
100
100
100
100
100
100
100
100
100
100
100
100
100
99.9712
99.9712
99.9712
99.9711
99.971
99.971
99.9712
99.9712
99.971
99.9704
99.9707
99.9735
99.978
99.9878
99.9961
99.9995
100
100
100
100
100
100
100
100
100
100
100
100
100
100
100
100
100
100
100
99.9712
99.9712
99.9712
99.9711
99.971
99.971
99.9711
99.9712
99.9711
99.9704
99.9707
99.9739
99.9802
99.9897
99.9972
99.9997
100
100
100
100
100
100
100
100
100
100
100
100
100
100
100
100
100
100
100
99.9711
99.9712
99.9712
99.9712
99.9711
99.971
99.971
99.9712
99.9713
99.9707
99.9711
99.9753
99.9818
99.9914
99.9981
99.9998
100
100
100
100
100
100
100
100
100
100
100
100
100
100
100
100
100
100
100
99.9712
99.9712
99.9713
99.9712
99.9712
99.971
99.971
99.9712
99.9714
99.9711
99.9715
99.976
99.9833
99.9934
99.9988
99.9999
100
100
100
100
100
100
100
100
100
100
100
100
100
100
100
100
100
100
100
99.9712
99.9712
99.9713
99.9712
99.9712
99.9711
99.971
99.971
99.9715
99.9714
99.9717
99.9766
99.9858
99.9951
99.9992
100
100
100
100
100
100
100
100
100
100
100
100
100
100
100
100
100
100
100
100
99.9712
99.9712
99.9712
99.9712
99.9713
99.9712
99.9709
99.9706
99.9711
99.9715
99.9718
99.9786
99.9883
99.9964
99.9996
100
100
100
100
100
100
100
100
100
100
100
100
100
100
100
100
100
100
100
100
99.9712
99.9712
99.9711
99.9711
99.9712
99.9712
99.9708
99.9704
99.9706
99.9716
99.9732
99.9812
99.9902
99.9975
99.9998
100
100
100
100
100
100
100
100
100
100
100
100
100
100
100
100
100
100
100
100
99.9713
99.9712
99.9711
99.9711
99.9712
99.9712
99.9709
99.9703
99.9705
99.9722
99.9749
99.9826
99.9921
99.9984
99.9999
100
100
100
100
100
100
100
100
100
100
100
100
100
100
100
100
100
100
100
100
99.9713
99.9712
99.971
99.9711
99.9713
99.9713
99.971
99.9703
99.9706
99.973
99.9759
99.9842
99.9942
99.999
99.9999
100
100
100
100
100
100
100
100
100
100
100
100
100
100
100
100
100
100
100
100
99.9714
99.9712
99.971
99.9711
99.9713
99.9714
99.9711
99.9703
99.9706
99.9733
99.977
99.9871
99.9959
99.9994
100
100
100
100
100
100
100
100
100
100
100
100
100
100
100
100
100
100
100
100
100
99.9714
99.9713
99.9711
99.9711
99.9712
99.9714
99.9711
99.9702
99.9704
99.9734
99.9793
99.9897
99.9971
99.9997
100
100
100
100
100
100
100
100
100
100
100
100
100
100
100
100
100
100
100
100
100
99.9714
99.9713
99.9712
99.9711
99.9712
99.9713
99.9711
99.9702
99.9705
99.9742
99.982
99.9916
99.9981
99.9998
100
100
100
100
100
100
100
100
100
100
100
100
100
100
100
100
100
100
100
100
100
99.9713
99.9713
99.9712
99.9712
99.9712
99.971
99.9713
99.9708
99.971
99.9762
99.984
99.9936
99.9989
99.9999
100
100
100
100
100
100
100
100
100
100
100
100
100
100
100
100
100
100
100
100
100
99.9712
99.9713
99.9713
99.9713
99.9711
99.9707
99.9712
99.9711
99.9716
99.9775
99.9862
99.9956
99.9994
100
100
100
100
100
100
100
100
100
100
100
100
100
100
100
100
100
100
100
100
100
100
99.971
99.9713
99.9714
99.9714
99.9709
99.9702
99.9705
99.9713
99.972
99.9792
99.9893
99.9971
99.9997
100
100
100
100
100
100
100
100
100
100
100
100
100
100
100
100
100
100
100
100
100
100
99.9709
99.9713
99.9715
99.9715
99.9708
99.97
99.9701
99.9714
99.9734
99.982
99.9918
99.9981
99.9998
100
100
100
100
100
100
100
100
100
100
100
100
100
100
100
100
100
100
100
100
100
100
99.9709
99.9713
99.9716
99.9715
99.9709
99.9699
99.97
99.9722
99.9756
99.9843
99.9938
99.9989
99.9999
100
100
100
100
100
100
100
100
100
100
100
100
100
100
100
100
100
100
100
100
100
100
99.9709
99.9714
99.9717
99.9716
99.9709
99.9699
99.9701
99.9732
99.9771
99.9865
99.9957
99.9994
100
100
100
100
100
100
100
100
100
100
100
100
100
100
100
100
100
100
100
100
100
100
100
99.9711
99.9714
99.9717
99.9714
99.9708
99.9699
99.9702
99.9735
99.9788
99.9898
99.9974
99.9997
100
100
100
100
100
100
100
100
100
100
100
100
100
100
100
100
100
100
100
100
100
100
100
99.9714
99.9713
99.9715
99.9711
99.9708
99.9698
99.97
99.9741
99.9822
99.9926
99.9984
99.9999
100
100
100
100
100
100
100
100
100
100
100
100
100
100
100
100
100
100
100
100
100
100
100
99.9717
99.9713
99.9713
99.9707
99.9709
99.9703
99.9704
99.9763
99.9853
99.9945
99.9991
99.9999
100
100
100
100
100
100
100
100
100
100
100
100
100
100
100
100
100
100
100
100
100
100
100
99.9719
99.9714
99.971
99.9703
99.971
99.9711
99.9716
99.9784
99.9878
99.9964
99.9996
100
100
100
100
100
100
100
100
100
100
100
100
100
100
100
100
100
100
100
100
100
100
100
100
99.9721
99.9714
99.9707
99.9697
99.9702
99.9715
99.9725
99.9803
99.9909
99.998
99.9998
100
100
100
100
100
100
100
100
100
100
100
100
100
100
100
100
100
100
100
100
100
100
100
100
99.9721
99.9714
99.9705
99.9693
99.9694
99.9714
99.9742
99.9839
99.9939
99.9989
99.9999
100
100
100
100
100
100
100
100
100
100
100
100
100
100
100
100
100
100
100
100
100
100
100
100
99.9721
99.9714
99.9705
99.9691
99.9693
99.9716
99.9771
99.9873
99.9959
99.9994
100
100
100
100
100
100
100
100
100
100
100
100
100
100
100
100
100
100
100
100
100
100
100
100
100
99.9719
99.9714
99.9707
99.9691
99.9694
99.9736
99.9799
99.9899
99.9975
99.9998
100
100
100
100
100
100
100
100
100
100
100
100
100
100
100
100
100
100
100
100
100
100
100
100
100
99.9717
99.9713
99.9709
99.9696
99.9699
99.9749
99.9824
99.9931
99.9987
99.9999
100
100
100
100
100
100
100
100
100
100
100
100
100
100
100
100
100
100
100
100
100
100
100
100
100
99.9716
99.9711
99.9706
99.9701
99.9703
99.9762
99.9864
99.9958
99.9994
100
100
100
100
100
100
100
100
100
100
100
100
100
100
100
100
100
100
100
100
100
100
100
100
100
100
99.9712
99.9706
99.9702
99.9706
99.9711
99.9794
99.9903
99.9975
99.9997
100
100
100
100
100
100
100
100
100
100
100
100
100
100
100
100
100
100
100
100
100
100
100
100
100
100
99.971
99.9699
99.9699
99.9715
99.9734
99.9831
99.9932
99.9987
99.9999
100
100
100
100
100
100
100
100
100
100
100
100
100
100
100
100
100
100
100
100
100
100
100
100
100
100
99.9709
99.9691
99.9693
99.9719
99.9759
99.9867
99.9958
99.9994
100
100
100
100
100
100
100
100
100
100
100
100
100
100
100
100
100
100
100
100
100
100
100
100
100
100
100
99.9708
99.9684
99.9689
99.9725
99.9792
99.9908
99.9979
99.9998
100
100
100
100
100
100
100
100
100
100
100
100
100
100
100
100
100
100
100
100
100
100
100
100
100
100
100
99.9703
99.9682
99.9688
99.9742
99.984
99.9941
99.999
99.9999
100
100
100
100
100
100
100
100
100
100
100
100
100
100
100
100
100
100
100
100
100
100
100
100
100
100
100
99.9702
99.9686
99.9694
99.9779
99.988
99.9965
99.9996
100
100
100
100
100
100
100
100
100
100
100
100
100
100
100
100
100
100
100
100
100
100
100
100
100
100
100
100
99.9691
99.9697
99.9713
99.9814
99.9919
99.9984
99.9999
100
100
100
100
100
100
100
100
100
100
100
100
100
100
100
100
100
100
100
100
100
100
100
100
100
100
100
100
99.9666
99.9711
99.9735
99.9859
99.9955
99.9993
100
100
100
100
100
100
100
100
100
100
100
100
100
100
100
100
100
100
100
100
100
100
100
100
100
100
100
100
100
99.9642
99.9727
99.9784
99.9905
99.9976
99.9997
100
100
100
100
100
100
100
100
100
100
100
100
100
100
100
100
100
100
100
100
100
100
100
100
100
100
100
100
100
99.9625
99.975
99.9836
99.9941
99.999
99.9999
100
100
100
100
100
100
100
100
100
100
100
100
100
100
100
100
100
100
100
100
100
100
100
100
100
100
100
100
100
99.9619
99.9783
99.9886
99.9971
99.9997
100
100
100
100
100
100
100
100
100
100
100
100
100
100
100
100
100
100
100
100
100
100
100
100
100
100
100
100
100
100
99.9642
99.9829
99.9932
99.9988
99.9999
100
100
100
100
100
100
100
100
100
100
100
100
100
100
100
100
100
100
100
100
100
100
100
100
100
100
100
100
100
100
99.9695
99.9872
99.9964
99.9996
100
100
100
100
100
100
100
100
100
100
100
100
100
100
100
100
100
100
100
100
100
100
100
100
100
100
100
100
100
100
100
99.9748
99.9921
99.9987
99.9999
100
100
100
100
100
100
100
100
100
100
100
100
100
100
100
100
100
100
100
100
100
100
100
100
100
100
100
100
100
100
100
99.983
99.9964
99.9997
100
100
100
100
100
100
100
100
100
100
100
100
100
100
100
100
100
100
100
100
100
100
100
100
100
100
100
100
100
100
100
100
99.9928
99.9992
100
100
100
100
100
100
100
100
100
100
100
100
100
100
100
100
100
100
100
100
100
100
100
100
100
100
100
100
100
100
100
100
100
100
100
100
100
100
100
100
100
100
100
100
100
100
100
100
100
100
100
100
100
100
100
100
100
100
100
100
100
100
100
100
100
100
100
100
100
100
100
100
100
100
100
100
100
100
100
100
100
100
100
100
100
100
100
100
100
100
100
100
100
100
100
100
100
100
100
100
100
100
100
100
100
100
100
100
100
100
100
100
100
100
100
100
100
100
100
100
100
100
100
100
100
100
100
100
100
100
100
100
100
100
100
100
100
100
100
100
100
100
100
100
100
100
100
100
100
100
100
100
100
100
100
100
100
100
100
100
100
100
100
100
100
100
100
100
100
100
100
100
100
100
100
100
100
100
100
100
100
100
100
100
100
100
100
100
100
100
100
100
100
100
100
100
100
100
100
100
100
100
100
100
100
100
100
100
100
100
100
100
100
100
100
100
100
100
100
100
100
100
100
100
100
100
100
100
100
100
100
100
100
100
100
100
100
100
100
100
100
100
100
100
100
100
100
100
100
100
100
100
100
100
100
100
100
100
100
100
100
100
100
100
100
100
100
100
100
100
100
100
100
100
100
100
100
100
100
100
100
100
100
100
100
100
100
100
100
100
100
100
100
100
100
100
100
100
100
100
100
100
100
100
100
100
100
100
100
100
100
100
100
100
100
100
100
100
100
100
100
100
100
100
100
100
100
100
100
100
100
100
100
100
100
100
100
100
100
100
100
100
100
100
100
100
100
100
100
100
100
100
100
100
100
100
100
100
100
100
100
100
100
100
100
100
100
100
100
100
100
100
100
100
100
100
100
100
100
100
100
100
100
100
100
100
100
100
100
100
100
100
100
100
100
100
100
100
100
100
100
100
100
100
100
100
100
100
100
100
100
100
100
100
100
100
100
100
100
100
100
100
100
100
100
100
100
100
100
100
100
100
100
100
100
100
100
100
100
100
100
100
100
100
100
100
100
100
100
100
100
100
100
100
100
100
100
100
100
100
100
100
100
100
100
100
100
100
100
100
100
100
100
100
100
100
100
100
100
100
100
100
100
100
100
100
100
100
100
100
100
100
100
100
100
100
100
100
100
100
100
100
100
100
100
100
100
100
100
100
100
100
100
100
100
100
100
100
100
100
100
100
100
100
100
100
100
100
100
100
100
100
100
100
100
100
100
100
100
100
100
100
100
100
100
100
100
100
100
100
100
100
100
100
100
100
100
100
100
100
100
100
100
100
100
100
100
100
100
100
100
100
100
100
100
100
100
100
100
100
100
100
100
100
100
100
100
100
100
100
100
100
100
100
100
100
100
100
100
100
100
100
100
100
100
100
100
100
100
100
100
100
100
100
100
100
100
100
100
100
100
100
100
100
100
100
100
100
100
100
100
100
100
100
100
100
100
100
100
100
100
100
100
100
100
100
100
100
100
100
100
100
100
100
100
100
100
100
100
100
100
100
100
100
100
100
100
100
100
100
100
100
100
100
100
100
100
100
100
100
100
100
100
100
100
100
100
100
100
100
100
100
100
100
100
100
100
100
100
100
100
100
100
100
100
100
100
100
100
100
100
100
100
100
100
100
100
100
100
100
100
100
100
100
100
100
100
100
100
100
100
100
100
100
100
100
100
100
100
100
100
100
100
100
100
100
100
100
100
100
100
100
100
100
100
100
100
100
100
100
100
100
100
100
100
100
100
100
100
100
100
100
100
100
100
100
100
100
100
100
100
100
100
100
100
100
100
100
100
100
100
100
100
100
100
100
100
100
100
100
100
100
100
100
100
100
100
100
100
100
100
100
100
100
100
100
100
100
100
100
100
100
100
100
100
100
100
100
100
100
100
100
100
100
100
100
100
100
100
100
100
100
100
100
100
100
100
100
100
100
100
100
100
100
100
100
100
100
100
100
100
100
100
100
100
100
100
100
100
100
100
100
100
100
100
100
100
100
100
100
100
100
100
100
100
100
100
100
100
100
100
100
100
100
100
100
100
100
100
100
100
100
100
100
100
100
100
100
100
100
100
100
100
100
100
100
100
100
100
100
100
100
100
100
100
100
100
100
100
100
100
100
100
100
100
100
100
100
100
100
100
100
100
100
100
100
100
100
100
100
100
100
100
100
100
100
100
100
100
100
100
100
100
100
100
100
100
100
100
100
100
100
100
100
100
100
100
100
100
100
100
100
100
100
100
100
100
100
100
100
100
100
100
100
100
100
100
100
100
100
100
100
100
100
100
100
100
100
100
100
100
100
100
100
100
100
100
100
100
100
100
100
100
100
100
100
100
100
100
100
100
100
100
100
100
100
100
100
100
100
100
100
100
100
100
100
100
100
100
100
100
100
100
100
100
100
100
100
100
100
100
100
100
100
100
100
100
100
100
100
100
100
100
100
100
100
100
100
100
100
100
100
100
100
100
100
100
100
100
100
100
100
100
100
100
100
100
100
100
100
100
100
100
100
100
100
100
100
100
100
100
100
100
100
100
100
100
100
100
100
100
100
100
100
100
100
100
100
100
100
100
100
100
100
100
100
100
100
100
100
100
100
100
100
100
100
100
100
100
100
100
100
100
100
100
100
100
100
100
100
100
100
100
100
100
100
100
100
100
100
100
100
100
100
100
100
100
100
100
100
100
100
100
100
100
100
100
100
100
100
100
100
100
100
100
100
100
100
100
100
100
100
100
100
100
100
100
100
100
100
100
100
100
100
100
100
100
100
100
100
100
100
100
100
100
100
100
100
100
100
100
100
100
100
100
100
100
100
100
100
100
100
100
100
100
100
100
100
100
100
100
100
100
100
100
100
100
100
100
100
100
100
100
100
100
100
100
100
100
100
100
100
100
100
100
100
100
100
100
100
100
100
100
100
100
100
100
100
100
100
100
100
100
100
100
100
100
100
100
100
100
100
100
100
100
100
100
100
100
100
100
100
100
100
100
100
100
100
100
100
100
100
100
100
100
100
100
100
100
100
100
100
100
100
100
100
100
100
100
100
100
100
100
100
100
100
100
100
100
100
100
100
100
100
100
100
100
100
100
100
100
100
100
100
100
100
100
100
100
100
100
100
100
100
100
100
100
100
100
100
100
100
100
100
100
100
100
100
100
100
100
100
100
100
100
100
100
100
100
100
100
100
100
100
100
100
100
100
100
100
100
100
100
100
100
100
100
100
100
100
100
100
100
100
100
100
100
100
100
100
100
100
100
100
100
100
100
100
100
100
100
100
100
100
100
100
100
100
100
100
100
100
100
100
100
100
100
100
100
100
100
100
100
100
100
100
100
100
100
100
100
100
100
100
100
100
100
100
100
100
100
100
100
100
100
100
100
100
100
100
100
100
100
100
100
100
100
100
100
100
100
100
100
100
100
100
100
100
100
100
100
100
100
100
100
100
100
100
100
100
100
100
100
100
100
100
100
100
100
100
100
100
100
100
100
100
100
100
100
100
100
100
100
100
100
100
100
100
100
100
100
100
100
100
100
100
100
100
100
100
100
100
100
100
100
100
100
100
100
100
100
100
100
100
100
100
100
100
100
100
100
100
100
100
100
100
100
100
100
100
100
100
100
100
100
100
100
100
100
100
100
100
100
100
100
100
100
100
100
100
100
100
100
100
100
100
100
100
100
100
100
100
100
100
100
100
100
100
100
100
100
100
100
100
100
100
100
100
100
100
100
100
100
100
100
100
100
100
100
100
100
100
100
100
100
100
100
100
100
100
100
100
100
100
100
100
100
100
100
100
100
100
100
100
100
100
100
100
100
100
100
100
100
100
100
100
100
100
100
100
100
100
100
100
100
100
100
100
100
100
100
100
100
100
100
100
100
100
100
100
100
100
100
100
100
100
100
100
100
100
100
100
100
100
100
100
100
100
100
100
100
100
100
100
100
100
100
100
100
100
100
100
100
100
100
100
100
100
100
100
100
100
100
100
100
100
100
100
100
100
100
100
100
100
100
100
100
100
100
100
100
100
100
100
100
100
100
100
100
100
100
100
100
100
100
100
100
100
100
100
100
100
100
100
100
100
100
100
100
100
100
100
100
100
100
100
100
100
100
100
100
100
100
100
100
100
100
100
100
100
100
100
100
100
100
100
100
100
100
100
100
100
100
100
100
100
100
100
100
100
100
100
100
100
100
100
100
100
100
100
100
100
100
100
100
100
100
100
100
100
100
100
100
100
100
100
100
100
100
100
100
100
100
100
100
100
100
100
100
100
100
100
100
100
100
100
100
100
100
100
100
100
100
100
100
100
100
100
100
100
100
100
100
100
100
100
100
100
100
100
100
100
100
100
100
100
100
100
100
100
100
100
100
100
100
100
100
100
100
100
100
100
100
100
100
100
100
100
100
100
100
100
100
100
100
100
100
100
100
100
100
100
100
100
100
100
100
100
100
100
100
100
100
100
100
100
100
100
100
100
100
100
100
100
100
100
100
100
100
100
100
100
100
100
100
100
100
100
100
100
100
100
100
100
100
100
100
100
100
100
100
100
100
100
100
100
100
100
100
100
100
100
100
100
100
100
100
100
100
100
100
100
100
100
100
100
100
100
100
100
100
100
100
100
100
100
100
100
100
100
100
100
100
100
100
100
100
100
100
100
100
100
100
100
100
100
100
100
100
100
100
100
100
100
100
100
100
100
100
100
100
100
100
100
100
100
100
100
100
100
100
100
100
100
100
100
100
100
100
100
100
100
100
100
100
100
100
100
100
100
100
100
100
100
100
100
100
100
100
100
100
100
100
100
100
100
100
100
100
100
100
100
100
100
100
100
100
100
100
100
100
100
100
100
100
100
100
100
100
100
100
100
100
100
100
100
100
100
100
100
100
100
100
100
100
100
100
100
100
100
100
100
100
100
100
100
100
100
100
100
100
100
100
100
100
100
100
100
100
100
100
100
100
100
100
100
100
100
100
100
100
100
100
100
100
100
100
100
100
100
100
100
100
100
100
100
100
100
100
100
100
100
100
100
100
100
100
100
100
100
100
100
100
100
100
100
100
100
100
100
100
100
100
100
100
100
100
100
100
100
100
100
100
100
100
100
100
100
100
100
100
100
100
100
100
100
100
100
100
100
100
100
100
100
100
100
100
100
100
100
100
100
100
100
100
100
100
100
100
100
100
100
100
100.084
100
100
100
100
100
100
100
100
100
100
100
100
100
100
100
100
100
100
100
100
100
100
100
100
100
100
100
100
100
100
100
100
100
100
100
100
100
100
100
100.194
100
100
100
100
100
100
100
100
100
100
100
100
100
100
100
100
100
100
100
100
100
100
100
100
100
100
100
100
100
100
100
100
100
100
100
100
100
100
100
100.296
100
100
100
100
100
100
100
100
100
100
100
100
100
100
100
100
100
100
100
100
100
100
100
100
100
100
100
100
100
100
100
100
100
100
100
100
100
100
100
100.383
100
100
100
100
100
100
100
100
100
100
100
100
100
100
100
100
100
100
100
100
100
100
100
100
100
100
100
100
100
100
100
100
100
100
100
100
100
100
100
100.473
100
100
100
100
100
100
100
100
100
100
100
100
100
100
100
100
100
100
100
100
100
100
100
100
100
100
100
100
100
100
100
100
100
100
100
100
100
100
100
100.566
100
100
100
100
100
100
100
100
100
100
100
100
100
100
100
100
100
100
100
100
100
100
100
100
100
100
100
100
100
100
100
100
100
100
100
100
100
100
100
100.64
100
100
100
100
100
100
100
100
100
100
100
100
100
100
100
100
100
100
100
100
100
100
100
100
100
100
100
100
100
100
100
100
100
100
100
100
100
100
100
100.723
99.9992
100
100
100
100
100
100
100
100
100
100
100
100
100
100
100
100
100
100
100
100
100
100
100
100
100
100
100
100
100
100
100
100
100
100
100
100
100
100
100.795
100.091
100
100
100
100
100
100
100
100
100
100
100
100
100
100
100
100
100
100
100
100
100
100
100
100
100
100
100
100
100
100
100
100
100
100
100
100
100
100
100.849
100.253
100
100
100
100
100
100
100
100
100
100
100
100
100
100
100
100
100
100
100
100
100
100
100
100
100
100
100
100
100
100
100
100
100
100
100
100
100
100
100.923
100.444
100
100
100
100
100
100
100
100
100
100
100
100
100
100
100
100
100
100
100
100
100
100
100
100
100
100
100
100
100
100
100
100
100
100
100
100
100
100
100.974
100.618
100
100
100
100
100
100
100
100
100
100
100
100
100
100
100
100
100
100
100
100
100
100
100
100
100
100
100
100
100
100
100
100
100
100
100
100
100
100
101.005
100.721
99.9992
100
100
100
100
100
100
100
100
100
100
100
100
100
100
100
100
100
100
100
100
100
100
100
100
100
100
100
100
100
100
100
100
100
100
100
100
100
101.035
100.819
100.152
100
100
100
100
100
100
100
100
100
100
100
100
100
100
100
100
100
100
100
100
100
100
100
100
100
100
100
100
100
100
100
100
100
100
100
100
100
101.039
100.892
100.474
100
100
100
100
100
100
100
100
100
100
100
100
100
100
100
100
100
100
100
100
100
100
100
100
100
100
100
100
100
100
100
100
100
100
100
100
100
101.035
100.938
100.749
99.9993
100
100
100
100
100
100
100
100
100
100
100
100
100
100
100
100
100
100
100
100
100
100
100
100
100
100
100
100
100
100
100
100
100
100
100
100
101.013
100.93
100.962
100.341
100
100
100
100
100
100
100
100
100
100
100
100
100
100
100
100
100
100
100
100
100
100
100
100
100
100
100
100
100
100
100
100
100
100
100
100
100.979
100.925
101.007
100.74
99.9992
100
100
100
100
100
100
100
100
100
100
100
100
100
100
100
100
100
100
100
100
100
100
100
100
100
100
100
100
100
100
100
100
100
100
100
100.946
100.932
101.009
100.906
100.096
100
100
100
100
100
100
100
100
100
100
100
100
100
100
100
100
100
100
100
100
100
100
100
100
100
100
100
100
100
100
100
100
100
100
100
100.919
100.931
101.005
101.034
100.453
100
100
100
100
100
100
100
100
100
100
100
100
100
100
100
100
100
100
100
100
100
100
100
100
100
100
100
100
100
100
100
100
100
100
100
100.902
100.926
100.995
101.038
100.755
99.9991
100
100
100
100
100
100
100
100
100
100
100
100
100
100
100
100
100
100
100
100
100
100
100
100
100
100
100
100
100
100
100
100
100
100
100.889
100.915
100.983
101.033
100.867
100.049
100
100
100
100
100
100
100
100
100
100
100
100
100
100
100
100
100
100
100
100
100
100
100
100
100
100
100
100
100
100
100
100
100
100
100.88
100.903
100.968
101.028
100.954
100.269
100
100
100
100
100
100
100
100
100
100
100
100
100
100
100
100
100
100
100
100
100
100
100
100
100
100
100
100
100
100
100
100
100
100
100.876
100.903
100.965
101.023
101.002
100.557
100
100
100
100
100
100
100
100
100
100
100
100
100
100
100
100
100
100
100
100
100
100
100
100
100
100
100
100
100
100
100
100
100
100
100.877
100.904
100.962
101.015
101.02
100.741
99.9991
100
100
100
100
100
100
100
100
100
100
100
100
100
100
100
100
100
100
100
100
100
100
100
100
100
100
100
100
100
100
100
100
100
100.879
100.905
100.956
101.004
101.019
100.834
100.07
100
100
100
100
100
100
100
100
100
100
100
100
100
100
100
100
100
100
100
100
100
100
100
100
100
100
100
100
100
100
100
100
100
100.883
100.906
100.952
100.998
101.017
100.878
100.208
100
100
100
100
100
100
100
100
100
100
100
100
100
100
100
100
100
100
100
100
100
100
100
100
100
100
100
100
100
100
100
100
100
100.89
100.91
100.953
100.998
101.017
100.925
100.4
100
100
100
100
100
100
100
100
100
100
100
100
100
100
100
100
100
100
100
100
100
100
100
100
100
100
100
100
100
100
100
100
100
100.897
100.916
100.956
100.996
101.015
100.953
100.574
100
100
100
100
100
100
100
100
100
100
100
100
100
100
100
100
100
100
100
100
100
100
100
100
100
100
100
100
100
100
100
100
100
100.903
100.921
100.959
100.996
101.013
100.972
100.68
99.9991
100
100
100
100
100
100
100
100
100
100
100
100
100
100
100
100
100
100
100
100
100
100
100
100
100
100
100
100
100
100
100
100
100.908
100.924
100.961
100.996
101.01
100.981
100.75
100.045
100
100
100
100
100
100
100
100
100
100
100
100
100
100
100
100
100
100
100
100
100
100
100
100
100
100
100
100
100
100
100
100
100.912
100.928
100.963
100.995
101.009
100.986
100.799
100.157
100
100
100
100
100
100
100
100
100
100
100
100
100
100
100
100
100
100
100
100
100
100
100
100
100
100
100
100
100
100
100
100
100.915
100.931
100.965
100.995
101.009
100.988
100.851
100.325
100
100
100
100
100
100
100
100
100
100
100
100
100
100
100
100
100
100
100
100
100
100
100
100
100
100
100
100
100
100
100
100
100.92
100.935
100.967
100.996
101.008
100.99
100.887
100.485
100
100
100
100
100
100
100
100
100
100
100
100
100
100
100
100
100
100
100
100
100
100
100
100
100
100
100
100
100
100
100
100
100.924
100.939
100.969
100.997
101.009
100.993
100.912
100.594
99.9993
100
100
100
100
100
100
100
100
100
100
100
100
100
100
100
100
100
100
100
100
100
100
100
100
100
100
100
100
100
100
100
100.928
100.942
100.971
100.999
101.009
100.996
100.931
100.665
100.006
100
100
100
100
100
100
100
100
100
100
100
100
100
100
100
100
100
100
100
100
100
100
100
100
100
100
100
100
100
100
100
100.931
100.945
100.974
101.001
101.01
101
100.943
100.719
100.067
100
100
100
100
100
100
100
100
100
100
100
100
100
100
100
100
100
100
100
100
100
100
100
100
100
100
100
100
100
100
100
100.934
100.948
100.979
101.004
101.011
101.004
100.953
100.781
100.219
100
100
100
100
100
100
100
100
100
100
100
100
100
100
100
100
100
100
100
100
100
100
100
100
100
100
100
100
100
100
100
100.937
100.951
100.981
101.006
101.012
101.007
100.964
100.836
100.403
100
100
100
100
100
100
100
100
100
100
100
100
100
100
100
100
100
100
100
100
100
100
100
100
100
100
100
100
100
100
100
100.939
100.952
100.981
101.006
101.013
101.007
100.97
100.866
100.54
100
100
100
100
100
100
100
100
100
100
100
100
100
100
100
100
100
100
100
100
100
100
100
100
100
100
100
100
100
100
100
100.94
100.953
100.981
101.006
101.014
101.006
100.972
100.891
100.615
99.9992
100
100
100
100
100
100
100
100
100
100
100
100
100
100
100
100
100
100
100
100
100
100
100
100
100
100
100
100
100
100
100.941
100.953
100.981
101.006
101.014
101.004
100.975
100.911
100.696
100.041
100
100
100
100
100
100
100
100
100
100
100
100
100
100
100
100
100
100
100
100
100
100
100
100
100
100
100
100
100
100
100.941
100.953
100.981
101.005
101.013
101.003
100.977
100.924
100.774
100.213
100
100
100
100
100
100
100
100
100
100
100
100
100
100
100
100
100
100
100
100
100
100
100
100
100
100
100
100
100
100
100.942
100.954
100.981
101.005
101.013
101.003
100.979
100.932
100.809
100.384
100
100
100
100
100
100
100
100
100
100
100
100
100
100
100
100
100
100
100
100
100
100
100
100
100
100
100
100
100
100
100.944
100.955
100.981
101.005
101.012
101.003
100.979
100.934
100.837
100.482
100
100
100
100
100
100
100
100
100
100
100
100
100
100
100
100
100
100
100
100
100
100
100
100
100
100
100
100
100
100
100.945
100.956
100.981
101.003
101.01
101.003
100.978
100.935
100.869
100.576
99.9992
100
100
100
100
100
100
100
100
100
100
100
100
100
100
100
100
100
100
100
100
100
100
100
100
100
100
100
100
100
100.947
100.956
100.979
101.001
101.009
101.002
100.977
100.939
100.886
100.66
100.018
100
100
100
100
100
100
100
100
100
100
100
100
100
100
100
100
100
100
100
100
100
100
100
100
100
100
100
100
100
100.948
100.955
100.977
100.999
101.007
101.001
100.976
100.94
100.894
100.722
100.099
100
100
100
100
100
100
100
100
100
100
100
100
100
100
100
100
100
100
100
100
100
100
100
100
100
100
100
100
100
100.948
100.954
100.975
100.996
101.005
100.999
100.974
100.939
100.895
100.769
100.23
100
100
100
100
100
100
100
100
100
100
100
100
100
100
100
100
100
100
100
100
100
100
100
100
100
100
100
100
100
100.948
100.954
100.974
100.994
101.003
100.997
100.974
100.938
100.894
100.795
100.36
100
100
100
100
100
100
100
100
100
100
100
100
100
100
100
100
100
100
100
100
100
100
100
100
100
100
100
100
100
100.948
100.954
100.972
100.991
101
100.995
100.974
100.94
100.895
100.814
100.443
100
100
100
100
100
100
100
100
100
100
100
100
100
100
100
100
100
100
100
100
100
100
100
100
100
100
100
100
100
100.948
100.954
100.971
100.989
100.998
100.994
100.976
100.942
100.898
100.836
100.527
100
100
100
100
100
100
100
100
100
100
100
100
100
100
100
100
100
100
100
100
100
100
100
100
100
100
100
100
100
100.947
100.954
100.969
100.988
100.998
100.993
100.976
100.941
100.899
100.85
100.592
99.9991
100
100
100
100
100
100
100
100
100
100
100
100
100
100
100
100
100
100
100
100
100
100
100
100
100
100
100
100
100.947
100.953
100.969
100.987
100.997
100.992
100.976
100.941
100.899
100.859
100.676
100.04
100
100
100
100
100
100
100
100
100
100
100
100
100
100
100
100
100
100
100
100
100
100
100
100
100
100
100
100
100.949
100.957
100.974
100.989
100.996
100.99
100.969
100.932
100.892
100.851
100.657
99.9852
100
100
100
100
100
100
100
100
100
100
100
100
100
100
100
100
100
100
100
100
100
100
100
100
100
100
100
100
100.792
100.89
100.943
100.973
100.99
100.989
100.981
100.95
100.908
100.874
100.789
100.391
100.019
100
100
100
100
100
100
100
100
100
100
100
100
100
100
100
100
100
100
100
100
100
100
100
100
100
100
100
100.562
100.769
100.871
100.929
100.966
100.982
100.98
100.967
100.93
100.893
100.86
100.705
100.24
100.006
100
100
100
100
100
100
100
100
100
100
100
100
100
100
100
100
100
100
100
100
100
100
100
100
100
100
100.299
100.614
100.772
100.859
100.92
100.957
100.971
100.966
100.949
100.913
100.885
100.839
100.611
100.104
100.001
100
100
100
100
100
100
100
100
100
100
100
100
100
100
100
100
100
100
100
100
100
100
100
100
100
100.124
100.459
100.671
100.779
100.858
100.912
100.947
100.955
100.948
100.931
100.901
100.86
100.778
100.422
100.023
100
100
100
100
100
100
100
100
100
100
100
100
100
100
100
100
100
100
100
100
100
100
100
100
100
100.185
100.413
100.577
100.704
100.786
100.858
100.905
100.933
100.938
100.931
100.914
100.875
100.823
100.637
100.162
100.002
100
100
100
100
100
100
100
100
100
100
100
100
100
100
100
100
100
100
100
100
100
100
100
100
100.231
100.363
100.494
100.636
100.721
100.795
100.857
100.897
100.917
100.92
100.912
100.891
100.863
100.778
100.429
100.03
100
100
100
100
100
100
100
100
100
100
100
100
100
100
100
100
100
100
100
100
100
100
100
100
100.251
100.313
100.417
100.551
100.665
100.729
100.808
100.854
100.887
100.9
100.899
100.89
100.882
100.869
100.717
100.228
100.005
100
100
100
100
100
100
100
100
100
100
100
100
100
100
100
100
100
100
100
100
100
100
100
100.302
100.286
100.363
100.469
100.606
100.687
100.751
100.813
100.853
100.876
100.88
100.879
100.879
100.876
100.85
100.578
100.074
100.001
100
100
100
100
100
100
100
100
100
100
100
100
100
100
100
100
100
100
100
100
100
100
100.342
100.271
100.327
100.437
100.537
100.647
100.702
100.769
100.816
100.851
100.858
100.861
100.867
100.869
100.859
100.773
100.341
100.011
100
100
100
100
100
100
100
100
100
100
100
100
100
100
100
100
100
100
100
100
100
100
100.371
100.278
100.301
100.425
100.495
100.603
100.673
100.713
100.771
100.817
100.831
100.835
100.844
100.858
100.856
100.822
100.586
100.082
100.001
100
100
100
100
100
100
100
100
100
100
100
100
100
100
100
100
100
100
100
100
100
100.388
100.288
100.274
100.394
100.466
100.532
100.638
100.679
100.733
100.779
100.802
100.812
100.824
100.844
100.855
100.847
100.722
100.288
100.008
100
100
100
100
100
100
100
100
100
100
100
100
100
100
100
100
100
100
100
100
100
100.404
100.295
100.273
100.355
100.443
100.499
100.596
100.656
100.703
100.755
100.776
100.793
100.808
100.826
100.847
100.858
100.829
100.544
100.067
100
100
100
100
100
100
100
100
100
100
100
100
100
100
100
100
100
100
100
100
100
100.424
100.31
100.277
100.329
100.419
100.49
100.541
100.624
100.678
100.731
100.753
100.769
100.783
100.796
100.823
100.854
100.858
100.768
100.304
100.009
100
100
100
100
100
100
100
100
100
100
100
100
100
100
100
100
100
100
100
100
100.433
100.33
100.292
100.32
100.384
100.473
100.515
100.588
100.646
100.695
100.727
100.739
100.753
100.767
100.791
100.835
100.855
100.842
100.605
100.087
100.001
100
100
100
100
100
100
100
100
100
100
100
100
100
100
100
100
100
100
100
100.434
100.348
100.302
100.315
100.345
100.442
100.502
100.541
100.609
100.663
100.702
100.721
100.736
100.75
100.77
100.809
100.842
100.835
100.742
100.304
100.008
100
100
100
100
100
100
100
100
100
100
100
100
100
100
100
100
100
100
100
100.431
100.357
100.319
100.315
100.323
100.402
100.487
100.515
100.582
100.644
100.679
100.703
100.72
100.733
100.753
100.787
100.825
100.823
100.772
100.484
100.041
100
100
100
100
100
100
100
100
100
100
100
100
100
100
100
100
100
100
100
100.421
100.369
100.339
100.317
100.322
100.385
100.471
100.512
100.56
100.621
100.654
100.68
100.699
100.712
100.727
100.758
100.805
100.82
100.799
100.603
100.136
100.002
100
100
100
100
100
100
100
100
100
100
100
100
100
100
100
100
100
100
100.404
100.376
100.352
100.32
100.323
100.375
100.453
100.509
100.54
100.591
100.623
100.645
100.663
100.684
100.702
100.73
100.778
100.816
100.814
100.713
100.318
100.013
100
100
100
100
100
100
100
100
100
100
100
100
100
100
100
100
100
100
100.395
100.377
100.352
100.32
100.322
100.361
100.421
100.492
100.525
100.555
100.591
100.616
100.641
100.669
100.694
100.719
100.754
100.8
100.813
100.785
100.53
100.071
100
100
100
100
100
100
100
100
100
100
100
100
100
100
100
100
100
100
100.394
100.377
100.347
100.316
100.321
100.348
100.375
100.458
100.51
100.54
100.576
100.605
100.632
100.658
100.684
100.708
100.735
100.779
100.806
100.79
100.662
100.225
100.005
100
100
100
100
100
100
100
100
100
100
100
100
100
100
100
100
100
100.396
100.378
100.345
100.317
100.323
100.347
100.36
100.416
100.491
100.531
100.561
100.59
100.618
100.643
100.666
100.686
100.712
100.758
100.792
100.785
100.705
100.386
100.025
100
100
100
100
100
100
100
100
100
100
100
100
100
100
100
100
100
100.398
100.379
100.346
100.323
100.324
100.345
100.356
100.384
100.46
100.512
100.539
100.569
100.595
100.619
100.635
100.654
100.691
100.735
100.779
100.78
100.73
100.496
100.072
100.001
100
100
100
100
100
100
100
100
100
100
100
100
100
100
100
100
100.399
100.381
100.351
100.33
100.322
100.339
100.35
100.378
100.427
100.481
100.51
100.537
100.56
100.589
100.62
100.65
100.678
100.718
100.765
100.777
100.753
100.586
100.179
100.004
100
100
100
100
100
100
100
100
100
100
100
100
100
100
100
100
100.397
100.38
100.353
100.331
100.315
100.323
100.341
100.378
100.409
100.449
100.482
100.518
100.553
100.586
100.617
100.647
100.673
100.707
100.746
100.769
100.753
100.647
100.309
100.015
100
100
100
100
100
100
100
100
100
100
100
100
100
100
100
100
100.391
100.377
100.353
100.331
100.312
100.311
100.328
100.37
100.399
100.437
100.474
100.515
100.552
100.582
100.608
100.641
100.667
100.693
100.726
100.753
100.749
100.684
100.431
100.054
100
100
100
100
100
100
100
100
100
100
100
100
100
100
100
100
100.385
100.373
100.353
100.334
100.312
100.308
100.318
100.353
100.384
100.427
100.467
100.507
100.544
100.57
100.597
100.618
100.649
100.672
100.704
100.737
100.74
100.7
100.518
100.124
100.002
100
100
100
100
100
100
100
100
100
100
100
100
100
100
100
100.379
100.37
100.355
100.338
100.317
100.309
100.318
100.349
100.368
100.41
100.452
100.489
100.521
100.547
100.57
100.594
100.628
100.658
100.685
100.722
100.733
100.705
100.57
100.222
100.007
100
100
100
100
100
100
100
100
100
100
100
100
100
100
100
100.373
100.368
100.357
100.341
100.326
100.311
100.319
100.347
100.364
100.387
100.427
100.46
100.489
100.52
100.555
100.594
100.621
100.65
100.675
100.709
100.727
100.707
100.603
100.315
100.021
100
100
100
100
100
100
100
100
100
100
100
100
100
100
100
100.368
100.364
100.357
100.342
100.332
100.312
100.318
100.343
100.362
100.381
100.414
100.45
100.486
100.52
100.556
100.591
100.616
100.641
100.668
100.696
100.719
100.707
100.631
100.397
100.056
100
100
100
100
100
100
100
100
100
100
100
100
100
100
100
100.366
100.361
100.355
100.342
100.333
100.313
100.31
100.33
100.355
100.38
100.412
100.45
100.486
100.52
100.552
100.583
100.609
100.631
100.656
100.684
100.708
100.705
100.651
100.468
100.118
100.002
100
100
100
100
100
100
100
100
100
100
100
100
100
100
100.366
100.36
100.351
100.339
100.332
100.315
100.308
100.318
100.34
100.373
100.408
100.446
100.483
100.515
100.542
100.562
100.588
100.618
100.642
100.67
100.696
100.699
100.661
100.521
100.2
100.007
100
100
100
100
100
100
100
100
100
100
100
100
100
100
100.366
100.361
100.349
100.339
100.333
100.32
100.31
100.316
100.322
100.355
100.394
100.432
100.47
100.504
100.527
100.548
100.577
100.608
100.634
100.657
100.684
100.693
100.664
100.548
100.274
100.018
100
100
100
100
100
100
100
100
100
100
100
100
100
100
100.368
100.362
100.35
100.341
100.335
100.327
100.314
100.316
100.318
100.341
100.374
100.411
100.449
100.488
100.52
100.547
100.574
100.602
100.629
100.649
100.673
100.685
100.663
100.568
100.329
100.038
100
100
100
100
100
100
100
100
100
100
100
100
100
100
100.369
100.364
100.351
100.344
100.339
100.336
100.321
100.317
100.319
100.34
100.374
100.411
100.447
100.479
100.514
100.544
100.571
100.597
100.622
100.642
100.661
100.676
100.66
100.583
100.383
100.071
100.001
100
100
100
100
100
100
100
100
100
100
100
100
100
100.368
100.363
100.353
100.347
100.342
100.341
100.329
100.319
100.32
100.341
100.376
100.412
100.448
100.476
100.505
100.535
100.56
100.585
100.609
100.63
100.646
100.662
100.653
100.589
100.424
100.123
100.003
100
100
100
100
100
100
100
100
100
100
100
100
100
100.366
100.364
100.354
100.348
100.344
100.344
100.335
100.321
100.321
100.339
100.375
100.41
100.446
100.474
100.497
100.521
100.542
100.568
100.593
100.612
100.629
100.644
100.642
100.591
100.451
100.174
100.007
100
100
100
100
100
100
100
100
100
100
100
100
100
100.364
100.364
100.355
100.349
100.346
100.347
100.339
100.322
100.323
100.337
100.365
100.4
100.435
100.468
100.492
100.515
100.54
100.565
100.587
100.603
100.616
100.63
100.631
100.589
100.471
100.221
100.014
100
100
100
100
100
100
100
100
100
100
100
100
100
100.364
100.364
100.356
100.35
100.348
100.35
100.343
100.326
100.327
100.338
100.358
100.385
100.417
100.451
100.488
100.516
100.541
100.563
100.584
100.599
100.608
100.62
100.624
100.589
100.483
100.263
100.026
100
100
100
100
100
100
100
100
100
100
100
100
100
100.365
100.365
100.358
100.352
100.351
100.353
100.348
100.333
100.334
100.343
100.359
100.381
100.413
100.445
100.482
100.514
100.538
100.557
100.577
100.593
100.602
100.611
100.617
100.588
100.493
100.299
100.044
100
100
100
100
100
100
100
100
100
100
100
100
100
100.367
100.366
100.359
100.353
100.354
100.355
100.353
100.34
100.339
100.349
100.36
100.382
100.416
100.447
100.477
100.506
100.528
100.545
100.564
100.583
100.595
100.604
100.61
100.586
100.501
100.328
100.07
100.001
100
100
100
100
100
100
100
100
100
100
100
100
100.368
100.366
100.359
100.353
100.353
100.355
100.354
100.344
100.339
100.349
100.359
100.384
100.416
100.448
100.473
100.493
100.511
100.529
100.548
100.567
100.583
100.595
100.602
100.582
100.507
100.352
100.1
100.002
100
100
100
100
100
100
100
100
100
100
100
100
100.371
100.366
100.359
100.353
100.353
100.354
100.354
100.347
100.339
100.346
100.355
100.381
100.411
100.443
100.468
100.486
100.503
100.524
100.545
100.561
100.572
100.581
100.592
100.577
100.509
100.369
100.131
100.005
100
100
100
100
100
100
100
100
100
100
100
100
100.373
100.367
100.36
100.354
100.353
100.354
100.354
100.35
100.34
100.343
100.348
100.372
100.4
100.429
100.455
100.479
100.501
100.524
100.546
100.562
100.569
100.572
100.58
100.571
100.508
100.381
100.159
100.008
100
100
100
100
100
100
100
100
100
100
100
100
100.374
100.367
100.359
100.353
100.353
100.354
100.357
100.354
100.343
100.342
100.347
100.366
100.386
100.411
100.435
100.466
100.496
100.522
100.545
100.562
100.567
100.566
100.568
100.562
100.505
100.388
100.183
100.013
100
100
100
100
100
100
100
100
100
100
100
100
100.374
100.367
100.359
100.353
100.352
100.355
100.36
100.358
100.346
100.342
100.348
100.366
100.38
100.404
100.425
100.45
100.48
100.51
100.536
100.553
100.557
100.556
100.557
100.552
100.5
100.392
100.203
100.02
100
100
100
100
100
100
100
100
100
100
100
100
100.373
100.367
100.359
100.353
100.352
100.354
100.36
100.362
100.35
100.341
100.347
100.365
100.379
100.403
100.425
100.447
100.471
100.493
100.515
100.533
100.536
100.536
100.54
100.539
100.492
100.393
100.222
100.029
100
100
100
100
100
100
100
100
100
100
100
100
100.371
100.367
100.359
100.353
100.352
100.354
100.36
100.364
100.353
100.341
100.345
100.36
100.374
100.401
100.425
100.448
100.471
100.492
100.508
100.516
100.515
100.509
100.514
100.52
100.481
100.392
100.238
100.04
100.001
100
100
100
100
100
100
100
100
100
100
100
100.366
100.365
100.359
100.353
100.353
100.354
100.36
100.365
100.356
100.342
100.344
100.352
100.363
100.391
100.42
100.447
100.472
100.492
100.508
100.513
100.51
100.499
100.494
100.497
100.467
100.388
100.249
100.052
100.001
100
100
100
100
100
100
100
100
100
100
100
100.363
100.363
100.358
100.354
100.354
100.356
100.363
100.369
100.359
100.344
100.344
100.351
100.357
100.38
100.407
100.44
100.467
100.489
100.506
100.511
100.509
100.499
100.49
100.487
100.457
100.384
100.256
100.064
100.001
100
100
100
100
100
100
100
100
100
100
100
100.361
100.361
100.358
100.355
100.356
100.36
100.367
100.374
100.364
100.347
100.348
100.352
100.358
100.381
100.401
100.427
100.455
100.479
100.497
100.505
100.504
100.496
100.487
100.483
100.453
100.38
100.261
100.075
100.002
100
100
100
100
100
100
100
100
100
100
100
100.36
100.36
100.358
100.356
100.357
100.36
100.368
100.374
100.367
100.352
100.35
100.352
100.357
100.381
100.401
100.422
100.442
100.464
100.483
100.492
100.492
100.485
100.479
100.478
100.449
100.377
100.265
100.086
100.003
100
100
100
100
100
100
100
100
100
100
100
100.36
100.359
100.356
100.355
100.356
100.36
100.368
100.374
100.368
100.355
100.349
100.348
100.352
100.377
100.4
100.421
100.441
100.46
100.473
100.48
100.478
100.47
100.463
100.467
100.442
100.373
100.269
100.098
100.004
100
100
100
100
100
100
100
100
100
100
100
100.36
100.358
100.355
100.354
100.355
100.36
100.368
100.374
100.369
100.358
100.348
100.344
100.346
100.366
100.391
100.418
100.441
100.46
100.471
100.474
100.471
100.459
100.448
100.449
100.429
100.364
100.268
100.108
100.006
100
100
100
100
100
100
100
100
100
100
100
100.36
100.358
100.354
100.352
100.354
100.36
100.368
100.374
100.37
100.362
100.349
100.344
100.346
100.36
100.379
100.407
100.435
100.458
100.469
100.471
100.466
100.452
100.439
100.436
100.416
100.355
100.265
100.115
100.008
100
100
100
100
100
100
100
100
100
100
100
100.358
100.357
100.353
100.351
100.353
100.36
100.369
100.374
100.373
100.368
100.354
100.346
100.347
100.361
100.376
100.4
100.423
100.45
100.463
100.464
100.459
100.445
100.432
100.427
100.406
100.347
100.262
100.12
100.009
100
100
100
100
100
100
100
100
100
100
100
100.358
100.355
100.352
100.351
100.354
100.36
100.369
100.375
100.375
100.374
100.36
100.349
100.35
100.362
100.376
100.4
100.42
100.439
100.454
100.456
100.451
100.438
100.424
100.418
100.399
100.342
100.262
100.124
100.011
100
100
100
100
100
100
100
100
100
100
100
100.359
100.354
100.352
100.351
100.354
100.36
100.37
100.375
100.377
100.379
100.366
100.352
100.353
100.364
100.376
100.4
100.42
100.432
100.442
100.446
100.442
100.429
100.416
100.411
100.394
100.339
100.262
100.128
100.012
100
100
100
100
100
100
100
100
100
100
100
100.359
100.353
100.352
100.352
100.354
100.361
100.37
100.376
100.379
100.383
100.373
100.357
100.357
100.367
100.378
100.402
100.422
100.43
100.432
100.432
100.428
100.416
100.404
100.401
100.387
100.335
100.261
100.132
100.013
100
100
100
100
100
100
100
100
100
100
100
100.356
100.351
100.353
100.353
100.356
100.362
100.371
100.378
100.382
100.386
100.378
100.361
100.36
100.37
100.381
100.405
100.422
100.43
100.43
100.426
100.414
100.398
100.387
100.389
100.378
100.329
100.259
100.136
100.015
100
100
100
100
100
100
100
100
100
100
100
100.352
100.349
100.354
100.354
100.357
100.363
100.372
100.379
100.383
100.387
100.381
100.365
100.361
100.37
100.381
100.404
100.421
100.428
100.428
100.422
100.407
100.386
100.371
100.373
100.367
100.323
100.257
100.139
100.016
100
100
100
100
100
100
100
100
100
100
100
100.346
100.345
100.354
100.356
100.359
100.364
100.372
100.379
100.383
100.387
100.382
100.366
100.362
100.368
100.376
100.399
100.418
100.424
100.424
100.417
100.403
100.381
100.36
100.357
100.353
100.316
100.254
100.142
100.018
100
100
100
100
100
100
100
100
100
100
100
100.336
100.338
100.354
100.359
100.361
100.365
100.373
100.378
100.383
100.386
100.382
100.367
100.363
100.368
100.374
100.39
100.41
100.418
100.418
100.413
100.398
100.375
100.351
100.345
100.34
100.306
100.25
100.144
100.02
100
100
100
100
100
100
100
100
100
100
100
100.338
100.328
100.352
100.362
100.365
100.368
100.373
100.378
100.383
100.386
100.381
100.367
100.363
100.369
100.375
100.389
100.402
100.408
100.41
100.408
100.395
100.37
100.347
100.338
100.333
100.3
100.246
100.144
100.022
100
100
100
100
100
100
100
100
100
100
100
100.337
100.319
100.35
100.366
100.37
100.371
100.374
100.378
100.382
100.384
100.379
100.367
100.363
100.369
100.376
100.389
100.398
100.401
100.4
100.399
100.389
100.366
100.344
100.335
100.328
100.295
100.243
100.144
100.023
100
100
100
100
100
100
100
100
100
100
100
100.34
100.308
100.345
100.366
100.372
100.374
100.375
100.376
100.379
100.381
100.376
100.368
100.364
100.369
100.377
100.389
100.393
100.395
100.392
100.387
100.377
100.358
100.336
100.328
100.32
100.288
100.239
100.145
100.025
100
100
100
100
100
100
100
100
100
100
100
100.346
100.299
100.336
100.363
100.371
100.374
100.377
100.377
100.378
100.379
100.376
100.37
100.367
100.371
100.376
100.387
100.389
100.39
100.386
100.378
100.363
100.342
100.32
100.314
100.309
100.28
100.234
100.146
100.027
100.001
100
100
100
100
100
100
100
100
100
100
100.354
100.292
100.323
100.353
100.368
100.373
100.376
100.378
100.379
100.379
100.377
100.374
100.372
100.374
100.376
100.382
100.382
100.384
100.381
100.371
100.352
100.326
100.302
100.295
100.295
100.27
100.228
100.145
100.029
100.001
100
100
100
100
100
100
100
100
100
100
100.352
100.293
100.311
100.337
100.361
100.371
100.374
100.377
100.38
100.38
100.381
100.382
100.381
100.378
100.376
100.376
100.37
100.37
100.368
100.359
100.34
100.312
100.288
100.279
100.279
100.259
100.221
100.144
100.03
100.001
100
100
100
100
100
100
100
100
100
100
100.35
100.297
100.304
100.32
100.349
100.366
100.372
100.377
100.382
100.385
100.388
100.393
100.39
100.38
100.374
100.369
100.357
100.352
100.344
100.335
100.316
100.292
100.272
100.265
100.266
100.249
100.214
100.141
100.031
100.001
100
100
100
100
100
100
100
100
100
100
100.353
100.308
100.299
100.304
100.334
100.359
100.369
100.376
100.384
100.389
100.394
100.399
100.394
100.379
100.368
100.356
100.339
100.332
100.321
100.307
100.286
100.261
100.246
100.245
100.252
100.239
100.208
100.138
100.031
100.001
100
100
100
100
100
100
100
100
100
100
100.348
100.309
100.295
100.291
100.318
100.346
100.364
100.374
100.384
100.393
100.4
100.405
100.397
100.376
100.358
100.341
100.318
100.306
100.294
100.279
100.258
100.235
100.218
100.221
100.235
100.228
100.201
100.135
100.031
100.001
100
100
100
100
100
100
100
100
100
100
100.334
100.302
100.285
100.275
100.3
100.33
100.355
100.373
100.386
100.397
100.408
100.415
100.405
100.378
100.351
100.329
100.302
100.284
100.265
100.247
100.228
100.211
100.198
100.202
100.218
100.215
100.193
100.13
100.03
100.001
100
100
100
100
100
100
100
100
100
100
100.325
100.293
100.276
100.272
100.291
100.319
100.353
100.377
100.394
100.406
100.416
100.419
100.407
100.38
100.346
100.32
100.289
100.267
100.242
100.218
100.197
100.183
100.178
100.184
100.204
100.204
100.185
100.124
100.028
100.001
100
100
100
100
100
100
100
100
100
100
100.322
100.293
100.276
100.278
100.293
100.318
100.356
100.39
100.412
100.42
100.423
100.419
100.404
100.377
100.34
100.303
100.267
100.244
100.217
100.194
100.172
100.159
100.155
100.166
100.191
100.192
100.176
100.116
100.026
100.001
100
100
100
100
100
100
100
100
100
100
100.323
100.297
100.285
100.285
100.299
100.321
100.36
100.393
100.416
100.423
100.422
100.415
100.395
100.363
100.319
100.272
100.234
100.208
100.181
100.163
100.146
100.135
100.133
100.149
100.178
100.181
100.166
100.107
100.022
100.001
100
100
100
100
100
100
100
100
100
100
100.328
100.308
100.299
100.296
100.309
100.326
100.356
100.388
100.41
100.416
100.413
100.398
100.368
100.328
100.28
100.226
100.188
100.163
100.138
100.125
100.115
100.109
100.111
100.133
100.165
100.17
100.156
100.096
100.017
100
100
100
100
100
100
100
100
100
100
100
100.38
100.381
100.366
100.338
100.325
100.33
100.344
100.365
100.381
100.387
100.379
100.352
100.315
100.272
100.221
100.166
100.132
100.113
100.092
100.083
100.08
100.08
100.09
100.122
100.156
100.159
100.144
100.082
100.013
100
100
100
100
100
100
100
100
100
100
100
100.416
100.415
100.413
100.401
100.377
100.341
100.325
100.327
100.326
100.325
100.312
100.28
100.241
100.201
100.15
100.09
100.064
100.054
100.043
100.041
100.044
100.053
100.076
100.116
100.148
100.15
100.131
100.066
100.008
100
100
100
100
100
100
100
100
100
100
100
100.397
100.393
100.382
100.37
100.36
100.339
100.307
100.274
100.254
100.242
100.226
100.198
100.164
100.128
100.077
100.015
99.9954
99.9923
99.9917
100.004
100.018
100.04
100.072
100.114
100.14
100.139
100.114
100.047
100.004
100
100
100
100
100
100
100
100
100
100
100
100.371
100.352
100.323
100.302
100.287
100.273
100.243
100.204
100.17
100.152
100.135
100.115
100.089
100.063
100.029
99.9846
99.969
99.964
99.9665
99.9888
100.008
100.038
100.072
100.113
100.131
100.127
100.093
100.028
100.001
100
100
100
100
100
100
100
100
100
100
100
100.312
100.27
100.227
100.197
100.183
100.167
100.144
100.114
100.082
100.067
100.056
100.046
100.033
100.02
100.007
99.983
99.9694
99.9643
99.967
99.9892
100.006
100.038
100.074
100.112
100.121
100.111
100.066
100.012
100
100
100
100
100
100
100
100
100
100
100
100
100.25
100.179
100.11
100.073
100.062
100.06
100.052
100.041
100.023
100.009
100.004
100.002
100.003
99.9988
99.9942
99.9837
99.9762
99.9719
99.9749
99.9937
100.008
100.042
100.08
100.108
100.108
100.088
100.035
100.003
100
100
100
100
100
100
100
100
100
100
100
100
100.177
100.076
99.9955
99.9692
99.9622
99.9699
99.9803
99.9839
99.9818
99.9745
99.9732
99.9777
99.9845
99.989
99.9914
99.9894
99.9892
99.9868
99.9885
100.004
100.018
100.052
100.086
100.098
100.089
100.053
100.01
100
100
100
100
100
100
100
100
100
100
100
100
100
100.042
99.9643
99.9175
99.8963
99.8917
99.9092
99.9301
99.9421
99.9458
99.9493
99.9546
99.9603
99.9719
99.9818
99.9918
99.9985
100.006
100.006
100.006
100.022
100.04
100.066
100.084
100.081
100.058
100.018
100.001
100
100
100
100
100
100
100
100
100
100
100
100
100
99.9173
99.8967
99.8848
99.8802
99.8799
99.8862
99.8963
99.9053
99.9096
99.9157
99.9263
99.937
99.9529
99.9721
99.9894
100.004
100.017
100.026
100.033
100.044
100.056
100.065
100.063
100.045
100.016
100.002
100
100
100
100
100
100
100
100
100
100
100
100
100
100
)
;

boundaryField
{
    inlet
    {
        type            fixedValue;
        value           uniform 100;
    }
    outlet
    {
        type            inletOutlet;
        inletValue      uniform 100;
        value           nonuniform List<scalar> 
75
(
99.9163
99.8963
99.8846
99.8801
99.8799
99.8862
99.8963
99.9051
99.9094
99.9154
99.9261
99.937
99.953
99.9723
99.9896
100.004
100.017
100.027
100.033
100.045
100.056
100.065
100.063
100.044
100.016
100.002
100
100
100
100
100
100
100
100
100
100
100
100
100
100
99.9505
99.9981
100.056
100.124
100.179
100.195
100.181
100.161
100.14
100.093
100.022
99.8247
99.687
99.6994
99.7173
99.7322
99.755
99.773
99.7876
99.7984
99.8314
99.8487
99.8695
99.9032
99.9329
99.9653
99.9889
99.9984
99.9999
100
100
100
100
100
100
)
;
    }
    airfoil
    {
        type            zeroGradient;
    }
    top
    {
        type            symmetryPlane;
    }
    bottom
    {
        type            symmetryPlane;
    }
    defaultFaces
    {
        type            empty;
    }
}


// ************************************************************************* //
