/*--------------------------------*- C++ -*----------------------------------*\
  =========                 |
  \\      /  F ield         | OpenFOAM: The Open Source CFD Toolbox
   \\    /   O peration     | Website:  https://openfoam.org
    \\  /    A nd           | Version:  7
     \\/     M anipulation  |
\*---------------------------------------------------------------------------*/
FoamFile
{
    version     2.0;
    format      ascii;
    class       volScalarField;
    location    "1.5";
    object      rho;
}
// * * * * * * * * * * * * * * * * * * * * * * * * * * * * * * * * * * * * * //

dimensions      [1 -3 0 0 0 0 0];

internalField   nonuniform List<scalar> 
11200
(
0.182
0.257894
0.346037
0.428321
0.511581
0.593307
0.669887
0.733451
0.751993
0.772144
0.813984
0.842736
0.862299
0.894179
1.0182
1.10219
1.14541
1.20019
1.26549
1.33387
1.3524
1.27693
1.21409
1.21682
1.25822
1.27219
1.26889
1.23624
1.19643
1.18648
0.120497
0.122976
0.136296
0.1732
0.224486
0.323212
0.452221
0.577389
0.693686
0.775417
0.824023
0.84902
0.843713
0.847944
0.938332
1.01217
1.06359
1.14587
1.24065
1.32945
1.32979
1.2574
1.17232
1.15744
1.1977
1.21126
1.19975
1.17797
1.14854
1.14712
0.132484
0.135135
0.138181
0.140913
0.144172
0.147608
0.168438
0.223736
0.34348
0.51179
0.639697
0.787857
0.819548
0.81268
0.871557
0.910101
1.00447
1.17493
1.27569
1.31456
1.30257
1.23736
1.14204
1.10657
1.12201
1.13877
1.12103
1.09901
1.06972
1.08564
0.141326
0.143541
0.145978
0.149172
0.152426
0.155591
0.157481
0.158855
0.15918
0.179384
0.249994
0.428487
0.636275
0.69718
0.747211
0.783312
0.930365
1.22775
1.32371
1.32631
1.30733
1.23149
1.12712
1.08832
1.08923
1.07751
1.05271
1.04041
1.03173
1.06028
0.151264
0.152214
0.153741
0.15602
0.158283
0.15945
0.160362
0.160563
0.160292
0.158803
0.156847
0.158316
0.226428
0.39583
0.53106
0.597606
0.703788
0.966384
1.17801
1.30513
1.31089
1.23674
1.13201
1.09635
1.09579
1.08166
1.05122
1.03357
1.02012
1.04468
0.157352
0.1576
0.158322
0.159398
0.16015
0.160191
0.159867
0.159082
0.157563
0.155355
0.153559
0.153431
0.154099
0.164312
0.213249
0.228734
0.23448
0.315141
0.551572
0.957341
1.24776
1.22957
1.14282
1.12131
1.12669
1.10134
1.04424
1.02022
1.01561
1.0703
0.156935
0.157289
0.157899
0.158332
0.158301
0.158019
0.157356
0.156202
0.154401
0.152784
0.152413
0.152576
0.153845
0.155949
0.159883
0.170302
0.198945
0.260353
0.312122
0.398435
0.732861
1.1436
1.16553
1.16739
1.16714
1.14467
1.09223
1.06022
1.05341
1.09352
0.155494
0.156606
0.157696
0.157813
0.157743
0.157479
0.156912
0.155862
0.154144
0.15386
0.154726
0.155706
0.158244
0.161782
0.165522
0.172972
0.198154
0.253214
0.31597
0.348421
0.36642
0.628028
1.05178
1.21897
1.24776
1.20916
1.14666
1.1021
1.09717
1.12678
0.152835
0.155112
0.157013
0.158073
0.159018
0.15998
0.161053
0.161644
0.16197
0.163001
0.165135
0.168274
0.172696
0.178032
0.18468
0.1953
0.216173
0.260634
0.322141
0.369778
0.387704
0.410344
0.623653
1.02934
1.19394
1.20528
1.18854
1.14975
1.14138
1.15481
0.156198
0.158468
0.161235
0.1646
0.167807
0.17063
0.174282
0.176403
0.17607
0.176125
0.177149
0.180311
0.185699
0.193027
0.20368
0.220065
0.250012
0.29737
0.351116
0.392174
0.419211
0.445424
0.462075
0.550995
0.79754
1.04775
1.12755
1.12773
1.13109
1.14708
0.171893
0.173331
0.176372
0.180576
0.184103
0.188043
0.192641
0.19353
0.191727
0.191509
0.193121
0.197104
0.204341
0.213789
0.224188
0.239201
0.26638
0.308074
0.359207
0.400654
0.42946
0.460039
0.490978
0.496637
0.503167
0.580012
0.737982
0.905481
1.02925
1.10663
0.190896
0.193284
0.197715
0.20356
0.209395
0.214934
0.222512
0.227992
0.230385
0.231972
0.233901
0.237603
0.24374
0.249343
0.254522
0.2625
0.277225
0.307816
0.355426
0.402986
0.434417
0.464902
0.503692
0.516058
0.52766
0.533904
0.533344
0.565488
0.667143
0.895279
0.22714
0.228944
0.231889
0.237329
0.245847
0.255187
0.263468
0.266855
0.266321
0.26317
0.262179
0.264393
0.272153
0.281815
0.291064
0.301797
0.319183
0.346957
0.384678
0.431373
0.468109
0.488908
0.516378
0.556116
0.574494
0.577368
0.574892
0.568418
0.570468
0.652855
0.271221
0.272357
0.274061
0.276481
0.28185
0.291125
0.297945
0.299428
0.298123
0.293798
0.294005
0.298309
0.308753
0.320741
0.330629
0.342987
0.364155
0.399361
0.445677
0.490301
0.52625
0.55307
0.574613
0.599168
0.611225
0.614009
0.60929
0.600162
0.60635
0.655743
0.326685
0.327362
0.328034
0.329043
0.331505
0.336311
0.344294
0.352933
0.355082
0.354369
0.353753
0.354586
0.358288
0.365969
0.374235
0.382826
0.397979
0.427618
0.467606
0.510776
0.550991
0.581622
0.611865
0.639708
0.647488
0.649498
0.646405
0.634517
0.636283
0.679699
0.39183
0.391002
0.390752
0.390845
0.391174
0.392455
0.395753
0.403608
0.409318
0.410045
0.407904
0.407434
0.410571
0.419259
0.428388
0.43689
0.450718
0.472028
0.493715
0.522608
0.560098
0.591681
0.619125
0.64812
0.670043
0.681945
0.686634
0.687476
0.691058
0.73515
0.471033
0.473594
0.473819
0.467229
0.459934
0.459385
0.461287
0.467543
0.478044
0.482701
0.482372
0.48003
0.479125
0.482041
0.490152
0.500224
0.51385
0.535291
0.564474
0.598464
0.636843
0.670828
0.695128
0.7219
0.743025
0.748817
0.74633
0.74602
0.756863
0.804892
0.560541
0.564226
0.56775
0.568776
0.562675
0.547958
0.542933
0.544583
0.552843
0.562166
0.563304
0.561332
0.559054
0.561075
0.566917
0.571034
0.576653
0.592552
0.620504
0.65348
0.688239
0.718826
0.744147
0.773826
0.794344
0.800512
0.800574
0.799418
0.808696
0.864468
0.660015
0.665321
0.670746
0.673701
0.674929
0.671337
0.657232
0.645023
0.644003
0.649988
0.654368
0.65375
0.650912
0.649762
0.652907
0.65712
0.662001
0.670859
0.686239
0.708059
0.734023
0.759371
0.783482
0.813924
0.843042
0.852695
0.8563
0.864228
0.877789
0.937124
0.784638
0.785327
0.784454
0.783485
0.784778
0.78697
0.786172
0.777333
0.762618
0.758145
0.757767
0.756213
0.7508
0.74805
0.749955
0.752969
0.753511
0.756997
0.768605
0.790722
0.819586
0.84711
0.873862
0.907729
0.930597
0.934798
0.936524
0.947543
0.964135
1.02813
0.938003
0.938173
0.937214
0.927053
0.910403
0.907978
0.908957
0.904194
0.896359
0.888059
0.87967
0.874486
0.866087
0.858793
0.859375
0.863523
0.865065
0.864836
0.868991
0.88163
0.900849
0.921941
0.947519
0.983741
1.00536
1.01015
1.01602
1.03024
1.04966
1.1211
1.10731
1.10726
1.10717
1.10051
1.0886
1.07896
1.06388
1.04727
1.04473
1.04128
1.03213
1.0239
1.01461
1.00307
1.00145
1.00296
1.00309
1.00175
1.00348
1.01069
1.02262
1.03848
1.06145
1.09208
1.1056
1.10813
1.11283
1.12863
1.15109
1.22396
1.35791
1.3493
1.33985
1.3251
1.3157
1.30734
1.29388
1.27456
1.26569
1.25865
1.24203
1.22971
1.2212
1.20987
1.20285
1.19887
1.19409
1.18861
1.18574
1.18583
1.1871
1.18867
1.19676
1.21056
1.21799
1.21831
1.21744
1.22924
1.25291
1.31556
1.63904
1.63122
1.62116
1.60467
1.59242
1.58291
1.56867
1.55114
1.53783
1.52553
1.50846
1.48892
1.47364
1.46011
1.44616
1.43301
1.42035
1.40804
1.39769
1.38845
1.37956
1.36951
1.35854
1.3475
1.33538
1.32038
1.31435
1.32152
1.33956
1.37468
1.73954
1.73199
1.72623
1.7192
1.7069
1.69651
1.68638
1.6738
1.6608
1.64818
1.6351
1.61976
1.60436
1.59064
1.57608
1.56066
1.54473
1.52817
1.51258
1.49721
1.48133
1.46568
1.44944
1.43138
1.40873
1.38589
1.37767
1.37982
1.38665
1.3962
1.71971
1.71405
1.70695
1.7025
1.69716
1.68947
1.68089
1.67039
1.66008
1.64946
1.63785
1.62582
1.61202
1.59749
1.58284
1.56628
1.54924
1.53191
1.51408
1.49705
1.47987
1.46166
1.44333
1.42573
1.41164
1.40157
1.39785
1.39797
1.39882
1.39976
1.57486
1.57457
1.57478
1.575
1.5745
1.57271
1.57003
1.56685
1.56285
1.55843
1.55356
1.54784
1.54081
1.53201
1.5221
1.51155
1.50009
1.48778
1.47465
1.46096
1.44717
1.43369
1.42135
1.41114
1.40411
1.40065
1.39997
1.39994
1.39997
1.4
1.43061
1.43137
1.43222
1.43306
1.43377
1.43426
1.43469
1.43514
1.43536
1.43545
1.43534
1.43492
1.43405
1.43262
1.43066
1.42828
1.42544
1.42206
1.41822
1.41413
1.41013
1.40649
1.4035
1.40146
1.40039
1.40006
1.40001
1.4
1.4
1.4
1.4011
1.40114
1.4012
1.40127
1.40135
1.40143
1.4015
1.40159
1.40166
1.40173
1.40179
1.40184
1.40186
1.40184
1.40179
1.40169
1.40154
1.40133
1.40108
1.4008
1.40053
1.40031
1.40014
1.40005
1.40001
1.40001
1.40001
1.40001
1.40001
1.40001
1.40002
1.40002
1.40002
1.40002
1.40002
1.40002
1.40002
1.40002
1.40002
1.40002
1.40003
1.40003
1.40003
1.40003
1.40003
1.40003
1.40003
1.40002
1.40002
1.40002
1.40001
1.40001
1.40001
1.40001
1.40001
1.40001
1.40001
1.40001
1.40001
1.40001
1.40001
1.40001
1.40001
1.40001
1.40001
1.40001
1.40001
1.40001
1.40001
1.40001
1.40001
1.40001
1.40001
1.40001
1.40001
1.40001
1.40001
1.40001
1.40001
1.40001
1.40001
1.40001
1.40001
1.40001
1.40001
1.40001
1.40001
1.40001
1.40001
1.40001
1.40001
1.40001
1.40001
1.40001
1.40001
1.40001
1.40001
1.40001
1.40001
1.40001
1.40001
1.40001
1.40001
1.40001
1.40001
1.40001
1.40001
1.40001
1.40001
1.40001
1.40001
1.40001
1.40001
1.40001
1.40001
1.40001
1.40001
1.40001
1.40001
1.40001
1.40001
1.40001
1.40001
1.40001
1.40001
1.40001
1.40001
1.40001
1.40001
1.40001
1.40001
1.40001
1.40001
1.40001
1.40001
1.40001
1.40001
1.40001
1.40001
1.40001
1.40001
1.40001
1.40001
1.40001
1.40001
1.40001
1.40001
1.40001
1.40001
1.40001
1.40001
1.40001
1.40001
1.40001
1.40001
1.40001
1.40001
1.40001
1.40001
1.40001
1.40001
1.40001
1.40001
1.40001
1.40001
1.40001
1.40001
1.40001
1.40001
1.40001
1.40001
1.40001
1.40001
1.40001
1.40001
1.40001
1.40001
1.40001
1.40001
1.40001
1.40001
1.40001
1.40001
1.40001
1.40001
1.40001
1.40001
1.40001
1.40001
1.40001
1.40001
1.40001
1.40001
1.40001
1.40001
1.40001
1.40001
1.40001
1.40001
1.40001
1.40001
1.40001
1.40001
1.40001
1.40001
1.40001
1.40001
1.40001
1.40001
1.40001
0.115115
0.119425
0.129368
0.138319
0.150308
0.157271
0.156969
0.154657
0.150353
0.153027
0.17108
0.189619
0.225953
0.27039
0.3257
0.391406
0.468233
0.555679
0.656533
0.790317
0.942491
1.12135
1.37644
1.65763
1.7536
1.72707
1.57528
1.42899
1.40106
1.40001
1.40001
1.40001
1.40001
1.40001
1.40001
0.115675
0.122841
0.130291
0.139014
0.153154
0.157837
0.157094
0.152868
0.147844
0.152574
0.176333
0.197956
0.239627
0.284243
0.337558
0.40015
0.475271
0.563363
0.677265
0.827327
0.979225
1.17205
1.43465
1.70502
1.77255
1.73198
1.55843
1.42185
1.40062
1.40001
1.40001
1.40001
1.40001
1.40001
1.40001
0.118563
0.12453
0.129705
0.138818
0.153684
0.157848
0.157128
0.151608
0.146776
0.154009
0.182835
0.207393
0.249796
0.291929
0.343161
0.404101
0.47785
0.577171
0.716113
0.854315
1.00759
1.20877
1.48185
1.74168
1.78848
1.73412
1.54521
1.41737
1.40043
1.40001
1.40001
1.40001
1.40001
1.40001
1.40001
0.120553
0.125753
0.129605
0.138836
0.153603
0.157024
0.15644
0.149879
0.146642
0.157657
0.187258
0.213874
0.256193
0.299377
0.352067
0.415714
0.501513
0.621904
0.745711
0.878042
1.04244
1.24658
1.53054
1.77261
1.80306
1.73293
1.52982
1.41324
1.40028
1.40001
1.40001
1.40001
1.40001
1.40001
1.40001
0.121812
0.125907
0.129325
0.139101
0.153451
0.155325
0.15453
0.147264
0.14681
0.16051
0.188169
0.217925
0.26091
0.30865
0.367984
0.444279
0.538305
0.643939
0.760703
0.902711
1.07391
1.28503
1.57879
1.79741
1.81675
1.72824
1.51414
1.40992
1.40018
1.40001
1.40001
1.40001
1.40001
1.40001
1.40001
0.12223
0.125345
0.128235
0.139901
0.154042
0.154328
0.152216
0.145169
0.146102
0.16313
0.187515
0.222212
0.266803
0.320871
0.385687
0.462842
0.551123
0.651561
0.774943
0.931867
1.10472
1.3321
1.62871
1.81947
1.82875
1.71824
1.49848
1.40727
1.40012
1.40001
1.40001
1.40001
1.40001
1.40001
1.40001
0.122053
0.124276
0.127717
0.140503
0.154829
0.154137
0.150111
0.143907
0.145806
0.166689
0.187932
0.226052
0.271762
0.32702
0.392548
0.468532
0.555553
0.657536
0.797346
0.961361
1.14375
1.38543
1.68034
1.84133
1.83681
1.70467
1.48282
1.40518
1.40008
1.40001
1.40001
1.40001
1.40001
1.40001
1.40001
0.120911
0.123278
0.127885
0.141055
0.154814
0.153722
0.148801
0.143156
0.145973
0.170198
0.189877
0.227699
0.273039
0.3282
0.393872
0.469578
0.558308
0.678366
0.839109
1.00105
1.19599
1.43909
1.73071
1.8598
1.84126
1.68565
1.46834
1.40361
1.40005
1.40001
1.40001
1.40001
1.40001
1.40001
1.40001
0.11957
0.122341
0.128065
0.141199
0.15352
0.152385
0.148134
0.142735
0.145813
0.171786
0.190422
0.227722
0.272772
0.327303
0.392643
0.472326
0.583368
0.733894
0.879897
1.04904
1.24146
1.49417
1.77727
1.87366
1.84402
1.6651
1.45481
1.40244
1.40003
1.40001
1.40001
1.40001
1.40001
1.40001
1.40001
0.118604
0.121996
0.127616
0.140226
0.152946
0.151821
0.148073
0.14303
0.145839
0.173448
0.193139
0.230318
0.277612
0.337031
0.413768
0.513802
0.635838
0.766286
0.913416
1.08487
1.28407
1.55323
1.81735
1.8843
1.84425
1.64066
1.44274
1.40161
1.40002
1.40001
1.40001
1.40001
1.40001
1.40001
1.40001
0.118467
0.122033
0.127393
0.139487
0.152718
0.151751
0.148778
0.145354
0.148287
0.180237
0.207261
0.24791
0.301244
0.368127
0.45063
0.548039
0.657279
0.784527
0.940853
1.11853
1.33521
1.61165
1.85254
1.89416
1.83568
1.61444
1.43247
1.40103
1.40001
1.40001
1.40001
1.40001
1.40001
1.40001
1.40001
0.118694
0.122362
0.127276
0.138931
0.152455
0.151985
0.150164
0.149152
0.153478
0.19
0.221758
0.264191
0.318722
0.385081
0.463514
0.558512
0.668134
0.801615
0.970069
1.15845
1.3924
1.67183
1.88326
1.90398
1.82539
1.58853
1.42422
1.40065
1.40001
1.40001
1.40001
1.40001
1.40001
1.40001
1.40001
0.11974
0.123559
0.126785
0.137979
0.150451
0.152057
0.151369
0.152592
0.159034
0.194537
0.228299
0.271075
0.32561
0.390942
0.468665
0.562539
0.679697
0.831889
1.01105
1.21652
1.45297
1.73506
1.90785
1.91311
1.81345
1.56137
1.41724
1.40039
1.40001
1.40001
1.40001
1.40001
1.40001
1.40001
1.40001
0.122552
0.124398
0.125464
0.137827
0.148461
0.15104
0.15156
0.153778
0.162998
0.195231
0.230642
0.274327
0.329382
0.394442
0.473549
0.573708
0.716071
0.889219
1.07033
1.27645
1.51849
1.79135
1.92583
1.91984
1.79074
1.53319
1.41194
1.40024
1.40001
1.40001
1.40001
1.40001
1.40001
1.40001
1.40001
0.125706
0.12529
0.124659
0.138506
0.148357
0.148963
0.14802
0.151583
0.165212
0.194047
0.231296
0.276441
0.334269
0.405365
0.504497
0.632654
0.778551
0.937721
1.12183
1.32727
1.57928
1.84014
1.93957
1.92152
1.76292
1.50831
1.40804
1.40014
1.40001
1.40001
1.40001
1.40001
1.40001
1.40001
1.40001
0.127552
0.12649
0.125072
0.141353
0.148482
0.146101
0.143716
0.145656
0.166948
0.192803
0.233612
0.28807
0.361816
0.450271
0.555642
0.676194
0.809643
0.972848
1.1627
1.37921
1.64347
1.88596
1.94867
1.91503
1.73347
1.48528
1.40524
1.40008
1.40001
1.40001
1.40001
1.40001
1.40001
1.40001
1.40001
0.127902
0.126903
0.128133
0.145078
0.147553
0.14466
0.142401
0.144218
0.171992
0.204215
0.252984
0.309346
0.386399
0.475675
0.575755
0.695569
0.837603
1.00896
1.20974
1.4466
1.71391
1.92216
1.95429
1.90765
1.6993
1.46514
1.40329
1.40005
1.40001
1.40001
1.40001
1.40001
1.40001
1.40001
1.40001
0.127309
0.126208
0.133649
0.148994
0.14752
0.144149
0.14273
0.148757
0.184125
0.220764
0.264897
0.316502
0.392675
0.483361
0.586126
0.709426
0.870209
1.05967
1.27309
1.51814
1.77909
1.94655
1.9592
1.89695
1.6625
1.44816
1.40201
1.40003
1.40001
1.40001
1.40001
1.40001
1.40001
1.40001
1.40001
0.124505
0.125407
0.137415
0.15162
0.148771
0.144033
0.146915
0.158472
0.191248
0.226405
0.269496
0.321202
0.396263
0.486945
0.596636
0.740982
0.925216
1.1243
1.3452
1.58772
1.83984
1.96421
1.96525
1.87398
1.62401
1.43414
1.40117
1.40002
1.40001
1.40001
1.40001
1.40001
1.40001
1.40001
1.40001
0.120111
0.124211
0.138741
0.15218
0.149355
0.14413
0.150149
0.162816
0.192096
0.230147
0.275039
0.33049
0.405318
0.505386
0.647229
0.818439
0.996285
1.19288
1.4139
1.66298
1.89453
1.9767
1.96798
1.85001
1.58747
1.42374
1.40067
1.40001
1.40001
1.40001
1.40001
1.40001
1.40001
1.40001
1.40001
0.117234
0.124073
0.138721
0.149588
0.146647
0.141572
0.150683
0.164672
0.190161
0.235806
0.290213
0.360561
0.454573
0.575415
0.716277
0.870851
1.04355
1.24951
1.48305
1.73576
1.93481
1.98475
1.96264
1.8213
1.5515
1.41557
1.40037
1.40001
1.40001
1.40001
1.40001
1.40001
1.40001
1.40001
1.40001
0.116696
0.125087
0.136578
0.143421
0.139893
0.137764
0.150121
0.166514
0.196221
0.253102
0.324821
0.404505
0.501374
0.615882
0.748109
0.902182
1.08976
1.31084
1.55494
1.80305
1.96589
1.98935
1.9558
1.78105
1.51774
1.40987
1.4002
1.40001
1.40001
1.40001
1.40001
1.40001
1.40001
1.40001
1.40001
0.11778
0.125569
0.13497
0.1394
0.135779
0.136141
0.14922
0.168823
0.219818
0.27766
0.345064
0.425556
0.520607
0.633536
0.771254
0.938644
1.1497
1.3855
1.63662
1.87095
1.98803
1.99198
1.94488
1.74108
1.48979
1.40608
1.4001
1.40001
1.40001
1.40001
1.40001
1.40001
1.40001
1.40001
1.40001
0.118803
0.125754
0.135496
0.138604
0.135106
0.138357
0.156075
0.182617
0.235766
0.285488
0.34844
0.429029
0.528145
0.648504
0.806448
1.01025
1.23809
1.4756
1.72349
1.92677
1.99975
1.99391
1.92174
1.69707
1.46457
1.40349
1.40005
1.40001
1.40001
1.40001
1.40001
1.40001
1.40001
1.40001
1.40001
0.118681
0.125183
0.13989
0.141131
0.136696
0.144751
0.167138
0.192653
0.238302
0.285687
0.344967
0.425677
0.54051
0.701257
0.893469
1.1042
1.32354
1.56412
1.8001
1.96597
2.00534
1.99453
1.89711
1.64994
1.44489
1.40194
1.40003
1.40001
1.40001
1.40001
1.40001
1.40001
1.40001
1.40001
1.40001
0.115752
0.121819
0.14327
0.144447
0.139718
0.145862
0.169726
0.195263
0.234939
0.284342
0.348205
0.449462
0.618335
0.791834
0.971674
1.17136
1.39756
1.64417
1.86776
1.99271
2.00735
1.99309
1.86992
1.60498
1.42978
1.40103
1.40002
1.40001
1.40001
1.40001
1.40001
1.40001
1.40001
1.40001
1.40001
0.110583
0.118609
0.143896
0.143639
0.140163
0.144612
0.166862
0.198225
0.236782
0.302426
0.403315
0.541022
0.690251
0.845729
1.0253
1.23584
1.48094
1.7307
1.92996
2.00903
2.0093
1.97544
1.82484
1.5595
1.41835
1.40051
1.40001
1.40001
1.40001
1.40001
1.40001
1.40001
1.40001
1.40001
1.40001
0.108466
0.118268
0.143193
0.137369
0.135654
0.144121
0.161349
0.202447
0.267002
0.356673
0.468863
0.589628
0.725214
0.887536
1.08758
1.32679
1.58319
1.81996
1.97604
2.01799
2.01474
1.9625
1.78093
1.52218
1.41129
1.40026
1.40001
1.40001
1.40001
1.40001
1.40001
1.40001
1.40001
1.40001
1.40001
0.108995
0.119338
0.140211
0.131466
0.12877
0.149937
0.171034
0.229185
0.314565
0.398284
0.495348
0.608821
0.757601
0.95417
1.1848
1.43757
1.6838
1.8929
2.00349
2.02236
2.01773
1.95427
1.73993
1.48902
1.40624
1.40012
1.40001
1.40001
1.40001
1.40001
1.40001
1.40001
1.40001
1.40001
1.40001
0.111865
0.124434
0.137109
0.129253
0.1278
0.159367
0.198839
0.262956
0.33789
0.413292
0.503877
0.631457
0.83639
1.06226
1.29539
1.53873
1.7744
1.94984
2.01897
2.02355
2.01426
1.92608
1.68049
1.45728
1.40307
1.40005
1.40001
1.40001
1.40001
1.40001
1.40001
1.40001
1.40001
1.40001
1.40001
0.124626
0.131926
0.135147
0.12758
0.12868
0.164452
0.210035
0.269716
0.338326
0.418619
0.522978
0.724362
0.95271
1.16065
1.38965
1.63593
1.85972
1.99261
2.02748
2.0245
1.99627
1.87213
1.62154
1.43774
1.40161
1.40003
1.40001
1.40001
1.40001
1.40001
1.40001
1.40001
1.40001
1.40001
1.40001
0.138339
0.136472
0.13177
0.12431
0.132466
0.165119
0.210486
0.269496
0.331217
0.443899
0.633238
0.842437
1.03515
1.24437
1.49078
1.74251
1.93373
2.01896
2.03181
2.0262
1.98307
1.83936
1.58124
1.42428
1.40078
1.40001
1.40001
1.40001
1.40001
1.40001
1.40001
1.40001
1.40001
1.40001
1.40001
0.141482
0.137083
0.126193
0.120069
0.135209
0.164368
0.207417
0.273024
0.383298
0.551745
0.732631
0.907633
1.10555
1.35107
1.61176
1.84296
1.98657
2.03109
2.03351
2.02882
1.97889
1.8019
1.53122
1.41253
1.40031
1.40001
1.40001
1.40001
1.40001
1.40001
1.40001
1.40001
1.40001
1.40001
1.40001
0.140001
0.133018
0.119915
0.116119
0.138889
0.17351
0.237157
0.334583
0.479358
0.627427
0.781635
0.966041
1.21677
1.48331
1.73101
1.92312
2.01766
2.03468
2.03344
2.02427
1.95711
1.72833
1.4832
1.40608
1.40013
1.40001
1.40001
1.40001
1.40001
1.40001
1.40001
1.40001
1.40001
1.40001
1.40001
0.133528
0.123196
0.11655
0.115165
0.156679
0.209086
0.297821
0.40285
0.52859
0.665233
0.829533
1.08256
1.36741
1.61428
1.83415
1.98274
2.03355
2.03648
2.03193
2.00632
1.89595
1.6592
1.45473
1.40308
1.40005
1.40001
1.40001
1.40001
1.40001
1.40001
1.40001
1.40001
1.40001
1.40001
1.40001
0.125265
0.114661
0.116366
0.128048
0.187537
0.2473
0.331099
0.430274
0.555127
0.716871
0.959828
1.25429
1.50709
1.73422
1.91956
2.02044
2.04109
2.03978
2.03031
1.98985
1.85983
1.61187
1.43417
1.40139
1.40002
1.40001
1.40001
1.40001
1.40001
1.40001
1.40001
1.40001
1.40001
1.40001
1.40001
0.120871
0.112414
0.125492
0.149622
0.202436
0.258851
0.340839
0.452801
0.614166
0.857379
1.14156
1.39526
1.63367
1.8422
1.98163
2.03835
2.04506
2.04366
2.03362
1.9852
1.82519
1.55563
1.41761
1.40053
1.40001
1.40001
1.40001
1.40001
1.40001
1.40001
1.40001
1.40001
1.40001
1.40001
1.40001
0.120891
0.113091
0.137513
0.160821
0.196164
0.25571
0.351767
0.530536
0.771944
1.02961
1.27547
1.52072
1.76352
1.93023
2.01906
2.04432
2.04669
2.0458
2.03593
1.9794
1.7587
1.49585
1.40768
1.40018
1.40001
1.40001
1.40001
1.40001
1.40001
1.40001
1.40001
1.40001
1.40001
1.40001
1.40001
0.122277
0.112858
0.139571
0.161427
0.181048
0.262759
0.453226
0.681872
0.917453
1.15397
1.40291
1.67155
1.88053
1.99075
2.03806
2.0461
2.04678
2.04509
2.02551
1.91501
1.66687
1.45646
1.40331
1.40006
1.40001
1.40001
1.40001
1.40001
1.40001
1.40001
1.40001
1.40001
1.40001
1.40001
1.40001
0.1262
0.107877
0.125393
0.156965
0.20127
0.380446
0.592215
0.801796
1.03389
1.29252
1.58159
1.82108
1.96865
2.02344
2.04704
2.04738
2.04708
2.03996
2.00029
1.85803
1.60527
1.43329
1.40141
1.40002
1.40001
1.40001
1.40001
1.40001
1.40001
1.40001
1.40001
1.40001
1.40001
1.40001
1.40001
0.124982
0.0979971
0.10331
0.152416
0.305429
0.506171
0.694026
0.922452
1.19767
1.49872
1.76192
1.93373
2.02073
2.03749
2.0521
2.05131
2.0492
2.03387
1.97984
1.81181
1.54655
1.41607
1.40048
1.40001
1.40001
1.40001
1.40001
1.40001
1.40001
1.40001
1.40001
1.40001
1.40001
1.40001
1.40001
0.108546
0.0864209
0.0982455
0.204357
0.414472
0.592424
0.814922
1.11523
1.43018
1.70037
1.89467
2.00563
2.04407
2.04364
2.05576
2.05503
2.05245
2.03569
1.96395
1.73805
1.48253
1.40596
1.40013
1.40001
1.40001
1.40001
1.40001
1.40001
1.40001
1.40001
1.40001
1.40001
1.40001
1.40001
1.40001
0.0877568
0.0776022
0.144862
0.309056
0.498673
0.713353
1.03998
1.36586
1.64267
1.85163
1.98627
2.04368
2.05209
2.04686
2.0586
2.05629
2.05264
2.03558
1.91157
1.63261
1.44029
1.40201
1.40004
1.40001
1.40001
1.40001
1.40001
1.40001
1.40001
1.40001
1.40001
1.40001
1.40001
1.40001
1.40001
0.0563677
0.0903997
0.223598
0.393159
0.608699
0.960322
1.30494
1.59482
1.8167
1.96581
2.03957
2.05854
2.0555
2.04839
2.06137
2.05573
2.04607
1.9966
1.81757
1.55444
1.41928
1.40065
1.40001
1.40001
1.40001
1.40001
1.40001
1.40001
1.40001
1.40001
1.40001
1.40001
1.40001
1.40001
1.40001
0.0380179
0.115959
0.29194
0.529098
0.877747
1.24918
1.55507
1.79659
1.9529
2.03429
2.06137
2.06276
2.05782
2.0501
2.06573
2.05389
2.03517
1.95623
1.74539
1.49603
1.40765
1.40018
1.40001
1.40001
1.40001
1.40001
1.40001
1.40001
1.40001
1.40001
1.40001
1.40001
1.40001
1.40001
1.40001
0.0266409
0.167681
0.413344
0.788286
1.20491
1.53526
1.79157
1.95203
2.03016
2.06171
2.06785
2.06545
2.05867
2.05361
2.07119
2.05153
2.02588
1.92164
1.66055
1.44569
1.40228
1.40004
1.40001
1.40001
1.40001
1.40001
1.40001
1.40001
1.40001
1.40001
1.40001
1.40001
1.40001
1.40001
1.40001
0.0442968
0.2903
0.691358
1.15356
1.53059
1.80247
1.96215
2.03482
2.0612
2.07009
2.07093
2.06739
2.0581
2.0593
2.07558
2.05163
2.02035
1.85267
1.55054
1.41627
1.40052
1.40001
1.40001
1.40001
1.40001
1.40001
1.40001
1.40001
1.40001
1.40001
1.40001
1.40001
1.40001
1.40001
1.40001
0.149017
0.537739
1.11629
1.55886
1.83403
1.98175
2.04556
2.06487
2.07101
2.07415
2.07358
2.06899
2.05867
2.06377
2.07734
2.05432
1.98456
1.72139
1.47165
1.4047
1.4001
1.40001
1.40001
1.40001
1.40001
1.40001
1.40001
1.40001
1.40001
1.40001
1.40001
1.40001
1.40001
1.40001
1.40001
0.498179
1.05956
1.58766
1.87653
2.0121
2.05932
2.07222
2.07242
2.07496
2.07787
2.07709
2.0719
2.06284
2.06916
2.07762
2.04428
1.89798
1.60627
1.42889
1.40101
1.40002
1.40001
1.40001
1.40001
1.40001
1.40001
1.40001
1.40001
1.40001
1.40001
1.40001
1.40001
1.40001
1.40001
1.40001
1.16663
1.66055
1.94865
2.04765
2.07586
2.07935
2.0774
2.07475
2.07776
2.08189
2.08105
2.07508
2.06694
2.0739
2.07538
2.0062
1.80525
1.50815
1.40703
1.40008
1.40001
1.40001
1.40001
1.40001
1.40001
1.40001
1.40001
1.40001
1.40001
1.40001
1.40001
1.40001
1.40001
1.40001
1.40001
2.08065
2.08444
2.08788
2.08867
2.08713
2.08292
2.07816
2.07601
2.08142
2.08623
2.08458
2.07716
2.06993
2.07688
2.07173
1.96353
1.67997
1.4278
1.39961
1.39996
1.4
1.40001
1.40001
1.40001
1.40001
1.40001
1.40001
1.40001
1.40001
1.40001
1.40001
1.40001
1.40001
1.40001
1.40001
2.08248
2.08618
2.09025
2.09239
2.09119
2.08741
2.08134
2.07816
2.08232
2.09127
2.09105
2.08508
2.07246
2.07689
2.07784
1.96719
1.6501
1.43339
1.40092
1.40001
1.40001
1.40001
1.40001
1.40001
1.40001
1.40001
1.40001
1.40001
1.40001
1.40001
1.40001
1.40001
1.40001
1.40001
1.40001
2.08956
2.0919
2.09507
2.09633
2.09516
2.09163
2.08638
2.08541
2.08694
2.09708
2.09734
2.09406
2.07815
2.0778
2.07862
1.91546
1.57459
1.41263
1.40018
1.40001
1.40001
1.40001
1.40001
1.40001
1.40001
1.40001
1.40001
1.40001
1.40001
1.40001
1.40001
1.40001
1.40001
1.40001
1.40001
2.09827
2.09816
2.09931
2.09963
2.09861
2.09651
2.09412
2.09401
2.09698
2.104
2.10572
2.10675
2.09258
2.08095
2.07701
1.86299
1.52119
1.40625
1.40007
1.40001
1.40001
1.40001
1.40001
1.40001
1.40001
1.40001
1.40001
1.40001
1.40001
1.40001
1.40001
1.40001
1.40001
1.40001
1.40001
2.10843
2.10572
2.10504
2.10438
2.10476
2.10567
2.10593
2.10597
2.10582
2.11002
2.11663
2.12164
2.11246
2.0936
2.0718
1.7845
1.47316
1.40262
1.40003
1.40001
1.40001
1.40001
1.40001
1.40001
1.40001
1.40001
1.40001
1.40001
1.40001
1.40001
1.40001
1.40001
1.40001
1.40001
1.40001
2.12108
2.11698
2.11401
2.11206
2.11249
2.11545
2.11778
2.11855
2.11667
2.11638
2.12458
2.13444
2.13016
2.10143
2.02694
1.70333
1.44076
1.401
1.40001
1.40001
1.40001
1.40001
1.40001
1.40001
1.40001
1.40001
1.40001
1.40001
1.40001
1.40001
1.40001
1.40001
1.40001
1.40001
1.40001
2.13298
2.12825
2.12361
2.12055
2.12063
2.12507
2.12892
2.13025
2.12609
2.1219
2.12694
2.1426
2.13988
2.10439
1.97349
1.62362
1.41978
1.40034
1.40001
1.40001
1.40001
1.40001
1.40001
1.40001
1.40001
1.40001
1.40001
1.40001
1.40001
1.40001
1.40001
1.40001
1.40001
1.40001
1.40001
2.14183
2.13717
2.13191
2.12864
2.12834
2.1332
2.13819
2.13994
2.13429
2.12595
2.12868
2.14643
2.14538
2.10254
1.90924
1.55015
1.40902
1.40011
1.40001
1.40001
1.40001
1.40001
1.40001
1.40001
1.40001
1.40001
1.40001
1.40001
1.40001
1.40001
1.40001
1.40001
1.40001
1.40001
1.40001
2.14719
2.1434
2.13874
2.13575
2.13557
2.14012
2.1453
2.14692
2.14168
2.13181
2.13227
2.14919
2.14839
2.08081
1.82996
1.48965
1.40357
1.40004
1.40001
1.40001
1.40001
1.40001
1.40001
1.40001
1.40001
1.40001
1.40001
1.40001
1.40001
1.40001
1.40001
1.40001
1.40001
1.40001
1.40001
2.15006
2.14766
2.14436
2.14205
2.14218
2.14471
2.14884
2.15057
2.14792
2.13927
2.13743
2.15234
2.14932
2.04149
1.73792
1.44867
1.40129
1.40001
1.40001
1.40001
1.40001
1.40001
1.40001
1.40001
1.40001
1.40001
1.40001
1.40001
1.40001
1.40001
1.40001
1.40001
1.40001
1.40001
1.40001
2.15089
2.14977
2.14861
2.14752
2.14732
2.14725
2.14937
2.15132
2.15135
2.14712
2.14489
2.15392
2.14871
1.99187
1.64172
1.42308
1.40042
1.40001
1.40001
1.40001
1.40001
1.40001
1.40001
1.40001
1.40001
1.40001
1.40001
1.40001
1.40001
1.40001
1.40001
1.40001
1.40001
1.40001
1.40001
2.15015
2.15049
2.15159
2.1518
2.15125
2.14918
2.14769
2.14946
2.15298
2.15644
2.15089
2.14843
2.13145
1.91459
1.55408
1.40968
1.40013
1.40001
1.40001
1.40001
1.40001
1.40001
1.40001
1.40001
1.40001
1.40001
1.40001
1.40001
1.40001
1.40001
1.40001
1.40001
1.40001
1.40001
1.40001
2.14923
2.15044
2.15325
2.15455
2.15371
2.15024
2.14683
2.14655
2.15439
2.16348
2.15668
2.13421
2.08915
1.82828
1.49028
1.40362
1.40004
1.40001
1.40001
1.40001
1.40001
1.40001
1.40001
1.40001
1.40001
1.40001
1.40001
1.40001
1.40001
1.40001
1.40001
1.40001
1.40001
1.40001
1.40001
2.14913
2.15033
2.15364
2.15547
2.15453
2.15059
2.14546
2.14516
2.15453
2.16609
2.16039
2.12324
2.04588
1.73991
1.44791
1.40128
1.40001
1.40001
1.40001
1.40001
1.40001
1.40001
1.40001
1.40001
1.40001
1.40001
1.40001
1.40001
1.40001
1.40001
1.40001
1.40001
1.40001
1.40001
1.40001
2.14917
2.14998
2.15334
2.15543
2.1546
2.15086
2.14473
2.14392
2.15252
2.16615
2.16026
2.11677
1.99464
1.63631
1.422
1.40039
1.40001
1.40001
1.40001
1.40001
1.40001
1.40001
1.40001
1.40001
1.40001
1.40001
1.40001
1.40001
1.40001
1.40001
1.40001
1.40001
1.40001
1.40001
1.40001
2.14975
2.14939
2.15114
2.15317
2.15353
2.15136
2.14511
2.14354
2.14988
2.16237
2.15553
2.09368
1.91861
1.54872
1.40926
1.40012
1.40001
1.40001
1.40001
1.40001
1.40001
1.40001
1.40001
1.40001
1.40001
1.40001
1.40001
1.40001
1.40001
1.40001
1.40001
1.40001
1.40001
1.40001
1.40001
2.15117
2.14958
2.14963
2.15024
2.15124
2.15165
2.14673
2.14441
2.14881
2.16144
2.15369
2.0648
1.82023
1.48343
1.40317
1.40003
1.40001
1.40001
1.40001
1.40001
1.40001
1.40001
1.40001
1.40001
1.40001
1.40001
1.40001
1.40001
1.40001
1.40001
1.40001
1.40001
1.40001
1.40001
1.40001
2.15268
2.15032
2.1488
2.14825
2.14956
2.15088
2.14903
2.14559
2.14666
2.16051
2.15277
2.03242
1.71322
1.44174
1.40104
1.40001
1.40001
1.40001
1.40001
1.40001
1.40001
1.40001
1.40001
1.40001
1.40001
1.40001
1.40001
1.40001
1.40001
1.40001
1.40001
1.40001
1.40001
1.40001
1.40001
2.15367
2.15136
2.14856
2.14699
2.1473
2.15005
2.1517
2.15054
2.14292
2.144
2.14004
1.97899
1.60542
1.41693
1.40028
1.40001
1.40001
1.40001
1.40001
1.40001
1.40001
1.40001
1.40001
1.40001
1.40001
1.40001
1.40001
1.40001
1.40001
1.40001
1.40001
1.40001
1.40001
1.40001
1.40001
2.15415
2.15312
2.1497
2.14649
2.1452
2.14824
2.15326
2.15771
2.14277
2.12549
2.10655
1.88181
1.52477
1.40643
1.40008
1.40001
1.40001
1.40001
1.40001
1.40001
1.40001
1.40001
1.40001
1.40001
1.40001
1.40001
1.40001
1.40001
1.40001
1.40001
1.40001
1.40001
1.40001
1.40001
1.40001
2.15312
2.15368
2.15122
2.14855
2.14444
2.14543
2.15374
2.16144
2.15379
2.11973
2.07269
1.78801
1.46688
1.40215
1.40002
1.40001
1.40001
1.40001
1.40001
1.40001
1.40001
1.40001
1.40001
1.40001
1.40001
1.40001
1.40001
1.40001
1.40001
1.40001
1.40001
1.40001
1.40001
1.40001
1.40001
2.15155
2.15357
2.15234
2.15061
2.14492
2.14427
2.15166
2.16225
2.15745
2.1185
2.03026
1.66515
1.42797
1.40058
1.40001
1.40001
1.40001
1.40001
1.40001
1.40001
1.40001
1.40001
1.40001
1.40001
1.40001
1.40001
1.40001
1.40001
1.40001
1.40001
1.40001
1.40001
1.40001
1.40001
1.40001
2.14989
2.15294
2.15341
2.153
2.14709
2.14436
2.14979
2.16214
2.15663
2.09723
1.93454
1.56368
1.41114
1.40015
1.40001
1.40001
1.40001
1.40001
1.40001
1.40001
1.40001
1.40001
1.40001
1.40001
1.40001
1.40001
1.40001
1.40001
1.40001
1.40001
1.40001
1.40001
1.40001
1.40001
1.40001
2.14809
2.15099
2.15381
2.15441
2.15009
2.1445
2.1474
2.16256
2.15606
2.07113
1.83094
1.49016
1.40356
1.40004
1.40001
1.40001
1.40001
1.40001
1.40001
1.40001
1.40001
1.40001
1.40001
1.40001
1.40001
1.40001
1.40001
1.40001
1.40001
1.40001
1.40001
1.40001
1.40001
1.40001
1.40001
2.14669
2.14877
2.15256
2.15447
2.15159
2.14464
2.14394
2.15853
2.15692
2.04763
1.7062
1.4381
1.40093
1.40001
1.40001
1.40001
1.40001
1.40001
1.40001
1.40001
1.40001
1.40001
1.40001
1.40001
1.40001
1.40001
1.40001
1.40001
1.40001
1.40001
1.40001
1.40001
1.40001
1.40001
1.40001
2.14662
2.14747
2.15007
2.15199
2.15155
2.14729
2.13852
2.14203
2.14168
1.96104
1.58896
1.41445
1.40023
1.40001
1.40001
1.40001
1.40001
1.40001
1.40001
1.40001
1.40001
1.40001
1.40001
1.40001
1.40001
1.40001
1.40001
1.40001
1.40001
1.40001
1.40001
1.40001
1.40001
1.40001
1.40001
2.14743
2.14699
2.14639
2.14638
2.1493
2.15458
2.13993
2.1265
2.10498
1.85737
1.50686
1.40476
1.40005
1.40001
1.40001
1.40001
1.40001
1.40001
1.40001
1.40001
1.40001
1.40001
1.40001
1.40001
1.40001
1.40001
1.40001
1.40001
1.40001
1.40001
1.40001
1.40001
1.40001
1.40001
1.40001
2.1496
2.14796
2.14491
2.14187
2.1479
2.15866
2.1558
2.12359
2.06339
1.73901
1.44571
1.40122
1.40001
1.40001
1.40001
1.40001
1.40001
1.40001
1.40001
1.40001
1.40001
1.40001
1.40001
1.40001
1.40001
1.40001
1.40001
1.40001
1.40001
1.40001
1.40001
1.40001
1.40001
1.40001
1.40001
2.15118
2.14999
2.14604
2.14075
2.14409
2.15992
2.16049
2.12216
1.98759
1.60206
1.41635
1.40027
1.40001
1.40001
1.40001
1.40001
1.40001
1.40001
1.40001
1.40001
1.40001
1.40001
1.40001
1.40001
1.40001
1.40001
1.40001
1.40001
1.40001
1.40001
1.40001
1.40001
1.40001
1.40001
1.40001
2.15196
2.15153
2.14751
2.14257
2.14223
2.16049
2.1612
2.08727
1.86605
1.51056
1.40523
1.40006
1.40001
1.40001
1.40001
1.40001
1.40001
1.40001
1.40001
1.40001
1.40001
1.40001
1.40001
1.40001
1.40001
1.40001
1.40001
1.40001
1.40001
1.40001
1.40001
1.40001
1.40001
1.40001
1.40001
2.15235
2.1525
2.14845
2.14586
2.14069
2.16058
2.16358
2.05177
1.73691
1.44647
1.40121
1.40001
1.40001
1.40001
1.40001
1.40001
1.40001
1.40001
1.40001
1.40001
1.40001
1.40001
1.40001
1.40001
1.40001
1.40001
1.40001
1.40001
1.40001
1.40001
1.40001
1.40001
1.40001
1.40001
1.40001
2.15149
2.15072
2.14858
2.14989
2.13857
2.15422
2.16438
1.98644
1.59334
1.41465
1.40024
1.40001
1.40001
1.40001
1.40001
1.40001
1.40001
1.40001
1.40001
1.40001
1.40001
1.40001
1.40001
1.40001
1.40001
1.40001
1.40001
1.40001
1.40001
1.40001
1.40001
1.40001
1.40001
1.40001
1.40001
2.14955
2.14756
2.1468
2.15614
2.14376
2.14421
2.12439
1.84245
1.49694
1.40416
1.40005
1.40001
1.40001
1.40001
1.40001
1.40001
1.40001
1.40001
1.40001
1.40001
1.40001
1.40001
1.40001
1.40001
1.40001
1.40001
1.40001
1.40001
1.40001
1.40001
1.40001
1.40001
1.40001
1.40001
1.40001
2.14927
2.14321
2.14115
2.16411
2.16543
2.13623
2.05368
1.70876
1.43789
1.4009
1.40001
1.40001
1.40001
1.40001
1.40001
1.40001
1.40001
1.40001
1.40001
1.40001
1.40001
1.40001
1.40001
1.40001
1.40001
1.40001
1.40001
1.40001
1.40001
1.40001
1.40001
1.40001
1.40001
1.40001
1.40001
2.14707
2.13881
2.13276
2.16614
2.17694
2.13942
1.95231
1.56108
1.41006
1.40015
1.40001
1.40001
1.40001
1.40001
1.40001
1.40001
1.40001
1.40001
1.40001
1.40001
1.40001
1.40001
1.40001
1.40001
1.40001
1.40001
1.40001
1.40001
1.40001
1.40001
1.40001
1.40001
1.40001
1.40001
1.40001
2.14313
2.13677
2.12846
2.16429
2.17756
2.09835
1.79945
1.47051
1.40248
1.40003
1.40001
1.40001
1.40001
1.40001
1.40001
1.40001
1.40001
1.40001
1.40001
1.40001
1.40001
1.40001
1.40001
1.40001
1.40001
1.40001
1.40001
1.40001
1.40001
1.40001
1.40001
1.40001
1.40001
1.40001
1.40001
2.13973
2.13988
2.13245
2.16331
2.17278
2.01802
1.65046
1.42342
1.40045
1.40001
1.40001
1.40001
1.40001
1.40001
1.40001
1.40001
1.40001
1.40001
1.40001
1.40001
1.40001
1.40001
1.40001
1.40001
1.40001
1.40001
1.40001
1.40001
1.40001
1.40001
1.40001
1.40001
1.40001
1.40001
1.40001
2.13631
2.15248
2.16179
2.17073
2.16512
1.89731
1.51238
1.40532
1.40007
1.40001
1.40001
1.40001
1.40001
1.40001
1.40001
1.40001
1.40001
1.40001
1.40001
1.40001
1.40001
1.40001
1.40001
1.40001
1.40001
1.40001
1.40001
1.40001
1.40001
1.40001
1.40001
1.40001
1.40001
1.40001
1.40001
2.13249
2.16769
2.19564
2.15837
2.09615
1.70708
1.43735
1.40095
1.40001
1.40001
1.40001
1.40001
1.40001
1.40001
1.40001
1.40001
1.40001
1.40001
1.40001
1.40001
1.40001
1.40001
1.40001
1.40001
1.40001
1.40001
1.40001
1.40001
1.40001
1.40001
1.40001
1.40001
1.40001
1.40001
1.40001
2.13707
2.18575
2.2091
2.14666
1.95224
1.55815
1.41008
1.40014
1.40001
1.40001
1.40001
1.40001
1.40001
1.40001
1.40001
1.40001
1.40001
1.40001
1.40001
1.40001
1.40001
1.40001
1.40001
1.40001
1.40001
1.40001
1.40001
1.40001
1.40001
1.40001
1.40001
1.40001
1.40001
1.40001
1.40001
2.14884
2.19261
2.2124
2.1061
1.76961
1.45477
1.40164
1.40002
1.40001
1.40001
1.40001
1.40001
1.40001
1.40001
1.40001
1.40001
1.40001
1.40001
1.40001
1.40001
1.40001
1.40001
1.40001
1.40001
1.40001
1.40001
1.40001
1.40001
1.40001
1.40001
1.40001
1.40001
1.40001
1.40001
1.40001
2.15828
2.19171
2.21044
1.99914
1.5786
1.41252
1.40022
1.40001
1.40001
1.40001
1.40001
1.40001
1.40001
1.40001
1.40001
1.40001
1.40001
1.40001
1.40001
1.40001
1.40001
1.40001
1.40001
1.40001
1.40001
1.40001
1.40001
1.40001
1.40001
1.40001
1.40001
1.40001
1.40001
1.40001
1.40001
2.20821
2.20297
2.14852
1.78937
1.46795
1.40239
1.40003
1.40001
1.40001
1.40001
1.40001
1.40001
1.40001
1.40001
1.40001
1.40001
1.40001
1.40001
1.40001
1.40001
1.40001
1.40001
1.40001
1.40001
1.40001
1.40001
1.40001
1.40001
1.40001
1.40001
1.40001
1.40001
1.40001
1.40001
1.40001
2.31337
2.15272
2.02977
1.59848
1.41621
1.40032
1.40001
1.40001
1.40001
1.40001
1.40001
1.40001
1.40001
1.40001
1.40001
1.40001
1.40001
1.40001
1.40001
1.40001
1.40001
1.40001
1.40001
1.40001
1.40001
1.40001
1.40001
1.40001
1.40001
1.40001
1.40001
1.40001
1.40001
1.40001
1.40001
2.38464
2.08645
1.79669
1.46672
1.40267
1.40004
1.40001
1.40001
1.40001
1.40001
1.40001
1.40001
1.40001
1.40001
1.40001
1.40001
1.40001
1.40001
1.40001
1.40001
1.40001
1.40001
1.40001
1.40001
1.40001
1.40001
1.40001
1.40001
1.40001
1.40001
1.40001
1.40001
1.40001
1.40001
1.40001
2.40548
1.95966
1.59645
1.41787
1.40043
1.40001
1.40001
1.40001
1.40001
1.40001
1.40001
1.40001
1.40001
1.40001
1.40001
1.40001
1.40001
1.40001
1.40001
1.40001
1.40001
1.40001
1.40001
1.40001
1.40001
1.40001
1.40001
1.40001
1.40001
1.40001
1.40001
1.40001
1.40001
1.40001
1.40001
2.31066
1.77655
1.47807
1.4037
1.40006
1.40001
1.40001
1.40001
1.40001
1.40001
1.40001
1.40001
1.40001
1.40001
1.40001
1.40001
1.40001
1.40001
1.40001
1.40001
1.40001
1.40001
1.40001
1.40001
1.40001
1.40001
1.40001
1.40001
1.40001
1.40001
1.40001
1.40001
1.40001
1.40001
1.40001
2.13296
1.61586
1.42252
1.40058
1.40001
1.40001
1.40001
1.40001
1.40001
1.40001
1.40001
1.40001
1.40001
1.40001
1.40001
1.40001
1.40001
1.40001
1.40001
1.40001
1.40001
1.40001
1.40001
1.40001
1.40001
1.40001
1.40001
1.40001
1.40001
1.40001
1.40001
1.40001
1.40001
1.40001
1.40001
1.89133
1.48734
1.40447
1.40006
1.40001
1.40001
1.40001
1.40001
1.40001
1.40001
1.40001
1.40001
1.40001
1.40001
1.40001
1.40001
1.40001
1.40001
1.40001
1.40001
1.40001
1.40001
1.40001
1.40001
1.40001
1.40001
1.40001
1.40001
1.40001
1.40001
1.40001
1.40001
1.40001
1.40001
1.40001
1.59685
1.41758
1.40031
1.40001
1.40001
1.40001
1.40001
1.40001
1.40001
1.40001
1.40001
1.40001
1.40001
1.40001
1.40001
1.40001
1.40001
1.40001
1.40001
1.40001
1.40001
1.40001
1.40001
1.40001
1.40001
1.40001
1.40001
1.40001
1.40001
1.40001
1.40001
1.40001
1.40001
1.40001
1.40001
1.40001
1.40001
1.40001
1.40001
1.40001
1.40001
1.40001
1.40001
1.40001
1.40001
1.40001
1.40001
1.40001
1.40001
1.40001
1.40001
1.40001
1.40001
1.40001
1.40001
1.40001
1.40001
1.40001
1.40001
1.40001
1.40001
1.40001
1.40001
1.40001
1.40001
1.40001
1.40001
1.40001
1.40001
1.40001
1.40001
1.40001
1.40001
1.40001
1.40001
1.40001
1.40001
1.40001
1.40001
1.40001
1.40001
1.40001
1.40001
1.40001
1.40001
1.40001
1.40001
1.40001
1.40001
1.40001
1.40001
1.40001
1.40001
1.40001
1.40001
1.40001
1.40001
1.40001
1.40001
1.40001
1.40001
1.40001
1.40001
1.40001
1.40001
1.40001
1.40001
1.40001
1.40001
1.40001
1.40001
1.40001
1.40001
1.40001
1.40001
1.40001
1.40001
1.40001
1.40001
1.40001
1.40001
1.40001
1.40001
1.40001
1.40001
1.40001
1.40001
1.40001
1.40001
1.40001
1.40001
1.40001
1.40001
1.40001
1.40001
1.40001
1.40001
1.40001
1.40001
1.40001
1.40001
1.40001
1.40001
1.40001
1.40001
1.40001
1.40001
1.40001
1.40001
1.40001
1.40001
1.40001
1.40001
1.40001
1.40001
1.40001
1.40001
1.40001
1.40001
1.40001
1.40001
1.40001
1.40001
1.40001
1.40001
1.40001
1.40001
1.40001
1.40001
1.40001
1.40001
1.40001
1.40001
1.40001
1.40001
1.40001
1.40001
1.40001
1.40001
1.40001
1.40001
1.40001
1.40001
1.40001
1.40001
1.40001
1.40001
1.40001
1.40001
1.40001
1.40001
1.40001
1.40001
1.40001
1.40001
1.40001
1.40001
1.40001
1.40001
1.40001
1.40001
1.40001
1.40001
1.40001
1.40001
1.40001
1.40001
1.40001
1.40001
1.40001
1.40001
1.40001
1.40001
1.40001
1.40001
1.40001
1.40001
1.40001
1.40001
1.40001
1.40001
1.40001
1.40001
1.40001
1.40001
1.40001
1.40001
1.40001
1.40001
1.40001
1.40001
1.40001
1.40001
1.40001
1.40001
1.40001
1.40001
1.40001
1.40001
1.40001
1.40001
1.40001
1.40001
1.40001
1.40001
1.40001
1.40001
1.40001
1.40001
1.40001
1.40001
1.40001
1.40001
1.40001
1.40001
1.40001
1.40001
1.40001
1.40001
1.40001
1.40001
1.40001
1.40001
1.40001
1.40001
1.40001
1.40001
1.40001
1.40001
1.40001
1.40001
1.40001
1.40001
1.40001
1.40001
1.40001
1.40001
1.40001
1.40001
1.40001
1.40001
1.40001
1.40001
1.40001
1.40001
1.40001
1.40001
1.40001
1.40001
1.40001
1.40001
1.40001
1.40001
1.40001
1.40001
1.40001
1.40001
1.40001
1.40001
1.40001
1.40001
1.40001
1.40001
1.40001
1.40001
1.40001
1.40001
1.40001
1.40001
1.40001
1.40001
1.40001
1.40001
1.40001
1.40001
1.40001
1.40001
1.40001
1.40001
1.40001
1.40001
1.40001
1.40001
1.40001
1.40001
1.40001
1.40001
1.40001
1.40001
1.40001
1.40001
1.40001
1.40001
1.40001
1.40001
1.40001
1.40001
1.40001
1.40001
1.40001
1.40001
1.40001
1.40001
1.40001
1.40001
1.40001
1.40001
1.40001
1.40001
1.40001
1.40001
1.40001
1.40001
1.40001
1.40001
1.40001
1.40001
1.40001
1.40001
1.40001
1.40001
1.40001
1.40001
1.40001
1.40001
1.40001
1.40001
1.40001
1.40001
1.40001
1.40001
1.40001
1.40001
1.40001
1.40001
1.40001
1.40001
1.40001
1.40001
1.40001
1.40001
1.40001
1.40001
1.40001
1.40001
1.40001
1.40001
1.40001
1.40001
1.40001
1.40001
1.40001
1.40001
1.40001
1.40001
1.40001
1.40001
1.40001
1.40001
1.40001
1.40001
1.40001
1.40001
1.40001
1.40001
1.40001
1.40001
1.40001
1.40001
1.40001
1.40001
1.40001
1.40001
1.40001
1.40001
1.40001
1.40001
1.40001
1.40001
1.40001
1.40001
1.40001
1.40001
1.40001
1.40001
1.40001
1.40001
1.40001
1.40001
1.40001
1.40001
1.40001
1.40001
1.40001
1.40001
1.40001
1.40001
1.40001
1.40001
1.40001
1.40001
1.40001
1.40001
1.40001
1.40001
1.40001
1.40001
1.40001
1.40001
1.40001
1.40001
1.40001
1.40001
1.40001
1.40001
1.40001
1.40001
1.40001
1.40001
1.40001
1.40001
1.40001
1.40001
1.40001
1.40001
1.40001
1.40001
1.40001
1.40001
1.40001
1.40001
1.40001
1.40001
1.40001
1.40001
1.40001
1.40001
1.40001
1.40001
1.40001
1.40001
1.40001
1.40001
1.40001
1.40001
1.40001
1.40001
1.40001
1.40001
1.40001
1.40001
1.40001
1.40001
1.40001
1.40001
1.40001
1.40001
1.40001
1.40001
1.40001
1.40001
1.40001
1.40001
1.40001
1.40001
1.40001
1.40001
1.40001
1.40001
1.40001
1.40001
1.40001
1.40001
1.40001
1.40001
1.40001
1.40001
1.40001
1.40001
1.40001
1.40001
1.40001
1.40001
1.40001
1.40001
1.40001
1.40001
1.40001
1.40001
1.40001
1.40001
1.40001
1.40001
1.40001
1.40001
1.40001
1.40001
1.40001
1.40001
1.40001
1.40001
1.40001
1.40001
1.40001
1.40001
1.40001
1.40001
1.40001
1.40001
1.40001
1.40001
1.40001
1.40001
1.40001
1.40001
1.40001
1.40001
1.40001
1.40001
1.40001
1.40001
1.40001
1.40001
1.40001
1.40001
1.40001
1.40001
1.40001
1.40001
1.40001
1.40001
1.40001
1.40001
1.40001
1.40001
1.40001
1.40001
1.40001
1.40001
1.40001
1.40001
1.40001
1.40001
1.40001
1.40001
1.40001
1.40001
1.40001
1.40001
1.40001
1.40001
1.40001
1.40001
1.40001
1.40001
1.40001
1.40001
1.40001
1.40001
1.40001
1.40001
1.40001
1.40001
1.40001
1.40001
1.40001
1.40001
1.40001
1.40001
1.40001
1.40001
1.40001
1.40001
1.40001
1.40001
1.40001
1.40001
1.40001
1.40001
1.40001
1.40001
1.40001
1.40001
1.40001
1.40001
1.40001
1.40001
1.40001
1.40001
1.40001
1.40001
1.40001
1.40001
1.40001
1.40001
1.40001
1.40001
1.40001
1.40001
1.40001
1.40001
1.40001
1.40001
1.40001
1.40001
1.40001
1.40001
1.40001
1.40001
1.40001
1.40001
1.40001
1.40001
1.40001
1.40001
1.40001
1.40001
1.40001
1.40001
1.40001
1.40001
1.40001
1.40001
1.40001
1.40001
1.40001
1.40001
1.40001
1.40001
1.40001
1.40001
1.40001
1.40001
1.40001
1.40001
1.40001
1.40001
1.40001
1.40001
1.40001
1.40001
1.40001
1.40001
1.40001
1.40001
1.40001
1.40001
1.40001
1.40001
1.40001
1.40001
1.40001
1.40001
1.40001
1.40001
1.40001
1.40001
1.40001
1.40001
1.40001
1.40001
1.40001
1.40001
1.40001
1.40001
1.40001
1.40001
1.40001
1.40001
1.40001
1.40001
1.40001
1.40001
1.40001
1.40001
1.40001
1.40001
1.40001
1.40001
1.40001
1.40001
1.40001
1.40001
1.40001
1.40001
1.40001
1.40001
1.40001
1.40001
1.40001
1.40001
1.40001
1.40001
1.40001
1.40001
1.40001
1.40001
1.40001
1.40001
1.40001
1.40001
1.40001
1.40001
1.40001
1.40001
1.40001
1.40001
1.40001
1.40001
1.40001
1.40001
1.40001
1.40001
1.40001
1.40001
1.40001
1.40001
1.40001
1.40001
1.40001
1.40001
1.40001
1.40001
1.40001
1.40001
1.40001
1.40001
1.40001
1.40001
1.40001
1.40001
1.40001
1.40001
1.40001
1.40001
1.40001
1.40001
1.40001
1.40001
1.40001
1.40001
1.40001
1.40001
1.40001
1.40001
1.40001
1.40001
1.40001
1.40001
1.40001
1.40001
1.40001
1.40001
1.40001
1.40001
1.40001
1.40001
1.40001
1.40001
1.40001
1.40001
1.40001
1.40001
1.40001
1.40001
1.40001
1.40001
1.40001
1.40001
1.40001
1.40001
1.40001
1.40001
1.40001
1.40001
1.40001
1.40001
1.40001
1.40001
1.40001
1.40001
1.40001
1.40001
1.40001
1.40001
1.40001
1.40001
1.40001
1.40001
1.40001
1.40001
1.40001
1.40001
1.40001
1.40001
1.40001
1.40001
1.40001
1.40001
1.40001
1.40001
1.40001
1.40001
1.40001
1.40001
1.40001
1.40001
1.40001
1.40001
1.40001
1.40001
1.40001
1.40001
1.40001
1.40001
1.40001
1.40001
1.40001
1.40001
1.40001
1.40001
1.40001
1.40001
1.40001
1.40001
1.40001
1.40001
1.40001
1.40001
1.40001
1.40001
1.40001
1.40001
1.40001
1.40001
1.40001
1.40001
1.40001
1.40001
1.40001
1.40001
1.40001
1.40001
1.40001
1.40001
1.40001
1.40001
1.40001
1.40001
1.40001
1.40001
1.40001
1.40001
1.40001
1.40001
1.40001
1.40001
1.40001
1.40001
1.40001
1.40001
1.40001
1.40001
1.40001
1.40001
1.40001
1.40001
1.40001
1.40001
1.40001
1.40001
1.40001
1.40001
1.40001
1.40001
1.40001
1.40001
1.40001
1.40001
1.40001
1.40001
1.40001
1.40001
1.40001
1.40001
1.40001
1.40001
1.40001
1.40001
1.40001
1.40001
1.40001
1.40001
1.40001
1.40001
1.40001
1.40001
1.40001
1.40001
1.40001
1.40001
1.40001
1.40001
1.40001
1.40001
1.40001
1.40001
1.40001
1.40001
1.40001
1.40001
1.40001
1.40001
1.40001
1.40001
1.40001
1.40001
1.40001
1.40001
1.40001
1.40001
1.40001
1.40001
1.40001
1.40001
1.40001
1.40001
1.40001
1.40001
1.40001
1.40001
1.40001
1.40001
1.40001
1.40001
1.40001
1.40001
1.40001
1.40001
1.40001
1.40001
1.40001
1.40001
1.40001
1.40001
1.40001
1.40001
1.40001
1.40001
1.40001
1.40001
1.40001
1.40001
1.40001
1.40001
1.40001
1.40001
1.40001
1.40001
1.40001
1.40001
1.40001
1.40001
1.40001
1.40001
1.40001
1.40001
1.40001
1.40001
1.40001
1.40001
1.40001
1.40001
1.40001
1.40001
1.40001
1.40001
1.40001
1.40001
1.40001
1.40001
1.40001
1.40001
1.40001
1.40001
1.40001
1.40001
1.40001
1.40001
1.40001
1.40001
1.40001
1.40001
1.40001
1.40001
1.40001
1.40001
1.40001
1.40001
1.40001
1.40001
1.40001
1.40001
1.40001
1.40001
1.40001
1.40001
1.40001
1.40001
1.40001
1.40001
1.40001
1.40001
1.40001
1.40001
1.40001
1.40001
1.40001
1.40001
1.40001
1.40001
1.40001
1.40001
1.40001
1.40001
1.40001
1.40001
1.40001
1.40001
1.40001
1.40001
1.40001
1.40001
1.40001
1.40001
1.40001
1.40001
1.40001
1.40001
1.40001
1.40001
1.40001
1.40001
1.40001
1.40001
1.40001
1.40001
1.40001
1.40001
1.40001
1.40001
1.40001
1.40001
1.40001
1.40001
1.40001
1.40001
1.40001
1.40001
1.40001
1.40001
1.40001
1.40001
1.40001
1.40001
1.40001
1.40001
1.40001
1.40001
1.40001
1.40001
1.40001
1.40001
1.40001
1.40001
1.40001
1.40001
1.40001
1.40001
1.40001
1.40001
1.40001
1.40001
1.40001
1.40001
1.40001
1.40001
1.40001
1.40001
1.40001
1.40001
1.40001
1.40001
1.40001
1.40001
1.40001
1.40001
1.40001
1.40001
1.40001
1.40001
1.40001
1.40001
1.40001
1.40001
1.40001
1.40001
1.40001
1.40001
1.40001
1.40001
1.40001
1.40001
1.40001
1.40001
1.40001
1.40001
1.40001
1.40001
1.40001
1.40001
1.40001
1.40001
1.40001
1.40001
1.40001
1.40001
1.40001
1.40001
1.40001
1.40001
1.40001
1.40001
1.40001
1.40001
1.40001
1.40001
1.40001
1.40001
1.40001
1.40001
1.40001
1.40001
1.40001
1.40001
1.40001
1.40001
1.40001
1.40001
1.40001
1.40001
1.40001
1.40001
1.40001
1.40001
1.40001
1.40001
1.40001
1.40001
1.40001
1.40001
1.40001
1.40001
1.40001
1.40001
1.40001
1.40001
1.40001
1.40001
1.40001
1.40001
1.40001
1.40001
1.40001
1.40001
1.40001
1.40001
1.40001
1.40001
1.40001
1.40001
1.40001
1.40001
1.40001
1.40001
1.40001
1.40001
1.40001
1.40001
1.40001
1.40001
1.40001
1.40001
1.40001
1.40001
1.40001
1.40001
1.40001
1.40001
1.40001
1.40001
1.40001
1.40001
1.40001
1.40001
1.40001
1.40001
1.40001
1.40001
1.40001
1.40001
1.40001
1.40001
1.40001
1.40001
1.40001
1.40001
1.40001
1.40001
1.40001
1.40001
1.40001
1.40001
1.40001
1.40001
1.40001
1.40001
1.40001
1.40001
1.40001
1.40001
1.40001
1.40001
1.40001
1.40001
1.40001
1.40001
1.40001
1.40001
1.40001
1.40001
1.40001
1.40001
1.40001
1.40001
1.40001
1.40001
1.40001
1.40001
1.40001
1.40001
1.40001
1.40001
1.40001
1.40001
1.40001
1.40001
1.40001
1.40001
1.40001
1.40001
1.40001
1.40001
1.40001
1.40001
1.40001
1.40001
1.40001
1.40001
1.40001
1.40001
1.40001
1.40001
1.40001
1.40001
1.40001
1.40001
1.40001
1.40001
1.40001
1.40001
1.40001
1.40001
1.40001
1.40001
1.40001
1.40001
1.40001
1.40001
1.40001
1.40001
1.40001
1.40001
1.40001
1.40001
1.40001
1.40001
1.40001
1.40001
1.40001
1.40001
1.40001
1.40001
1.40001
1.40001
1.40001
1.40001
1.40001
1.40001
1.40001
1.40001
1.40001
1.40001
1.40001
1.40001
1.40001
1.40001
1.40001
1.40001
1.40001
1.40001
1.40001
1.40001
1.40001
1.40001
1.40001
1.40001
1.40001
1.40001
1.40001
1.40001
1.40001
1.40001
1.40001
1.40001
1.40001
1.40001
1.40001
1.40001
1.40001
1.40001
1.40001
1.40001
1.40001
1.40001
1.40001
1.40001
1.40001
1.40001
1.40001
1.40001
1.40001
1.40001
1.40001
1.40001
1.40001
1.40001
1.40001
1.40001
1.40001
1.40001
1.40001
1.40001
1.40001
1.40001
1.40001
1.40001
1.40001
1.40001
1.40001
1.40001
1.40001
1.40001
1.40001
1.40001
1.40001
1.40001
1.40001
1.40001
1.40001
1.40001
1.40001
1.40001
1.40001
1.40001
1.40001
1.40001
1.40001
1.40001
1.40001
1.40001
1.40001
1.40001
1.40001
1.40001
1.40001
1.40001
1.40001
1.40001
1.40001
1.40001
1.40001
1.40001
1.40001
1.40001
1.40001
1.40001
1.40001
1.40001
1.40001
1.40001
1.40001
1.40001
1.40001
1.40001
1.40001
1.40001
1.40001
1.40001
1.40001
1.40001
1.40001
1.40001
1.40001
1.40001
1.40001
1.40001
1.40001
1.40001
1.40001
1.40001
1.40001
1.40001
1.40001
1.40001
1.40001
1.40001
1.40001
1.40001
1.40001
1.40001
1.40001
1.40001
1.40001
1.40001
1.40001
1.40001
1.40001
1.40001
1.40001
1.40001
1.40001
1.40001
1.40001
1.40001
1.40001
1.40001
1.40001
1.40001
1.40001
1.40001
1.40001
1.40001
1.40001
1.40001
1.40001
1.40001
1.40001
1.40001
1.40001
1.40001
1.40001
1.40001
1.40001
1.40001
1.40001
1.40001
1.40001
1.40001
1.40001
1.40001
1.40001
1.40001
1.40001
1.40001
1.40001
1.40001
1.40001
1.40001
1.40001
1.40001
1.40001
1.40001
1.40001
1.40001
1.40001
1.40001
1.40001
1.40001
1.40001
1.40001
1.40001
1.40001
1.40001
1.40001
1.40001
1.40001
1.40001
1.40001
1.40001
1.40001
1.40001
1.40001
1.40001
1.40001
1.40001
1.40001
1.40001
1.40001
1.40001
1.40001
1.40001
1.40001
1.40001
1.40001
1.40001
1.40001
1.40001
1.40001
1.40001
1.40001
1.40001
1.40001
1.40001
1.40001
1.40001
1.40001
1.40001
1.40001
1.40001
1.40001
1.40001
1.40001
1.40001
1.40001
1.40001
1.40001
1.40001
1.40001
1.40001
1.40001
1.40001
1.40001
1.40001
1.40001
1.40001
1.40001
1.40001
1.40001
1.40001
1.40001
1.40001
1.40001
1.40001
1.40001
1.40001
1.40001
1.40001
1.40001
1.40001
1.40001
1.40001
1.40001
1.40001
1.40001
1.40001
1.40001
1.40001
1.40001
1.40001
1.40001
1.40001
1.40001
1.40001
1.40001
1.40001
1.40001
1.40001
1.40001
1.40001
1.40001
1.40001
1.40001
1.40001
1.40001
1.40001
1.40001
1.40001
1.40001
1.40001
1.40001
1.40001
1.40001
1.40001
1.40001
1.40001
1.40001
1.40001
1.40001
1.40001
1.40001
1.40001
1.40001
1.40001
1.40001
1.40001
1.40001
1.40001
1.40001
1.40001
1.40001
1.40001
1.40001
1.40001
1.40001
1.40001
1.40001
1.40001
1.40001
1.40001
1.40001
1.40001
1.40001
1.40001
1.40001
1.40001
1.40001
1.40001
1.40001
1.40001
1.40001
1.40001
1.40001
1.40001
1.40001
1.40001
1.40001
1.40001
1.40001
1.40001
1.40001
1.40001
1.40001
1.40001
1.40001
1.40001
1.40001
1.40001
1.40001
1.40001
1.40001
1.40001
1.40001
1.40001
1.40001
1.40001
1.40001
1.40001
1.40001
1.40001
1.40001
1.40001
1.40001
1.40001
1.40001
1.40001
1.40001
1.40001
1.40001
1.40001
1.40001
1.40001
1.40001
1.40001
1.40001
1.40001
1.40001
1.40001
1.40001
1.40001
1.40001
1.40001
1.40001
1.40001
1.40001
1.40001
1.40001
1.40001
1.40001
1.40001
1.40001
1.40001
1.40001
1.40001
1.40001
1.40001
1.40001
1.40001
1.40001
1.40001
1.40001
1.40001
1.40001
1.40001
1.40001
1.40001
1.40001
1.40001
1.40001
1.40001
1.40001
1.40001
1.40001
1.40001
1.40001
1.40001
1.40001
1.40001
1.40001
1.40001
1.40001
1.40001
1.40001
1.40001
1.40001
1.40001
1.40001
1.40001
1.40001
1.40001
1.40001
1.40001
1.40001
1.40001
1.40001
1.40001
1.40001
1.40001
1.40001
1.40001
1.40001
1.40001
1.40001
1.40001
1.40001
1.40001
1.40001
1.40001
1.40001
1.40001
1.40001
1.40001
1.40001
1.40001
1.40001
1.40001
1.40001
1.40001
1.40001
1.40001
1.40001
1.40001
1.40001
1.40001
1.40001
1.40001
1.40001
1.40001
1.40001
1.40001
1.40001
1.40001
1.40001
1.40001
1.40001
1.40001
1.40001
1.40001
1.40001
1.40001
1.40001
1.40001
1.40001
1.40001
1.40001
1.40001
1.40001
1.40001
1.40001
1.40001
1.40001
1.40001
1.40001
1.40001
1.40001
1.40001
1.40001
1.40001
1.40001
1.40001
1.40001
1.40001
1.40001
1.40001
1.40001
1.40001
1.40001
1.40001
1.40001
1.40001
1.40001
1.40001
1.40001
1.40001
1.40001
1.40001
1.40001
1.40001
1.40001
1.40001
1.40001
1.40001
1.40001
1.40001
1.40001
1.40001
1.40001
1.40001
1.40001
1.40001
1.40001
1.40001
1.40001
1.40001
1.40001
1.40001
1.40001
1.40001
1.40001
1.40001
1.40001
1.40001
1.40001
1.40001
1.40001
1.40001
1.40001
1.40001
1.40001
1.40001
1.40001
1.40001
1.40001
1.40001
1.40001
1.40001
1.40001
1.40001
1.40001
1.40001
1.40001
1.40001
1.40001
1.40001
1.40001
1.40001
1.40001
1.40001
1.40001
1.40001
1.40001
1.40001
1.40001
1.40001
1.40001
1.40001
1.40001
1.40001
1.40001
1.40001
1.40001
1.40001
1.40001
1.40001
1.40001
1.40001
1.40001
1.40001
1.40001
1.40001
1.40001
1.40001
1.40001
1.40001
1.40001
1.40001
1.40001
1.40001
1.40001
1.40001
1.40001
1.40001
1.40001
1.40001
1.40001
1.40001
1.40001
1.40001
1.40001
1.40001
1.40001
1.40001
1.40001
1.40001
1.40001
1.40001
1.40001
1.40001
1.40001
1.40001
1.40001
1.40001
1.40001
1.40001
1.40001
1.40001
1.40001
1.40001
1.40001
1.40001
1.40001
1.40001
1.40001
1.40001
1.40001
1.40001
1.40001
1.40001
1.40001
1.40001
1.40001
1.40001
1.40001
1.40001
1.40001
1.40001
1.40001
1.40001
1.40001
1.40001
1.40001
1.40001
1.40001
1.40001
1.40001
1.40001
1.40001
1.40001
1.40001
1.40001
1.40001
1.40001
1.40001
1.40001
1.40001
1.40001
1.40001
1.40001
1.40001
1.40001
1.40001
1.40001
1.40001
1.40001
1.40001
1.40001
1.40001
1.40001
1.40001
1.40001
1.40001
1.40001
1.40001
1.40001
1.40001
1.40001
1.40001
1.40001
1.40001
1.40001
1.40001
1.40001
1.40001
1.40001
1.40001
1.40001
1.40001
1.40001
1.40001
1.40001
1.40001
1.40001
1.40001
1.40001
1.40001
1.40001
1.40001
1.40001
1.40001
1.40001
1.40001
1.40001
1.40001
1.40001
1.40001
1.40001
1.40001
1.40001
1.40001
1.40001
1.40001
1.40001
1.40001
1.40001
1.40001
1.40001
1.40001
1.40001
1.40001
1.40001
1.40001
1.40001
1.40001
1.40001
1.40001
1.40001
1.40001
1.40001
1.40001
1.40001
1.40001
1.40001
1.40001
1.40001
1.40001
1.40001
1.40001
1.40001
1.40001
1.40001
1.40001
1.40001
1.40001
1.40001
1.40001
1.40001
1.40001
1.40001
1.40001
1.40001
1.40001
1.40001
1.40001
1.40001
1.40001
1.40001
1.40001
1.40001
1.40001
1.40001
1.40001
1.40001
1.40001
1.40001
1.40001
1.40001
1.40001
1.40001
1.40001
1.40001
1.40001
1.40001
1.40001
1.40001
1.40001
2.01574
1.39946
1.40001
1.40001
1.40001
1.40001
1.40001
1.40001
1.40001
1.40001
1.40001
1.40001
1.40001
1.40001
1.40001
1.40001
1.40001
1.40001
1.40001
1.40001
1.40001
1.40001
1.40001
1.40001
1.40001
1.40001
1.40001
1.40001
1.40001
1.40001
1.40001
1.40001
1.40001
1.40001
1.40001
3.21631
1.44323
1.40001
1.40001
1.40001
1.40001
1.40001
1.40001
1.40001
1.40001
1.40001
1.40001
1.40001
1.40001
1.40001
1.40001
1.40001
1.40001
1.40001
1.40001
1.40001
1.40001
1.40001
1.40001
1.40001
1.40001
1.40001
1.40001
1.40001
1.40001
1.40001
1.40001
1.40001
1.40001
1.40001
4.49894
1.77281
1.39968
1.40001
1.40001
1.40001
1.40001
1.40001
1.40001
1.40001
1.40001
1.40001
1.40001
1.40001
1.40001
1.40001
1.40001
1.40001
1.40001
1.40001
1.40001
1.40001
1.40001
1.40001
1.40001
1.40001
1.40001
1.40001
1.40001
1.40001
1.40001
1.40001
1.40001
1.40001
1.40001
5.98927
3.22187
1.48759
1.39996
1.40001
1.40001
1.40001
1.40001
1.40001
1.40001
1.40001
1.40001
1.40001
1.40001
1.40001
1.40001
1.40001
1.40001
1.40001
1.40001
1.40001
1.40001
1.40001
1.40001
1.40001
1.40001
1.40001
1.40001
1.40001
1.40001
1.40001
1.40001
1.40001
1.40001
1.40001
5.98284
4.72098
2.98155
1.47797
1.39996
1.40001
1.40001
1.40001
1.40001
1.40001
1.40001
1.40001
1.40001
1.40001
1.40001
1.40001
1.40001
1.40001
1.40001
1.40001
1.40001
1.40001
1.40001
1.40001
1.40001
1.40001
1.40001
1.40001
1.40001
1.40001
1.40001
1.40001
1.40001
1.40001
1.40001
5.15605
4.5309
4.44327
2.81221
1.45888
1.40001
1.40001
1.40001
1.40001
1.40001
1.40001
1.40001
1.40001
1.40001
1.40001
1.40001
1.40001
1.40001
1.40001
1.40001
1.40001
1.40001
1.40001
1.40001
1.40001
1.40001
1.40001
1.40001
1.40001
1.40001
1.40001
1.40001
1.40001
1.40001
1.40001
4.53385
4.41613
4.6183
4.22622
2.31099
1.39926
1.40001
1.40001
1.40001
1.40001
1.40001
1.40001
1.40001
1.40001
1.40001
1.40001
1.40001
1.40001
1.40001
1.40001
1.40001
1.40001
1.40001
1.40001
1.40001
1.40001
1.40001
1.40001
1.40001
1.40001
1.40001
1.40001
1.40001
1.40001
1.40001
4.30521
4.33246
4.47453
4.25475
3.61016
1.80553
1.39961
1.40001
1.40001
1.40001
1.40001
1.40001
1.40001
1.40001
1.40001
1.40001
1.40001
1.40001
1.40001
1.40001
1.40001
1.40001
1.40001
1.40001
1.40001
1.40001
1.40001
1.40001
1.40001
1.40001
1.40001
1.40001
1.40001
1.40001
1.40001
4.28376
4.28026
4.21918
4.15255
4.17183
2.91739
1.48246
1.40001
1.40001
1.40001
1.40001
1.40001
1.40001
1.40001
1.40001
1.40001
1.40001
1.40001
1.40001
1.40001
1.40001
1.40001
1.40001
1.40001
1.40001
1.40001
1.40001
1.40001
1.40001
1.40001
1.40001
1.40001
1.40001
1.40001
1.40001
4.26657
4.26078
4.17616
4.14682
4.22576
3.92068
2.11354
1.3993
1.40001
1.40001
1.40001
1.40001
1.40001
1.40001
1.40001
1.40001
1.40001
1.40001
1.40001
1.40001
1.40001
1.40001
1.40001
1.40001
1.40001
1.40001
1.40001
1.40001
1.40001
1.40001
1.40001
1.40001
1.40001
1.40001
1.40001
4.27484
4.2725
4.20711
4.16587
4.19497
4.14085
3.2889
1.59312
1.39986
1.40001
1.40001
1.40001
1.40001
1.40001
1.40001
1.40001
1.40001
1.40001
1.40001
1.40001
1.40001
1.40001
1.40001
1.40001
1.40001
1.40001
1.40001
1.40001
1.40001
1.40001
1.40001
1.40001
1.40001
1.40001
1.40001
4.29197
4.29049
4.23206
4.16968
4.12769
4.1031
3.88606
2.29196
1.40174
1.40001
1.40001
1.40001
1.40001
1.40001
1.40001
1.40001
1.40001
1.40001
1.40001
1.40001
1.40001
1.40001
1.40001
1.40001
1.40001
1.40001
1.40001
1.40001
1.40001
1.40001
1.40001
1.40001
1.40001
1.40001
1.40001
4.31252
4.3093
4.24116
4.17173
4.10534
4.11644
4.17058
3.32924
1.58576
1.39979
1.40001
1.40001
1.40001
1.40001
1.40001
1.40001
1.40001
1.40001
1.40001
1.40001
1.40001
1.40001
1.40001
1.40001
1.40001
1.40001
1.40001
1.40001
1.40001
1.40001
1.40001
1.40001
1.40001
1.40001
1.40001
4.33333
4.32646
4.24449
4.17675
4.11937
4.14915
4.22073
3.99817
2.2841
1.40195
1.40001
1.40001
1.40001
1.40001
1.40001
1.40001
1.40001
1.40001
1.40001
1.40001
1.40001
1.40001
1.40001
1.40001
1.40001
1.40001
1.40001
1.40001
1.40001
1.40001
1.40001
1.40001
1.40001
1.40001
1.40001
4.3466
4.32654
4.24382
4.18331
4.13694
4.17491
4.22036
4.14166
3.30439
1.57433
1.40001
1.40001
1.40001
1.40001
1.40001
1.40001
1.40001
1.40001
1.40001
1.40001
1.40001
1.40001
1.40001
1.40001
1.40001
1.40001
1.40001
1.40001
1.40001
1.40001
1.40001
1.40001
1.40001
1.40001
1.40001
4.3442
4.3172
4.24408
4.18833
4.15747
4.17086
4.18232
4.12845
3.89821
2.17759
1.39916
1.40001
1.40001
1.40001
1.40001
1.40001
1.40001
1.40001
1.40001
1.40001
1.40001
1.40001
1.40001
1.40001
1.40001
1.40001
1.40001
1.40001
1.40001
1.40001
1.40001
1.40001
1.40001
1.40001
1.40001
4.32994
4.29706
4.23664
4.18029
4.15799
4.15395
4.14234
4.12624
4.13686
3.0276
1.49602
1.40001
1.40001
1.40001
1.40001
1.40001
1.40001
1.40001
1.40001
1.40001
1.40001
1.40001
1.40001
1.40001
1.40001
1.40001
1.40001
1.40001
1.40001
1.40001
1.40001
1.40001
1.40001
1.40001
1.40001
4.30254
4.27027
4.22229
4.16626
4.14053
4.12612
4.12785
4.13297
4.17243
3.79655
1.92951
1.39939
1.40001
1.40001
1.40001
1.40001
1.40001
1.40001
1.40001
1.40001
1.40001
1.40001
1.40001
1.40001
1.40001
1.40001
1.40001
1.40001
1.40001
1.40001
1.40001
1.40001
1.40001
1.40001
1.40001
4.26804
4.24092
4.20054
4.1426
4.11393
4.09705
4.10276
4.11063
4.14523
4.00866
2.69681
1.43774
1.4
1.40001
1.40001
1.40001
1.40001
1.40001
1.40001
1.40001
1.40001
1.40001
1.40001
1.40001
1.40001
1.40001
1.40001
1.40001
1.40001
1.40001
1.40001
1.40001
1.40001
1.40001
1.40001
4.23485
4.212
4.17242
4.11109
4.08314
4.06614
4.07124
4.07894
4.09997
4.07378
3.3024
1.62555
1.4
1.40001
1.40001
1.40001
1.40001
1.40001
1.40001
1.40001
1.40001
1.40001
1.40001
1.40001
1.40001
1.40001
1.40001
1.40001
1.40001
1.40001
1.40001
1.40001
1.40001
1.40001
1.40001
4.20385
4.18064
4.14043
4.07822
4.05114
4.03419
4.04069
4.05038
4.07694
4.09335
3.8322
2.07565
1.39921
1.40001
1.40001
1.40001
1.40001
1.40001
1.40001
1.40001
1.40001
1.40001
1.40001
1.40001
1.40001
1.40001
1.40001
1.40001
1.40001
1.40001
1.40001
1.40001
1.40001
1.40001
1.40001
4.17459
4.14729
4.10591
4.04537
4.01829
4.0008
4.01304
4.02691
4.05191
4.07815
4.01336
2.77158
1.44606
1.4
1.40001
1.40001
1.40001
1.40001
1.40001
1.40001
1.40001
1.40001
1.40001
1.40001
1.40001
1.40001
1.40001
1.40001
1.40001
1.40001
1.40001
1.40001
1.40001
1.40001
1.40001
4.14707
4.11754
4.07649
4.01843
3.99039
3.96987
3.98348
3.99628
4.02405
4.05706
3.99856
3.26258
1.62578
1.40001
1.40001
1.40001
1.40001
1.40001
1.40001
1.40001
1.40001
1.40001
1.40001
1.40001
1.40001
1.40001
1.40001
1.40001
1.40001
1.40001
1.40001
1.40001
1.40001
1.40001
1.40001
4.11937
4.09002
4.05131
3.99766
3.97029
3.94641
3.95574
3.96811
3.99861
4.02586
4.00986
3.6488
1.96531
1.39934
1.40001
1.40001
1.40001
1.40001
1.40001
1.40001
1.40001
1.40001
1.40001
1.40001
1.40001
1.40001
1.40001
1.40001
1.40001
1.40001
1.40001
1.40001
1.40001
1.40001
1.40001
4.09146
4.06508
4.03098
3.98014
3.9531
3.92702
3.93321
3.94482
3.97022
3.99449
4.00317
3.9276
2.51326
1.41741
1.40001
1.40001
1.40001
1.40001
1.40001
1.40001
1.40001
1.40001
1.40001
1.40001
1.40001
1.40001
1.40001
1.40001
1.40001
1.40001
1.40001
1.40001
1.40001
1.40001
1.40001
4.06458
4.04296
4.01347
3.96467
3.93778
3.91088
3.91354
3.92232
3.94852
3.97024
3.98977
3.92614
2.99672
1.51631
1.4
1.40001
1.40001
1.40001
1.40001
1.40001
1.40001
1.40001
1.40001
1.40001
1.40001
1.40001
1.40001
1.40001
1.40001
1.40001
1.40001
1.40001
1.40001
1.40001
1.40001
4.03967
4.02282
3.99675
3.94885
3.92289
3.89779
3.89894
3.9066
3.93452
3.95873
3.97925
3.92863
3.34353
1.70941
1.40001
1.40001
1.40001
1.40001
1.40001
1.40001
1.40001
1.40001
1.40001
1.40001
1.40001
1.40001
1.40001
1.40001
1.40001
1.40001
1.40001
1.40001
1.40001
1.40001
1.40001
4.01681
4.00376
3.97984
3.93354
3.90938
3.88696
3.88446
3.89427
3.92671
3.94878
3.96315
3.92983
3.7014
2.05694
1.39926
1.40001
1.40001
1.40001
1.40001
1.40001
1.40001
1.40001
1.40001
1.40001
1.40001
1.40001
1.40001
1.40001
1.40001
1.40001
1.40001
1.40001
1.40001
1.40001
1.40001
3.99594
3.98492
3.96237
3.91772
3.89469
3.87576
3.87063
3.8848
3.92144
3.94206
3.94839
3.92341
3.80759
2.48642
1.41782
1.4
1.40001
1.40001
1.40001
1.40001
1.40001
1.40001
1.40001
1.40001
1.40001
1.40001
1.40001
1.40001
1.40001
1.40001
1.40001
1.40001
1.40001
1.40001
1.40001
3.9773
3.96605
3.94428
3.9003
3.87804
3.86529
3.8599
3.87393
3.91292
3.93575
3.94016
3.92982
3.8337
2.85533
1.4821
1.40001
1.40001
1.40001
1.40001
1.40001
1.40001
1.40001
1.40001
1.40001
1.40001
1.40001
1.40001
1.40001
1.40001
1.40001
1.40001
1.40001
1.40001
1.40001
1.40001
3.96057
3.94698
3.9256
3.88235
3.86152
3.85828
3.85263
3.86347
3.90226
3.93081
3.94265
3.94002
3.87362
3.23917
1.62575
1.4
1.40001
1.40001
1.40001
1.40001
1.40001
1.40001
1.40001
1.40001
1.40001
1.40001
1.40001
1.40001
1.40001
1.40001
1.40001
1.40001
1.40001
1.40001
1.40001
3.94546
3.92865
3.90696
3.86825
3.84962
3.85208
3.8465
3.85362
3.89109
3.92564
3.94601
3.94736
3.90562
3.50341
1.87486
1.39978
1.40001
1.40001
1.40001
1.40001
1.40001
1.40001
1.40001
1.40001
1.40001
1.40001
1.40001
1.40001
1.40001
1.40001
1.40001
1.40001
1.40001
1.40001
1.40001
3.93229
3.91446
3.89232
3.8567
3.84083
3.84398
3.84128
3.84539
3.88018
3.91828
3.94344
3.95252
3.92327
3.59266
2.16798
1.40202
1.40001
1.40001
1.40001
1.40001
1.40001
1.40001
1.40001
1.40001
1.40001
1.40001
1.40001
1.40001
1.40001
1.40001
1.40001
1.40001
1.40001
1.40001
1.40001
3.92064
3.90223
3.87981
3.84709
3.83405
3.83585
3.83869
3.84161
3.87117
3.90859
3.93605
3.95178
3.9288
3.70466
2.4993
1.42082
1.40001
1.40001
1.40001
1.40001
1.40001
1.40001
1.40001
1.40001
1.40001
1.40001
1.40001
1.40001
1.40001
1.40001
1.40001
1.40001
1.40001
1.40001
1.40001
3.90905
3.89042
3.86817
3.83941
3.82858
3.82756
3.83922
3.84305
3.86729
3.90027
3.92481
3.94423
3.9422
3.85029
2.86734
1.48513
1.4
1.40001
1.40001
1.40001
1.40001
1.40001
1.40001
1.40001
1.40001
1.40001
1.40001
1.40001
1.40001
1.40001
1.40001
1.40001
1.40001
1.40001
1.40001
3.89726
3.8802
3.85884
3.83365
3.82351
3.81837
3.84193
3.85137
3.87059
3.89641
3.91556
3.93328
3.94162
3.90687
3.12773
1.60765
1.40001
1.40001
1.40001
1.40001
1.40001
1.40001
1.40001
1.40001
1.40001
1.40001
1.40001
1.40001
1.40001
1.40001
1.40001
1.40001
1.40001
1.40001
1.40001
3.8866
3.87235
3.85153
3.82931
3.8186
3.80894
3.83981
3.86236
3.88255
3.89872
3.91055
3.92416
3.92909
3.90505
3.32949
1.77831
1.40001
1.40001
1.40001
1.40001
1.40001
1.40001
1.40001
1.40001
1.40001
1.40001
1.40001
1.40001
1.40001
1.40001
1.40001
1.40001
1.40001
1.40001
1.40001
3.87737
3.86558
3.84553
3.82599
3.81369
3.80134
3.83028
3.8657
3.89654
3.91014
3.91312
3.92013
3.92151
3.91266
3.58563
2.0265
1.39973
1.40001
1.40001
1.40001
1.40001
1.40001
1.40001
1.40001
1.40001
1.40001
1.40001
1.40001
1.40001
1.40001
1.40001
1.40001
1.40001
1.40001
1.40001
3.86929
3.85921
3.8421
3.82436
3.80992
3.79562
3.81955
3.85952
3.90089
3.92501
3.92798
3.92379
3.91966
3.90888
3.74657
2.32714
1.4092
1.40001
1.40001
1.40001
1.40001
1.40001
1.40001
1.40001
1.40001
1.40001
1.40001
1.40001
1.40001
1.40001
1.40001
1.40001
1.40001
1.40001
1.40001
3.86077
3.85406
3.84223
3.8265
3.80928
3.79329
3.81112
3.85204
3.89614
3.93196
3.9451
3.93859
3.92544
3.89849
3.75366
2.60849
1.43883
1.40001
1.40001
1.40001
1.40001
1.40001
1.40001
1.40001
1.40001
1.40001
1.40001
1.40001
1.40001
1.40001
1.40001
1.40001
1.40001
1.40001
1.40001
3.84955
3.85074
3.84501
3.83512
3.81524
3.79693
3.80639
3.8463
3.89088
3.92902
3.95187
3.95172
3.9363
3.90182
3.77876
2.88482
1.50355
1.40001
1.40001
1.40001
1.40001
1.40001
1.40001
1.40001
1.40001
1.40001
1.40001
1.40001
1.40001
1.40001
1.40001
1.40001
1.40001
1.40001
1.40001
3.83779
3.84452
3.84716
3.84298
3.82723
3.80717
3.8066
3.84296
3.88773
3.92425
3.94592
3.94824
3.93714
3.91787
3.82622
3.16623
1.62023
1.4
1.40001
1.40001
1.40001
1.40001
1.40001
1.40001
1.40001
1.40001
1.40001
1.40001
1.40001
1.40001
1.40001
1.40001
1.40001
1.40001
1.40001
3.83094
3.83809
3.84178
3.84405
3.83744
3.8214
3.81651
3.84511
3.88687
3.92188
3.93954
3.94045
3.934
3.93228
3.88634
3.37185
1.80173
1.4
1.40001
1.40001
1.40001
1.40001
1.40001
1.40001
1.40001
1.40001
1.40001
1.40001
1.40001
1.40001
1.40001
1.40001
1.40001
1.40001
1.40001
3.82787
3.83477
3.8349
3.83533
3.83547
3.83102
3.83256
3.85769
3.89415
3.92408
3.93656
3.93431
3.92664
3.93927
3.91382
3.482
2.01328
1.40016
1.40001
1.40001
1.40001
1.40001
1.40001
1.40001
1.40001
1.40001
1.40001
1.40001
1.40001
1.40001
1.40001
1.40001
1.40001
1.40001
1.40001
3.82988
3.83461
3.8313
3.82167
3.82682
3.8324
3.84805
3.87795
3.91028
3.93332
3.93655
3.93065
3.91501
3.92899
3.92109
3.59175
2.25207
1.4069
1.40001
1.40001
1.40001
1.40001
1.40001
1.40001
1.40001
1.40001
1.40001
1.40001
1.40001
1.40001
1.40001
1.40001
1.40001
1.40001
1.40001
3.83883
3.83652
3.8303
3.81128
3.81722
3.82909
3.85536
3.89346
3.92845
3.94887
3.9446
3.93188
3.90845
3.90918
3.91372
3.74915
2.52829
1.42952
1.4
1.40001
1.40001
1.40001
1.40001
1.40001
1.40001
1.40001
1.40001
1.40001
1.40001
1.40001
1.40001
1.40001
1.40001
1.40001
1.40001
3.85327
3.84024
3.82869
3.80528
3.81194
3.82809
3.85826
3.89557
3.93149
3.95864
3.95492
3.93958
3.90741
3.89418
3.90305
3.84358
2.80966
1.48354
1.4
1.40001
1.40001
1.40001
1.40001
1.40001
1.40001
1.40001
1.40001
1.40001
1.40001
1.40001
1.40001
1.40001
1.40001
1.40001
1.40001
3.86946
3.84647
3.82655
3.80477
3.81037
3.82861
3.85797
3.89107
3.92467
3.95516
3.95829
3.94635
3.91771
3.89788
3.89606
3.83872
3.01595
1.56585
1.40001
1.40001
1.40001
1.40001
1.40001
1.40001
1.40001
1.40001
1.40001
1.40001
1.40001
1.40001
1.40001
1.40001
1.40001
1.40001
1.40001
3.875
3.85086
3.83098
3.81645
3.82037
3.83579
3.85884
3.88341
3.9133
3.94455
3.95172
3.94577
3.9345
3.92031
3.90567
3.83373
3.26661
1.77215
1.40001
1.40001
1.40001
1.40001
1.40001
1.40001
1.40001
1.40001
1.40001
1.40001
1.40001
1.40001
1.40001
1.40001
1.40001
1.40001
1.40001
3.8672
3.85018
3.84629
3.84562
3.84907
3.85853
3.87359
3.888
3.91226
3.93629
3.94445
3.95085
3.95405
3.94745
3.92504
3.83417
3.42395
1.77687
1.38324
1.40001
1.40001
1.40001
1.40001
1.40001
1.40001
1.40001
1.40001
1.40001
1.40001
1.40001
1.40001
1.40001
1.40001
1.40001
1.40001
1.97643
2.84663
3.32236
3.58328
3.72841
3.80278
3.85096
3.87898
3.90384
3.92971
3.93939
3.94367
3.95677
3.96365
3.94619
3.86664
3.62874
2.37215
1.4717
1.40081
1.40001
1.40001
1.40001
1.40001
1.40001
1.40001
1.40001
1.40001
1.40001
1.40001
1.40001
1.40001
1.40001
1.40001
1.40001
0.740105
1.81994
2.48129
2.94917
3.29374
3.5412
3.70026
3.80443
3.86892
3.91524
3.93494
3.93648
3.95185
3.96413
3.94784
3.85831
3.76307
2.94831
1.71726
1.41088
1.40009
1.40001
1.40001
1.40001
1.40001
1.40001
1.40001
1.40001
1.40001
1.40001
1.40001
1.40001
1.40001
1.40001
1.40001
0.246639
1.06656
1.75184
2.28756
2.71535
3.06077
3.36781
3.57673
3.73702
3.84406
3.90545
3.9279
3.94206
3.95587
3.94526
3.84482
3.92218
3.55925
2.21742
1.46582
1.40094
1.40001
1.40001
1.40001
1.40001
1.40001
1.40001
1.40001
1.40001
1.40001
1.40001
1.40001
1.40001
1.40001
1.40001
0.245752
0.702109
1.17076
1.70983
2.19894
2.56324
2.91045
3.22613
3.46294
3.66996
3.80271
3.88053
3.91913
3.94223
3.93207
3.85362
3.96464
3.76228
2.84285
1.65709
1.40738
1.40005
1.40001
1.40001
1.40001
1.40001
1.40001
1.40001
1.40001
1.40001
1.40001
1.40001
1.40001
1.40001
1.40001
0.31866
0.627636
0.854449
1.20645
1.69081
2.14394
2.44982
2.82643
3.12215
3.3895
3.60829
3.75562
3.85448
3.90947
3.9194
3.87709
3.95683
3.83296
3.24413
1.99485
1.43605
1.40038
1.40001
1.40001
1.40001
1.40001
1.40001
1.40001
1.40001
1.40001
1.40001
1.40001
1.40001
1.40001
1.40001
0.418822
0.58011
0.725348
0.977609
1.25002
1.72715
2.10902
2.38889
2.76717
3.05538
3.33416
3.54961
3.7116
3.82343
3.89217
3.89353
3.93435
3.88073
3.62397
2.4443
1.52082
1.40219
1.40002
1.40001
1.40001
1.40001
1.40001
1.40001
1.40001
1.40001
1.40001
1.40001
1.40001
1.40001
1.40001
0.484597
0.504864
0.603553
0.882206
1.08804
1.33811
1.77903
2.07305
2.40587
2.74277
3.01855
3.285
3.49785
3.67294
3.8139
3.88925
3.91816
3.88826
3.78875
3.04568
1.76089
1.41292
1.4001
1.40001
1.40001
1.40001
1.40001
1.40001
1.40001
1.40001
1.40001
1.40001
1.40001
1.40001
1.40001
0.513673
0.464747
0.479345
0.756086
0.993486
1.14164
1.47523
1.84292
2.07382
2.44069
2.74643
3.01325
3.27215
3.47893
3.67862
3.81988
3.89977
3.88103
3.81768
3.4023
2.15015
1.45688
1.40069
1.40001
1.40001
1.40001
1.40001
1.40001
1.40001
1.40001
1.40001
1.40001
1.40001
1.40001
1.40001
0.538962
0.46179
0.448095
0.613129
0.867822
1.07836
1.21322
1.5862
1.86785
2.13379
2.46823
2.74543
3.01389
3.2521
3.49915
3.69501
3.82953
3.8547
3.83755
3.58369
2.58445
1.56518
1.40337
1.40002
1.40001
1.40001
1.40001
1.40001
1.40001
1.40001
1.40001
1.40001
1.40001
1.40001
1.40001
0.549697
0.47735
0.466061
0.543685
0.704956
0.986581
1.10917
1.34114
1.67825
1.88297
2.18719
2.47905
2.71503
3.00554
3.27593
3.51877
3.70271
3.80314
3.82974
3.76228
3.0438
1.79068
1.41552
1.40012
1.40001
1.40001
1.40001
1.40001
1.40001
1.40001
1.40001
1.40001
1.40001
1.40001
1.40001
0.556626
0.508567
0.521654
0.545627
0.571765
0.840484
1.04994
1.1669
1.4842
1.74774
1.95868
2.24653
2.49767
2.76853
3.06586
3.30149
3.52972
3.70116
3.79545
3.78478
3.43359
2.17474
1.4562
1.40062
1.40001
1.40001
1.40001
1.40001
1.40001
1.40001
1.40001
1.40001
1.40001
1.40001
1.40001
0.55652
0.541499
0.564072
0.545608
0.538964
0.673962
0.952903
1.09724
1.29429
1.60239
1.81509
2.06021
2.31714
2.57521
2.89192
3.1249
3.32842
3.53397
3.71673
3.75705
3.56875
2.59435
1.56801
1.40345
1.40002
1.40001
1.40001
1.40001
1.40001
1.40001
1.40001
1.40001
1.40001
1.40001
1.40001
0.543188
0.541844
0.565388
0.535431
0.52342
0.586341
0.829008
1.03959
1.14057
1.42329
1.67166
1.87293
2.12036
2.38399
2.69719
2.94901
3.16027
3.36824
3.58834
3.69239
3.63688
2.95501
1.75627
1.41248
1.40009
1.40001
1.40001
1.40001
1.40001
1.40001
1.40001
1.40001
1.40001
1.40001
1.40001
0.515723
0.537482
0.565787
0.533786
0.523008
0.576847
0.70296
0.947727
1.08506
1.22248
1.48816
1.69553
1.87711
2.16166
2.47961
2.72733
2.98493
3.21839
3.44912
3.62139
3.61791
3.25283
2.06016
1.44292
1.40042
1.40001
1.40001
1.40001
1.40001
1.40001
1.40001
1.40001
1.40001
1.40001
1.40001
0.483966
0.527458
0.568584
0.543763
0.531944
0.587069
0.632941
0.843434
1.04099
1.14495
1.35064
1.57795
1.74603
1.9917
2.31021
2.55086
2.78416
3.0284
3.28911
3.52952
3.58819
3.40264
2.39502
1.5128
1.40179
1.40001
1.40001
1.40001
1.40001
1.40001
1.40001
1.40001
1.40001
1.40001
1.40001
0.471271
0.511429
0.567057
0.554656
0.549728
0.596717
0.620661
0.746792
0.975314
1.1238
1.279
1.48147
1.65937
1.88092
2.1729
2.4175
2.63331
2.85605
3.10831
3.38717
3.53668
3.47566
2.75944
1.65139
1.40657
1.40004
1.40001
1.40001
1.40001
1.40001
1.40001
1.40001
1.40001
1.40001
1.40001
0.473532
0.49885
0.547872
0.551987
0.559988
0.591613
0.616028
0.66784
0.8687
1.06726
1.19989
1.37429
1.5618
1.76769
2.0265
2.26956
2.50327
2.74482
2.96945
3.23305
3.45754
3.44588
2.97627
1.85619
1.4213
1.40016
1.40001
1.40001
1.40001
1.40001
1.40001
1.40001
1.40001
1.40001
1.40001
0.488275
0.498409
0.536282
0.54654
0.558937
0.575911
0.603763
0.657223
0.750805
0.952592
1.09822
1.24503
1.41413
1.60452
1.84492
2.06778
2.3267
2.6067
2.84347
3.08468
3.35404
3.39983
3.15629
2.11312
1.45403
1.40058
1.40001
1.40001
1.40001
1.40001
1.40001
1.40001
1.40001
1.40001
1.40001
0.514629
0.51068
0.536157
0.546713
0.551168
0.559803
0.593203
0.663899
0.711515
0.857293
1.03209
1.15439
1.29953
1.50073
1.72733
1.94603
2.17538
2.42254
2.68104
2.92007
3.22144
3.34662
3.22219
2.373
1.52245
1.40204
1.40001
1.40001
1.40001
1.40001
1.40001
1.40001
1.40001
1.40001
1.40001
0.534192
0.527593
0.539862
0.551678
0.548441
0.542818
0.573788
0.65955
0.719239
0.832769
0.991818
1.12694
1.26126
1.44769
1.66501
1.8754
2.09348
2.31303
2.53273
2.77737
3.07433
3.27063
3.22731
2.60727
1.62655
1.4059
1.40004
1.40001
1.40001
1.40001
1.40001
1.40001
1.40001
1.40001
1.40001
0.533617
0.534249
0.547074
0.558342
0.550864
0.537737
0.548366
0.634715
0.712802
0.80494
0.948716
1.09244
1.21596
1.39006
1.59357
1.7932
2.01282
2.24168
2.44716
2.66852
2.9328
3.18135
3.19426
2.77604
1.77407
1.41542
1.40011
1.40001
1.40001
1.40001
1.40001
1.40001
1.40001
1.40001
1.40001
0.522441
0.533136
0.552221
0.567108
0.55754
0.537632
0.541015
0.591088
0.671147
0.754853
0.87372
1.02494
1.1515
1.29028
1.47553
1.6557
1.8709
2.12144
2.35186
2.55195
2.79934
3.09011
3.13827
2.89016
1.94437
1.43478
1.40032
1.40001
1.40001
1.40001
1.40001
1.40001
1.40001
1.40001
1.40001
0.49877
0.526181
0.556432
0.58168
0.571371
0.542408
0.542225
0.562211
0.618682
0.708812
0.794263
0.926902
1.06328
1.19983
1.36327
1.53485
1.73916
1.96701
2.2173
2.40795
2.66662
2.98782
3.08778
2.9457
2.12716
1.46956
1.40088
1.40001
1.40001
1.40001
1.40001
1.40001
1.40001
1.40001
1.40001
0.485308
0.516714
0.560009
0.597436
0.590129
0.558893
0.550919
0.561648
0.600208
0.696283
0.781827
0.894403
1.03127
1.17379
1.33221
1.50386
1.69832
1.8998
2.10846
2.3143
2.54428
2.87337
3.03465
2.95351
2.28509
1.52242
1.40221
1.40001
1.40001
1.40001
1.40001
1.40001
1.40001
1.40001
1.40001
0.486323
0.513689
0.560453
0.601318
0.596448
0.580431
0.565188
0.566196
0.589187
0.683599
0.774917
0.884224
1.00612
1.14305
1.30206
1.46888
1.65804
1.85686
2.04942
2.25312
2.45105
2.75663
2.97295
2.94754
2.42095
1.59169
1.40491
1.40003
1.40001
1.40001
1.40001
1.40001
1.40001
1.40001
1.40001
0.496946
0.514162
0.558513
0.59756
0.594669
0.586354
0.569858
0.563271
0.576285
0.657587
0.752248
0.860773
0.968531
1.09634
1.25069
1.40408
1.5835
1.78206
1.97807
2.17804
2.36901
2.65625
2.90759
2.92626
2.52974
1.6775
1.40998
1.40007
1.40001
1.40001
1.40001
1.40001
1.40001
1.40001
1.40001
0.520561
0.522083
0.551518
0.584609
0.588831
0.584461
0.568029
0.553999
0.56089
0.611261
0.701363
0.808669
0.906368
1.0125
1.15662
1.29334
1.46263
1.65308
1.8676
2.05661
2.26891
2.55989
2.84861
2.88436
2.60926
1.77528
1.41866
1.40014
1.40001
1.40001
1.40001
1.40001
1.40001
1.40001
1.40001
0.542515
0.535217
0.541063
0.565951
0.579189
0.576953
0.566958
0.552917
0.558502
0.591747
0.657653
0.771459
0.865063
0.958879
1.10269
1.25063
1.41724
1.5973
1.79599
1.98381
2.17663
2.44848
2.77628
2.84286
2.65056
1.87621
1.43215
1.40031
1.40001
1.40001
1.40001
1.40001
1.40001
1.40001
1.40001
0.54759
0.538604
0.535323
0.553141
0.572967
0.573036
0.567824
0.555791
0.560914
0.595837
0.651569
0.758153
0.8532
0.948791
1.08541
1.23254
1.39568
1.57133
1.75894
1.94601
2.11815
2.34873
2.68734
2.79781
2.67341
1.97156
1.45103
1.40061
1.40001
1.40001
1.40001
1.40001
1.40001
1.40001
1.40001
0.544141
0.536762
0.53294
0.54981
0.572482
0.573794
0.568603
0.557831
0.56363
0.597464
0.644017
0.742689
0.83758
0.930836
1.05901
1.20119
1.35896
1.53065
1.71042
1.89609
2.06649
2.28518
2.61632
2.7515
2.67666
2.06021
1.47581
1.40115
1.40001
1.40001
1.40001
1.40001
1.40001
1.40001
1.40001
0.526567
0.52986
0.53345
0.550967
0.574138
0.576206
0.569015
0.55723
0.562817
0.590813
0.625263
0.712321
0.805241
0.895282
1.01461
1.14372
1.28546
1.44604
1.6197
1.80234
1.98571
2.21728
2.55541
2.71591
2.66899
2.13705
1.50588
1.40203
1.40001
1.40001
1.40001
1.40001
1.40001
1.40001
1.40001
0.50358
0.521572
0.538098
0.556674
0.579323
0.58066
0.570654
0.557528
0.56191
0.578267
0.596283
0.661767
0.744446
0.835038
0.947351
1.06625
1.20512
1.36282
1.53558
1.70672
1.88173
2.11764
2.46888
2.67352
2.65311
2.20039
1.54022
1.40337
1.40002
1.40001
1.40001
1.40001
1.40001
1.40001
1.40001
0.496703
0.514438
0.54367
0.562508
0.582451
0.586184
0.574454
0.559732
0.562731
0.575615
0.59252
0.652417
0.72168
0.808965
0.924534
1.04614
1.1886
1.34479
1.51307
1.68043
1.83979
2.03448
2.36885
2.6173
2.63123
2.2527
1.5771
1.40527
1.40003
1.40001
1.40001
1.40001
1.40001
1.40001
1.40001
0.498462
0.512027
0.545754
0.563903
0.582155
0.589065
0.580098
0.565644
0.565244
0.574364
0.592842
0.654257
0.71806
0.800763
0.914807
1.03413
1.17247
1.32475
1.48769
1.65385
1.81315
1.99935
2.31444
2.5805
2.60952
2.2931
1.61559
1.40783
1.40005
1.40001
1.40001
1.40001
1.40001
1.40001
1.40001
0.506973
0.512473
0.544902
0.563624
0.579118
0.589422
0.585916
0.573373
0.56802
0.571626
0.587312
0.648828
0.708687
0.787146
0.897288
1.0108
1.14155
1.28559
1.43925
1.60063
1.76466
1.95906
2.27388
2.55305
2.58454
2.32432
1.65542
1.41121
1.40009
1.40001
1.40001
1.40001
1.40001
1.40001
1.40001
0.514816
0.515365
0.540993
0.559878
0.572926
0.588378
0.589842
0.579841
0.569371
0.566568
0.57412
0.629053
0.682668
0.755916
0.858148
0.963712
1.08066
1.21085
1.35373
1.50885
1.67658
1.88629
2.21212
2.51517
2.55504
2.34106
1.69476
1.4155
1.40013
1.40001
1.40001
1.40001
1.40001
1.40001
1.40001
0.516028
0.520074
0.537722
0.55638
0.568618
0.587125
0.592124
0.584707
0.571854
0.56453
0.56777
0.609117
0.648821
0.713588
0.812412
0.916255
1.03438
1.16518
1.30607
1.45398
1.60927
1.79903
2.11518
2.45013
2.51591
2.34501
1.73112
1.42062
1.4002
1.40001
1.40001
1.40001
1.40001
1.40001
1.40001
0.515085
0.521561
0.537806
0.556329
0.56843
0.587202
0.594381
0.589334
0.576074
0.564891
0.567838
0.607997
0.646006
0.708131
0.805944
0.907538
1.02674
1.15694
1.29801
1.44808
1.60287
1.7795
2.06236
2.39067
2.46726
2.33927
1.76183
1.42621
1.40028
1.40001
1.40001
1.40001
1.40001
1.40001
1.40001
0.510586
0.521761
0.539188
0.557513
0.570164
0.589452
0.597729
0.594447
0.579778
0.565939
0.569175
0.608648
0.645835
0.705391
0.799712
0.898067
1.01454
1.14192
1.28235
1.43493
1.59356
1.77215
2.04502
2.36673
2.44168
2.33476
1.78938
1.43223
1.40039
1.40001
1.40001
1.40001
1.40001
1.40001
1.40001
0.50657
0.521875
0.541191
0.56113
0.57611
0.595864
0.601903
0.598348
0.582533
0.56743
0.569894
0.605557
0.639694
0.695294
0.784631
0.877796
0.98714
1.10692
1.24196
1.39392
1.55539
1.73909
2.01258
2.34155
2.42585
2.3297
1.81453
1.43885
1.40053
1.40001
1.40001
1.40001
1.40001
1.40001
1.40001
0.506323
0.52109
0.543299
0.567719
0.58543
0.602018
0.604186
0.599141
0.583549
0.568521
0.570066
0.595531
0.622223
0.672426
0.754614
0.839146
0.938226
1.04799
1.17224
1.31569
1.47594
1.66231
1.94018
2.29082
2.39917
2.32161
1.83734
1.44582
1.4007
1.40001
1.40001
1.40001
1.40001
1.40001
1.40001
0.50764
0.520663
0.544836
0.57294
0.591023
0.603387
0.604399
0.59876
0.583691
0.569323
0.570871
0.588773
0.602322
0.642122
0.717486
0.799355
0.900951
1.01568
1.14306
1.2816
1.42598
1.58918
1.84072
2.20252
2.34806
2.29945
1.85375
1.45297
1.4009
1.40001
1.40001
1.40001
1.40001
1.40001
1.40001
0.512089
0.521683
0.54582
0.57455
0.59242
0.603655
0.604615
0.599017
0.584465
0.570443
0.572516
0.588652
0.599622
0.635065
0.709661
0.794101
0.899027
1.01651
1.14644
1.28518
1.42618
1.58098
1.81571
2.15691
2.29801
2.26759
1.8615
1.45898
1.40111
1.40001
1.40001
1.40001
1.40001
1.40001
1.40001
0.520538
0.525029
0.545812
0.574322
0.593485
0.604343
0.605233
0.600329
0.586677
0.573629
0.574755
0.589131
0.599956
0.635851
0.710231
0.7942
0.899026
1.0161
1.14472
1.28176
1.42379
1.5816
1.81703
2.15366
2.28839
2.25467
1.86804
1.46383
1.40131
1.40001
1.40001
1.40001
1.40001
1.40001
1.40001
0.523715
0.52889
0.545079
0.572158
0.593868
0.605831
0.605985
0.600735
0.58966
0.57879
0.577436
0.589156
0.597532
0.632809
0.706419
0.788184
0.890619
1.00321
1.12457
1.25484
1.39784
1.56216
1.80129
2.14185
2.28114
2.24603
1.87352
1.46862
1.40152
1.40001
1.40001
1.40001
1.40001
1.40001
1.40001
0.521091
0.529327
0.544196
0.568935
0.593825
0.607048
0.606416
0.600587
0.591561
0.583296
0.580405
0.58925
0.591771
0.621119
0.692333
0.769944
0.864932
0.969132
1.08212
1.20525
1.34413
1.50988
1.75388
2.10146
2.25728
2.22999
1.87579
1.47299
1.40173
1.40001
1.40001
1.40001
1.40001
1.40001
1.40001
0.51868
0.528339
0.543998
0.567362
0.594405
0.606886
0.606083
0.599949
0.592865
0.585179
0.58423
0.589708
0.59124
0.614867
0.675945
0.743786
0.83189
0.929666
1.03895
1.16067
1.29455
1.45171
1.68972
2.0328
2.20461
2.19751
1.87385
1.47671
1.40195
1.40002
1.40001
1.40001
1.40001
1.40001
1.40001
0.518466
0.528343
0.545241
0.567215
0.595248
0.604813
0.60427
0.598626
0.593326
0.586641
0.58848
0.591849
0.593229
0.615452
0.673977
0.737997
0.828934
0.925951
1.0323
1.15103
1.28382
1.4376
1.66089
1.99141
2.16404
2.16303
1.86552
1.47856
1.4021
1.40002
1.40001
1.40001
1.40001
1.40001
1.40001
0.519556
0.530023
0.550128
0.569925
0.596703
0.602004
0.601576
0.59617
0.593304
0.589611
0.594016
0.597952
0.600491
0.621017
0.680584
0.742767
0.833171
0.927991
1.03332
1.15282
1.28752
1.44255
1.6633
1.99073
2.16163
2.14927
1.8531
1.47782
1.40216
1.40002
1.40001
1.40001
1.40001
1.40001
1.40001
0.525726
0.534132
0.556632
0.575465
0.600386
0.602463
0.600289
0.593745
0.593184
0.594389
0.602244
0.608244
0.6114
0.62591
0.682238
0.742488
0.829305
0.920646
1.02477
1.14612
1.28287
1.43921
1.66132
1.99113
2.15802
2.13931
1.84586
1.47789
1.40228
1.40002
1.40001
1.40001
1.40001
1.40001
1.40001
0.531664
0.542371
0.564756
0.582836
0.604078
0.602806
0.598918
0.59248
0.593806
0.599697
0.609594
0.615294
0.61736
0.63046
0.684401
0.742507
0.824697
0.912044
1.01614
1.13972
1.27865
1.43627
1.66129
1.99339
2.15101
2.12925
1.83583
1.4749
1.4021
1.40002
1.40001
1.40001
1.40001
1.40001
1.40001
0.541131
0.549347
0.569995
0.587894
0.604823
0.602822
0.597281
0.592691
0.595138
0.603823
0.613539
0.617582
0.617409
0.63248
0.684322
0.739075
0.816821
0.903499
1.00876
1.13304
1.27197
1.42875
1.65636
1.99008
2.13994
2.12078
1.82863
1.47261
1.402
1.40002
1.40001
1.40001
1.40001
1.40001
1.40001
0.558249
0.558538
0.57517
0.593137
0.605611
0.602953
0.594826
0.593473
0.597548
0.607581
0.616318
0.618742
0.617568
0.632928
0.683075
0.730838
0.806948
0.894102
0.998235
1.12057
1.25435
1.40482
1.63276
1.97795
2.12349
2.10848
1.81974
1.47
1.4019
1.40002
1.40001
1.40001
1.40001
1.40001
1.40001
0.578485
0.572583
0.581759
0.597324
0.607089
0.603927
0.595043
0.595627
0.601136
0.611741
0.619646
0.619685
0.618354
0.632741
0.680517
0.723726
0.796459
0.880264
0.979458
1.09817
1.22785
1.37757
1.6031
1.94919
2.10759
2.09342
1.80872
1.46705
1.40179
1.40002
1.40001
1.40001
1.40001
1.40001
1.40001
0.615746
0.596407
0.593935
0.604686
0.610362
0.606709
0.597786
0.598545
0.605333
0.616429
0.622991
0.620946
0.619646
0.633455
0.678699
0.718891
0.78883
0.868582
0.966497
1.08587
1.21909
1.37328
1.60012
1.9203
2.08987
2.07672
1.79543
1.46368
1.40167
1.40002
1.40001
1.40001
1.40001
1.40001
1.40001
0.665564
0.631418
0.610777
0.619403
0.618064
0.612517
0.602375
0.602039
0.610548
0.621432
0.625175
0.622595
0.621741
0.636214
0.677777
0.718001
0.788627
0.868027
0.966562
1.08684
1.22147
1.3766
1.60231
1.91552
2.07195
2.05914
1.77973
1.45982
1.40154
1.40001
1.40001
1.40001
1.40001
1.40001
1.40001
0.731597
0.684415
0.637562
0.641759
0.632634
0.622873
0.60926
0.607774
0.617057
0.626978
0.628431
0.626228
0.625745
0.640753
0.679496
0.7212
0.795398
0.874383
0.973765
1.09195
1.22375
1.3774
1.60274
1.91742
2.06016
2.04194
1.76209
1.45547
1.4014
1.40001
1.40001
1.40001
1.40001
1.40001
1.40001
0.813078
0.764072
0.692861
0.679257
0.660588
0.639046
0.620762
0.618469
0.625858
0.634293
0.635918
0.634949
0.632664
0.648813
0.687454
0.72667
0.800586
0.881715
0.978124
1.09194
1.22117
1.37636
1.60828
1.92081
2.05168
2.02494
1.74348
1.45075
1.40124
1.40001
1.40001
1.40001
1.40001
1.40001
1.40001
0.825482
0.819624
0.768435
0.731463
0.71103
0.676817
0.6454
0.638637
0.64276
0.646185
0.647699
0.645212
0.642746
0.660398
0.697254
0.730624
0.802078
0.88361
0.979081
1.09086
1.22207
1.38108
1.61724
1.92542
2.04187
2.00726
1.72421
1.44579
1.40108
1.40001
1.40001
1.40001
1.40001
1.40001
1.40001
0.826447
0.858078
0.822889
0.774618
0.762422
0.739685
0.699634
0.677107
0.670007
0.665116
0.659943
0.654012
0.653779
0.668757
0.698849
0.731509
0.804436
0.880766
0.976603
1.0922
1.227
1.38769
1.6226
1.92409
2.02845
1.98783
1.70361
1.44063
1.40091
1.40001
1.40001
1.40001
1.40001
1.40001
1.40001
0.846493
0.888431
0.860505
0.811429
0.792384
0.786526
0.766662
0.739688
0.709902
0.687309
0.671558
0.663357
0.663553
0.673453
0.698619
0.731209
0.803375
0.875529
0.976772
1.09656
1.22999
1.38845
1.62113
1.91178
2.01061
1.96511
1.68082
1.43531
1.40075
1.40001
1.40001
1.40001
1.40001
1.40001
1.40001
0.881792
0.91214
0.885841
0.837439
0.8059
0.804248
0.801839
0.795153
0.772616
0.726484
0.689842
0.674305
0.672196
0.67801
0.697374
0.728357
0.801456
0.876209
0.98144
1.09997
1.23114
1.38871
1.62044
1.89682
1.9907
1.93856
1.65545
1.42986
1.4006
1.40001
1.40001
1.40001
1.40001
1.40001
1.40001
0.899428
0.927481
0.903321
0.854377
0.814679
0.81434
0.819596
0.827233
0.826715
0.802995
0.743674
0.697708
0.683778
0.685566
0.698654
0.728544
0.802097
0.880191
0.98726
1.10444
1.23602
1.39326
1.62427
1.89377
1.97137
1.90924
1.62777
1.42437
1.40045
1.40001
1.40001
1.40001
1.40001
1.40001
1.40001
0.933956
0.956513
0.930405
0.881559
0.828059
0.826957
0.832062
0.837756
0.836059
0.832032
0.804328
0.745965
0.707987
0.699681
0.707548
0.733941
0.805477
0.888723
0.997129
1.11985
1.25375
1.40581
1.636
1.89039
1.9511
1.87766
1.59816
1.41903
1.40032
1.40001
1.40001
1.40001
1.40001
1.40001
1.40001
1.08179
1.07924
1.02704
0.940293
0.855831
0.835443
0.835889
0.838723
0.836426
0.833201
0.814635
0.784515
0.747172
0.725473
0.730204
0.750139
0.817675
0.906953
1.01576
1.14016
1.26398
1.41582
1.64397
1.88203
1.92797
1.84257
1.56701
1.41407
1.40022
1.40001
1.40001
1.40001
1.40001
1.40001
1.40001
1.15662
1.19038
1.18558
1.09883
0.94144
0.85458
0.836642
0.836286
0.833082
0.827799
0.816002
0.805327
0.786208
0.761864
0.763964
0.781129
0.843315
0.936055
1.03691
1.15285
1.27027
1.4246
1.64999
1.87015
1.90202
1.80235
1.53497
1.40972
1.40013
1.40001
1.40001
1.40001
1.40001
1.40001
1.40001
1.18689
1.22674
1.24801
1.20029
1.09604
0.921717
0.840314
0.823492
0.817173
0.814463
0.81696
0.820303
0.815393
0.79934
0.799185
0.819473
0.872445
0.961506
1.0578
1.16498
1.28215
1.43519
1.65833
1.85641
1.87394
1.75599
1.50306
1.40613
1.40008
1.40001
1.40001
1.40001
1.40001
1.40001
1.40001
1.23726
1.26699
1.2759
1.24835
1.19064
1.03129
0.869903
0.81739
0.811995
0.812357
0.822943
0.836589
0.841281
0.833842
0.836657
0.861948
0.905537
0.988975
1.08739
1.18387
1.29875
1.44812
1.67088
1.84061
1.84331
1.70288
1.47274
1.40343
1.40004
1.40001
1.40001
1.40001
1.40001
1.40001
1.40001
1.30428
1.34329
1.34617
1.32506
1.27999
1.16873
0.966011
0.8362
0.822721
0.824361
0.842748
0.86388
0.875919
0.875495
0.881887
0.90737
0.949285
1.0214
1.12007
1.2035
1.31392
1.46574
1.68655
1.82141
1.80625
1.64345
1.44596
1.40163
1.40002
1.40001
1.40001
1.40001
1.40001
1.40001
1.40001
1.34546
1.38255
1.40476
1.40935
1.3943
1.34315
1.15443
0.930098
0.864455
0.866397
0.890647
0.918625
0.934448
0.934459
0.936075
0.955157
0.999799
1.04829
1.13086
1.21969
1.32723
1.48882
1.70089
1.79503
1.7589
1.57946
1.4248
1.40063
1.40001
1.40001
1.40001
1.40001
1.40001
1.40001
1.40001
1.37083
1.39864
1.42725
1.45938
1.45553
1.43998
1.3533
1.12878
0.94934
0.936534
0.956601
0.979513
0.985511
0.982799
0.978279
0.98631
1.03534
1.06667
1.13475
1.23793
1.34274
1.51536
1.70865
1.75914
1.69826
1.51524
1.41061
1.40018
1.40001
1.40001
1.40001
1.40001
1.40001
1.40001
1.40001
1.3162
1.37413
1.43233
1.48726
1.49842
1.50077
1.48235
1.30499
1.05566
0.985241
0.989887
0.994561
0.99414
0.992412
0.988276
0.992933
1.04643
1.08079
1.13855
1.25647
1.36389
1.54598
1.70775
1.71417
1.62206
1.45887
1.40318
1.40004
1.40001
1.40001
1.40001
1.40001
1.40001
1.40001
1.40001
1.27642
1.34601
1.41015
1.47271
1.50205
1.51491
1.50134
1.39187
1.16085
1.00555
0.993233
0.995269
0.994963
0.994306
0.990744
0.995156
1.05088
1.09406
1.14651
1.27587
1.39772
1.57717
1.68437
1.65716
1.53405
1.42036
1.40055
1.40001
1.4
1.40001
1.40001
1.40001
1.40001
1.40001
1.40001
1.28456
1.3372
1.37551
1.42421
1.46903
1.49183
1.48297
1.39105
1.21386
1.02271
0.991208
0.989651
0.990391
0.993413
0.994302
0.997308
1.05232
1.10858
1.15863
1.30299
1.44464
1.58962
1.63158
1.57293
1.45375
1.40368
1.40004
1.4
1.4
1.40001
1.40001
1.40001
1.40001
1.40001
1.40001
1.29757
1.32984
1.35622
1.38418
1.41812
1.44498
1.44047
1.3722
1.23881
1.0397
0.981861
0.976306
0.979661
0.990185
0.99786
1.00248
1.05677
1.12435
1.18378
1.32672
1.46415
1.5724
1.55073
1.47251
1.41015
1.40025
1.4
1.4
1.4
1.40001
1.40001
1.40001
1.40001
1.40001
1.40001
1.30049
1.31777
1.33137
1.34535
1.35606
1.36964
1.37319
1.34485
1.2812
1.08992
0.989237
0.97162
0.976476
0.989151
0.998333
1.00566
1.06173
1.13137
1.20202
1.32932
1.45841
1.49226
1.45461
1.41241
1.4006
1.4
1.4
1.4
1.40001
1.40001
1.40001
1.40001
1.40001
1.40001
1.40001
1.29607
1.29489
1.29296
1.29541
1.29865
1.30325
1.30844
1.30522
1.28618
1.18244
1.04359
0.975834
0.976217
0.987764
0.997152
1.00524
1.0618
1.13052
1.20014
1.30887
1.39527
1.40578
1.40347
1.40034
1.39998
1.39999
1.4
1.4
1.40001
1.40001
1.40001
1.40001
1.40001
1.40001
1.40001
1.26962
1.26639
1.2601
1.25951
1.26624
1.27405
1.27453
1.2749
1.26308
1.2093
1.1316
1.00738
0.969663
0.975942
0.978033
0.991552
1.04988
1.10936
1.16979
1.26047
1.33231
1.3799
1.39738
1.39983
1.39998
1.4
1.4
1.40001
1.40001
1.40001
1.40001
1.40001
1.40001
1.40001
1.40001
1.22547
1.23656
1.23591
1.23466
1.24038
1.24792
1.2497
1.25126
1.23945
1.21817
1.18072
1.04194
0.951369
0.944107
0.939944
0.95363
1.02153
1.08223
1.1483
1.24565
1.32791
1.38108
1.39786
1.39989
1.4
1.4
1.40001
1.40001
1.40001
1.40001
1.40001
1.40001
1.40001
1.40001
1.40001
1.21162
1.22939
1.23059
1.22747
1.22295
1.22282
1.22422
1.22647
1.22673
1.22571
1.21434
1.1247
1.01133
0.952595
0.947525
0.953216
1.02201
1.09264
1.16589
1.26562
1.34603
1.38946
1.39923
1.39998
1.4
1.40001
1.40001
1.40001
1.40001
1.40001
1.40001
1.40001
1.40001
1.40001
1.40001
)
;

boundaryField
{
    inlet
    {
        type            calculated;
        value           uniform 1.40001;
    }
    outlet
    {
        type            calculated;
        value           nonuniform List<scalar> 
70
(
1.21157
1.22936
1.23062
1.22753
1.22304
1.22293
1.22434
1.22658
1.22681
1.22577
1.21445
1.12495
1.01155
0.952636
0.947418
0.953132
1.0219
1.09235
1.1655
1.26521
1.3457
1.38934
1.39922
1.39998
1.4
1.40001
1.40001
1.40001
1.40001
1.40001
1.40001
1.40001
1.40001
1.40001
1.40001
1.18645
1.1471
1.08581
1.06065
1.04513
1.07074
1.09404
1.1272
1.15519
1.14743
1.10704
0.895881
0.652866
0.655548
0.679397
0.734916
0.804603
0.864083
0.936705
1.02765
1.12053
1.22338
1.31508
1.37444
1.39614
1.39976
1.4
1.4
1.40001
1.40001
1.40001
1.40001
1.40001
1.40001
1.40001
)
;
    }
    airfoil
    {
        type            calculated;
        value           nonuniform List<scalar> 
200
(
0.115115
0.115675
0.118563
0.120553
0.121812
0.12223
0.122053
0.120911
0.11957
0.118604
0.118467
0.118694
0.11974
0.122552
0.125706
0.127552
0.127902
0.127309
0.124505
0.120111
0.117234
0.116696
0.11778
0.118803
0.118681
0.115752
0.110583
0.108466
0.108995
0.111865
0.124626
0.138339
0.141482
0.140001
0.133528
0.125265
0.120871
0.120891
0.122277
0.1262
0.124982
0.108546
0.0877568
0.0563677
0.0380179
0.0266409
0.0442968
0.149017
0.498179
1.16663
2.08065
2.08248
2.08956
2.09827
2.10843
2.12108
2.13298
2.14183
2.14719
2.15006
2.15089
2.15015
2.14923
2.14913
2.14917
2.14975
2.15117
2.15268
2.15367
2.15415
2.15312
2.15155
2.14989
2.14809
2.14669
2.14662
2.14743
2.1496
2.15118
2.15196
2.15235
2.15149
2.14955
2.14927
2.14707
2.14313
2.13973
2.13631
2.13249
2.13707
2.14884
2.15828
2.20821
2.31337
2.38464
2.40548
2.31066
2.13296
1.89133
1.59685
2.01574
3.21631
4.49894
5.98927
5.98284
5.15605
4.53385
4.30521
4.28376
4.26657
4.27484
4.29197
4.31252
4.33333
4.3466
4.3442
4.32994
4.30254
4.26804
4.23485
4.20385
4.17459
4.14707
4.11937
4.09146
4.06458
4.03967
4.01681
3.99594
3.9773
3.96057
3.94546
3.93229
3.92064
3.90905
3.89726
3.8866
3.87737
3.86929
3.86077
3.84955
3.83779
3.83094
3.82787
3.82988
3.83883
3.85327
3.86946
3.875
3.8672
1.97643
0.740105
0.246639
0.245752
0.31866
0.418822
0.484597
0.513673
0.538962
0.549697
0.556626
0.55652
0.543188
0.515723
0.483966
0.471271
0.473532
0.488275
0.514629
0.534192
0.533617
0.522441
0.49877
0.485308
0.486323
0.496946
0.520561
0.542515
0.54759
0.544141
0.526567
0.50358
0.496703
0.498462
0.506973
0.514816
0.516028
0.515085
0.510586
0.50657
0.506323
0.50764
0.512089
0.520538
0.523715
0.521091
0.51868
0.518466
0.519556
0.525726
)
;
    }
    top
    {
        type            symmetryPlane;
    }
    bottom
    {
        type            symmetryPlane;
    }
    defaultFaces
    {
        type            empty;
    }
}


// ************************************************************************* //
