/*--------------------------------*- C++ -*----------------------------------*\
  =========                 |
  \\      /  F ield         | OpenFOAM: The Open Source CFD Toolbox
   \\    /   O peration     | Website:  https://openfoam.org
    \\  /    A nd           | Version:  7
     \\/     M anipulation  |
\*---------------------------------------------------------------------------*/
FoamFile
{
    version     2.0;
    format      ascii;
    class       volScalarField;
    location    "7.4";
    object      T;
}
// * * * * * * * * * * * * * * * * * * * * * * * * * * * * * * * * * * * * * //

dimensions      [0 0 0 1 0 0 0];

internalField   nonuniform List<scalar> 
8400
(
1.00015
1.18183
1.26366
1.32376
1.34404
1.37174
1.37254
1.36823
1.36105
1.35001
1.33376
1.33828
1.34137
1.33855
1.34347
1.34865
1.34356
1.33355
1.31828
1.29797
1.28248
1.27264
1.26545
1.26128
1.2566
1.25467
1.25405
1.25256
1.2481
1.23886
0.503853
0.506699
0.548616
0.668295
0.842777
0.996804
1.15224
1.26738
1.34807
1.43358
1.49339
1.53545
1.56753
1.56214
1.54971
1.53119
1.50544
1.47722
1.4472
1.41725
1.4185
1.42359
1.42355
1.41763
1.40709
1.39798
1.3875
1.37393
1.36265
1.35474
0.473862
0.469479
0.465636
0.462753
0.458235
0.453254
0.447294
0.491534
0.61347
0.815723
1.0722
1.23001
1.35995
1.47774
1.52742
1.5561
1.57175
1.56863
1.55137
1.55338
1.55111
1.54558
1.53971
1.52951
1.52886
1.52572
1.51848
1.5051
1.49228
1.47859
0.439889
0.440274
0.440596
0.440985
0.439548
0.437224
0.436042
0.436075
0.436943
0.437361
0.435582
0.430333
0.496107
0.705628
0.967606
1.16994
1.35956
1.50541
1.58856
1.62615
1.6206
1.60946
1.59603
1.57495
1.5743
1.56987
1.565
1.55811
1.55154
1.53662
0.429864
0.430577
0.431796
0.432417
0.431816
0.431201
0.431336
0.431876
0.434061
0.436754
0.437515
0.434986
0.43493
0.438124
0.447759
0.454541
0.539873
0.755622
1.05656
1.27903
1.41477
1.49192
1.51753
1.53308
1.55538
1.54433
1.54606
1.54948
1.54583
1.53414
0.429066
0.429497
0.430506
0.431206
0.431183
0.431575
0.432601
0.434542
0.438393
0.445993
0.45488
0.461139
0.465328
0.469731
0.477316
0.487986
0.487946
0.486085
0.486537
0.535851
0.728424
0.959465
1.14545
1.28022
1.33885
1.37997
1.42322
1.45325
1.4698
1.46375
0.441652
0.444301
0.448624
0.453784
0.458377
0.462445
0.464448
0.465782
0.469631
0.476516
0.483462
0.489223
0.492605
0.494612
0.497076
0.502952
0.508157
0.51124
0.516591
0.522155
0.531153
0.535634
0.572802
0.71641
0.871128
1.03501
1.13691
1.20238
1.25867
1.32301
0.479894
0.481681
0.484898
0.489029
0.493364
0.498249
0.500393
0.499719
0.49971
0.500999
0.505012
0.511507
0.514053
0.515515
0.518938
0.525054
0.533242
0.540583
0.548021
0.556371
0.563231
0.566779
0.564786
0.564649
0.565372
0.600209
0.688995
0.834988
0.957642
1.11611
0.508486
0.508541
0.509668
0.513715
0.521977
0.530917
0.534159
0.533482
0.532333
0.532934
0.536466
0.543802
0.551768
0.559141
0.565078
0.570466
0.574263
0.574947
0.575569
0.57848
0.580974
0.580429
0.580757
0.582676
0.588349
0.593388
0.599965
0.603036
0.621454
0.804511
0.554635
0.554722
0.555806
0.560209
0.569207
0.580815
0.585708
0.585428
0.583131
0.582424
0.583594
0.587724
0.592269
0.595077
0.596613
0.599325
0.60209
0.601564
0.599501
0.599698
0.602306
0.606597
0.612886
0.619528
0.626052
0.629391
0.63175
0.631374
0.63009
0.631342
0.605005
0.604053
0.604125
0.605003
0.608178
0.616612
0.624731
0.625979
0.62472
0.621093
0.619765
0.620962
0.623593
0.625208
0.626524
0.628319
0.631893
0.635473
0.637578
0.63985
0.644134
0.649323
0.652236
0.653484
0.652961
0.651386
0.649738
0.648216
0.649886
0.655039
0.665712
0.661205
0.657493
0.657356
0.657687
0.659607
0.66515
0.670121
0.670846
0.669157
0.665967
0.665851
0.668288
0.670482
0.670658
0.670919
0.672266
0.674825
0.675808
0.676243
0.67591
0.675408
0.673916
0.672096
0.668829
0.669002
0.670626
0.675306
0.680419
0.684
0.720055
0.721013
0.719856
0.715304
0.710626
0.708873
0.709883
0.713646
0.716634
0.716565
0.714236
0.711404
0.710921
0.711233
0.710717
0.709406
0.709274
0.70926
0.708579
0.705854
0.70357
0.702675
0.703136
0.704296
0.706306
0.708346
0.710474
0.711337
0.710353
0.707272
0.772404
0.773774
0.774473
0.774429
0.772264
0.766262
0.761357
0.76054
0.762098
0.76356
0.762862
0.759417
0.756598
0.755933
0.755346
0.75285
0.750252
0.750129
0.749838
0.748371
0.747289
0.74648
0.745729
0.744446
0.742688
0.740118
0.737419
0.733939
0.730471
0.726905
0.827032
0.826558
0.827441
0.829014
0.829027
0.826729
0.820896
0.814614
0.812502
0.81353
0.813294
0.809742
0.803164
0.801956
0.801961
0.800207
0.79503
0.791689
0.790106
0.78802
0.784945
0.781331
0.777771
0.774832
0.771822
0.768665
0.766424
0.764689
0.763712
0.762039
0.887683
0.883115
0.882581
0.884971
0.886419
0.884804
0.878856
0.870781
0.865308
0.865164
0.865202
0.861976
0.853007
0.849706
0.849221
0.847259
0.841805
0.836179
0.83312
0.830393
0.82689
0.823023
0.818479
0.815063
0.812085
0.808689
0.804934
0.801759
0.798666
0.792033
0.951513
0.941651
0.940155
0.942788
0.944921
0.943383
0.937067
0.9285
0.920063
0.918497
0.918662
0.915728
0.905982
0.90012
0.898796
0.896325
0.89049
0.883722
0.878706
0.87477
0.870518
0.865353
0.859848
0.85424
0.849582
0.844723
0.839245
0.833786
0.828794
0.820838
1.02008
1.00901
0.999337
0.998006
1.00094
1.00221
0.998502
0.988979
0.977026
0.973051
0.973294
0.970722
0.960365
0.952725
0.950363
0.947125
0.940465
0.932953
0.926317
0.920743
0.915597
0.909505
0.90278
0.896053
0.889812
0.883726
0.877599
0.870982
0.865492
0.856551
1.0882
1.08051
1.06707
1.06067
1.06182
1.06234
1.05805
1.04967
1.03667
1.0311
1.03078
1.02756
1.01707
1.00722
1.00283
0.99824
0.991275
0.983458
0.975691
0.968214
0.961399
0.954527
0.946844
0.938992
0.931455
0.92418
0.916659
0.908699
0.90184
0.89072
1.14984
1.14594
1.14057
1.13197
1.12785
1.125
1.11986
1.11246
1.1039
1.09612
1.09075
1.08486
1.07472
1.06549
1.05889
1.05125
1.04283
1.03463
1.02607
1.01714
1.00882
1.00049
0.991779
0.982939
0.974205
0.965624
0.957167
0.948231
0.940154
0.927318
1.18349
1.18271
1.18166
1.17943
1.17654
1.17355
1.16993
1.16577
1.16162
1.15639
1.15036
1.1444
1.13711
1.12785
1.11872
1.10978
1.1
1.09018
1.08016
1.0695
1.05916
1.04914
1.03872
1.02835
1.01851
1.00845
0.998539
0.988539
0.979593
0.964961
1.18301
1.18331
1.18347
1.18307
1.18271
1.1828
1.18282
1.18195
1.18059
1.18008
1.17916
1.17757
1.17536
1.17186
1.16738
1.16239
1.15571
1.147
1.1374
1.12706
1.11567
1.10379
1.09155
1.07886
1.06652
1.05457
1.04264
1.03063
1.02029
1.00368
1.15783
1.16013
1.16215
1.16424
1.16692
1.17175
1.17368
1.17308
1.17401
1.17589
1.17709
1.17688
1.17631
1.1766
1.17701
1.17674
1.1754
1.17316
1.17096
1.16788
1.16289
1.15548
1.14579
1.13438
1.12165
1.10794
1.09364
1.07872
1.06564
1.04538
1.07633
1.08131
1.08668
1.09595
1.10246
1.1075
1.11462
1.12212
1.1284
1.13499
1.1428
1.14935
1.15261
1.1564
1.16288
1.16757
1.16823
1.16902
1.16991
1.17028
1.17006
1.16925
1.16769
1.1652
1.16105
1.15422
1.14434
1.13144
1.11792
1.09423
1.01054
1.01228
1.0142
1.017
1.0206
1.02447
1.02903
1.03479
1.04094
1.04797
1.05642
1.066
1.07666
1.08641
1.09787
1.10962
1.12077
1.13036
1.13962
1.14783
1.15385
1.15859
1.16121
1.16309
1.16308
1.16268
1.1615
1.15892
1.15462
1.14022
1.00028
1.00036
1.00045
1.00059
1.0008
1.00108
1.00146
1.00201
1.00277
1.00378
1.00529
1.00737
1.01045
1.01435
1.01948
1.02665
1.03547
1.04653
1.05869
1.07331
1.08781
1.10322
1.11707
1.12935
1.1406
1.14728
1.15227
1.15583
1.15575
1.15398
1
1
1
1.00001
1.00001
1.00001
1.00002
1.00002
1.00004
1.00006
1.00009
1.00015
1.00026
1.00043
1.00072
1.00125
1.00213
1.00366
1.00601
1.00992
1.01587
1.02425
1.03616
1.05046
1.06744
1.08614
1.10331
1.11939
1.1319
1.14342
1
1
1
1
1
1
1
1
1
1
1
1
1
1
1.00001
1.00001
1.00003
1.00005
1.00011
1.00025
1.00053
1.00113
1.00233
1.00468
1.00891
1.01619
1.02727
1.043
1.06044
1.09227
1
1
1
1
1
1
1
1
1
1
1
1
1
1
1
1
1
1
1
1
1
1.00001
1.00003
1.00008
1.00022
1.0006
1.00149
1.00366
1.00745
1.02336
1
1
1
1
1
1
1
1
1
1
1
1
1
1
1
1
1
1
1
1
1
1
1
1
1
1.00001
1.00002
1.00007
1.00019
1.00157
0.532835
0.513681
0.480101
0.440461
0.42847
0.429348
0.440093
0.478788
0.510826
0.557638
0.611969
0.666406
0.718728
0.771547
0.833019
0.899803
0.965165
1.0293
1.09511
1.1556
1.18476
1.18223
1.15179
1.06801
1.00828
1.00022
1
1
1
1
0.530219
0.508727
0.475574
0.437147
0.426008
0.432966
0.448566
0.489097
0.527852
0.574286
0.625628
0.674452
0.727512
0.788507
0.856475
0.91971
0.981532
1.04351
1.10882
1.16681
1.18668
1.18016
1.13974
1.05232
1.00464
1.00008
1
1
1
1
0.528037
0.50724
0.475553
0.437049
0.425886
0.437129
0.455499
0.495938
0.535942
0.578745
0.628684
0.678445
0.736333
0.8066
0.869458
0.928874
0.989592
1.05232
1.11981
1.17531
1.18762
1.17951
1.1286
1.03957
1.00269
1.00004
1
1
1
1
0.52653
0.507528
0.479621
0.438868
0.426244
0.439076
0.458643
0.498188
0.538046
0.580901
0.630455
0.688263
0.757802
0.819278
0.876777
0.936256
0.99912
1.06604
1.13587
1.18279
1.18828
1.17897
1.11499
1.02748
1.00139
1.00002
1
1
1
1
0.52683
0.511243
0.484386
0.440491
0.426338
0.438924
0.458605
0.497811
0.537865
0.583328
0.637454
0.709608
0.771388
0.826647
0.885117
0.952714
1.02197
1.09112
1.15329
1.18717
1.18832
1.16883
1.09571
1.01785
1.00069
1.00001
1
1
1
1
0.531521
0.518479
0.485782
0.440265
0.423259
0.437063
0.457294
0.496907
0.537689
0.59473
0.663612
0.72397
0.77859
0.837306
0.910772
0.979077
1.04363
1.10787
1.16366
1.18925
1.18704
1.15723
1.07817
1.01166
1.00035
1
1
1
1
1
0.540446
0.524757
0.483975
0.433937
0.418884
0.436694
0.460608
0.509162
0.558506
0.616343
0.674962
0.728647
0.78784
0.861877
0.930098
0.992647
1.05511
1.11955
1.17272
1.19089
1.18496
1.14929
1.06436
1.00732
1.00017
1
1
1
1
1
0.548939
0.52701
0.476373
0.427405
0.417821
0.441269
0.476628
0.526814
0.575647
0.622456
0.677516
0.734878
0.807566
0.879044
0.940356
1.00206
1.06654
1.1342
1.1831
1.19213
1.18523
1.14071
1.04783
1.00385
1.00007
1
1
1
1
1
0.554421
0.526731
0.470792
0.425885
0.420087
0.451026
0.488923
0.533156
0.57959
0.625038
0.679423
0.751333
0.829094
0.890017
0.950313
1.01896
1.0895
1.15375
1.1901
1.193
1.18453
1.12105
1.03118
1.00183
1.00003
1
1
1
1
1
0.557164
0.526102
0.468931
0.426128
0.425921
0.455738
0.492073
0.535104
0.579541
0.631604
0.696961
0.779852
0.842166
0.902107
0.97595
1.04788
1.11248
1.16667
1.1925
1.19322
1.17271
1.09884
1.02064
1.00094
1.00001
1
1
1
1
1
0.55804
0.527336
0.470295
0.426077
0.427063
0.456255
0.491827
0.536787
0.582812
0.651092
0.73202
0.795203
0.856245
0.93092
1.00216
1.06594
1.12615
1.17534
1.19362
1.191
1.16052
1.083
1.01359
1.00046
1
1
1
1
1
1
0.557537
0.52931
0.474901
0.426586
0.423603
0.453769
0.489794
0.545823
0.613914
0.681323
0.745703
0.805925
0.877736
0.953454
1.01637
1.07856
1.14015
1.1844
1.19475
1.18773
1.15161
1.06664
1.00763
1.00019
1
1
1
1
1
1
0.553705
0.528949
0.47564
0.426741
0.420802
0.454291
0.499307
0.572761
0.636183
0.690825
0.750731
0.819742
0.901546
0.966649
1.02848
1.09623
1.15888
1.19177
1.19551
1.18698
1.14007
1.04595
1.00377
1.00007
1
1
1
1
1
1
0.54999
0.525101
0.470699
0.421489
0.421687
0.468154
0.522478
0.582094
0.641282
0.694701
0.757102
0.845422
0.916845
0.980625
1.05415
1.12243
1.1745
1.19528
1.19615
1.18502
1.11625
1.0292
1.00178
1.00003
1
1
1
1
1
1
0.549073
0.523294
0.461328
0.413675
0.425925
0.478728
0.529711
0.585476
0.640022
0.701616
0.786433
0.867898
0.934349
1.0109
1.08299
1.14118
1.18363
1.19655
1.19601
1.16999
1.09295
1.01838
1.0008
1.00001
1
1
1
1
1
1
0.548975
0.521154
0.453567
0.409846
0.427613
0.481149
0.532223
0.591027
0.647756
0.731757
0.820461
0.887878
0.962739
1.04006
1.10233
1.15526
1.19025
1.19729
1.19249
1.1563
1.07524
1.01091
1.00034
1
1
1
1
1
1
1
0.548576
0.514521
0.445816
0.409252
0.42939
0.480986
0.535028
0.606787
0.690309
0.770881
0.837975
0.910347
0.992923
1.05916
1.11955
1.16987
1.19531
1.19746
1.18753
1.14498
1.05636
1.00564
1.00013
1
1
1
1
1
1
1
0.548159
0.503329
0.439135
0.410531
0.442263
0.496421
0.562701
0.644824
0.718276
0.784222
0.85478
0.939785
1.01308
1.07805
1.14154
1.18315
1.19805
1.1975
1.18401
1.12759
1.03604
1.00256
1.00005
1
1
1
1
1
1
1
0.548306
0.492957
0.436476
0.411918
0.45705
0.521916
0.59051
0.661388
0.728534
0.795487
0.878584
0.965191
1.03483
1.10588
1.16157
1.19248
1.19917
1.1985
1.17985
1.10005
1.02089
1.00106
1.00002
1
1
1
1
1
1
1
0.552962
0.489014
0.438454
0.419658
0.465416
0.531682
0.599671
0.668378
0.734449
0.817418
0.915906
0.990873
1.06573
1.13014
1.17585
1.19769
1.19981
1.19708
1.15996
1.07466
1.01132
1.0004
1
1
1
1
1
1
1
1
0.560003
0.488114
0.438745
0.429786
0.467059
0.532697
0.600705
0.674371
0.760552
0.864511
0.943669
1.01991
1.09468
1.149
1.18623
1.19942
1.19974
1.18875
1.13901
1.0536
1.00561
1.00014
1
1
1
1
1
1
1
1
0.567024
0.490451
0.439481
0.433786
0.466069
0.530779
0.611778
0.712272
0.817138
0.896395
0.97076
1.05278
1.11817
1.16637
1.1932
1.19975
1.19781
1.18001
1.12209
1.03561
1.0026
1.00005
1
1
1
1
1
1
1
1
0.577562
0.496701
0.44201
0.433649
0.474646
0.563672
0.665822
0.765063
0.845508
0.91828
1.00162
1.08132
1.14183
1.18144
1.19733
1.19943
1.19496
1.17232
1.09992
1.02027
1.00102
1.00002
1
1
1
1
1
1
1
1
0.590554
0.498914
0.440936
0.432376
0.500829
0.612281
0.702931
0.788285
0.863909
0.948015
1.03984
1.1105
1.16434
1.19177
1.19953
1.20009
1.19527
1.16073
1.06952
1.00959
1.00033
1
1
1
1
1
1
1
1
1
0.596158
0.494388
0.429804
0.447877
0.543707
0.636845
0.718617
0.806175
0.894066
0.995704
1.07472
1.13872
1.18022
1.19803
1.20065
1.20085
1.19308
1.13256
1.04298
1.00396
1.0001
1
1
1
1
1
1
1
1
1
0.59321
0.473408
0.414459
0.480546
0.564686
0.646666
0.730866
0.839986
0.951516
1.0357
1.10612
1.16103
1.19098
1.2008
1.20143
1.19917
1.17383
1.1029
1.02512
1.00153
1.00003
1
1
1
1
1
1
1
1
1
0.581005
0.451674
0.409549
0.499674
0.568892
0.656927
0.780249
0.905581
0.996172
1.06849
1.13541
1.17841
1.19781
1.2016
1.20135
1.19362
1.15708
1.07954
1.01348
1.00057
1.00001
1
1
1
1
1
1
1
1
1
0.576017
0.43736
0.422422
0.506835
0.594871
0.716186
0.848605
0.950488
1.0295
1.10264
1.16067
1.1916
1.20129
1.20175
1.19949
1.18761
1.14273
1.05502
1.00596
1.00017
1
1
1
1
1
1
1
1
1
1
0.572801
0.431178
0.451282
0.515766
0.643121
0.787012
0.894757
0.986231
1.06946
1.13876
1.17983
1.19922
1.20265
1.20185
1.19847
1.18201
1.11677
1.02928
1.00203
1.00004
1
1
1
1
1
1
1
1
1
1
0.570155
0.437035
0.467045
0.572667
0.718741
0.832456
0.93434
1.03369
1.11601
1.16626
1.1917
1.2022
1.20298
1.20238
1.19936
1.16664
1.07669
1.01246
1.00056
1.00001
1
1
1
1
1
1
1
1
1
1
0.572554
0.448869
0.483139
0.642146
0.767136
0.87894
0.994089
1.08876
1.15068
1.1844
1.19806
1.20271
1.2027
1.20168
1.18891
1.13108
1.04621
1.00503
1.00015
1
1
1
1
1
1
1
1
1
1
1
0.547237
0.454111
0.534339
0.694044
0.824764
0.948232
1.05752
1.13002
1.17584
1.1946
1.20105
1.20257
1.20124
1.197
1.17023
1.10314
1.02691
1.00181
1.00004
1
1
1
1
1
1
1
1
1
1
1
0.466906
0.454572
0.608794
0.752947
0.89462
1.02157
1.10737
1.16182
1.19331
1.19837
1.20209
1.20288
1.19934
1.1902
1.15588
1.07714
1.01215
1.00051
1.00001
1
1
1
1
1
1
1
1
1
1
1
0.356586
0.455299
0.67119
0.839118
0.98091
1.08056
1.14787
1.18568
1.20149
1.19912
1.20212
1.20364
1.19954
1.18503
1.1338
1.04204
1.0038
1.00011
1
1
1
1
1
1
1
1
1
1
1
1
0.387457
0.548305
0.739857
0.92326
1.05289
1.13178
1.17865
1.19855
1.20339
1.19931
1.20219
1.20368
1.20124
1.17587
1.08874
1.01642
1.00091
1.00002
1
1
1
1
1
1
1
1
1
1
1
1
0.289552
0.61328
0.851027
1.01776
1.1153
1.17103
1.19553
1.20325
1.20364
1.1988
1.20203
1.20083
1.19394
1.13825
1.04897
1.00563
1.00018
1
1
1
1
1
1
1
1
1
1
1
1
1
0.166366
0.651303
0.958861
1.1003
1.16453
1.19253
1.20182
1.20421
1.20331
1.19836
1.20303
1.19571
1.17032
1.09999
1.02468
1.0016
1.00003
1
1
1
1
1
1
1
1
1
1
1
1
1
0.387268
0.838923
1.0685
1.15899
1.19115
1.201
1.20323
1.20425
1.20329
1.19813
1.2038
1.1904
1.14748
1.06535
1.00879
1.00032
1
1
1
1
1
1
1
1
1
1
1
1
1
1
0.676904
1.00554
1.15288
1.19177
1.2009
1.20275
1.20352
1.20435
1.20361
1.19809
1.20278
1.18269
1.11241
1.02637
1.00165
1.00004
1
1
1
1
1
1
1
1
1
1
1
1
1
1
0.994661
1.14651
1.19398
1.20234
1.20278
1.20286
1.20364
1.20498
1.20408
1.19832
1.19536
1.1534
1.05754
1.00568
1.00015
1
1
1
1
1
1
1
1
1
1
1
1
1
1
1
1.20202
1.20314
1.20367
1.20366
1.20281
1.20268
1.204
1.20578
1.20401
1.1972
1.18035
1.10828
1.01914
0.999898
0.999992
1
1
1
1
1
1
1
1
1
1
1
1
1
1
1
1.20189
1.20286
1.20354
1.20376
1.20262
1.20231
1.20388
1.20603
1.20454
1.19444
1.17672
1.10447
1.02016
1.00077
1.00001
1
1
1
1
1
1
1
1
1
1
1
1
1
1
1
1.20204
1.20278
1.20356
1.20384
1.20291
1.2024
1.20361
1.20603
1.20456
1.19267
1.16549
1.07012
1.00642
1.0001
1
1
1
1
1
1
1
1
1
1
1
1
1
1
1
1
1.20221
1.20246
1.20339
1.20388
1.20324
1.20258
1.2032
1.20555
1.2041
1.18821
1.14657
1.0462
1.0029
1.00003
1
1
1
1
1
1
1
1
1
1
1
1
1
1
1
1
1.20232
1.20217
1.20298
1.20383
1.20383
1.2028
1.20242
1.2047
1.20386
1.1833
1.12353
1.02866
1.00111
1.00001
1
1
1
1
1
1
1
1
1
1
1
1
1
1
1
1
1.20232
1.20203
1.20257
1.20384
1.20435
1.20368
1.20143
1.20286
1.20331
1.17901
1.09937
1.01517
1.00037
1
1
1
1
1
1
1
1
1
1
1
1
1
1
1
1
1
1.20241
1.20191
1.20201
1.20333
1.20449
1.20471
1.20067
1.20045
1.2005
1.16877
1.07186
1.00672
1.00011
1
1
1
1
1
1
1
1
1
1
1
1
1
1
1
1
1
1.20257
1.20186
1.2017
1.20273
1.2045
1.20564
1.20087
1.198
1.19687
1.14925
1.04828
1.00292
1.00003
1
1
1
1
1
1
1
1
1
1
1
1
1
1
1
1
1
1.20267
1.20193
1.2017
1.20238
1.20439
1.20626
1.20302
1.19734
1.19373
1.12609
1.02816
1.00104
1.00001
1
1
1
1
1
1
1
1
1
1
1
1
1
1
1
1
1
1.20274
1.20241
1.20206
1.20209
1.20387
1.20652
1.20518
1.19742
1.18456
1.0964
1.01401
1.00033
1
1
1
1
1
1
1
1
1
1
1
1
1
1
1
1
1
1
1.20254
1.20275
1.20236
1.20181
1.20305
1.20656
1.20678
1.19583
1.16514
1.0686
1.00609
1.00009
1
1
1
1
1
1
1
1
1
1
1
1
1
1
1
1
1
1
1.20226
1.20278
1.20279
1.20168
1.20174
1.20624
1.20759
1.19455
1.14516
1.04468
1.0024
1.00002
1
1
1
1
1
1
1
1
1
1
1
1
1
1
1
1
1
1
1.2018
1.2024
1.203
1.20202
1.20045
1.20475
1.20798
1.1931
1.12039
1.02359
1.00076
1.00001
1
1
1
1
1
1
1
1
1
1
1
1
1
1
1
1
1
1
1.20144
1.20177
1.2027
1.20271
1.20002
1.20374
1.20652
1.17748
1.09051
1.01132
1.00023
1
1
1
1
1
1
1
1
1
1
1
1
1
1
1
1
1
1
1
1.20137
1.20101
1.20247
1.2036
1.2007
1.2041
1.20481
1.16183
1.06342
1.00471
1.00006
1
1
1
1
1
1
1
1
1
1
1
1
1
1
1
1
1
1
1
1.20171
1.20046
1.20156
1.2049
1.20424
1.20562
1.20415
1.13995
1.03576
1.00158
1.00001
1
1
1
1
1
1
1
1
1
1
1
1
1
1
1
1
1
1
1
1.20203
1.20029
1.20034
1.20552
1.2083
1.20377
1.19217
1.10703
1.01715
1.00045
1
1
1
1
1
1
1
1
1
1
1
1
1
1
1
1
1
1
1
1
1.20195
1.19983
1.19893
1.20611
1.2114
1.20165
1.17287
1.07854
1.0078
1.00012
1
1
1
1
1
1
1
1
1
1
1
1
1
1
1
1
1
1
1
1
1.20156
1.19944
1.19814
1.20776
1.21271
1.2014
1.15398
1.04877
1.00262
1.00003
1
1
1
1
1
1
1
1
1
1
1
1
1
1
1
1
1
1
1
1
1.19985
1.19929
1.19808
1.20905
1.2133
1.19771
1.1252
1.02408
1.00077
1.00001
1
1
1
1
1
1
1
1
1
1
1
1
1
1
1
1
1
1
1
1
1.19801
1.1995
1.20008
1.20978
1.21322
1.18107
1.09194
1.011
1.00021
1
1
1
1
1
1
1
1
1
1
1
1
1
1
1
1
1
1
1
1
1
1.19679
1.2011
1.20438
1.21055
1.2135
1.16464
1.05952
1.00388
1.00005
1
1
1
1
1
1
1
1
1
1
1
1
1
1
1
1
1
1
1
1
1
1.19581
1.20331
1.2093
1.21058
1.20948
1.13612
1.02915
1.00106
1.00001
1
1
1
1
1
1
1
1
1
1
1
1
1
1
1
1
1
1
1
1
1
1.19541
1.20548
1.21395
1.20738
1.19168
1.09965
1.0132
1.00027
1
1
1
1
1
1
1
1
1
1
1
1
1
1
1
1
1
1
1
1
1
1
1.19538
1.20819
1.2167
1.20635
1.17116
1.06675
1.00482
1.00006
1
1
1
1
1
1
1
1
1
1
1
1
1
1
1
1
1
1
1
1
1
1
1.19546
1.20975
1.21762
1.20602
1.14313
1.03281
1.00125
1.00001
1
1
1
1
1
1
1
1
1
1
1
1
1
1
1
1
1
1
1
1
1
1
1.19731
1.21127
1.21773
1.19043
1.10358
1.01397
1.00031
1
1
1
1
1
1
1
1
1
1
1
1
1
1
1
1
1
1
1
1
1
1
1
1.20645
1.21439
1.21699
1.1715
1.0677
1.00501
1.00006
1
1
1
1
1
1
1
1
1
1
1
1
1
1
1
1
1
1
1
1
1
1
1
1.21679
1.21514
1.21463
1.14392
1.03235
1.00124
1.00001
1
1
1
1
1
1
1
1
1
1
1
1
1
1
1
1
1
1
1
1
1
1
1
1.22931
1.2077
1.19507
1.09844
1.01284
1.00029
1
1
1
1
1
1
1
1
1
1
1
1
1
1
1
1
1
1
1
1
1
1
1
1
1.24329
1.19233
1.17038
1.06282
1.00468
1.00006
1
1
1
1
1
1
1
1
1
1
1
1
1
1
1
1
1
1
1
1
1
1
1
1
1.25444
1.18307
1.1313
1.02911
1.00119
1.00001
1
1
1
1
1
1
1
1
1
1
1
1
1
1
1
1
1
1
1
1
1
1
1
1
1.25875
1.16761
1.08808
1.0118
1.00031
1
1
1
1
1
1
1
1
1
1
1
1
1
1
1
1
1
1
1
1
1
1
1
1
1
1.25614
1.14429
1.05574
1.00456
1.00007
1
1
1
1
1
1
1
1
1
1
1
1
1
1
1
1
1
1
1
1
1
1
1
1
1
1.24818
1.11767
1.02809
1.00129
1.00001
1
1
1
1
1
1
1
1
1
1
1
1
1
1
1
1
1
1
1
1
1
1
1
1
1
1.21965
1.08583
1.01318
1.00036
1
1
1
1
1
1
1
1
1
1
1
1
1
1
1
1
1
1
1
1
1
1
1
1
1
1
1.18286
1.05952
1.00519
1.00008
1
1
1
1
1
1
1
1
1
1
1
1
1
1
1
1
1
1
1
1
1
1
1
1
1
1
1.14543
1.03245
1.00148
1.00001
1
1
1
1
1
1
1
1
1
1
1
1
1
1
1
1
1
1
1
1
1
1
1
1
1
1
1.09622
1.0117
1.00025
1
1
1
1
1
1
1
1
1
1
1
1
1
1
1
1
1
1
1
1
1
1
1
1
1
1
1
1.03697
1.00252
1.00002
1
1
1
1
1
1
1
1
1
1
1
1
1
1
1
1
1
1
1
1
1
1
1
1
1
1
1
1
1
1
1
1
1
1
1
1
1
1
1
1
1
1
1
1
1
1
1
1
1
1
1
1
1
1
1
1
1
1
1
1
1
1
1
1
1
1
1
1
1
1
1
1
1
1
1
1
1
1
1
1
1
1
1
1
1
1
1
1
1
1
1
1
1
1
1
1
1
1
1
1
1
1
1
1
1
1
1
1
1
1
1
1
1
1
1
1
1
1
1
1
1
1
1
1
1
1
1
1
1
1
1
1
1
1
1
1
1
1
1
1
1
1
1
1
1
1
1
1
1
1
1
1
1
1
1
1
1
1
1
1
1
1
1
1
1
1
1
1
1
1
1
1
1
1
1
1
1
1
1
1
1
1
1
1
1
1
1
1
1
1
1
1
1
1
1
1
1
1
1
1
1
1
1
1
1
1
1
1
1
1
1
1
1
1
1
1
1
1
1
1
1
1
1
1
1
1
1
1
1
1
1
1
1
1
1
1
1
1
1
1
1
1
1
1
1
1
1
1
1
1
1
1
1
1
1
1
1
1
1
1
1
1
1
1
1
1
1
1
1
1
1
1
1
1
1
1
1
1
1
1
1
1
1
1
1
1
1
1
1
1
1
1
1
1
1
1
1
1
1
1
1
1
1
1
1
1
1
1
1
1
1
1
1
1
1
1
1
1
1
1
1
1
1
1
1
1
1
1
1
1
1
1
1
1
1
1
1
1
1
1
1
1
1
1
1
1
1
1
1
1
1
1
1
1
1
1
1
1
1
1
1
1
1
1
1
1
1
1
1
1
1
1
1
1
1
1
1
1
1
1
1
1
1
1
1
1
1
1
1
1
1
1
1
1
1
1
1
1
1
1
1
1
1
1
1
1
1
1
1
1
1
1
1
1
1
1
1
1
1
1
1
1
1
1
1
1
1
1
1
1
1
1
1
1
1
1
1
1
1
1
1
1
1
1
1
1
1
1
1
1
1
1
1
1
1
1
1
1
1
1
1
1
1
1
1
1
1
1
1
1
1
1
1
1
1
1
1
1
1
1
1
1
1
1
1
1
1
1
1
1
1
1
1
1
1
1
1
1
1
1
1
1
1
1
1
1
1
1
1
1
1
1
1
1
1
1
1
1
1
1
1
1
1
1
1
1
1
1
1
1
1
1
1
1
1
1
1
1
1
1
1
1
1
1
1
1
1
1
1
1
1
1
1
1
1
1
1
1
1
1
1
1
1
1
1
1
1
1
1
1
1
1
1
1
1
1
1
1
1
1
1
1
1
1
1
1
1
1
1
1
1
1
1
1
1
1
1
1
1
1
1
1
1
1
1
1
1
1
1
1
1
1
1
1
1
1
1
1
1
1
1
1
1
1
1
1
1
1
1
1
1
1
1
1
1
1
1
1
1
1
1
1
1
1
1
1
1
1
1
1
1
1
1
1
1
1
1
1
1
1
1
1
1
1
1
1
1
1
1
1
1
1
1
1
1
1
1
1
1
1
1
1
1
1
1
1
1
1
1
1
1
1
1
1
1
1
1
1
1
1
1
1
1
1
1
1
1
1
1
1
1
1
1
1
1
1
1
1
1
1
1
1
1
1
1
1
1
1
1
1
1
1
1
1
1
1
1
1
1
1
1
1
1
1
1
1
1
1
1
1
1
1
1
1
1
1
1
1
1
1
1
1
1
1
1
1
1
1
1
1
1
1
1
1
1
1
1
1
1
1
1
1
1
1
1
1
1
1
1
1
1
1
1
1
1
1
1
1
1
1
1
1
1
1
1
1
1
1
1
1
1
1
1
1
1
1
1
1
1
1
1
1
1
1
1
1
1
1
1
1
1
1
1
1
1
1
1
1
1
1
1
1
1
1
1
1
1
1
1
1
1
1
1
1
1
1
1
1
1
1
1
1
1
1
1
1
1
1
1
1
1
1
1
1
1
1
1
1
1
1
1
1
1
1
1
1
1
1
1
1
1
1
1
1
1
1
1
1
1
1
1
1
1
1
1
1
1
1
1
1
1
1
1
1
1
1
1
1
1
1
1
1
1
1
1
1
1
1
1
1
1
1
1
1
1
1
1
1
1
1
1
1
1
1
1
1
1
1
1
1
1
1
1
1
1
1
1
1
1
1
1
1
1
1
1
1
1
1
1
1
1
1
1
1
1
1
1
1
1
1
1
1
1
1
1
1
1
1
1
1
1
1
1
1
1
1
1
1
1
1
1
1
1
1
1
1
1
1
1
1
1
1
1
1
1
1
1
1
1
1
1
1
1
1
1
1
1
1
1
1
1
1
1
1
1
1
1
1
1
1
1
1
1
1
1
1
1
1
1
1
1
1
1
1
1
1
1
1
1
1
1
1
1
1
1
1
1
1
1
1
1
1
1
1
1
1
1
1
1
1
1
1
1
1
1
1
1
1
1
1
1
1
1
1
1
1
1
1
1
1
1
1
1
1
1
1
1
1
1
1
1
1
1
1
1
1
1
1
1
1
1
1
1
1
1
1
1
1
1
1
1
1
1
1
1
1
1
1
1
1
1
1
1
1
1
1
1
1
1
1
1
1
1
1
1
1
1
1
1
1
1
1
1
1
1
1
1
1
1
1
1
1
1
1
1
1
1
1
1
1
1
1
1
1
1
1
1
1
1
1
1
1
1
1
1
1
1
1
1
1
1
1
1
1
1
1
1
1
1
1
1
1
1
1
1
1
1
1
1
1
1
1
1
1
1
1
1
1
1
1
1
1
1
1
1
1
1
1
1
1
1
1
1
1
1
1
1
1
1
1
1
1
1
1
1
1
1
1
1
1
1
1
1
1
1
1
1
1
1
1
1
1
1
1
1
1
1
1
1
1
1
1
1
1
1
1
1
1
1
1
1
1
1
1
1
1
1
1
1
1
1
1
1
1
1
1
1
1
1
1
1
1
1
1
1
1
1
1
1
1
1
1
1
1
1
1
1
1
1
1
1
1
1
1
1
1
1
1
1
1
1
1
1
1
1
1
1
1
1
1
1
1
1
1
1
1
1
1
1
1
1
1
1
1
1
1
1
1
1
1
1
1
1
1
1
1
1
1
1
1
1
1
1
1
1
1
1
1
1
1
1
1
1
1
1
1
1
1
1
1
1
1
1
1
1
1
1
1
1
1
1
1
1
1
1
1
1
1
1
1
1
1
1
1
1
1
1
1
1
1
1
1
1
1
1
1
1
1
1
1
1
1
1
1
1
1
1
1
1
1
1
1
1
1
1
1
1
1
1
1
1
1
1
1
1
1
1
1
1
1
1
1
1
1
1
1
1
1
1
1
1
1
1
1
1
1
1
1
1
1
1
1
1
1
1
1
1
1
1
1
1
1
1
1
1
1
1
1
1
1
1
1
1
1
1
1
1
1
1
1
1
1
1
1
1
1
1
1
1
1
1
1
1
1
1
1
1
1
1
1
1
1
1
1
1
1
1
1
1
1
1
1
1
1
1
1
1
1
1
1
1
1
1
1
1
1
1
1
1
1
1
1
1
1
1
1
1
1
1
1
1
1
1
1
1
1
1
1
1
1
1
1
1
1
1
1
1
1
1
1
1
1
1
1
1
1
1
1
1
1
1
1
1
1
1
1
1
1
1
1
1
1
1
1
1
1
1
1
1
1
1
1
1
1
1
1
1
1
1
1
1
1
1
1
1
1
1
1
1
1
1
1
1
1
1
1
1
1
1
1
1
1
1
1
1
1
1
1
1
1
1
1
1
1
1
1
1
1
1
1
1
1
1
1
1
1
1
1
1
1
1
1
1
1
1
1
1
1
1
1
1
1
1
1
1
1
1
1
1
1
1
1
1
1
1
1
1
1
1
1
1
1
1
1
1
1
1
1
1
1
1
1
1
1
1
1
1
1
1
1
1
1
1
1
1
1
1
1
1
1
1
1
1
1
1
1
1
1
1
1
1
1
1
1
1
1
1
1
1
1
1
1
1
1
1
1
1
1
1
1
1
1
1
1
1
1
1
1
1
1
1
1
1
1
1
1
1
1
1
1
1
1
1
1
1
1
1
1
1
1
1
1
1
1
1
1
1
1
1
1
1
1
1
1
1
1
1
1.10739
1
1
1
1
1
1
1
1
1
1
1
1
1
1
1
1
1
1
1
1
1
1
1
1
1
1
1
1
1
1.29024
0.99962
1
1
1
1
1
1
1
1
1
1
1
1
1
1
1
1
1
1
1
1
1
1
1
1
1
1
1
1
1.47846
1.03157
1
1
1
1
1
1
1
1
1
1
1
1
1
1
1
1
1
1
1
1
1
1
1
1
1
1
1
1
1.67894
1.13762
1
1
1
1
1
1
1
1
1
1
1
1
1
1
1
1
1
1
1
1
1
1
1
1
1
1
1
1
1.86258
1.35065
0.999572
1
1
1
1
1
1
1
1
1
1
1
1
1
1
1
1
1
1
1
1
1
1
1
1
1
1
1
2.01174
1.60468
1.04834
0.999937
1
1
1
1
1
1
1
1
1
1
1
1
1
1
1
1
1
1
1
1
1
1
1
1
1
1
2.10435
1.86591
1.4779
1.00231
1
1
1
1
1
1
1
1
1
1
1
1
1
1
1
1
1
1
1
1
1
1
1
1
1
1
2.0436
1.91777
1.97455
1.3193
0.99966
1
1
1
1
1
1
1
1
1
1
1
1
1
1
1
1
1
1
1
1
1
1
1
1
1
1.9452
1.90474
2.03167
1.83432
1.11717
0.999847
1
1
1
1
1
1
1
1
1
1
1
1
1
1
1
1
1
1
1
1
1
1
1
1
1.88206
1.88673
2.00035
2.02499
1.52023
1.00349
1
1
1
1
1
1
1
1
1
1
1
1
1
1
1
1
1
1
1
1
1
1
1
1
1.84372
1.87446
1.97321
2.02252
1.88259
1.19594
0.999732
1
1
1
1
1
1
1
1
1
1
1
1
1
1
1
1
1
1
1
1
1
1
1
1.83902
1.87387
1.94464
1.98864
2.01146
1.58144
1.0134
1
1
1
1
1
1
1
1
1
1
1
1
1
1
1
1
1
1
1
1
1
1
1
1.83937
1.86849
1.92075
1.97291
2.0103
1.83408
1.19045
0.999746
1
1
1
1
1
1
1
1
1
1
1
1
1
1
1
1
1
1
1
1
1
1
1.84134
1.86722
1.90847
1.96598
2.00275
1.93021
1.46733
1.00418
1
1
1
1
1
1
1
1
1
1
1
1
1
1
1
1
1
1
1
1
1
1
1.84427
1.86889
1.91163
1.95994
1.99252
1.96862
1.75035
1.12238
0.999834
1
1
1
1
1
1
1
1
1
1
1
1
1
1
1
1
1
1
1
1
1
1.84864
1.8718
1.91297
1.95538
1.97759
1.96744
1.88262
1.40543
1.00087
1
1
1
1
1
1
1
1
1
1
1
1
1
1
1
1
1
1
1
1
1
1.855
1.8759
1.91386
1.95263
1.9677
1.96466
1.92008
1.63274
1.0562
1
1
1
1
1
1
1
1
1
1
1
1
1
1
1
1
1
1
1
1
1
1.86294
1.88175
1.91568
1.95327
1.96497
1.96068
1.93864
1.80367
1.25057
0.999632
1
1
1
1
1
1
1
1
1
1
1
1
1
1
1
1
1
1
1
1
1.87215
1.8884
1.91832
1.95466
1.96549
1.96119
1.95117
1.89546
1.53176
1.01685
1
1
1
1
1
1
1
1
1
1
1
1
1
1
1
1
1
1
1
1
1.87943
1.89354
1.92085
1.95593
1.96707
1.9654
1.95653
1.91266
1.70931
1.13226
0.999892
1
1
1
1
1
1
1
1
1
1
1
1
1
1
1
1
1
1
1
1.88352
1.89571
1.92161
1.95667
1.97103
1.97022
1.95787
1.92224
1.82622
1.34528
1.00002
1
1
1
1
1
1
1
1
1
1
1
1
1
1
1
1
1
1
1
1.88317
1.89536
1.92245
1.95698
1.97438
1.97259
1.95893
1.92915
1.88972
1.60859
1.0437
1
1
1
1
1
1
1
1
1
1
1
1
1
1
1
1
1
1
1
1.88153
1.89434
1.92338
1.95698
1.97437
1.97295
1.95953
1.93306
1.91033
1.75819
1.21629
0.999681
1
1
1
1
1
1
1
1
1
1
1
1
1
1
1
1
1
1
1.88106
1.89307
1.92317
1.95578
1.97324
1.97262
1.9615
1.9398
1.91951
1.84923
1.4349
1.00504
1
1
1
1
1
1
1
1
1
1
1
1
1
1
1
1
1
1
1.88131
1.89233
1.92261
1.95363
1.97126
1.97182
1.96458
1.94742
1.92947
1.90347
1.68752
1.08969
1
1
1
1
1
1
1
1
1
1
1
1
1
1
1
1
1
1
1.88196
1.89251
1.92221
1.95204
1.9695
1.97141
1.96589
1.94749
1.92815
1.92014
1.80678
1.30691
0.999861
1
1
1
1
1
1
1
1
1
1
1
1
1
1
1
1
1
1.88311
1.89328
1.92175
1.95094
1.96769
1.97041
1.96551
1.9475
1.92842
1.92072
1.86706
1.51908
1.017
1
1
1
1
1
1
1
1
1
1
1
1
1
1
1
1
1
1.88452
1.8945
1.9212
1.94992
1.96545
1.9692
1.96488
1.94814
1.92904
1.92099
1.9126
1.75516
1.14966
0.999761
1
1
1
1
1
1
1
1
1
1
1
1
1
1
1
1
1.88518
1.89555
1.92056
1.94873
1.96352
1.96802
1.9643
1.94905
1.92955
1.92136
1.92351
1.8491
1.39803
1.00277
1
1
1
1
1
1
1
1
1
1
1
1
1
1
1
1
1.88508
1.89572
1.91973
1.94697
1.96191
1.96644
1.96365
1.95
1.92997
1.92048
1.92357
1.88601
1.59728
1.04077
1
1
1
1
1
1
1
1
1
1
1
1
1
1
1
1
1.88511
1.89577
1.91878
1.94494
1.96038
1.96496
1.96282
1.9507
1.93079
1.91941
1.92008
1.91019
1.79684
1.21101
0.999648
1
1
1
1
1
1
1
1
1
1
1
1
1
1
1
1.88602
1.8958
1.91771
1.94282
1.95893
1.96364
1.96215
1.95142
1.93195
1.91906
1.92053
1.92223
1.87784
1.47463
1.00935
1
1
1
1
1
1
1
1
1
1
1
1
1
1
1
1.88736
1.896
1.91706
1.94128
1.95797
1.96306
1.96167
1.95239
1.93356
1.91957
1.9196
1.92434
1.89971
1.6595
1.07516
0.99991
1
1
1
1
1
1
1
1
1
1
1
1
1
1
1.88895
1.89652
1.91712
1.94101
1.95773
1.96293
1.96126
1.95328
1.93548
1.92073
1.9185
1.92318
1.91147
1.82601
1.26784
1.00007
1
1
1
1
1
1
1
1
1
1
1
1
1
1
1.89067
1.89728
1.91734
1.94113
1.95769
1.96289
1.96099
1.95384
1.93713
1.9219
1.91712
1.92108
1.91694
1.89928
1.53386
1.01945
1
1
1
1
1
1
1
1
1
1
1
1
1
1
1.89233
1.89835
1.91776
1.94123
1.95754
1.96277
1.96081
1.95387
1.93836
1.92286
1.91569
1.91961
1.92256
1.90719
1.70173
1.11399
0.999836
0.999999
1
1
1
1
1
1
1
1
1
1
1
1
1.89368
1.89941
1.91814
1.94102
1.95708
1.9625
1.96065
1.95381
1.93936
1.92346
1.91551
1.91913
1.92371
1.91379
1.84185
1.3162
1.00112
1
1
1
1
1
1
1
1
1
1
1
1
1
1.89449
1.90011
1.91816
1.94038
1.95625
1.96211
1.96048
1.95379
1.94039
1.92429
1.91592
1.91858
1.9231
1.91642
1.91497
1.57995
1.03019
0.999953
1
1
1
1
1
1
1
1
1
1
1
1
1.89452
1.90001
1.91759
1.93875
1.95506
1.96181
1.96055
1.95385
1.94184
1.92613
1.91729
1.91726
1.92152
1.919
1.91834
1.73023
1.15425
1.00035
1
1
1
1
1
1
1
1
1
1
1
1
1.8958
1.9038
1.92278
1.94276
1.95731
1.96248
1.96069
1.95316
1.94086
1.9254
1.91724
1.91689
1.92188
1.92228
1.91793
1.84512
1.31749
0.987984
0.999875
1
1
1
1
1
1
1
1
1
1
1
1.54229
1.74774
1.832
1.89064
1.92835
1.95039
1.95672
1.95322
1.94598
1.93404
1.92256
1.91685
1.921
1.92479
1.91724
1.92435
1.68176
1.12627
1.00191
1.00001
1
1
1
1
1
1
1
1
1
1
1.16232
1.53098
1.68846
1.7847
1.85166
1.90545
1.93161
1.94306
1.94125
1.93365
1.9248
1.9191
1.9194
1.9241
1.9193
1.92645
1.86581
1.43533
1.03134
1.00025
1
1
1
1
1
1
1
1
1
1
0.88649
1.3204
1.53059
1.6581
1.75306
1.82323
1.87965
1.9088
1.92337
1.92406
1.92048
1.91679
1.91697
1.92099
1.92239
1.92249
1.93865
1.75213
1.20151
1.00535
1.00003
1
1
1
1
1
1
1
1
1
0.894719
1.19317
1.37838
1.52185
1.64791
1.73047
1.80528
1.85592
1.88478
1.90018
1.90585
1.90724
1.91035
1.91574
1.92266
1.92194
1.94003
1.90491
1.50492
1.04941
1.00049
1
1
1
1
1
1
1
1
1
0.946966
1.13113
1.26797
1.39755
1.52908
1.64417
1.71494
1.79116
1.8346
1.86086
1.87895
1.88793
1.89594
1.90526
1.91668
1.92066
1.93787
1.92213
1.79676
1.259
1.00836
1.00005
1
1
1
1
1
1
1
1
0.972664
1.07124
1.18014
1.31229
1.41449
1.55293
1.64325
1.7121
1.77774
1.81504
1.8401
1.86067
1.87262
1.88693
1.90428
1.91708
1.93451
1.92254
1.89157
1.52665
1.05694
1.00058
1
1
1
1
1
1
1
1
0.988107
1.00352
1.09278
1.243
1.35103
1.4491
1.5714
1.64222
1.71396
1.76718
1.79727
1.82477
1.84482
1.86171
1.88321
1.90541
1.92782
1.92295
1.91682
1.7911
1.25585
1.00772
1.00004
1
1
1
1
1
1
1
1.04
0.990919
1.01236
1.15289
1.29521
1.3796
1.49738
1.58832
1.64583
1.71226
1.75797
1.782
1.81398
1.83146
1.85752
1.8858
1.91434
1.92059
1.9206
1.88716
1.51671
1.05444
1.00053
1
1
1
1
1
1
1
1.09716
0.990762
0.969972
1.06664
1.22874
1.34039
1.41268
1.52744
1.5986
1.65349
1.713
1.74633
1.77634
1.80211
1.82898
1.85877
1.89213
1.90762
1.92353
1.9101
1.74559
1.21284
1.00527
1.00002
1
1
1
1
1
1
1.12643
0.992554
0.953296
1.03264
1.14001
1.28956
1.367
1.45928
1.55064
1.60636
1.66068
1.71185
1.73485
1.77264
1.79846
1.83154
1.86497
1.8865
1.91388
1.91247
1.88245
1.4878
1.04096
1.00031
1
1
1
1
1
1
1.14371
0.997866
0.940181
1.02009
1.09031
1.22251
1.33199
1.39136
1.49494
1.56883
1.61332
1.67084
1.70425
1.73775
1.76957
1.80474
1.83304
1.85941
1.89325
1.91351
1.90133
1.6789
1.15851
1.003
1.00001
1
1
1
1
1
1.14888
1.00334
0.934894
0.995003
1.06413
1.16004
1.28715
1.36274
1.43178
1.52214
1.58088
1.62326
1.67437
1.69834
1.74155
1.77522
1.8053
1.82975
1.86766
1.90257
1.89851
1.82806
1.37075
1.01933
1.00012
1
1
1
1
1
1.14627
1.00918
0.939273
0.97474
1.03852
1.11823
1.23709
1.3359
1.38744
1.46946
1.54671
1.58782
1.63925
1.6704
1.71047
1.74645
1.78192
1.80116
1.83994
1.879
1.89467
1.88692
1.62131
1.09787
1.00115
1
1
1
1
1
1.13817
1.01926
0.958036
0.96968
1.01501
1.0885
1.17485
1.29552
1.3684
1.41989
1.50314
1.56128
1.59723
1.64508
1.67483
1.71968
1.75478
1.78152
1.81127
1.85161
1.88422
1.88485
1.74841
1.2657
1.00827
1.00003
1
1
1
1
1.12343
1.03096
0.981742
0.970003
1.00131
1.07668
1.13405
1.24628
1.34159
1.39371
1.45333
1.52912
1.56797
1.61605
1.64891
1.69245
1.72388
1.76137
1.7883
1.82815
1.86435
1.876
1.82319
1.45249
1.0386
1.00029
1
1
1
1
1.11154
1.0453
0.999133
0.966699
0.984975
1.06498
1.12269
1.18832
1.30087
1.37432
1.41854
1.48911
1.54358
1.57931
1.6275
1.66052
1.69578
1.73698
1.77273
1.80521
1.84219
1.86639
1.86063
1.63999
1.13059
1.00202
1.00001
1
1
1
1.11266
1.06084
1.00366
0.961176
0.963751
1.04128
1.11038
1.16183
1.25317
1.34451
1.40056
1.44459
1.51503
1.55309
1.60369
1.63422
1.67304
1.70729
1.75507
1.78062
1.82046
1.85197
1.86019
1.76872
1.31032
1.01197
1.00005
1
1
1
1.11511
1.0715
1.00554
0.958246
0.954152
1.00645
1.08959
1.15808
1.20629
1.30212
1.37925
1.42089
1.48021
1.53084
1.57197
1.61504
1.64863
1.6777
1.73203
1.76276
1.79851
1.83232
1.85304
1.80418
1.48115
1.04976
1.0004
1
1
1
1.11314
1.07571
1.00888
0.96065
0.954792
0.98541
1.0633
1.14676
1.192
1.25577
1.34735
1.40628
1.44301
1.50708
1.54557
1.59434
1.61991
1.6569
1.70595
1.74539
1.77689
1.81183
1.84041
1.81938
1.60467
1.12979
1.0021
1.00001
1
1
1.10532
1.07699
1.01621
0.969873
0.960557
0.984328
1.029
1.12327
1.18607
1.22962
1.30546
1.3845
1.42569
1.47838
1.52418
1.56866
1.59825
1.63775
1.67477
1.72312
1.75782
1.79194
1.82612
1.8254
1.7256
1.27628
1.00989
1.00005
1
1
1.10023
1.07637
1.02213
0.980433
0.973183
0.988342
1.00785
1.09067
1.17044
1.22174
1.2685
1.35421
1.41229
1.44706
1.50297
1.54001
1.58114
1.61366
1.65035
1.69808
1.73772
1.77373
1.80824
1.82356
1.77515
1.44841
1.04058
1.00029
1
1
1.09887
1.0742
1.02268
0.987859
0.98311
0.989739
1.00169
1.05288
1.14516
1.21162
1.25625
1.31493
1.39124
1.43198
1.47913
1.51752
1.56182
1.59284
1.63266
1.67609
1.71543
1.75566
1.78668
1.81563
1.7861
1.55318
1.10475
1.00141
1
1
1.09803
1.07136
1.02421
0.991884
0.98721
0.987151
0.996115
1.0377
1.11308
1.19208
1.24809
1.28731
1.36303
1.41811
1.45156
1.49693
1.53642
1.57683
1.61393
1.65781
1.6961
1.73592
1.76663
1.80331
1.7908
1.65265
1.20969
1.00583
1.00002
1
1.09617
1.07054
1.02777
0.995756
0.987224
0.983265
0.994762
1.03958
1.07885
1.16149
1.23348
1.27936
1.32648
1.39794
1.43717
1.47673
1.50727
1.55857
1.59768
1.63831
1.68088
1.71425
1.75046
1.78722
1.78926
1.72407
1.35051
1.02056
1.00011
1
1.09639
1.07105
1.03236
0.999922
0.987638
0.982327
0.995257
1.0389
1.07124
1.12645
1.20937
1.26989
1.30662
1.37216
1.42301
1.45402
1.4895
1.53607
1.58238
1.61567
1.66543
1.69854
1.73493
1.76578
1.78455
1.74183
1.47694
1.06206
1.00059
1
1.09818
1.07329
1.03689
1.0032
0.98821
0.981007
0.994127
1.03352
1.0699
1.10991
1.17562
1.25269
1.30037
1.34003
1.40436
1.43912
1.47532
1.50719
1.56396
1.59888
1.6487
1.68699
1.71743
1.74826
1.77665
1.74906
1.55681
1.12789
1.00222
1.00001
1.09811
1.07604
1.04152
1.00672
0.989153
0.978873
0.990553
1.02379
1.06271
1.10623
1.15081
1.227
1.28994
1.32564
1.3811
1.42372
1.45725
1.48936
1.54388
1.58661
1.62635
1.67261
1.70215
1.73449
1.76608
1.75378
1.63741
1.23132
1.00749
1.00003
1.09642
1.07698
1.04655
1.01108
0.991717
0.979162
0.98706
1.01184
1.0508
1.10078
1.14468
1.19582
1.27203
1.3191
1.35237
1.40618
1.4387
1.4781
1.51729
1.57118
1.60282
1.6553
1.69013
1.71818
1.75018
1.7532
1.68068
1.34573
1.02368
1.00014
1.09171
1.07616
1.04747
1.01708
0.998244
0.98206
0.986782
1.00247
1.03555
1.09023
1.1395
1.18204
1.24575
1.30746
1.33941
1.38725
1.42345
1.46533
1.4967
1.55375
1.5907
1.63379
1.6761
1.70048
1.73434
1.74975
1.69991
1.43312
1.05548
1.00054
1.08594
1.07353
1.0471
1.02196
1.00421
0.988155
0.98822
1.00112
1.01958
1.0719
1.12934
1.17741
1.22041
1.28908
1.33112
1.36233
1.40722
1.44679
1.48674
1.5316
1.57841
1.61048
1.65957
1.68868
1.72018
1.74359
1.71004
1.52696
1.11359
1.00189
1.08424
1.07156
1.04646
1.02255
1.00566
0.994495
0.992316
1.00241
1.01612
1.05268
1.11302
1.16985
1.21217
1.26293
1.31887
1.3479
1.39351
1.43002
1.4755
1.50694
1.56241
1.59903
1.63984
1.67712
1.7026
1.73333
1.71811
1.58969
1.19925
1.00589
1.0844
1.07084
1.04522
1.02248
1.00614
0.998907
0.997372
1.00201
1.01558
1.04682
1.08969
1.15605
1.2064
1.24405
1.30177
1.33742
1.37346
1.41532
1.45968
1.49529
1.5428
1.58867
1.62143
1.66397
1.68504
1.71965
1.71763
1.61989
1.28751
1.01669
1.086
1.07089
1.04298
1.02186
1.00648
1.00171
0.998348
0.999931
1.01331
1.04451
1.07595
1.1349
1.19585
1.23696
1.279
1.32564
1.35315
1.40121
1.44133
1.48525
1.52075
1.57481
1.61196
1.64865
1.67545
1.7066
1.71472
1.64976
1.36457
1.03724
1.08939
1.07209
1.04184
1.02101
1.00631
1.00291
0.998758
0.998905
1.01154
1.04146
1.07336
1.11323
1.17951
1.22964
1.26345
1.31274
1.34353
1.38568
1.42639
1.47134
1.50935
1.55723
1.60257
1.63312
1.66663
1.69114
1.70881
1.67248
1.45424
1.07807
1.09116
1.07364
1.0417
1.02095
1.00666
1.00413
0.999974
0.997921
1.00987
1.03511
1.06892
1.10806
1.15722
1.21769
1.25462
1.2938
1.33341
1.36388
1.41253
1.45235
1.49963
1.53785
1.58999
1.62336
1.65505
1.67444
1.70075
1.67623
1.51462
1.1432
1.09091
1.07385
1.04148
1.02154
1.00827
1.00585
1.00177
0.998124
1.00836
1.02942
1.06209
1.10612
1.14257
1.19974
1.2456
1.27771
1.32251
1.35304
1.3986
1.4374
1.48682
1.52641
1.57288
1.61383
1.63938
1.6643
1.69156
1.6754
1.5451
1.21507
1.08962
1.07349
1.04164
1.02297
1.0108
1.00835
1.00373
0.998539
1.00916
1.02626
1.0519
1.10018
1.13916
1.17821
1.2335
1.26724
1.30612
1.34511
1.37899
1.42538
1.46761
1.51602
1.55385
1.60167
1.62773
1.65549
1.68046
1.67408
1.57992
1.30008
1.08755
1.07258
1.04206
1.02441
1.0136
1.01081
1.00551
0.999885
1.00859
1.02462
1.04221
1.08901
1.13411
1.16865
1.21431
1.25728
1.28958
1.33541
1.36734
1.41447
1.45251
1.50298
1.54247
1.58458
1.61801
1.64299
1.6684
1.67188
1.60823
1.38856
1.08598
1.07068
1.0425
1.02447
1.01483
1.01271
1.0074
1.00188
1.00713
1.02235
1.03754
1.07463
1.12488
1.16459
1.19703
1.24613
1.28021
1.32189
1.35962
1.39822
1.44206
1.48429
1.53154
1.5679
1.60682
1.62757
1.65614
1.66749
1.6188
1.46867
1.08504
1.07036
1.04403
1.02475
1.01537
1.01328
1.00942
1.00509
1.00679
1.01724
1.03266
1.06359
1.11129
1.1571
1.18878
1.22896
1.27025
1.30634
1.34988
1.38143
1.4306
1.46831
1.51777
1.55692
1.5944
1.61678
1.64385
1.66247
1.62255
1.54351
1.10324
1.06883
1.04257
1.02361
1.01526
1.01335
1.01135
1.00792
1.00694
1.0144
1.03049
1.06412
1.10194
1.15127
1.18651
1.21872
1.26373
1.29911
1.34334
1.37593
1.4227
1.462
1.50637
1.5503
1.58502
1.61156
1.63589
1.65844
1.62652
1.59793
1.11571
1.06724
1.04102
1.02252
1.01498
1.01335
1.01323
1.01022
1.00777
1.01441
1.02944
1.06445
1.09524
1.1467
1.18486
1.21546
1.26018
1.29536
1.33912
1.3734
1.4175
1.45963
1.50056
1.54586
1.57749
1.60857
1.63129
1.65468
1.62866
1.63648
1.12904
1.06538
1.03895
1.02098
1.01434
1.01327
1.01448
1.01277
1.0098
1.01452
1.0285
1.06411
1.08878
1.14012
1.18186
1.21118
1.2544
1.29047
1.33066
1.36878
1.41135
1.45581
1.4961
1.53973
1.57303
1.60415
1.6248
1.64946
1.6315
1.66695
1.14123
1.0633
1.03627
1.01915
1.01354
1.01303
1.01528
1.01497
1.01153
1.01472
1.02706
1.06218
1.08766
1.13164
1.17732
1.20771
1.24634
1.28587
1.32191
1.36384
1.4011
1.44901
1.48918
1.5338
1.57027
1.59782
1.61524
1.64326
1.63642
1.69183
1.14876
1.06153
1.03338
1.01733
1.01275
1.01273
1.01599
1.0165
1.0123
1.01476
1.02521
1.05891
1.08891
1.12728
1.17273
1.20592
1.24041
1.28101
1.31679
1.3591
1.39127
1.44138
1.48223
1.52895
1.56473
1.59201
1.61086
1.63729
1.64448
1.72129
1.15864
1.06027
1.0308
1.01591
1.01209
1.01275
1.01687
1.0178
1.01263
1.01507
1.02507
1.05566
1.08834
1.1231
1.1681
1.20324
1.23281
1.2754
1.30947
1.35324
1.38829
1.43583
1.47758
1.52237
1.55873
1.58745
1.60661
1.6297
1.65512
1.75513
1.16153
1.05946
1.02849
1.01482
1.0119
1.01284
1.01806
1.01929
1.01291
1.01548
1.0254
1.05267
1.08435
1.11664
1.16122
1.19924
1.22563
1.26937
1.30359
1.34582
1.38389
1.42982
1.47192
1.51377
1.55362
1.58078
1.59896
1.62138
1.66555
1.78754
1.16271
1.05947
1.02646
1.01387
1.01185
1.0129
1.01895
1.02034
1.01345
1.0153
1.02542
1.0495
1.07866
1.11295
1.15329
1.19471
1.22329
1.2634
1.29904
1.33945
1.37852
1.42127
1.46562
1.5055
1.54733
1.57199
1.59245
1.61556
1.67917
1.82018
1.16741
1.06003
1.02463
1.01372
1.01217
1.01333
1.01895
1.02073
1.01441
1.01432
1.0241
1.04639
1.07522
1.11013
1.14491
1.18974
1.22125
1.25374
1.29252
1.32997
1.37241
1.41066
1.45889
1.49793
1.53932
1.56543
1.58625
1.60809
1.6897
1.85805
1.16552
1.06121
1.02476
1.01421
1.01326
1.01461
1.01968
1.02134
1.01482
1.01308
1.02423
1.044
1.07066
1.1059
1.13575
1.18123
1.21729
1.24395
1.28619
1.31874
1.36544
1.40022
1.451
1.49022
1.53063
1.55947
1.57886
1.60285
1.69655
1.89371
1.15952
1.06233
1.0258
1.0157
1.01435
1.01601
1.02105
1.02247
1.01534
1.01282
1.02449
1.04339
1.06522
1.1013
1.12908
1.17021
1.21214
1.24074
1.27932
1.31189
1.35718
1.39383
1.44111
1.48185
1.5192
1.55207
1.57097
1.59741
1.70447
1.92686
1.15731
1.06361
1.02761
1.01603
1.01472
1.01752
1.02199
1.02346
1.01619
1.01302
1.02405
1.04227
1.06038
1.09644
1.1255
1.15847
1.20529
1.23736
1.26773
1.30551
1.34422
1.38803
1.42577
1.47316
1.50717
1.54376
1.5605
1.59155
1.7182
1.96208
1.15431
1.06388
1.02928
1.01601
1.01517
1.0193
1.02316
1.02459
1.01755
1.01384
1.02344
1.0387
1.05452
1.08995
1.12204
1.15083
1.19334
1.23275
1.26124
1.30025
1.33539
1.38193
1.41585
1.46339
1.49965
1.53269
1.55148
1.58951
1.73968
1.99499
1.15122
1.06437
1.03068
1.01612
1.01603
1.02093
1.02502
1.02609
1.01954
1.01525
1.02233
1.0333
1.04943
1.08381
1.11752
1.14871
1.18015
1.22479
1.25645
1.29047
1.32853
1.3711
1.41055
1.44821
1.49227
1.52143
1.54621
1.58453
1.74868
2.02425
1.15367
1.06728
1.03296
1.01622
1.01629
1.02171
1.02685
1.02806
1.02193
1.01578
1.02123
1.02842
1.04603
1.07863
1.10994
1.14517
1.17454
1.21167
1.25035
1.28211
1.32118
1.35902
1.40325
1.43936
1.48164
1.51494
1.53931
1.58314
1.76678
2.05686
1.16259
1.0743
1.0372
1.0174
1.01618
1.02172
1.02705
1.02915
1.02349
1.01636
1.02053
1.02538
1.0417
1.07344
1.10213
1.13702
1.17007
1.20282
1.24084
1.27565
1.31037
1.3496
1.39217
1.43319
1.47098
1.50719
1.5284
1.58483
1.78924
2.07814
1.17103
1.0829
1.04349
1.02045
1.01697
1.02161
1.02677
1.02901
1.02443
1.01673
1.01945
1.02322
1.03777
1.06692
1.09556
1.13019
1.16194
1.19595
1.23
1.26748
1.30122
1.33921
1.38059
1.4239
1.46229
1.49578
1.52079
1.58853
1.80353
2.09644
1.18122
1.09494
1.05306
1.02616
1.01932
1.02164
1.02598
1.02899
1.02556
1.01716
1.0186
1.01991
1.03406
1.06172
1.08793
1.12454
1.15523
1.18702
1.21984
1.2555
1.29246
1.32834
1.36959
1.41213
1.45197
1.4835
1.51258
1.59709
1.8223
2.10934
1.19019
1.10825
1.06543
1.03422
1.02279
1.02229
1.02562
1.02896
1.02725
1.01856
1.01773
1.01662
1.02911
1.05713
1.08032
1.11622
1.14902
1.17868
1.20961
1.24285
1.28097
1.31793
1.35775
1.39979
1.43873
1.47107
1.5012
1.61107
1.8365
2.11535
1.19665
1.1213
1.08196
1.04555
1.02647
1.02306
1.02574
1.02891
1.02858
1.02051
1.01692
1.01569
1.02422
1.05109
1.07473
1.10712
1.1394
1.17068
1.20005
1.2322
1.26883
1.30765
1.34618
1.38611
1.42407
1.45735
1.49352
1.63651
1.8558
2.11631
1.1963
1.13172
1.09644
1.05772
1.03121
1.02418
1.02609
1.02902
1.02985
1.02141
1.01586
1.01527
1.02326
1.04462
1.06821
1.09983
1.12837
1.1606
1.191
1.22287
1.25736
1.2961
1.33475
1.37325
1.40994
1.44363
1.49205
1.67053
1.86246
2.10698
1.19174
1.13824
1.10774
1.07267
1.03918
1.02592
1.02702
1.02913
1.02966
1.02091
1.01412
1.01405
1.02236
1.03861
1.06012
1.09172
1.11814
1.15007
1.18142
1.21377
1.24737
1.28397
1.32275
1.36044
1.39665
1.4328
1.49638
1.71242
1.87127
2.08932
1.18456
1.14535
1.11669
1.08633
1.05098
1.02953
1.02741
1.02868
1.02871
1.02013
1.01216
1.01223
1.02016
1.03312
1.05193
1.08311
1.10901
1.13963
1.17084
1.20375
1.23706
1.2716
1.30952
1.34797
1.38405
1.4224
1.51005
1.75697
1.87497
2.06579
1.17544
1.14454
1.12037
1.09957
1.07039
1.03636
1.028
1.02825
1.02802
1.02057
1.01193
1.01139
1.01702
1.02715
1.0457
1.07562
1.10002
1.12983
1.15957
1.19207
1.22556
1.25974
1.29649
1.33404
1.37017
1.41397
1.54227
1.7991
1.86978
2.03427
1.16735
1.14081
1.12334
1.11414
1.08982
1.04847
1.02946
1.02772
1.02715
1.02151
1.01258
1.01135
1.01502
1.02143
1.03953
1.06767
1.09129
1.12049
1.14838
1.17975
1.21261
1.24672
1.28277
1.31984
1.35614
1.40778
1.59251
1.83202
1.86377
1.99455
1.16354
1.13722
1.12354
1.11951
1.10968
1.06793
1.03375
1.02643
1.02549
1.0221
1.01404
1.01124
1.01335
1.01581
1.03236
1.05901
1.08136
1.11075
1.1376
1.1677
1.19984
1.23402
1.26983
1.305
1.34139
1.41602
1.65203
1.85722
1.85605
1.94648
1.16376
1.13348
1.12418
1.12411
1.12349
1.08983
1.04498
1.02698
1.02388
1.02222
1.01563
1.01105
1.01162
1.01121
1.02533
1.04867
1.07111
1.10074
1.12679
1.15653
1.18755
1.2208
1.25546
1.29001
1.33117
1.4441
1.70988
1.86275
1.84705
1.89456
1.16707
1.13405
1.12522
1.12649
1.12799
1.1107
1.06558
1.03158
1.02404
1.02271
1.01729
1.01065
1.00926
1.00695
1.01952
1.03906
1.06033
1.08983
1.11553
1.14521
1.17546
1.20787
1.24173
1.27614
1.32607
1.49733
1.74308
1.85783
1.83164
1.84349
1.17193
1.13637
1.12655
1.12578
1.12515
1.12104
1.09178
1.04398
1.0256
1.02318
1.01853
1.00997
1.00639
1.00444
1.01655
1.03067
1.05102
1.08009
1.10482
1.13459
1.16415
1.19533
1.22761
1.25892
1.3358
1.56014
1.76821
1.84532
1.8119
1.7975
1.17752
1.14398
1.13108
1.12595
1.12579
1.12941
1.12393
1.08338
1.04208
1.02543
1.01786
1.00848
1.00297
1.00147
1.01016
1.01777
1.03704
1.06372
1.08697
1.11626
1.14418
1.17399
1.20666
1.26133
1.4203
1.65536
1.75682
1.80863
1.76402
1.73334
)
;

boundaryField
{
    inlet
    {
        type            fixedValue;
        value           uniform 1;
    }
    outlet
    {
        type            inletOutlet;
        inletValue      uniform 1;
        value           nonuniform List<scalar> 
60
(
1.17753
1.14397
1.13106
1.12594
1.12579
1.12941
1.12393
1.08336
1.04205
1.0254
1.01784
1.00845
1.00295
1.00144
1.01014
1.01776
1.03703
1.0637
1.08695
1.11624
1.14415
1.17396
1.20663
1.26124
1.41999
1.65511
1.75674
1.80858
1.76403
1.73337
1.23889
1.35477
1.47861
1.53661
1.5341
1.46368
1.32288
1.11597
0.804331
0.631347
0.655022
0.683996
0.707279
0.726901
0.762031
0.792027
0.820839
0.856551
0.890725
0.927321
0.964961
1.00368
1.04538
1.09423
1.14022
1.15397
1.14342
1.09227
1.02336
1.00157
)
;
    }
    airfoil
    {
        type            zeroGradient;
    }
    top
    {
        type            symmetryPlane;
    }
    bottom
    {
        type            symmetryPlane;
    }
    defaultFaces
    {
        type            empty;
    }
}


// ************************************************************************* //
