/*--------------------------------*- C++ -*----------------------------------*\
  =========                 |
  \\      /  F ield         | OpenFOAM: The Open Source CFD Toolbox
   \\    /   O peration     | Website:  https://openfoam.org
    \\  /    A nd           | Version:  7
     \\/     M anipulation  |
\*---------------------------------------------------------------------------*/
FoamFile
{
    version     2.0;
    format      ascii;
    class       volScalarField;
    location    "8.4";
    object      p;
}
// * * * * * * * * * * * * * * * * * * * * * * * * * * * * * * * * * * * * * //

dimensions      [1 -1 -2 0 0 0 0];

internalField   nonuniform List<scalar> 
8400
(
0.167865
0.27622
0.39303
0.485825
0.571689
0.645235
0.69663
0.757382
0.773006
0.785243
0.806905
0.81678
0.815731
0.837107
0.869574
0.883815
0.896166
0.913465
0.916566
0.90318
0.889968
0.883761
0.894415
0.912026
0.929213
0.945653
0.965996
0.982258
0.990054
0.983228
0.0571906
0.0578674
0.0666084
0.0932214
0.137231
0.211584
0.315501
0.428098
0.560387
0.681284
0.787658
0.890407
0.939775
0.966589
0.971237
0.959133
0.936816
0.89696
0.858992
0.84783
0.861845
0.893621
0.931916
0.951455
0.963502
0.973152
0.975442
0.972761
0.974369
0.984286
0.0590558
0.0588008
0.0583617
0.0585538
0.0578357
0.0569994
0.0558673
0.0611607
0.0914149
0.153206
0.238033
0.360021
0.528498
0.670016
0.751475
0.837584
0.889904
0.885883
0.878765
0.888219
0.885981
0.896926
0.9148
0.930657
0.96068
0.983935
0.991613
0.992532
0.991342
0.998075
0.0552776
0.0554737
0.0551225
0.0546488
0.0542409
0.0539548
0.0535992
0.0530706
0.0520932
0.0505099
0.049802
0.0498484
0.066237
0.11646
0.209449
0.345561
0.526339
0.712321
0.847533
0.928948
0.93706
0.930681
0.924301
0.923994
0.953856
0.968753
0.978014
0.988396
0.99579
1.0035
0.052665
0.052559
0.0521678
0.0519545
0.0519182
0.0521365
0.0526748
0.0526554
0.0521364
0.0510565
0.0502399
0.0501935
0.0518506
0.0556739
0.0585474
0.059052
0.0772522
0.157084
0.308117
0.509739
0.691657
0.809046
0.870979
0.918085
0.981826
0.964322
0.986505
1.00865
1.01581
1.0196
0.051478
0.0515447
0.0512919
0.0512388
0.0513709
0.0516279
0.0527015
0.0562497
0.0605944
0.0622157
0.0617867
0.0619488
0.06392
0.0671274
0.0717945
0.0750652
0.0763687
0.078185
0.0807494
0.0967224
0.171186
0.308642
0.50846
0.70299
0.808207
0.872533
0.959291
1.01445
1.01094
1.00922
0.0553181
0.0569002
0.0586624
0.0603565
0.0620554
0.0640228
0.0667842
0.0700754
0.0733208
0.0766062
0.0788225
0.0803305
0.0813042
0.0815067
0.0830769
0.0866386
0.0885083
0.0906385
0.0962567
0.103128
0.106815
0.108676
0.125428
0.202908
0.335622
0.539273
0.699163
0.807101
0.912209
1.0179
0.0740519
0.0762048
0.07859
0.0807991
0.0826348
0.083836
0.0838661
0.0836217
0.0839112
0.0862437
0.0909013
0.0933244
0.0928453
0.0934144
0.0963693
0.102426
0.108074
0.111515
0.115982
0.121983
0.127046
0.128962
0.131308
0.132478
0.132734
0.155162
0.222625
0.382983
0.586226
0.824298
0.0929884
0.0954964
0.0984502
0.101196
0.103762
0.104148
0.102222
0.101341
0.102231
0.105982
0.113749
0.120995
0.125787
0.128803
0.130558
0.133751
0.138008
0.140763
0.142777
0.144077
0.143432
0.141339
0.141597
0.144587
0.150361
0.157685
0.162697
0.165711
0.188468
0.39012
0.123883
0.125732
0.128709
0.132883
0.137986
0.142375
0.143926
0.144453
0.145189
0.146271
0.14953
0.155666
0.160515
0.160671
0.159635
0.160088
0.162636
0.165593
0.167323
0.168927
0.170898
0.173805
0.17816
0.182855
0.188851
0.192115
0.193232
0.192441
0.191774
0.19397
0.171342
0.171268
0.171791
0.173637
0.176538
0.180892
0.183335
0.184264
0.184244
0.182434
0.181229
0.182795
0.187655
0.191051
0.191561
0.191781
0.193279
0.195943
0.198344
0.201633
0.206672
0.212408
0.2166
0.218142
0.217576
0.216191
0.213753
0.211487
0.213299
0.219923
0.23226
0.232439
0.231592
0.229792
0.226995
0.226926
0.229806
0.234711
0.237386
0.237296
0.235892
0.235862
0.237883
0.240251
0.240415
0.240242
0.240818
0.242884
0.243287
0.243144
0.242433
0.241799
0.240804
0.239184
0.236027
0.236488
0.238782
0.245043
0.251594
0.256105
0.302917
0.307013
0.308306
0.307498
0.301496
0.292867
0.290001
0.291546
0.295895
0.297594
0.29661
0.293285
0.291975
0.292748
0.292844
0.291024
0.290016
0.29033
0.290375
0.28963
0.287607
0.28513
0.283949
0.284521
0.286921
0.290089
0.292636
0.293879
0.292196
0.28757
0.386734
0.391682
0.39629
0.39676
0.393395
0.382118
0.373867
0.371319
0.37325
0.374257
0.371809
0.365021
0.363158
0.363992
0.363859
0.35988
0.353339
0.350987
0.349943
0.348359
0.346982
0.346724
0.346575
0.345006
0.342373
0.338121
0.333525
0.327893
0.322041
0.316865
0.49479
0.499326
0.504184
0.504198
0.501952
0.492468
0.474966
0.466767
0.468953
0.470869
0.467987
0.456271
0.446742
0.446775
0.446694
0.442277
0.432459
0.427099
0.424077
0.420568
0.415223
0.408765
0.401953
0.396681
0.391383
0.385199
0.381072
0.377925
0.378081
0.375998
0.627952
0.629278
0.63732
0.638842
0.635951
0.625878
0.605915
0.587693
0.583712
0.585833
0.583357
0.568647
0.550107
0.548504
0.54806
0.541581
0.527158
0.516413
0.510739
0.504767
0.497599
0.489236
0.480131
0.473759
0.46758
0.461035
0.453884
0.446996
0.440104
0.427631
0.79071
0.789694
0.798255
0.805478
0.801901
0.78418
0.756892
0.734269
0.724655
0.725681
0.722592
0.703903
0.675384
0.671334
0.670084
0.660485
0.640355
0.625092
0.6163
0.607068
0.596107
0.582867
0.56976
0.558051
0.547798
0.536481
0.524046
0.511693
0.501292
0.484311
0.990008
0.984271
0.990762
0.998043
0.992953
0.970583
0.940767
0.910195
0.889786
0.889759
0.886756
0.865416
0.827576
0.816764
0.813274
0.801383
0.775466
0.754112
0.739632
0.726079
0.710377
0.692537
0.674077
0.657697
0.64343
0.627494
0.611058
0.595153
0.582645
0.561734
1.24595
1.21606
1.21489
1.22024
1.21576
1.19266
1.16253
1.12753
1.09017
1.08356
1.07734
1.05246
1.00636
0.98817
0.979767
0.962713
0.934027
0.905249
0.881893
0.861531
0.841023
0.818767
0.795043
0.772554
0.752229
0.731855
0.710448
0.689165
0.671154
0.64175
1.56188
1.53269
1.50093
1.48753
1.4753
1.4547
1.4204
1.38627
1.35181
1.32544
1.30405
1.27518
1.22678
1.19672
1.17686
1.1477
1.11346
1.08073
1.04882
1.01907
0.991147
0.962652
0.93319
0.904696
0.877412
0.850611
0.824134
0.797284
0.774732
0.738179
1.73683
1.72874
1.71608
1.70325
1.69375
1.68431
1.66917
1.64863
1.62415
1.59428
1.56633
1.53809
1.4971
1.45546
1.42103
1.38229
1.33874
1.2967
1.25379
1.21205
1.1724
1.13359
1.09558
1.05783
1.02246
0.987545
0.953893
0.921297
0.893008
0.84649
1.73748
1.73488
1.73104
1.73037
1.7314
1.7319
1.73176
1.72686
1.72056
1.71735
1.71415
1.70659
1.69225
1.67514
1.65305
1.62274
1.58647
1.54811
1.5048
1.45624
1.40506
1.35261
1.30063
1.24946
1.20012
1.15327
1.10857
1.06508
1.02863
0.970147
1.63241
1.64596
1.64573
1.63513
1.63722
1.65923
1.67816
1.69253
1.69945
1.69641
1.69892
1.70537
1.70467
1.69957
1.69792
1.69656
1.69252
1.68566
1.67495
1.65527
1.62665
1.5899
1.5444
1.49114
1.43203
1.37096
1.31022
1.24928
1.19768
1.11826
1.26509
1.28903
1.32263
1.34597
1.3615
1.38337
1.42153
1.45464
1.48375
1.51008
1.53603
1.57114
1.61157
1.62129
1.62985
1.64818
1.66283
1.67503
1.67471
1.67259
1.67059
1.66745
1.66045
1.64704
1.62431
1.58946
1.54138
1.48058
1.41938
1.31401
1.03358
1.03979
1.04815
1.05858
1.06936
1.08022
1.0953
1.11556
1.1381
1.16644
1.196
1.22822
1.26955
1.31642
1.35661
1.40059
1.45074
1.49791
1.54145
1.57172
1.60129
1.62255
1.6375
1.64373
1.64293
1.64108
1.63527
1.62154
1.59945
1.52781
1.00093
1.00118
1.00155
1.00209
1.00277
1.00364
1.0048
1.00665
1.00925
1.01309
1.01821
1.02475
1.03422
1.04828
1.06698
1.08949
1.12111
1.15898
1.20685
1.25951
1.31881
1.38078
1.43883
1.49885
1.54065
1.57655
1.60296
1.61239
1.6115
1.60407
1.00001
1.00001
1.00001
1.00002
1.00003
1.00004
1.00006
1.00008
1.00013
1.00021
1.00034
1.00054
1.00088
1.00149
1.00258
1.00429
1.00734
1.0123
1.0205
1.03374
1.053
1.08301
1.12233
1.17474
1.24025
1.31016
1.38335
1.45533
1.50907
1.55938
1
1
1
1
1
1
1
1
1
1
1
1
1.00001
1.00001
1.00002
1.00005
1.00009
1.00019
1.00041
1.00087
1.00184
1.00387
1.00794
1.01575
1.02995
1.05438
1.09189
1.14777
1.21294
1.33609
1
1
1
1
1
1
1
1
1
1
1
1
1
1
1
1
1
1
1
1.00001
1.00002
1.00004
1.00011
1.00029
1.00077
1.00204
1.00503
1.01227
1.02497
1.07787
1
1
1
1
1
1
1
1
1
1
1
1
1
1
1
1
1
1
1
1
1
1
1
1
1.00001
1.00002
1.00006
1.00023
1.00065
1.00526
0.0572597
0.0579789
0.0593427
0.0545352
0.0525253
0.0513782
0.0538894
0.0723588
0.0913838
0.122781
0.171761
0.231182
0.29937
0.384039
0.494641
0.639393
0.820479
1.03852
1.31063
1.59635
1.74349
1.73826
1.58339
1.22847
1.02619
1.00072
1.00001
1
1
1
0.0578189
0.0582931
0.0591006
0.0525991
0.0503426
0.0514617
0.0552581
0.0757272
0.0971546
0.13509
0.186576
0.243188
0.31233
0.413078
0.547187
0.712796
0.907098
1.13228
1.39248
1.65331
1.75266
1.72708
1.51525
1.1703
1.01481
1.00028
1
1
1
1
0.05811
0.0580661
0.0583569
0.0515866
0.0496069
0.0522437
0.0571693
0.079868
0.107032
0.144924
0.191288
0.250916
0.340327
0.458516
0.596376
0.760678
0.95242
1.17764
1.44284
1.68792
1.75542
1.70473
1.46809
1.13097
1.00892
1.00014
1
1
1
1
0.0579951
0.0577781
0.058272
0.0512624
0.0495113
0.0546167
0.0621321
0.0864056
0.11484
0.149192
0.196977
0.270132
0.374457
0.485974
0.619536
0.784
0.980701
1.21622
1.49691
1.72126
1.75856
1.68916
1.42027
1.09245
1.00474
1.00006
1
1
1
1
0.0581802
0.0580031
0.0587382
0.0514934
0.0499754
0.056163
0.0652722
0.0882257
0.116266
0.151926
0.209726
0.293637
0.387805
0.496997
0.633751
0.803935
1.01226
1.27236
1.57287
1.75268
1.76174
1.67699
1.34629
1.05862
1.00231
1.00003
1
1
1
1
0.0583075
0.0583194
0.0593266
0.0519927
0.0502344
0.0564698
0.0659987
0.0883393
0.115771
0.158674
0.226677
0.305675
0.392224
0.505645
0.658949
0.859092
1.09994
1.37412
1.64872
1.77075
1.76465
1.62852
1.26793
1.03669
1.00114
1.00001
1
1
1
1
0.0583172
0.0582839
0.0593189
0.0519834
0.0497799
0.0563494
0.0654934
0.089447
0.117153
0.172722
0.241207
0.315314
0.408979
0.555998
0.739671
0.949933
1.18683
1.4465
1.69315
1.77769
1.75723
1.55929
1.20953
1.02253
1.00054
1
1
1
1
1
0.0582711
0.0579105
0.0580855
0.0503995
0.0476763
0.0562428
0.0650766
0.0939297
0.135004
0.188683
0.250087
0.331421
0.468599
0.621906
0.796697
0.999374
1.23559
1.49937
1.72742
1.77939
1.7319
1.5074
1.15642
1.0123
1.00023
1
1
1
1
1
0.0583926
0.0578707
0.056297
0.0482769
0.0460678
0.0574508
0.07193
0.106627
0.149321
0.195398
0.264419
0.374611
0.506542
0.651325
0.826318
1.03591
1.28743
1.56878
1.76054
1.77851
1.7105
1.44629
1.10595
1.00643
1.0001
1
1
1
1
1
0.0586983
0.0579054
0.0550308
0.0473201
0.0459646
0.0612633
0.0821236
0.113276
0.153069
0.200668
0.285361
0.402986
0.523875
0.670462
0.857177
1.09204
1.37468
1.65261
1.78237
1.77654
1.68749
1.36289
1.06965
1.00326
1.00004
1
1
1
1
1
0.0588885
0.0579742
0.0543404
0.0475632
0.0478261
0.0641482
0.0858639
0.114065
0.153067
0.213789
0.313377
0.418998
0.53609
0.709548
0.939938
1.20199
1.47573
1.71335
1.79305
1.78366
1.64541
1.28698
1.04264
1.00145
1.00002
1
1
1
1
1
0.0591435
0.0590947
0.0542659
0.0477226
0.0489388
0.0644775
0.0860288
0.114598
0.156027
0.242088
0.334766
0.433898
0.595517
0.806496
1.03783
1.28524
1.54407
1.75306
1.79972
1.77989
1.57164
1.21387
1.02307
1.0006
1.00001
1
1
1
1
1
0.0597028
0.0593441
0.0540464
0.0471981
0.0485553
0.0630676
0.0843497
0.119102
0.18751
0.268651
0.356563
0.489609
0.67937
0.875024
1.09582
1.34665
1.60927
1.7816
1.80105
1.74502
1.50166
1.14846
1.01215
1.00025
1
1
1
1
1
1
0.0595934
0.0586881
0.0523917
0.0458454
0.0475967
0.062609
0.0878687
0.143625
0.211216
0.281873
0.386607
0.553096
0.723816
0.91536
1.1505
1.42698
1.68166
1.80031
1.79698
1.70905
1.42534
1.09975
1.00626
1.0001
1
1
1
1
1
1
0.0591701
0.0569446
0.0508754
0.0450278
0.048049
0.0692086
0.106512
0.160586
0.217882
0.296246
0.431487
0.587463
0.752725
0.967626
1.24286
1.53061
1.73865
1.80987
1.789
1.6737
1.34209
1.06315
1.00283
1.00004
1
1
1
1
1
1
0.0576975
0.0555577
0.0508058
0.0450448
0.0527332
0.0787365
0.114734
0.163211
0.22232
0.323231
0.468354
0.612538
0.808949
1.08096
1.35807
1.61488
1.7799
1.81381
1.79116
1.63051
1.26113
1.03533
1.00116
1.00001
1
1
1
1
1
1
0.0558127
0.0547568
0.0511817
0.0462796
0.0569227
0.081963
0.116088
0.162884
0.239505
0.371788
0.502062
0.667804
0.928578
1.18843
1.44275
1.68272
1.80804
1.81585
1.78707
1.54228
1.17789
1.01697
1.00042
1
1
1
1
1
1
1
0.0551992
0.0537367
0.0513463
0.0472693
0.0586518
0.0820878
0.118418
0.174783
0.294574
0.409302
0.54803
0.781075
1.02115
1.26664
1.52461
1.7431
1.81871
1.81592
1.72925
1.44136
1.11289
1.00805
1.00015
1
1
1
1
1
1
1
0.0563318
0.0525612
0.05017
0.0466812
0.0599293
0.0846847
0.130791
0.225307
0.331617
0.446558
0.6318
0.856606
1.08862
1.35636
1.61839
1.78383
1.82095
1.80367
1.66951
1.35461
1.07089
1.00375
1.00005
1
1
1
1
1
1
1
0.0580212
0.0506153
0.0476715
0.0457745
0.0621033
0.105815
0.167491
0.25516
0.349883
0.491499
0.703815
0.918381
1.17848
1.47499
1.69786
1.80896
1.82023
1.78118
1.62086
1.27261
1.04011
1.00147
1.00002
1
1
1
1
1
1
1
0.0595352
0.0480412
0.0459206
0.0479137
0.0734406
0.125153
0.18605
0.265644
0.374569
0.563768
0.768109
1.00706
1.31371
1.5812
1.75948
1.82473
1.82229
1.77031
1.55938
1.18747
1.01949
1.00053
1.00001
1
1
1
1
1
1
1
0.0603539
0.0464927
0.0447495
0.0547146
0.0822472
0.129696
0.191108
0.278823
0.440437
0.637429
0.849163
1.14959
1.43159
1.66617
1.80659
1.83257
1.8288
1.76537
1.44682
1.11035
1.00782
1.00016
1
1
1
1
1
1
1
1
0.0623229
0.0461049
0.044502
0.0583672
0.0839173
0.126071
0.196195
0.33244
0.530759
0.718259
0.978461
1.26906
1.53156
1.73837
1.83015
1.8373
1.82415
1.67613
1.32649
1.06021
1.00302
1.00005
1
1
1
1
1
1
1
1
0.0670193
0.0460697
0.0438558
0.0586969
0.0874005
0.134626
0.240351
0.42403
0.596182
0.809485
1.09846
1.37935
1.6334
1.78856
1.83582
1.83646
1.78769
1.57233
1.23236
1.03184
1.00116
1.00001
1
1
1
1
1
1
1
1
0.068495
0.0444649
0.041869
0.057505
0.0943478
0.188147
0.32198
0.476986
0.661369
0.929684
1.21715
1.50613
1.72095
1.81811
1.8361
1.82161
1.74028
1.49656
1.15748
1.01482
1.00037
1
1
1
1
1
1
1
1
1
0.0649878
0.0409914
0.0406394
0.0631971
0.123877
0.237713
0.363791
0.526476
0.767751
1.06012
1.3585
1.62917
1.78213
1.83404
1.83312
1.80646
1.70108
1.40576
1.08953
1.00579
1.00011
1
1
1
1
1
1
1
1
1
0.0607829
0.0383226
0.0401848
0.0845014
0.159226
0.263415
0.397523
0.619008
0.923948
1.21171
1.50703
1.72115
1.81927
1.83942
1.83788
1.80932
1.65383
1.27242
1.04101
1.00177
1.00003
1
1
1
1
1
1
1
1
1
0.0554887
0.035896
0.0437353
0.101329
0.178514
0.282615
0.479769
0.786613
1.07595
1.36957
1.62602
1.78524
1.83749
1.84122
1.83888
1.79472
1.51705
1.16055
1.01668
1.00049
1.00001
1
1
1
1
1
1
1
1
1
0.0481584
0.0367103
0.0545958
0.110843
0.206663
0.368018
0.639176
0.931901
1.22301
1.51433
1.7194
1.82257
1.84401
1.84304
1.82519
1.69267
1.37857
1.09127
1.00639
1.00013
1
1
1
1
1
1
1
1
1
1
0.0404603
0.0388304
0.0690404
0.127327
0.25921
0.502221
0.777176
1.0734
1.39198
1.64115
1.78473
1.84123
1.84701
1.84052
1.79435
1.61092
1.28177
1.04744
1.00221
1.00003
1
1
1
1
1
1
1
1
1
1
0.0342568
0.0406415
0.0802288
0.178271
0.368397
0.623284
0.917508
1.25812
1.56367
1.73989
1.82169
1.85037
1.84895
1.82753
1.75879
1.53379
1.18071
1.01907
1.0006
1.00001
1
1
1
1
1
1
1
1
1
1
0.0290574
0.0437006
0.0921283
0.251306
0.483834
0.763159
1.12476
1.46646
1.70183
1.79606
1.83965
1.8532
1.8518
1.82665
1.72364
1.39756
1.08413
1.0057
1.00013
1
1
1
1
1
1
1
1
1
1
1
0.0232276
0.0519207
0.140897
0.344203
0.628466
0.990375
1.36042
1.62865
1.78972
1.82069
1.84657
1.85245
1.85299
1.829
1.61643
1.22884
1.03216
1.00142
1.00002
1
1
1
1
1
1
1
1
1
1
1
0.0127379
0.065044
0.229624
0.488431
0.840358
1.23915
1.55459
1.74508
1.83474
1.82854
1.84939
1.84774
1.84099
1.74833
1.44025
1.12395
1.01168
1.00032
1
1
1
1
1
1
1
1
1
1
1
1
0.00374663
0.0829477
0.344155
0.706184
1.12154
1.47063
1.70508
1.81648
1.84849
1.83126
1.85082
1.84354
1.80469
1.63622
1.31117
1.06141
1.00346
1.00007
1
1
1
1
1
1
1
1
1
1
1
1
0.00401533
0.184541
0.527073
0.980008
1.39071
1.66584
1.79869
1.84619
1.85256
1.82676
1.84833
1.83746
1.76294
1.53836
1.19117
1.02147
1.00074
1.00001
1
1
1
1
1
1
1
1
1
1
1
1
0.0269122
0.325809
0.815365
1.30332
1.62254
1.78426
1.83835
1.85518
1.85298
1.82187
1.84406
1.83813
1.72313
1.38652
1.07671
1.00495
1.00012
1
1
1
1
1
1
1
1
1
1
1
1
1
0.106337
0.53674
1.18172
1.59586
1.77382
1.83368
1.85008
1.85657
1.84923
1.81993
1.83777
1.81784
1.60203
1.19466
1.02168
1.00081
1.00001
1
1
1
1
1
1
1
1
1
1
1
1
1
0.379766
1.015
1.55452
1.77231
1.83208
1.84652
1.85214
1.85559
1.84382
1.81865
1.83121
1.72089
1.38501
1.08035
1.00509
1.0001
1
1
1
1
1
1
1
1
1
1
1
1
1
1
1.00072
1.53639
1.78432
1.83754
1.84549
1.84783
1.84991
1.85377
1.84161
1.81937
1.83216
1.59776
1.21769
1.02409
1.00064
1.00001
1
1
1
1
1
1
1
1
1
1
1
1
1
1
1.84746
1.8486
1.85002
1.85015
1.8471
1.8463
1.84573
1.85333
1.843
1.82241
1.77474
1.42412
1.06714
0.999309
0.999927
0.999999
1
1
1
1
1
1
1
1
1
1
1
1
1
1
1.84463
1.84828
1.85227
1.85273
1.84641
1.84098
1.84272
1.85741
1.85639
1.81923
1.72457
1.36349
1.05768
1.00253
1.00003
1
1
1
1
1
1
1
1
1
1
1
1
1
1
1
1.84378
1.84773
1.85339
1.85453
1.84749
1.83792
1.84053
1.85916
1.85837
1.81665
1.64547
1.24337
1.02165
1.00034
1
1
1
1
1
1
1
1
1
1
1
1
1
1
1
1
1.84364
1.84733
1.85359
1.8549
1.8479
1.83614
1.83761
1.85686
1.85725
1.78935
1.56898
1.16918
1.01024
1.00012
1
1
1
1
1
1
1
1
1
1
1
1
1
1
1
1
1.84371
1.84665
1.85292
1.85475
1.84874
1.83669
1.83694
1.85544
1.85272
1.75929
1.47962
1.09392
1.00361
1.00003
1
1
1
1
1
1
1
1
1
1
1
1
1
1
1
1
1.84582
1.84627
1.85003
1.85213
1.84912
1.83995
1.83973
1.85589
1.85287
1.71867
1.36156
1.0498
1.00129
1.00001
1
1
1
1
1
1
1
1
1
1
1
1
1
1
1
1
1.84926
1.84706
1.84714
1.84816
1.8481
1.8457
1.8422
1.85194
1.84949
1.65715
1.25311
1.02338
1.00039
1
1
1
1
1
1
1
1
1
1
1
1
1
1
1
1
1
1.85209
1.84776
1.84421
1.84337
1.84773
1.85468
1.84393
1.83792
1.81959
1.56892
1.16139
1.00942
1.00011
1
1
1
1
1
1
1
1
1
1
1
1
1
1
1
1
1
1.8534
1.84812
1.84215
1.83872
1.84736
1.86054
1.85458
1.82249
1.77842
1.47558
1.09219
1.00342
1.00003
1
1
1
1
1
1
1
1
1
1
1
1
1
1
1
1
1
1.85362
1.84801
1.84103
1.83646
1.8441
1.86339
1.86408
1.81748
1.73429
1.36209
1.04767
1.00116
1.00001
1
1
1
1
1
1
1
1
1
1
1
1
1
1
1
1
1
1.85302
1.84722
1.84009
1.83577
1.84221
1.86586
1.86703
1.81372
1.67421
1.24147
1.02036
1.00031
1
1
1
1
1
1
1
1
1
1
1
1
1
1
1
1
1
1
1.85099
1.84601
1.84035
1.83662
1.84102
1.86762
1.86826
1.78659
1.56547
1.14886
1.00816
1.00009
1
1
1
1
1
1
1
1
1
1
1
1
1
1
1
1
1
1
1.84759
1.8447
1.84353
1.83929
1.83951
1.86805
1.87046
1.76211
1.45413
1.08156
1.00266
1.00002
1
1
1
1
1
1
1
1
1
1
1
1
1
1
1
1
1
1
1.84586
1.84321
1.84714
1.84315
1.83646
1.86044
1.87177
1.73716
1.32533
1.03695
1.00078
1
1
1
1
1
1
1
1
1
1
1
1
1
1
1
1
1
1
1
1.8451
1.84129
1.84844
1.85002
1.83504
1.84769
1.85409
1.64218
1.20747
1.01473
1.0002
1
1
1
1
1
1
1
1
1
1
1
1
1
1
1
1
1
1
1
1.84429
1.83939
1.84631
1.85825
1.85084
1.83627
1.82301
1.53502
1.12463
1.00547
1.00005
1
1
1
1
1
1
1
1
1
1
1
1
1
1
1
1
1
1
1
1.84324
1.83824
1.83902
1.86479
1.87718
1.83475
1.79139
1.41444
1.05957
1.00158
1.00001
1
1
1
1
1
1
1
1
1
1
1
1
1
1
1
1
1
1
1
1.84064
1.83526
1.83254
1.87593
1.89021
1.83686
1.72091
1.26587
1.02402
1.0004
1
1
1
1
1
1
1
1
1
1
1
1
1
1
1
1
1
1
1
1
1.83892
1.83211
1.82892
1.88249
1.89529
1.81734
1.59454
1.1629
1.00915
1.0001
1
1
1
1
1
1
1
1
1
1
1
1
1
1
1
1
1
1
1
1
1.83629
1.83291
1.82732
1.88455
1.89917
1.79809
1.47203
1.08344
1.00263
1.00002
1
1
1
1
1
1
1
1
1
1
1
1
1
1
1
1
1
1
1
1
1.83131
1.83634
1.82816
1.88084
1.90208
1.76531
1.32148
1.0334
1.00066
1
1
1
1
1
1
1
1
1
1
1
1
1
1
1
1
1
1
1
1
1
1.82388
1.83993
1.84464
1.87175
1.88436
1.64137
1.19756
1.01278
1.00015
1
1
1
1
1
1
1
1
1
1
1
1
1
1
1
1
1
1
1
1
1
1.81929
1.85496
1.88514
1.86369
1.85371
1.52546
1.10668
1.0039
1.00003
1
1
1
1
1
1
1
1
1
1
1
1
1
1
1
1
1
1
1
1
1
1.81784
1.87424
1.9113
1.86713
1.81038
1.36444
1.04168
1.00091
1.00001
1
1
1
1
1
1
1
1
1
1
1
1
1
1
1
1
1
1
1
1
1
1.81773
1.8854
1.92813
1.86349
1.68477
1.21433
1.01506
1.0002
1
1
1
1
1
1
1
1
1
1
1
1
1
1
1
1
1
1
1
1
1
1
1.82034
1.89104
1.93703
1.83418
1.54376
1.11677
1.00457
1.00004
1
1
1
1
1
1
1
1
1
1
1
1
1
1
1
1
1
1
1
1
1
1
1.82562
1.89975
1.9435
1.81332
1.38201
1.04537
1.00101
1.00001
1
1
1
1
1
1
1
1
1
1
1
1
1
1
1
1
1
1
1
1
1
1
1.84973
1.91474
1.93998
1.69471
1.21982
1.01515
1.00021
1
1
1
1
1
1
1
1
1
1
1
1
1
1
1
1
1
1
1
1
1
1
1
1.89901
1.918
1.89192
1.53361
1.11496
1.00455
1.00004
1
1
1
1
1
1
1
1
1
1
1
1
1
1
1
1
1
1
1
1
1
1
1
1.98711
1.89512
1.82911
1.36917
1.04381
1.00101
1.00001
1
1
1
1
1
1
1
1
1
1
1
1
1
1
1
1
1
1
1
1
1
1
1
2.07804
1.84213
1.69296
1.20167
1.01385
1.0002
1
1
1
1
1
1
1
1
1
1
1
1
1
1
1
1
1
1
1
1
1
1
1
1
2.14684
1.78195
1.51011
1.10193
1.00427
1.00004
1
1
1
1
1
1
1
1
1
1
1
1
1
1
1
1
1
1
1
1
1
1
1
1
2.18073
1.7106
1.32865
1.03901
1.00102
1.00001
1
1
1
1
1
1
1
1
1
1
1
1
1
1
1
1
1
1
1
1
1
1
1
1
2.16012
1.58538
1.19307
1.01467
1.00025
1
1
1
1
1
1
1
1
1
1
1
1
1
1
1
1
1
1
1
1
1
1
1
1
1
2.05373
1.45812
1.1023
1.00484
1.00005
1
1
1
1
1
1
1
1
1
1
1
1
1
1
1
1
1
1
1
1
1
1
1
1
1
1.96495
1.33018
1.04478
1.00124
1.00001
1
1
1
1
1
1
1
1
1
1
1
1
1
1
1
1
1
1
1
1
1
1
1
1
1
1.80939
1.19565
1.01563
1.00026
1
1
1
1
1
1
1
1
1
1
1
1
1
1
1
1
1
1
1
1
1
1
1
1
1
1
1.57887
1.11033
1.00501
1.00005
1
1
1
1
1
1
1
1
1
1
1
1
1
1
1
1
1
1
1
1
1
1
1
1
1
1
1.3659
1.04403
1.00098
1.00001
1
1
1
1
1
1
1
1
1
1
1
1
1
1
1
1
1
1
1
1
1
1
1
1
1
1
1.13737
1.00766
1.00006
1
1
1
1
1
1
1
1
1
1
1
1
1
1
1
1
1
1
1
1
1
1
1
1
1
1
1
1
1
1
1
1
1
1
1
1
1
1
1
1
1
1
1
1
1
1
1
1
1
1
1
1
1
1
1
1
1
1
1
1
1
1
1
1
1
1
1
1
1
1
1
1
1
1
1
1
1
1
1
1
1
1
1
1
1
1
1
1
1
1
1
1
1
1
1
1
1
1
1
1
1
1
1
1
1
1
1
1
1
1
1
1
1
1
1
1
1
1
1
1
1
1
1
1
1
1
1
1
1
1
1
1
1
1
1
1
1
1
1
1
1
1
1
1
1
1
1
1
1
1
1
1
1
1
1
1
1
1
1
1
1
1
1
1
1
1
1
1
1
1
1
1
1
1
1
1
1
1
1
1
1
1
1
1
1
1
1
1
1
1
1
1
1
1
1
1
1
1
1
1
1
1
1
1
1
1
1
1
1
1
1
1
1
1
1
1
1
1
1
1
1
1
1
1
1
1
1
1
1
1
1
1
1
1
1
1
1
1
1
1
1
1
1
1
1
1
1
1
1
1
1
1
1
1
1
1
1
1
1
1
1
1
1
1
1
1
1
1
1
1
1
1
1
1
1
1
1
1
1
1
1
1
1
1
1
1
1
1
1
1
1
1
1
1
1
1
1
1
1
1
1
1
1
1
1
1
1
1
1
1
1
1
1
1
1
1
1
1
1
1
1
1
1
1
1
1
1
1
1
1
1
1
1
1
1
1
1
1
1
1
1
1
1
1
1
1
1
1
1
1
1
1
1
1
1
1
1
1
1
1
1
1
1
1
1
1
1
1
1
1
1
1
1
1
1
1
1
1
1
1
1
1
1
1
1
1
1
1
1
1
1
1
1
1
1
1
1
1
1
1
1
1
1
1
1
1
1
1
1
1
1
1
1
1
1
1
1
1
1
1
1
1
1
1
1
1
1
1
1
1
1
1
1
1
1
1
1
1
1
1
1
1
1
1
1
1
1
1
1
1
1
1
1
1
1
1
1
1
1
1
1
1
1
1
1
1
1
1
1
1
1
1
1
1
1
1
1
1
1
1
1
1
1
1
1
1
1
1
1
1
1
1
1
1
1
1
1
1
1
1
1
1
1
1
1
1
1
1
1
1
1
1
1
1
1
1
1
1
1
1
1
1
1
1
1
1
1
1
1
1
1
1
1
1
1
1
1
1
1
1
1
1
1
1
1
1
1
1
1
1
1
1
1
1
1
1
1
1
1
1
1
1
1
1
1
1
1
1
1
1
1
1
1
1
1
1
1
1
1
1
1
1
1
1
1
1
1
1
1
1
1
1
1
1
1
1
1
1
1
1
1
1
1
1
1
1
1
1
1
1
1
1
1
1
1
1
1
1
1
1
1
1
1
1
1
1
1
1
1
1
1
1
1
1
1
1
1
1
1
1
1
1
1
1
1
1
1
1
1
1
1
1
1
1
1
1
1
1
1
1
1
1
1
1
1
1
1
1
1
1
1
1
1
1
1
1
1
1
1
1
1
1
1
1
1
1
1
1
1
1
1
1
1
1
1
1
1
1
1
1
1
1
1
1
1
1
1
1
1
1
1
1
1
1
1
1
1
1
1
1
1
1
1
1
1
1
1
1
1
1
1
1
1
1
1
1
1
1
1
1
1
1
1
1
1
1
1
1
1
1
1
1
1
1
1
1
1
1
1
1
1
1
1
1
1
1
1
1
1
1
1
1
1
1
1
1
1
1
1
1
1
1
1
1
1
1
1
1
1
1
1
1
1
1
1
1
1
1
1
1
1
1
1
1
1
1
1
1
1
1
1
1
1
1
1
1
1
1
1
1
1
1
1
1
1
1
1
1
1
1
1
1
1
1
1
1
1
1
1
1
1
1
1
1
1
1
1
1
1
1
1
1
1
1
1
1
1
1
1
1
1
1
1
1
1
1
1
1
1
1
1
1
1
1
1
1
1
1
1
1
1
1
1
1
1
1
1
1
1
1
1
1
1
1
1
1
1
1
1
1
1
1
1
1
1
1
1
1
1
1
1
1
1
1
1
1
1
1
1
1
1
1
1
1
1
1
1
1
1
1
1
1
1
1
1
1
1
1
1
1
1
1
1
1
1
1
1
1
1
1
1
1
1
1
1
1
1
1
1
1
1
1
1
1
1
1
1
1
1
1
1
1
1
1
1
1
1
1
1
1
1
1
1
1
1
1
1
1
1
1
1
1
1
1
1
1
1
1
1
1
1
1
1
1
1
1
1
1
1
1
1
1
1
1
1
1
1
1
1
1
1
1
1
1
1
1
1
1
1
1
1
1
1
1
1
1
1
1
1
1
1
1
1
1
1
1
1
1
1
1
1
1
1
1
1
1
1
1
1
1
1
1
1
1
1
1
1
1
1
1
1
1
1
1
1
1
1
1
1
1
1
1
1
1
1
1
1
1
1
1
1
1
1
1
1
1
1
1
1
1
1
1
1
1
1
1
1
1
1
1
1
1
1
1
1
1
1
1
1
1
1
1
1
1
1
1
1
1
1
1
1
1
1
1
1
1
1
1
1
1
1
1
1
1
1
1
1
1
1
1
1
1
1
1
1
1
1
1
1
1
1
1
1
1
1
1
1
1
1
1
1
1
1
1
1
1
1
1
1
1
1
1
1
1
1
1
1
1
1
1
1
1
1
1
1
1
1
1
1
1
1
1
1
1
1
1
1
1
1
1
1
1
1
1
1
1
1
1
1
1
1
1
1
1
1
1
1
1
1
1
1
1
1
1
1
1
1
1
1
1
1
1
1
1
1
1
1
1
1
1
1
1
1
1
1
1
1
1
1
1
1
1
1
1
1
1
1
1
1
1
1
1
1
1
1
1
1
1
1
1
1
1
1
1
1
1
1
1
1
1
1
1
1
1
1
1
1
1
1
1
1
1
1
1
1
1
1
1
1
1
1
1
1
1
1
1
1
1
1
1
1
1
1
1
1
1
1
1
1
1
1
1
1
1
1
1
1
1
1
1
1
1
1
1
1
1
1
1
1
1
1
1
1
1
1
1
1
1
1
1
1
1
1
1
1
1
1
1
1
1
1
1
1
1
1
1
1
1
1
1
1
1
1
1
1
1
1
1
1
1
1
1
1
1
1
1
1
1
1
1
1
1
1
1
1
1
1
1
1
1
1
1
1
1
1
1
1
1
1
1
1
1
1
1
1
1
1
1
1
1
1
1
1
1
1
1
1
1
1
1
1
1
1
1
1
1
1
1
1
1
1
1
1
1
1
1
1
1
1
1
1
1
1
1
1
1
1
1
1
1
1
1
1
1
1
1
1
1
1
1
1
1
1
1
1
1
1
1
1
1
1
1
1
1
1
1
1
1
1
1
1
1
1
1
1
1
1
1
1
1
1
1
1
1
1
1
1
1
1
1
1
1
1
1
1
1
1
1
1
1
1
1
1
1
1
1
1
1
1
1
1
1
1
1
1
1
1
1
1
1
1
1
1
1
1
1
1
1
1
1
1
1
1
1
1
1
1
1
1
1
1
1
1
1
1
1
1
1
1
1
1
1
1
1
1
1
1
1
1
1
1
1
1
1
1
1
1
1
1
1
1
1
1
1
1
1
1
1
1
1
1
1
1
1
1
1
1
1
1
1
1
1
1
1
1
1
1
1
1
1
1
1
1
1
1
1
1
1
1
1
1
1
1
1
1
1
1
1
1
1
1
1
1
1
1
1
1
1
1
1
1
1
1
1
1
1
1
1
1
1
1
1
1
1
1
1
1
1
1
1
1
1
1
1
1
1
1
1
1
1
1
1
1
1
1
1
1
1
1
1
1
1
1
1
1
1
1
1
1
1
1
1
1
1
1
1
1
1
1
1
1
1
1
1
1
1
1
1
1
1
1
1
1
1
1
1
1
1
1
1
1
1
1
1
1
1
1
1
1
1
1
1
1
1
1
1
1
1
1
1
1
1
1
1
1
1
1
1
1
1
1
1
1
1
1
1
1
1
1
1
1
1
1
1
1
1
1
1
1
1
1
1
1
1
1
1
1
1
1
1
1
1
1
1
1
1
1
1
1
1
1
1
1
1
1
1
1
1
1
1
1
1
1
1
1
1
1
1.42116
1
1
1
1
1
1
1
1
1
1
1
1
1
1
1
1
1
1
1
1
1
1
1
1
1
1
1
1
1
2.36502
0.998517
1
1
1
1
1
1
1
1
1
1
1
1
1
1
1
1
1
1
1
1
1
1
1
1
1
1
1
1
3.60525
1.07685
1
1
1
1
1
1
1
1
1
1
1
1
1
1
1
1
1
1
1
1
1
1
1
1
1
1
1
1
5.2207
1.36404
1
1
1
1
1
1
1
1
1
1
1
1
1
1
1
1
1
1
1
1
1
1
1
1
1
1
1
1
6.88377
2.16762
0.998801
1
1
1
1
1
1
1
1
1
1
1
1
1
1
1
1
1
1
1
1
1
1
1
1
1
1
1
8.62066
3.84952
1.11445
0.999853
1
1
1
1
1
1
1
1
1
1
1
1
1
1
1
1
1
1
1
1
1
1
1
1
1
1
9.50642
6.33843
2.6153
1.00533
1
1
1
1
1
1
1
1
1
1
1
1
1
1
1
1
1
1
1
1
1
1
1
1
1
1
8.52954
6.66425
5.70264
1.77849
0.999277
1
1
1
1
1
1
1
1
1
1
1
1
1
1
1
1
1
1
1
1
1
1
1
1
1
7.04162
6.30698
6.92449
4.49221
1.24939
0.999677
1
1
1
1
1
1
1
1
1
1
1
1
1
1
1
1
1
1
1
1
1
1
1
1
6.16137
6.05573
6.71558
6.29131
2.66082
1.0091
1
1
1
1
1
1
1
1
1
1
1
1
1
1
1
1
1
1
1
1
1
1
1
1
5.79681
5.83671
6.37013
6.26059
4.86206
1.44827
0.999437
1
1
1
1
1
1
1
1
1
1
1
1
1
1
1
1
1
1
1
1
1
1
1
5.66021
5.76684
6.03332
5.98014
5.9595
2.93806
1.02847
1
1
1
1
1
1
1
1
1
1
1
1
1
1
1
1
1
1
1
1
1
1
1
5.59553
5.72293
5.74388
5.82462
6.07399
4.54632
1.41885
0.999458
1
1
1
1
1
1
1
1
1
1
1
1
1
1
1
1
1
1
1
1
1
1
5.56594
5.66755
5.64767
5.77312
6.00761
5.65705
2.60678
1.01465
1
1
1
1
1
1
1
1
1
1
1
1
1
1
1
1
1
1
1
1
1
1
5.59079
5.67926
5.68222
5.76593
5.91852
5.83088
4.26288
1.31016
0.99974
1
1
1
1
1
1
1
1
1
1
1
1
1
1
1
1
1
1
1
1
1
5.63979
5.72112
5.73412
5.74768
5.7854
5.77118
5.19142
2.20513
1.00106
1
1
1
1
1
1
1
1
1
1
1
1
1
1
1
1
1
1
1
1
1
5.70772
5.77303
5.76353
5.74149
5.68712
5.70439
5.59506
3.44392
1.11477
1
1
1
1
1
1
1
1
1
1
1
1
1
1
1
1
1
1
1
1
1
5.78487
5.82991
5.78631
5.76313
5.69252
5.6979
5.76951
4.86164
1.67158
0.999112
1
1
1
1
1
1
1
1
1
1
1
1
1
1
1
1
1
1
1
1
5.84829
5.87249
5.81353
5.79329
5.71813
5.73214
5.81722
5.46714
2.89485
1.03989
1
1
1
1
1
1
1
1
1
1
1
1
1
1
1
1
1
1
1
1
5.87778
5.89095
5.83478
5.82428
5.77266
5.76408
5.80378
5.58567
4.04031
1.30961
0.999682
1
1
1
1
1
1
1
1
1
1
1
1
1
1
1
1
1
1
1
5.88982
5.89477
5.84369
5.84163
5.82836
5.79992
5.79598
5.69244
5.11603
2.04989
1.00027
1
1
1
1
1
1
1
1
1
1
1
1
1
1
1
1
1
1
1
5.88939
5.88956
5.85568
5.85851
5.86356
5.83224
5.8152
5.7861
5.68197
3.46227
1.10591
1
1
1
1
1
1
1
1
1
1
1
1
1
1
1
1
1
1
1
5.88647
5.87807
5.87119
5.87032
5.87922
5.85855
5.83809
5.78991
5.75241
4.51687
1.55546
0.999263
1
1
1
1
1
1
1
1
1
1
1
1
1
1
1
1
1
1
5.88419
5.86525
5.87532
5.87455
5.88136
5.8659
5.85853
5.8353
5.81315
5.33172
2.43296
1.01217
1
1
1
1
1
1
1
1
1
1
1
1
1
1
1
1
1
1
5.87971
5.85582
5.87339
5.86915
5.87798
5.86898
5.87262
5.8655
5.87102
5.8254
3.98224
1.21178
1
1
1
1
1
1
1
1
1
1
1
1
1
1
1
1
1
1
5.87401
5.84895
5.86699
5.86248
5.87237
5.87207
5.88112
5.86683
5.86253
5.91181
4.88584
1.84165
0.999513
1
1
1
1
1
1
1
1
1
1
1
1
1
1
1
1
1
5.86754
5.84597
5.86104
5.85908
5.86964
5.87687
5.88781
5.87272
5.86431
5.8886
5.4726
2.85258
1.04003
1
1
1
1
1
1
1
1
1
1
1
1
1
1
1
1
1
5.86004
5.8486
5.8574
5.85971
5.86644
5.87818
5.88827
5.87556
5.85968
5.88711
5.88812
4.46599
1.36978
0.999447
1
1
1
1
1
1
1
1
1
1
1
1
1
1
1
1
5.85147
5.85262
5.85448
5.85893
5.85735
5.86859
5.88078
5.87719
5.85204
5.87617
5.96264
5.19443
2.19727
1.00646
1
1
1
1
1
1
1
1
1
1
1
1
1
1
1
1
5.84418
5.85261
5.84974
5.85412
5.84998
5.85673
5.86921
5.87081
5.84512
5.85908
5.94519
5.56701
3.28127
1.09597
1
1
1
1
1
1
1
1
1
1
1
1
1
1
1
1
5.83954
5.8506
5.84559
5.84863
5.84884
5.84893
5.85948
5.86301
5.83945
5.84113
5.8989
5.83896
4.78194
1.54934
0.999172
1
1
1
1
1
1
1
1
1
1
1
1
1
1
1
5.83788
5.84614
5.84023
5.84447
5.84879
5.84512
5.8553
5.85886
5.83768
5.8334
5.89589
5.9407
5.41635
2.54805
1.02166
1
1
1
1
1
1
1
1
1
1
1
1
1
1
1
5.84044
5.84518
5.83675
5.84283
5.84805
5.84338
5.8533
5.85691
5.84189
5.83253
5.87865
5.94926
5.66085
3.64292
1.17265
0.999781
1
1
1
1
1
1
1
1
1
1
1
1
1
1
5.84569
5.84843
5.83629
5.84223
5.84768
5.84259
5.85207
5.85837
5.84806
5.83906
5.86139
5.92066
5.77907
4.99192
1.72926
1.00021
1
1
1
1
1
1
1
1
1
1
1
1
1
1
5.85096
5.85408
5.83864
5.8454
5.85003
5.84369
5.8521
5.86147
5.85423
5.8433
5.84411
5.89135
5.84644
5.57827
2.85407
1.04568
1
1
1
1
1
1
1
1
1
1
1
1
1
1
5.85466
5.86297
5.84621
5.85327
5.85549
5.84768
5.85291
5.86476
5.86072
5.84087
5.83261
5.87727
5.90705
5.6941
3.91601
1.26249
0.999626
0.999998
1
1
1
1
1
1
1
1
1
1
1
1
5.85665
5.8687
5.85563
5.86188
5.86152
5.8531
5.85322
5.86591
5.86761
5.84055
5.83113
5.87163
5.9126
5.76808
5.13687
1.91063
1.00288
0.999999
1
1
1
1
1
1
1
1
1
1
1
1
5.85705
5.87014
5.85992
5.86408
5.86312
5.85643
5.85478
5.86344
5.8713
5.84315
5.83365
5.86377
5.90191
5.79304
5.69917
3.08895
1.07154
0.999897
0.999999
1
1
1
1
1
1
1
1
1
1
1
5.85152
5.86594
5.86294
5.86544
5.86359
5.85686
5.85391
5.8542
5.86914
5.8496
5.84002
5.84993
5.88223
5.8322
5.75098
4.12127
1.35705
1.00078
0.999999
1
1
1
1
1
1
1
1
1
1
1
5.84818
5.87003
5.87552
5.87671
5.87304
5.86302
5.85663
5.85386
5.87307
5.85511
5.84513
5.84486
5.8797
5.8678
5.78324
5.18412
1.93539
0.971925
0.999635
1
1
1
1
1
1
1
1
1
1
1
2.78141
4.28353
5.02395
5.4381
5.65264
5.75681
5.80662
5.82159
5.85634
5.86989
5.86362
5.84271
5.87183
5.8922
5.78268
5.81436
3.63393
1.28314
1.00439
1.00002
1
1
1
1
1
1
1
1
1
1
1.02633
2.64021
3.77308
4.52028
5.00776
5.33791
5.55386
5.68115
5.75918
5.81884
5.85046
5.84853
5.85469
5.88883
5.8103
5.81628
5.44398
2.40543
1.07864
1.00074
1
1
1
1
1
1
1
1
1
1
0.418165
1.62112
2.62378
3.52841
4.15295
4.6944
5.03906
5.33166
5.52572
5.66288
5.76107
5.80821
5.829
5.86436
5.85912
5.81719
5.87878
4.1642
1.53714
1.01448
1.00009
1
1
1
1
1
1
1
1
1
0.268561
1.13767
1.83202
2.60779
3.32616
3.94281
4.44377
4.79601
5.13648
5.36473
5.55623
5.67945
5.75464
5.81192
5.8626
5.83363
5.89363
5.59627
2.67919
1.12052
1.00142
1.00001
1
1
1
1
1
1
1
1
0.251488
0.85302
1.4067
1.97757
2.63874
3.18573
3.81845
4.2633
4.62659
4.96413
5.23688
5.43949
5.59295
5.70254
5.81176
5.85604
5.88723
5.70789
4.47083
1.678
1.02052
1.00013
1
1
1
1
1
1
1
1
0.255626
0.627178
1.08425
1.59953
2.15422
2.66976
3.1693
3.7364
4.12508
4.51994
4.82096
5.12519
5.33554
5.51254
5.68839
5.83547
5.89616
5.71145
5.48239
2.8421
1.1446
1.00168
1.00001
1
1
1
1
1
1
1
0.311798
0.535259
0.779021
1.24936
1.76677
2.31044
2.68622
3.21424
3.69535
4.04901
4.41435
4.75335
5.03352
5.25446
5.47266
5.71129
5.8831
5.69355
5.6473
4.51579
1.69143
1.02044
1.00012
1
1
1
1
1
1
1
0.42426
0.525984
0.628612
0.957236
1.37077
1.95065
2.41207
2.73521
3.26175
3.65078
4.04558
4.33984
4.71497
4.95336
5.21741
5.50629
5.76204
5.7226
5.66496
5.25502
2.72158
1.12548
1.00139
1.00001
1
1
1
1
1
1
0.514212
0.509575
0.566734
0.84881
1.11881
1.54413
2.10033
2.45526
2.83109
3.28335
3.66163
3.99817
4.35229
4.66748
4.94222
5.22812
5.55051
5.64474
5.68839
5.54457
4.29745
1.5896
1.01421
1.00008
1
1
1
1
1
1
0.581705
0.482969
0.500585
0.774037
1.02506
1.25156
1.76123
2.21999
2.50125
2.94054
3.29454
3.70773
3.97538
4.3824
4.66103
4.95972
5.28963
5.46171
5.63814
5.63983
5.09706
2.52624
1.09577
1.00085
1
1
1
1
1
1
0.624113
0.480742
0.449468
0.649517
0.932495
1.18906
1.43074
1.92655
2.30221
2.61406
2.99312
3.39879
3.70957
4.06169
4.40005
4.71479
4.97338
5.2144
5.46402
5.63792
5.45361
3.70968
1.388
1.00759
1.00003
1
1
1
1
1
0.653403
0.486775
0.450836
0.572449
0.807018
1.11767
1.29009
1.63899
2.08476
2.38052
2.74497
3.06361
3.47403
3.72883
4.14963
4.45952
4.70284
4.92901
5.22971
5.51491
5.5055
4.95869
2.16145
1.05022
1.00034
1
1
1
1
1
0.660633
0.511665
0.473775
0.561777
0.670954
0.995986
1.24607
1.42051
1.83348
2.19126
2.50455
2.80092
3.21139
3.50817
3.87864
4.21666
4.49745
4.65602
4.96097
5.28602
5.47775
5.29512
3.27788
1.23879
1.00332
1.00001
1
1
1
1
0.651736
0.526764
0.513486
0.563155
0.604417
0.844123
1.1602
1.35296
1.59451
1.98831
2.29722
2.62198
2.91328
3.30962
3.58709
3.9929
4.26716
4.493
4.68836
5.01796
5.3483
5.27194
4.2058
1.68051
1.01873
1.0001
1
1
1
1
0.623909
0.536067
0.545273
0.556094
0.57305
0.70574
1.03307
1.2981
1.47185
1.78583
2.10459
2.44917
2.70382
3.09054
3.38456
3.76561
4.01663
4.32186
4.51741
4.78793
5.1153
5.22471
4.93061
2.58236
1.09911
1.00081
1
1
1
1
0.613887
0.557249
0.561376
0.532409
0.550707
0.672925
0.884154
1.19142
1.41164
1.61297
1.91869
2.25337
2.56206
2.83439
3.21512
3.50502
3.81153
4.11152
4.40075
4.56886
4.88193
5.15615
5.10911
3.4586
1.3355
1.00567
1.00002
1
1
1
0.621368
0.585976
0.571618
0.529733
0.545328
0.672891
0.76505
1.04224
1.32797
1.52554
1.76205
2.03408
2.4055
2.65872
3.03396
3.29573
3.64138
3.87058
4.23998
4.40971
4.68494
5.00628
5.08204
4.25179
1.82298
1.02787
1.00016
1
1
1
0.629351
0.605324
0.585277
0.536753
0.542151
0.660135
0.747784
0.898564
1.20022
1.44524
1.65397
1.87828
2.2205
2.52857
2.81528
3.14392
3.45096
3.66788
4.05565
4.30283
4.49284
4.82209
5.0351
4.84531
2.70562
1.12059
1.00106
1
1
1
0.626274
0.612101
0.58818
0.544608
0.541518
0.637816
0.739268
0.846424
1.04978
1.33766
1.57041
1.78967
2.00938
2.38094
2.65171
2.99319
3.21973
3.52096
3.84583
4.16054
4.34815
4.63865
4.95021
4.92021
3.40211
1.3528
1.00592
1.00002
1
1
0.623013
0.613674
0.585317
0.54826
0.542463
0.609772
0.710326
0.840538
0.96456
1.20595
1.46516
1.71038
1.89469
2.2147
2.52387
2.81484
3.05436
3.37562
3.61117
3.97318
4.22807
4.46851
4.80831
4.88181
4.07757
1.76889
1.02583
1.00013
1
1
0.622118
0.615486
0.585391
0.55354
0.538673
0.579754
0.668466
0.82195
0.948871
1.0942
1.33872
1.61176
1.8381
2.03184
2.3882
2.65373
2.9391
3.1928
3.4474
3.77603
4.07398
4.32127
4.61823
4.79384
4.58668
2.4527
1.09358
1.00079
1
1
0.621911
0.617573
0.590404
0.561754
0.540598
0.561876
0.617175
0.775424
0.925893
1.05783
1.2233
1.47867
1.75869
1.94493
2.24331
2.52531
2.81203
3.03897
3.33432
3.60087
3.88779
4.16255
4.4317
4.71572
4.66462
3.25067
1.2818
1.00399
1.00001
1
0.620212
0.620268
0.60297
0.577822
0.552602
0.558114
0.578015
0.704747
0.876622
1.03154
1.16816
1.34513
1.64773
1.8926
2.08567
2.40033
2.64575
2.92858
3.21502
3.44554
3.73012
3.97851
4.27198
4.60456
4.62902
3.69806
1.61971
1.01683
1.00007
1
0.618103
0.619829
0.616759
0.596202
0.570326
0.558716
0.57347
0.646305
0.808256
0.986852
1.13756
1.27849
1.50668
1.80849
2.00803
2.28014
2.49955
2.8101
3.09727
3.30796
3.61367
3.82938
4.11648
4.45087
4.59483
4.12868
2.05482
1.05353
1.00035
1
0.616813
0.617473
0.625587
0.608581
0.585379
0.560029
0.576181
0.635427
0.730494
0.9187
1.0931
1.2468
1.38868
1.69784
1.94973
2.14425
2.40411
2.65441
2.97236
3.2137
3.49613
3.73669
3.95294
4.30586
4.56169
4.43142
2.70682
1.15056
1.0016
1.00001
0.61607
0.61521
0.627774
0.617149
0.597529
0.562474
0.579153
0.637798
0.696298
0.832787
1.02671
1.20995
1.35905
1.56434
1.86475
2.056
2.31799
2.50192
2.83966
3.13415
3.34829
3.64037
3.83666
4.17105
4.48454
4.47365
3.3645
1.37671
1.00664
1.00003
0.615596
0.615278
0.628883
0.619121
0.601719
0.568299
0.579197
0.633296
0.692094
0.782293
0.947165
1.15279
1.33638
1.47476
1.75986
1.98058
2.20426
2.42638
2.68515
3.02559
3.22398
3.53128
3.76353
4.00824
4.35813
4.4446
3.66796
1.71131
1.02383
1.00011
0.615794
0.616255
0.629309
0.619098
0.6029
0.573976
0.579166
0.618144
0.679356
0.772689
0.884952
1.07524
1.29012
1.4519
1.63189
1.8953
2.08216
2.35696
2.53873
2.90141
3.14827
3.39502
3.66917
3.86835
4.2283
4.39493
3.98257
2.09087
1.06282
1.00046
0.61795
0.618505
0.629117
0.617665
0.60252
0.577701
0.578652
0.600573
0.655174
0.759617
0.862796
1.00514
1.21832
1.42042
1.5588
1.80816
1.99988
2.26847
2.48246
2.76625
3.05827
3.24926
3.54587
3.76914
4.07235
4.34657
4.21168
2.67686
1.1565
1.00171
0.621353
0.622567
0.630073
0.618532
0.603753
0.581717
0.575873
0.58741
0.625418
0.734706
0.844919
0.963218
1.12947
1.36209
1.52895
1.69758
1.92248
2.14869
2.43644
2.60328
2.94246
3.16501
3.41088
3.66016
3.91543
4.26312
4.25158
3.18578
1.35682
1.00647
0.622757
0.626631
0.631648
0.621218
0.607169
0.586927
0.574282
0.58178
0.601557
0.694449
0.816097
0.941759
1.07366
1.27732
1.48588
1.62654
1.85387
2.04881
2.35807
2.52998
2.81837
3.08333
3.29193
3.52933
3.80626
4.15675
4.23284
3.44058
1.6171
1.02025
0.622595
0.627468
0.631897
0.627333
0.613878
0.594984
0.576634
0.581874
0.597098
0.661605
0.779212
0.916815
1.04828
1.19137
1.42262
1.58679
1.76122
1.97632
2.25685
2.49684
2.67551
2.97987
3.19977
3.42411
3.70291
4.03746
4.19405
3.75319
1.93679
1.04845
0.62108
0.626715
0.630705
0.635128
0.622736
0.605829
0.583239
0.577441
0.592788
0.651451
0.733864
0.880317
1.02499
1.15589
1.33765
1.53886
1.68524
1.9165
2.13636
2.42899
2.6074
2.86448
3.11211
3.35119
3.58082
3.90003
4.15799
3.9865
2.43649
1.12184
0.620138
0.624508
0.628759
0.637126
0.626514
0.614435
0.588369
0.572108
0.587963
0.645843
0.710073
0.833573
0.990027
1.13443
1.26123
1.48134
1.64771
1.84719
2.05619
2.3269
2.56041
2.75855
3.02417
3.27737
3.47228
3.79817
4.10834
4.0283
2.80543
1.25991
0.621417
0.622671
0.62598
0.636685
0.627251
0.619595
0.592063
0.572741
0.584655
0.636432
0.699729
0.793369
0.94323
1.10421
1.22761
1.40226
1.60216
1.76381
1.99784
2.21368
2.48459
2.69828
2.93284
3.19081
3.40794
3.70387
4.03094
4.01103
3.06442
1.45286
0.624641
0.622383
0.622823
0.634719
0.627334
0.622145
0.597015
0.574583
0.583155
0.61619
0.684931
0.780093
0.892367
1.05982
1.20282
1.32425
1.54915
1.7237
1.93008
2.14042
2.38051
2.63448
2.85328
3.0899
3.34113
3.57764
3.92861
3.99367
3.41423
1.76272
0.629811
0.623857
0.621943
0.631599
0.626449
0.62289
0.601654
0.577239
0.584137
0.606409
0.665534
0.767868
0.863217
1.00006
1.16898
1.29248
1.47716
1.6841
1.84798
2.08359
2.29698
2.54847
2.78779
3.00176
3.26095
3.45082
3.82264
3.97792
3.62945
2.14604
0.635539
0.627624
0.622633
0.630074
0.625372
0.621929
0.603379
0.580809
0.58845
0.606605
0.638823
0.745031
0.847394
0.951514
1.11878
1.26729
1.39653
1.63155
1.80939
2.01002
2.23803
2.4414
2.71279
2.93643
3.156
3.37809
3.71354
3.94733
3.6578
2.58604
0.637531
0.632171
0.62509
0.630048
0.625993
0.620737
0.603611
0.584541
0.588985
0.608261
0.626456
0.710691
0.826101
0.933431
1.05955
1.23338
1.36603
1.564
1.77381
1.92782
2.17817
2.37962
2.61485
2.86482
3.06272
3.30878
3.59388
3.89917
3.69399
3.1196
0.636812
0.633577
0.627307
0.630771
0.628438
0.622134
0.60555
0.588662
0.587127
0.606355
0.624113
0.681825
0.794914
0.914888
1.0181
1.184
1.33802
1.48698
1.71936
1.8858
2.10138
2.3284
2.50891
2.78081
2.99759
3.22727
3.48515
3.83742
3.72529
3.67257
0.636279
0.633677
0.628742
0.63223
0.630783
0.624072
0.607273
0.590787
0.585429
0.602558
0.623019
0.677182
0.77536
0.903024
1.00724
1.13787
1.31675
1.45921
1.67964
1.86451
2.02965
2.28868
2.4724
2.72106
2.95121
3.16828
3.40604
3.78434
3.75798
4.07132
0.64193
0.633243
0.629458
0.633677
0.632796
0.626905
0.610051
0.592647
0.584938
0.593736
0.620843
0.679429
0.762429
0.891996
1.00324
1.11858
1.29952
1.4498
1.6539
1.85053
2.0043
2.26111
2.45994
2.671
2.91976
3.12683
3.3626
3.73952
3.79871
4.35576
0.654532
0.633625
0.629918
0.634889
0.634217
0.629785
0.61571
0.595891
0.584797
0.587533
0.617909
0.685388
0.749829
0.877757
0.997525
1.11369
1.28176
1.43479
1.62337
1.83242
1.99475
2.23351
2.43467
2.62461
2.88799
3.07019
3.33623
3.68902
3.85812
4.67104
0.660902
0.634658
0.630476
0.6358
0.634352
0.630623
0.619535
0.600093
0.58569
0.58697
0.615473
0.686272
0.736173
0.86008
0.987149
1.10353
1.26448
1.41799
1.57325
1.80255
1.96907
2.19384
2.40565
2.60696
2.84812
3.04244
3.30113
3.62095
3.91791
4.96451
0.669413
0.635917
0.630934
0.635948
0.634089
0.630927
0.621608
0.604665
0.588249
0.58767
0.612469
0.683407
0.731989
0.84174
0.97403
1.08905
1.23905
1.40454
1.53657
1.76565
1.94257
2.15529
2.38045
2.57984
2.80551
3.02332
3.24773
3.55224
3.97706
5.29066
0.676645
0.637794
0.631123
0.635049
0.633225
0.630907
0.623645
0.608169
0.589891
0.589238
0.608356
0.676195
0.735306
0.830834
0.960195
1.0807
1.20793
1.38693
1.52876
1.73424
1.93013
2.12631
2.34829
2.53195
2.7705
2.987
3.19771
3.50242
4.06129
5.6491
0.684082
0.640888
0.631071
0.633625
0.631579
0.630237
0.625445
0.610413
0.590226
0.590052
0.604765
0.667711
0.7347
0.817662
0.942873
1.07032
1.1892
1.36266
1.51495
1.70692
1.90945
2.07947
2.30493
2.50445
2.72823
2.94651
3.15624
3.43809
4.11005
6.03865
0.699534
0.646321
0.630707
0.631201
0.62921
0.629106
0.627366
0.613074
0.591527
0.59089
0.603992
0.658891
0.72294
0.799441
0.92211
1.05491
1.1761
1.33421
1.49327
1.66631
1.87806
2.02403
2.26695
2.47364
2.67496
2.90488
3.09847
3.38459
4.16443
6.43635
0.716017
0.654326
0.629627
0.627626
0.626169
0.626811
0.628116
0.616092
0.594652
0.59137
0.603798
0.649761
0.709806
0.796362
0.905404
1.04033
1.16417
1.30922
1.47188
1.60956
1.84052
2.00105
2.23223
2.44073
2.62733
2.85752
3.03948
3.33474
4.25679
6.85614
0.727057
0.662536
0.630371
0.625279
0.624715
0.623935
0.627372
0.618224
0.597466
0.591004
0.601541
0.639991
0.704211
0.793485
0.886868
1.02374
1.15216
1.28083
1.45101
1.58209
1.8042
1.97976
2.18369
2.40113
2.59107
2.8076
2.99494
3.28866
4.31617
7.31159
0.740143
0.670835
0.632847
0.625284
0.624953
0.623934
0.626599
0.620803
0.599769
0.590606
0.600793
0.634553
0.694412
0.78336
0.86591
0.999291
1.1363
1.25828
1.41688
1.56388
1.76169
1.9529
2.12407
2.34399
2.54613
2.74913
2.94695
3.25767
4.46245
7.7852
0.744519
0.676387
0.637691
0.626369
0.626
0.625475
0.62765
0.622069
0.600334
0.590748
0.60531
0.635637
0.681617
0.771977
0.853204
0.970376
1.11502
1.24396
1.38028
1.54138
1.69575
1.91859
2.0613
2.28847
2.50203
2.68984
2.89865
3.22868
4.58287
8.22987
0.742055
0.682188
0.645648
0.630017
0.628448
0.62838
0.628879
0.621446
0.599706
0.591087
0.609356
0.636343
0.672823
0.756856
0.842302
0.936193
1.08361
1.22873
1.36054
1.52119
1.65691
1.88006
2.03253
2.22778
2.44925
2.64577
2.84345
3.20057
4.74054
8.70579
0.753905
0.69322
0.656488
0.635213
0.633364
0.633544
0.630484
0.621273
0.600389
0.592022
0.607735
0.631922
0.664464
0.74298
0.831512
0.924013
1.03661
1.20042
1.33854
1.48595
1.63604
1.81355
2.005
2.16408
2.38065
2.59586
2.76323
3.17134
4.95807
9.06119
0.772873
0.70787
0.668278
0.639884
0.637116
0.637913
0.63339
0.623621
0.603469
0.59339
0.602805
0.619879
0.654731
0.732826
0.817069
0.917611
1.01609
1.15279
1.31138
1.45026
1.60689
1.7616
1.96181
2.12913
2.32032
2.52894
2.71529
3.1673
5.14764
9.3852
0.798162
0.727077
0.680894
0.644192
0.638042
0.639204
0.635574
0.626669
0.609012
0.594994
0.59839
0.605847
0.642195
0.72234
0.799779
0.902795
1.00936
1.12494
1.27106
1.41965
1.56541
1.7211
1.91009
2.09069
2.27218
2.45919
2.6743
3.21842
5.40989
9.66085
0.824746
0.750169
0.696004
0.649908
0.638023
0.639439
0.636729
0.629399
0.613981
0.596745
0.596415
0.59804
0.629661
0.704504
0.78305
0.884093
0.990873
1.10488
1.22946
1.38437
1.53347
1.67299
1.85625
2.0411
2.21865
2.40534
2.61472
3.28615
5.61818
9.73991
0.861812
0.785092
0.718607
0.658731
0.638633
0.637679
0.637592
0.632512
0.617388
0.597659
0.595371
0.59414
0.625506
0.688453
0.763303
0.868786
0.970581
1.08002
1.19463
1.33243
1.49825
1.63928
1.79489
1.98518
2.16119
2.34344
2.56833
3.41664
5.91062
9.76247
0.900821
0.823461
0.747112
0.672955
0.641837
0.635135
0.636333
0.633885
0.621924
0.599448
0.594183
0.591033
0.62145
0.680814
0.740087
0.844651
0.951291
1.05918
1.16994
1.28554
1.44142
1.60409
1.74971
1.92316
2.0991
2.2759
2.52975
3.63717
6.07939
9.62925
0.924095
0.858424
0.788994
0.698432
0.649439
0.634916
0.633959
0.633666
0.624929
0.602892
0.592258
0.589445
0.615095
0.672476
0.728761
0.817251
0.919902
1.03436
1.14729
1.26215
1.39139
1.553
1.70496
1.86109
2.03291
2.21043
2.51821
3.95378
6.26595
9.3686
0.932841
0.886604
0.831155
0.731544
0.663122
0.637559
0.633686
0.63287
0.624633
0.602901
0.589446
0.588346
0.613543
0.66039
0.718323
0.802826
0.887966
0.998592
1.11617
1.23632
1.35756
1.50053
1.65747
1.80762
1.96611
2.15105
2.55989
4.34912
6.35625
8.99968
0.924918
0.903485
0.862402
0.771961
0.684587
0.642887
0.635208
0.632748
0.624168
0.602128
0.587123
0.586949
0.611532
0.649029
0.704707
0.787946
0.864857
0.965266
1.07941
1.20234
1.32575
1.45484
1.6039
1.75569
1.90893
2.10494
2.6879
4.78008
6.34966
8.51898
0.915999
0.924917
0.887849
0.807645
0.711543
0.651256
0.6372
0.632923
0.624966
0.603749
0.587134
0.587063
0.608497
0.638473
0.689842
0.770218
0.844794
0.937731
1.04216
1.16254
1.28825
1.41305
1.5541
1.70062
1.84472
2.06074
2.93103
5.17357
6.2999
7.97785
0.911689
0.928009
0.900231
0.844322
0.75321
0.664181
0.6384
0.632283
0.624619
0.607661
0.588552
0.588357
0.604861
0.626468
0.675167
0.752833
0.823917
0.914147
1.00901
1.12076
1.24611
1.37104
1.50045
1.64051
1.79059
2.07399
3.3042
5.4987
6.21698
7.35398
0.908772
0.923284
0.907633
0.87919
0.798834
0.689284
0.641147
0.629608
0.622106
0.609792
0.591952
0.589742
0.601185
0.61551
0.660313
0.732906
0.802666
0.891599
0.980402
1.08306
1.19852
1.32201
1.45003
1.58029
1.73593
2.15586
3.74655
5.68564
6.09987
6.72004
0.90948
0.916557
0.910232
0.898817
0.850076
0.730636
0.648761
0.625838
0.618397
0.611304
0.595623
0.590525
0.59768
0.605885
0.648401
0.712926
0.777927
0.866907
0.953003
1.05117
1.15795
1.27393
1.39299
1.51555
1.69257
2.3553
4.14119
5.71479
5.92655
6.13407
0.922629
0.917826
0.913961
0.911762
0.882891
0.781213
0.67248
0.627406
0.618153
0.612819
0.59944
0.591087
0.594268
0.597973
0.638829
0.693517
0.75388
0.840226
0.922939
1.01881
1.11882
1.22536
1.34163
1.46973
1.7141
2.72022
4.47887
5.64951
5.6856
5.59707
0.942156
0.926351
0.91849
0.914976
0.893662
0.830403
0.717385
0.63814
0.61981
0.615881
0.604216
0.59071
0.589279
0.591696
0.630255
0.674905
0.730875
0.81253
0.889851
0.983243
1.08018
1.18245
1.28904
1.42312
1.83319
3.16823
4.61029
5.48864
5.37654
5.14888
0.96436
0.935899
0.923332
0.9101
0.89058
0.861501
0.774298
0.665263
0.624925
0.617691
0.60582
0.590373
0.584812
0.588309
0.622937
0.656214
0.711581
0.789715
0.860505
0.950679
1.04245
1.13834
1.24008
1.42249
2.08388
3.60818
4.55599
5.26392
5.05097
4.81073
0.984316
0.954609
0.933855
0.908858
0.893883
0.887034
0.84982
0.74878
0.660706
0.623846
0.607324
0.591789
0.582915
0.586274
0.608373
0.628386
0.681793
0.749873
0.814552
0.89823
0.980237
1.07287
1.21797
1.63903
2.73788
3.90394
4.3479
4.7383
4.53243
4.33619
)
;

boundaryField
{
    inlet
    {
        type            fixedValue;
        value           uniform 1;
    }
    outlet
    {
        type            zeroGradient;
    }
    airfoil
    {
        type            zeroGradient;
    }
    top
    {
        type            symmetryPlane;
    }
    bottom
    {
        type            symmetryPlane;
    }
    defaultFaces
    {
        type            empty;
    }
}


// ************************************************************************* //
