/*--------------------------------*- C++ -*----------------------------------*\
  =========                 |
  \\      /  F ield         | OpenFOAM: The Open Source CFD Toolbox
   \\    /   O peration     | Website:  https://openfoam.org
    \\  /    A nd           | Version:  7
     \\/     M anipulation  |
\*---------------------------------------------------------------------------*/
FoamFile
{
    version     2.0;
    format      ascii;
    class       volScalarField;
    location    "1.4";
    object      rho;
}
// * * * * * * * * * * * * * * * * * * * * * * * * * * * * * * * * * * * * * //

dimensions      [1 -3 0 0 0 0 0];

internalField   nonuniform List<scalar> 
11200
(
0.235592
0.343631
0.470139
0.583212
0.670192
0.752592
0.763383
0.783257
0.799338
0.800114
0.824637
0.895492
0.983009
1.07715
1.15614
1.19826
1.28064
1.36364
1.37151
1.29788
1.20328
1.19066
1.22436
1.23038
1.22655
1.22029
1.19931
1.17432
1.16488
1.18261
0.14161
0.150502
0.173769
0.235316
0.337127
0.48128
0.614424
0.712561
0.822348
0.830486
0.837215
0.887862
0.946113
1.01647
1.13013
1.21497
1.29393
1.34119
1.34043
1.27988
1.17154
1.13473
1.15638
1.1719
1.16236
1.14604
1.12317
1.11131
1.11188
1.14399
0.145226
0.14964
0.154626
0.158768
0.164105
0.18359
0.250168
0.361965
0.538512
0.714502
0.772865
0.804466
0.86088
0.927867
1.09762
1.2455
1.31146
1.34802
1.34629
1.28415
1.16873
1.10448
1.09977
1.09787
1.07287
1.05164
1.03403
1.03531
1.04731
1.11123
0.150464
0.152398
0.154993
0.158604
0.162002
0.165646
0.171352
0.181396
0.205525
0.299529
0.460922
0.581155
0.674747
0.716172
0.824652
1.01543
1.17856
1.33416
1.35455
1.2998
1.16681
1.09765
1.08713
1.06686
1.03426
1.0086
0.996885
1.00087
1.02676
1.10497
0.156641
0.158185
0.159266
0.159571
0.160437
0.16203
0.163363
0.164688
0.168393
0.176948
0.182662
0.218232
0.270382
0.332598
0.360995
0.438496
0.648989
1.00449
1.28303
1.27578
1.16148
1.11965
1.09582
1.04949
1.02618
1.00033
0.981293
0.982889
1.01631
1.09373
0.161157
0.161108
0.160947
0.160303
0.159797
0.159835
0.160192
0.161086
0.161359
0.160937
0.160994
0.164155
0.182698
0.241533
0.31897
0.348491
0.352854
0.42403
0.749874
1.12431
1.14322
1.13982
1.12953
1.089
1.01509
0.984608
0.985967
1.00966
1.05089
1.12571
0.159685
0.158648
0.157056
0.155334
0.155127
0.155319
0.156532
0.158042
0.157939
0.157723
0.15864
0.161791
0.17417
0.211164
0.274077
0.327309
0.344803
0.35436
0.365243
0.603544
1.03742
1.16892
1.17194
1.13204
1.06166
1.02422
1.02169
1.03267
1.07331
1.14949
0.152931
0.151537
0.151004
0.151111
0.151743
0.153258
0.155733
0.156812
0.156621
0.156657
0.157884
0.161485
0.173575
0.202966
0.253147
0.309115
0.338237
0.350788
0.363254
0.384914
0.59573
0.990936
1.14125
1.16581
1.13438
1.08588
1.07595
1.07644
1.11042
1.17204
0.149392
0.149469
0.149793
0.150594
0.152113
0.154887
0.157467
0.158946
0.159303
0.15944
0.161554
0.166752
0.177329
0.200955
0.24688
0.301526
0.33608
0.350443
0.36547
0.391591
0.411262
0.52002
0.790115
1.04033
1.08608
1.07202
1.08261
1.0954
1.13168
1.17872
0.15575
0.157488
0.16008
0.16311
0.166333
0.169593
0.17329
0.175733
0.176844
0.177908
0.180445
0.184865
0.192581
0.211018
0.248578
0.301163
0.346623
0.378078
0.399682
0.418027
0.445481
0.456646
0.464505
0.558079
0.738621
0.910392
1.01376
1.07079
1.12183
1.1645
0.17654
0.176809
0.177268
0.178436
0.180667
0.184227
0.190437
0.195546
0.197886
0.200034
0.204246
0.212315
0.227174
0.251995
0.289406
0.340855
0.382312
0.410845
0.436717
0.459475
0.483045
0.491561
0.495867
0.49458
0.488683
0.529827
0.634654
0.812189
0.96889
1.08484
0.19592
0.196027
0.196547
0.198136
0.201388
0.207916
0.218962
0.224674
0.226011
0.22725
0.231097
0.239639
0.254365
0.277818
0.311653
0.357462
0.398637
0.428896
0.452728
0.475598
0.504209
0.513948
0.517168
0.519035
0.520198
0.504804
0.501844
0.53506
0.6235
0.848779
0.239449
0.239952
0.240631
0.242027
0.244083
0.247229
0.253699
0.260269
0.26299
0.263924
0.266097
0.270926
0.280624
0.298286
0.321081
0.356996
0.40074
0.433695
0.457365
0.478696
0.50538
0.534919
0.548379
0.556216
0.558741
0.548604
0.541753
0.550502
0.575619
0.691149
0.279704
0.279695
0.279417
0.279593
0.280484
0.283263
0.288474
0.297927
0.30826
0.310355
0.310367
0.312573
0.325062
0.348876
0.370462
0.396311
0.436434
0.47386
0.500908
0.524525
0.54464
0.565942
0.590255
0.600495
0.602496
0.595987
0.593322
0.607678
0.630396
0.712852
0.330842
0.332866
0.3332
0.332952
0.33309
0.334418
0.336915
0.342193
0.35372
0.358498
0.359284
0.363384
0.376691
0.395143
0.417252
0.449818
0.493517
0.534868
0.56629
0.591806
0.614253
0.63552
0.64633
0.649516
0.648101
0.636241
0.633417
0.645616
0.673817
0.757718
0.393738
0.39701
0.398841
0.39667
0.39176
0.390977
0.391571
0.396011
0.4083
0.419613
0.422309
0.423357
0.426894
0.439483
0.460021
0.48568
0.517741
0.554012
0.585348
0.608157
0.628853
0.655492
0.673182
0.681349
0.685438
0.680989
0.677006
0.687973
0.714808
0.811917
0.469387
0.472956
0.477121
0.478309
0.474654
0.464866
0.461242
0.462743
0.470581
0.484169
0.491763
0.494614
0.499498
0.510473
0.526202
0.542424
0.564086
0.596005
0.630581
0.656042
0.674171
0.695826
0.72436
0.738972
0.743294
0.741251
0.743416
0.761319
0.790785
0.884802
0.555834
0.559558
0.564831
0.568947
0.56969
0.565118
0.552999
0.547449
0.549802
0.559307
0.570527
0.575766
0.577009
0.579969
0.5912
0.612733
0.640039
0.672174
0.706022
0.732582
0.751822
0.773523
0.798082
0.808398
0.810027
0.80561
0.809728
0.827705
0.859386
0.965282
0.655844
0.657714
0.662426
0.668358
0.671108
0.671472
0.667724
0.656038
0.648878
0.651189
0.658269
0.663823
0.666395
0.669202
0.675825
0.688368
0.703777
0.722591
0.747463
0.773026
0.794661
0.819493
0.850062
0.864707
0.868649
0.869335
0.877149
0.899094
0.93466
1.04997
0.783468
0.780218
0.776074
0.774603
0.777558
0.779069
0.7791
0.776937
0.769673
0.762862
0.762826
0.766357
0.766828
0.766604
0.76947
0.778215
0.792141
0.8106
0.834165
0.859574
0.883481
0.911373
0.940475
0.950773
0.951627
0.95445
0.967674
0.993042
1.03351
1.15331
0.937726
0.933511
0.928774
0.919754
0.908952
0.90071
0.89912
0.899927
0.898901
0.895292
0.891665
0.890716
0.889936
0.887276
0.886887
0.891152
0.900478
0.914324
0.931477
0.950316
0.972606
1.00413
1.03009
1.03723
1.03806
1.04487
1.06144
1.0905
1.13918
1.25652
1.11533
1.11395
1.1121
1.10722
1.0985
1.08538
1.07168
1.06561
1.0652
1.06291
1.05787
1.0563
1.0537
1.04775
1.04856
1.05079
1.05302
1.05968
1.06997
1.08155
1.0982
1.12259
1.13691
1.14144
1.14123
1.14869
1.1671
1.19996
1.25367
1.34298
1.38258
1.36961
1.3635
1.35841
1.35243
1.34206
1.32342
1.31617
1.31195
1.30363
1.29093
1.28616
1.28112
1.2711
1.26611
1.26331
1.26016
1.25724
1.25401
1.25047
1.25095
1.25465
1.25779
1.25494
1.24804
1.25378
1.27158
1.30345
1.34707
1.38815
1.62899
1.61648
1.60977
1.60503
1.59506
1.58352
1.57333
1.56064
1.54798
1.5367
1.52347
1.50909
1.49661
1.48505
1.47422
1.46383
1.45306
1.44261
1.43213
1.42032
1.40502
1.38708
1.3689
1.3497
1.33906
1.34215
1.35378
1.37269
1.39082
1.39905
1.68033
1.67324
1.66132
1.65339
1.6478
1.63876
1.62852
1.61947
1.60836
1.59575
1.58442
1.57252
1.55911
1.54607
1.53292
1.51849
1.50348
1.48875
1.47312
1.45786
1.44408
1.42989
1.41353
1.39597
1.38798
1.38856
1.3919
1.39659
1.39939
1.39998
1.63806
1.6343
1.62973
1.62322
1.61708
1.61113
1.60359
1.59529
1.58667
1.57671
1.56578
1.55496
1.5434
1.53054
1.51732
1.50377
1.48936
1.47474
1.46058
1.44595
1.43153
1.41859
1.40781
1.4015
1.39925
1.39921
1.39949
1.39985
1.39999
1.4
1.49797
1.49762
1.49714
1.49621
1.49486
1.49337
1.49142
1.48892
1.48599
1.48241
1.47814
1.47341
1.46809
1.4619
1.45496
1.4475
1.43968
1.43167
1.42388
1.41652
1.40997
1.40487
1.40169
1.40027
1.4
1.39999
1.39999
1.4
1.4
1.40001
1.41085
1.41105
1.41123
1.41138
1.41145
1.41147
1.41147
1.41142
1.41132
1.4111
1.41073
1.41022
1.40955
1.40869
1.40765
1.40647
1.40521
1.40393
1.40272
1.40167
1.40086
1.40033
1.40009
1.40002
1.40001
1.4
1.4
1.40001
1.40001
1.40001
1.40024
1.40025
1.40026
1.40028
1.40029
1.40029
1.4003
1.40031
1.40031
1.40032
1.40031
1.4003
1.40029
1.40027
1.40023
1.4002
1.40016
1.40011
1.40007
1.40004
1.40002
1.40001
1.40001
1.40001
1.40001
1.40001
1.40001
1.40001
1.40001
1.40001
1.40001
1.40001
1.40001
1.40001
1.40001
1.40001
1.40001
1.40001
1.40001
1.40001
1.40001
1.40001
1.40001
1.40001
1.40001
1.40001
1.40001
1.40001
1.40001
1.40001
1.40001
1.40001
1.40001
1.40001
1.40001
1.40001
1.40001
1.40001
1.40001
1.40001
1.40001
1.40001
1.40001
1.40001
1.40001
1.40001
1.40001
1.40001
1.40001
1.40001
1.40001
1.40001
1.40001
1.40001
1.40001
1.40001
1.40001
1.40001
1.40001
1.40001
1.40001
1.40001
1.40001
1.40001
1.40001
1.40001
1.40001
1.40001
1.40001
1.40001
1.40001
1.40001
1.40001
1.40001
1.40001
1.40001
1.40001
1.40001
1.40001
1.40001
1.40001
1.40001
1.40001
1.40001
1.40001
1.40001
1.40001
1.40001
1.40001
1.40001
1.40001
1.40001
1.40001
1.40001
1.40001
1.40001
1.40001
1.40001
1.40001
1.40001
1.40001
1.40001
1.40001
1.40001
1.40001
1.40001
1.40001
1.40001
1.40001
1.40001
1.40001
1.40001
1.40001
1.40001
1.40001
1.40001
1.40001
1.40001
1.40001
1.40001
1.40001
1.40001
1.40001
1.40001
1.40001
1.40001
1.40001
1.40001
1.40001
1.40001
1.40001
1.40001
1.40001
1.40001
1.40001
1.40001
1.40001
1.40001
1.40001
1.40001
1.40001
1.40001
1.40001
1.40001
1.40001
1.40001
1.40001
1.40001
1.40001
1.40001
1.40001
1.40001
1.40001
1.40001
1.40001
1.40001
1.40001
1.40001
1.40001
1.40001
1.40001
1.40001
1.40001
1.40001
1.40001
1.40001
1.40001
1.40001
1.40001
1.40001
1.40001
1.40001
1.40001
1.40001
1.40001
1.40001
1.40001
1.40001
1.40001
1.40001
1.40001
1.40001
1.40001
1.40001
1.40001
1.40001
1.40001
1.40001
1.40001
1.40001
0.139569
0.135231
0.140736
0.146752
0.154544
0.161199
0.160573
0.15464
0.150069
0.154728
0.17648
0.196787
0.238921
0.279478
0.329633
0.391681
0.4665
0.552868
0.658432
0.801423
0.949237
1.13155
1.40651
1.6484
1.69118
1.6432
1.4982
1.41033
1.40024
1.40001
1.40001
1.40001
1.40001
1.40001
1.40001
0.129515
0.128574
0.137836
0.144425
0.15479
0.161039
0.1603
0.154795
0.153302
0.159517
0.18352
0.209587
0.250562
0.292812
0.342439
0.403102
0.477613
0.57416
0.705101
0.841431
0.984607
1.18521
1.46344
1.68293
1.70734
1.64401
1.48451
1.4073
1.40014
1.40001
1.40001
1.40001
1.40001
1.40001
1.40001
0.124262
0.122998
0.134341
0.141626
0.153437
0.160909
0.160137
0.156645
0.156513
0.163315
0.185938
0.214708
0.253983
0.298118
0.350072
0.41269
0.494089
0.610241
0.737046
0.862484
1.01382
1.22543
1.50948
1.70906
1.72237
1.643
1.47518
1.4056
1.40009
1.40001
1.40001
1.40001
1.40001
1.40001
1.40001
0.120159
0.120355
0.133064
0.140849
0.151654
0.159965
0.159367
0.157207
0.157439
0.164516
0.186194
0.216501
0.255374
0.301818
0.360559
0.434626
0.529002
0.636385
0.751826
0.883604
1.05232
1.2687
1.55758
1.7323
1.73619
1.63669
1.46478
1.40409
1.40006
1.40001
1.40001
1.40001
1.40001
1.40001
1.40001
0.118194
0.119203
0.132454
0.140769
0.150896
0.156697
0.156677
0.157232
0.157345
0.162788
0.186032
0.216723
0.257026
0.310449
0.376436
0.454088
0.543748
0.644591
0.763373
0.912899
1.08915
1.31482
1.6064
1.75338
1.74944
1.62877
1.45474
1.40292
1.40004
1.40001
1.40001
1.40001
1.40001
1.40001
1.40001
0.116709
0.119184
0.132382
0.141222
0.150983
0.154187
0.153607
0.156913
0.156073
0.159286
0.188566
0.21908
0.264879
0.320221
0.38513
0.460538
0.549042
0.65162
0.78241
0.949062
1.12635
1.3697
1.65645
1.77555
1.76025
1.61731
1.44504
1.40202
1.40003
1.40001
1.40001
1.40001
1.40001
1.40001
1.40001
0.116354
0.120316
0.133247
0.14363
0.153065
0.153769
0.151421
0.154643
0.154387
0.15875
0.192389
0.223407
0.268911
0.323192
0.388156
0.463454
0.552368
0.666618
0.824992
0.982436
1.16928
1.42611
1.70567
1.79773
1.76703
1.60209
1.43587
1.40135
1.40002
1.40001
1.40001
1.40001
1.40001
1.40001
1.40001
0.116599
0.123182
0.13504
0.146001
0.155263
0.153967
0.150137
0.152038
0.153011
0.159016
0.195618
0.225719
0.27114
0.324374
0.388725
0.465212
0.56809
0.715168
0.860216
1.01691
1.21657
1.48064
1.75049
1.81627
1.77007
1.58433
1.42789
1.40088
1.40001
1.40001
1.40001
1.40001
1.40001
1.40001
1.40001
0.117318
0.12513
0.13516
0.146596
0.155751
0.154534
0.149741
0.150399
0.152229
0.161622
0.200002
0.231373
0.27783
0.330729
0.399714
0.494882
0.617377
0.747751
0.885367
1.05221
1.25798
1.53715
1.78928
1.83175
1.77193
1.56505
1.42091
1.40056
1.40001
1.40001
1.40001
1.40001
1.40001
1.40001
1.40001
0.117838
0.125847
0.134891
0.146628
0.155797
0.154556
0.149844
0.148972
0.151934
0.168465
0.206758
0.244532
0.295952
0.358267
0.437813
0.533596
0.640699
0.76155
0.907721
1.08542
1.30331
1.59618
1.82233
1.84654
1.76772
1.54407
1.41531
1.40035
1.40001
1.40001
1.40001
1.40001
1.40001
1.40001
1.40001
0.11813
0.125771
0.133879
0.146425
0.15526
0.154195
0.150533
0.14833
0.15126
0.177822
0.215266
0.259035
0.313663
0.378511
0.454962
0.546006
0.650342
0.774922
0.936676
1.1222
1.35747
1.65381
1.85266
1.8617
1.75597
1.52337
1.4109
1.40021
1.40001
1.40001
1.40001
1.40001
1.40001
1.40001
1.40001
0.118458
0.124824
0.131833
0.145572
0.152496
0.151588
0.151196
0.148406
0.151112
0.186215
0.221141
0.266466
0.321576
0.385795
0.460527
0.550603
0.659665
0.800061
0.976949
1.16891
1.41468
1.71304
1.87793
1.87394
1.74218
1.50305
1.40754
1.40013
1.40001
1.40001
1.40001
1.40001
1.40001
1.40001
1.40001
0.119004
0.124066
0.130911
0.145344
0.150061
0.148631
0.150338
0.148885
0.151758
0.190213
0.22397
0.269251
0.324133
0.388218
0.464054
0.555386
0.685711
0.856526
1.02609
1.2262
1.47594
1.76945
1.89674
1.88032
1.72114
1.48302
1.40501
1.40007
1.40001
1.40001
1.40001
1.40001
1.40001
1.40001
1.40001
0.119279
0.123325
0.130966
0.145676
0.148414
0.145544
0.147017
0.147717
0.151124
0.190898
0.224853
0.270052
0.324372
0.390598
0.479276
0.599449
0.747328
0.902244
1.07433
1.27925
1.53843
1.81715
1.91031
1.8812
1.69338
1.46533
1.40327
1.40004
1.40001
1.40001
1.40001
1.40001
1.40001
1.40001
1.40001
0.11836
0.12228
0.131395
0.145969
0.147515
0.143216
0.144462
0.146914
0.150414
0.190045
0.225994
0.274811
0.339122
0.422516
0.52834
0.64802
0.779774
0.933914
1.11692
1.32911
1.60178
1.86027
1.92051
1.87458
1.66411
1.44994
1.40207
1.40003
1.40001
1.40001
1.40001
1.40001
1.40001
1.40001
1.40001
0.116503
0.121389
0.132956
0.147414
0.147418
0.1423
0.143322
0.148902
0.155557
0.19533
0.239761
0.295977
0.36839
0.453973
0.551549
0.668266
0.801787
0.965277
1.16184
1.38944
1.67319
1.89865
1.92814
1.86394
1.63317
1.43711
1.40127
1.40002
1.40001
1.40001
1.40001
1.40001
1.40001
1.40001
1.40001
0.114336
0.121046
0.135236
0.151338
0.149265
0.14258
0.143028
0.154798
0.168424
0.209031
0.253973
0.307001
0.377606
0.462964
0.560839
0.680237
0.830926
1.01287
1.21861
1.46304
1.74275
1.92667
1.93584
1.85169
1.60042
1.42654
1.40076
1.40001
1.40001
1.40001
1.40001
1.40001
1.40001
1.40001
1.40001
0.113234
0.121547
0.137191
0.154092
0.151818
0.143998
0.144696
0.15934
0.176776
0.215785
0.260819
0.31338
0.382889
0.467873
0.57046
0.701363
0.877851
1.07439
1.28637
1.53309
1.80541
1.94624
1.94447
1.83058
1.5662
1.41816
1.40044
1.40001
1.40001
1.40001
1.40001
1.40001
1.40001
1.40001
1.40001
0.113246
0.124123
0.138152
0.154851
0.152501
0.14554
0.145703
0.160445
0.180857
0.220536
0.267634
0.321514
0.390276
0.47909
0.606619
0.770352
0.94766
1.13572
1.35094
1.60407
1.8635
1.96174
1.94808
1.8006
1.53509
1.41216
1.40025
1.40001
1.40001
1.40001
1.40001
1.40001
1.40001
1.40001
1.40001
0.114697
0.126389
0.137824
0.151657
0.148895
0.14541
0.145755
0.158136
0.183187
0.227126
0.279986
0.340286
0.422595
0.537308
0.676969
0.827546
0.993606
1.18942
1.4163
1.67836
1.91015
1.9728
1.94421
1.76977
1.50663
1.4078
1.40014
1.40001
1.40001
1.40001
1.40001
1.40001
1.40001
1.40001
1.40001
0.11895
0.127135
0.134085
0.1444
0.142756
0.142782
0.146017
0.155045
0.187947
0.242074
0.309378
0.382937
0.472682
0.583267
0.711082
0.860345
1.03618
1.24682
1.48534
1.7489
1.94589
1.97958
1.93509
1.73159
1.48032
1.40476
1.40007
1.40001
1.40001
1.40001
1.40001
1.40001
1.40001
1.40001
1.40001
0.125164
0.127858
0.130763
0.140675
0.139203
0.14038
0.147713
0.160692
0.208457
0.263529
0.331115
0.40607
0.493816
0.601507
0.732252
0.890654
1.08958
1.31595
1.56187
1.81974
1.97242
1.98319
1.91997
1.68932
1.45936
1.40287
1.40004
1.40001
1.40001
1.40001
1.40001
1.40001
1.40001
1.40001
1.40001
0.128219
0.128576
0.130426
0.140512
0.138605
0.139855
0.152444
0.175926
0.222949
0.271739
0.335421
0.40948
0.500783
0.613709
0.758669
0.944748
1.16307
1.39434
1.64658
1.88323
1.9888
1.98519
1.89855
1.64733
1.4416
1.40162
1.40002
1.40001
1.40001
1.40001
1.40001
1.40001
1.40001
1.40001
1.40001
0.128397
0.127269
0.134998
0.145733
0.141069
0.141078
0.15759
0.184292
0.22451
0.272717
0.333042
0.405556
0.504362
0.645447
0.828323
1.03306
1.24778
1.47956
1.72727
1.93289
1.99872
1.98479
1.86757
1.60289
1.42797
1.40089
1.40001
1.40001
1.40001
1.40001
1.40001
1.40001
1.40001
1.40001
1.40001
0.124782
0.122778
0.141763
0.150048
0.143646
0.141464
0.158888
0.188355
0.222413
0.272803
0.333535
0.416289
0.560878
0.733477
0.911813
1.10514
1.31943
1.56043
1.80174
1.96975
2.0028
1.98039
1.8342
1.56345
1.41831
1.40047
1.40001
1.40001
1.40001
1.40001
1.40001
1.40001
1.40001
1.40001
1.40001
0.116277
0.119566
0.143604
0.150491
0.142813
0.139777
0.15618
0.190845
0.228262
0.290428
0.376198
0.496023
0.641201
0.793211
0.963791
1.16237
1.39348
1.64279
1.87161
1.99435
2.00393
1.9702
1.79405
1.52514
1.41104
1.40024
1.40001
1.40001
1.40001
1.40001
1.40001
1.40001
1.40001
1.40001
1.40001
0.111622
0.119316
0.14313
0.148982
0.137195
0.135869
0.153664
0.193033
0.258836
0.339676
0.439013
0.550473
0.67741
0.830023
1.01663
1.23695
1.48493
1.7322
1.93269
2.00991
2.00598
1.94687
1.74374
1.49189
1.40652
1.40012
1.40001
1.40001
1.40001
1.40001
1.40001
1.40001
1.40001
1.40001
1.40001
0.111073
0.121301
0.139979
0.142035
0.13258
0.133987
0.163893
0.214965
0.298922
0.379341
0.467428
0.568691
0.701775
0.87761
1.09364
1.33749
1.58679
1.81907
1.9772
2.0177
2.00852
1.93001
1.70055
1.46683
1.4037
1.40006
1.40001
1.40001
1.40001
1.40001
1.40001
1.40001
1.40001
1.40001
1.40001
0.11305
0.12635
0.137318
0.13359
0.131499
0.135996
0.191282
0.244729
0.315079
0.391301
0.47453
0.580911
0.75299
0.970803
1.19843
1.44018
1.682
1.8912
2.00387
2.01969
2.01107
1.91069
1.65018
1.44329
1.40185
1.40003
1.40001
1.40001
1.40001
1.40001
1.40001
1.40001
1.40001
1.40001
1.40001
0.120381
0.129028
0.13536
0.129946
0.131908
0.14959
0.205797
0.251821
0.313304
0.390576
0.478847
0.640982
0.863468
1.07024
1.29228
1.53392
1.77274
1.95014
2.01874
2.019
1.99705
1.85785
1.59146
1.42662
1.40091
1.40001
1.40001
1.40001
1.40001
1.40001
1.40001
1.40001
1.40001
1.40001
1.40001
0.126944
0.129066
0.13138
0.128469
0.135576
0.157682
0.206226
0.253171
0.305822
0.393033
0.553513
0.757337
0.949226
1.14868
1.38271
1.63463
1.85983
1.99333
2.02601
2.01954
1.97203
1.80956
1.55037
1.41692
1.40046
1.40001
1.40001
1.40001
1.40001
1.40001
1.40001
1.40001
1.40001
1.40001
1.40001
0.127898
0.123581
0.126868
0.126085
0.137372
0.161674
0.198561
0.25512
0.340654
0.482794
0.657327
0.824913
1.00915
1.23665
1.49277
1.74358
1.93319
2.01823
2.02961
2.02177
1.96009
1.77169
1.51158
1.40927
1.4002
1.40001
1.40001
1.40001
1.40001
1.40001
1.40001
1.40001
1.40001
1.40001
1.40001
0.119347
0.115448
0.125297
0.124046
0.136995
0.172106
0.208576
0.286347
0.42309
0.565852
0.708225
0.869962
1.09341
1.36075
1.617
1.84179
1.98487
2.02832
2.03043
2.02364
1.94885
1.71152
1.47121
1.40445
1.40008
1.40001
1.40001
1.40001
1.40001
1.40001
1.40001
1.40001
1.40001
1.40001
1.40001
0.109829
0.111466
0.125061
0.125922
0.138729
0.192629
0.261386
0.357062
0.475442
0.59944
0.742018
0.953303
1.2379
1.49481
1.7331
1.92152
2.01581
2.03173
2.02982
2.00942
1.89279
1.63947
1.44441
1.40216
1.40004
1.40001
1.40001
1.40001
1.40001
1.40001
1.40001
1.40001
1.40001
1.40001
1.40001
0.105354
0.111764
0.129284
0.135539
0.157934
0.218623
0.29821
0.385924
0.49644
0.631402
0.829447
1.11638
1.3798
1.61866
1.83504
1.98098
2.032
2.03533
2.02696
1.98435
1.84122
1.58939
1.42771
1.40101
1.40002
1.40001
1.40001
1.40001
1.40001
1.40001
1.40001
1.40001
1.40001
1.40001
1.40001
0.104634
0.115248
0.13446
0.145042
0.174282
0.229044
0.307054
0.401441
0.52606
0.731997
1.0045
1.26157
1.50286
1.73762
1.92043
2.01822
2.0395
2.03911
2.02723
1.97138
1.8043
1.54338
1.41531
1.40042
1.40001
1.40001
1.40001
1.40001
1.40001
1.40001
1.40001
1.40001
1.40001
1.40001
1.40001
0.10942
0.119513
0.134515
0.145526
0.175618
0.228213
0.306271
0.444781
0.652593
0.900409
1.13973
1.37668
1.63319
1.84742
1.98246
2.03588
2.04216
2.0412
2.03082
1.96647
1.74991
1.49214
1.40704
1.40015
1.40001
1.40001
1.40001
1.40001
1.40001
1.40001
1.40001
1.40001
1.40001
1.40001
1.40001
0.124229
0.121296
0.127884
0.13146
0.164572
0.228906
0.368673
0.574155
0.796393
1.01783
1.24573
1.51405
1.771
1.93626
2.01885
2.0419
2.04222
2.04036
2.0222
1.91832
1.66443
1.45327
1.40295
1.40005
1.40001
1.40001
1.40001
1.40001
1.40001
1.40001
1.40001
1.40001
1.40001
1.40001
1.40001
0.130964
0.120108
0.120747
0.121732
0.168765
0.303924
0.497863
0.687681
0.895072
1.12403
1.39644
1.68279
1.89048
1.99265
2.03593
2.04399
2.04177
2.03284
1.99214
1.84801
1.5974
1.43132
1.40129
1.40002
1.40001
1.40001
1.40001
1.40001
1.40001
1.40001
1.40001
1.40001
1.40001
1.40001
1.40001
0.127989
0.106807
0.11266
0.122352
0.246783
0.41872
0.584369
0.774925
1.00897
1.296
1.59651
1.82836
1.9755
2.02024
2.0427
2.04669
2.04197
2.02307
1.96724
1.80189
1.54647
1.41674
1.4005
1.40001
1.40001
1.40001
1.40001
1.40001
1.40001
1.40001
1.40001
1.40001
1.40001
1.40001
1.40001
0.11432
0.0862986
0.105852
0.174972
0.342577
0.486571
0.657646
0.908068
1.21335
1.51688
1.76159
1.93432
2.02441
2.03118
2.04591
2.04904
2.04449
2.02195
1.95061
1.74274
1.48982
1.40682
1.40015
1.40001
1.40001
1.40001
1.40001
1.40001
1.40001
1.40001
1.40001
1.40001
1.40001
1.40001
1.40001
0.104661
0.0788025
0.122504
0.254855
0.394826
0.548637
0.812349
1.13351
1.44213
1.69546
1.8875
2.005
2.04502
2.0354
2.04841
2.04887
2.0453
2.02627
1.91607
1.6479
1.44547
1.40237
1.40004
1.40001
1.40001
1.40001
1.40001
1.40001
1.40001
1.40001
1.40001
1.40001
1.40001
1.40001
1.40001
0.0995565
0.0824706
0.166017
0.306319
0.447355
0.712794
1.0562
1.36835
1.63587
1.84259
1.98186
2.04186
2.05028
2.03717
2.04933
2.04683
2.03993
1.99965
1.83012
1.56701
1.4226
1.40083
1.40002
1.40001
1.40001
1.40001
1.40001
1.40001
1.40001
1.40001
1.40001
1.40001
1.40001
1.40001
1.40001
0.0797474
0.119234
0.201086
0.357853
0.606582
0.97402
1.3
1.58652
1.81285
1.95938
2.03457
2.0549
2.05166
2.03782
2.05178
2.04393
2.02753
1.95616
1.75913
1.51002
1.41001
1.40025
1.40001
1.40001
1.40001
1.40001
1.40001
1.40001
1.40001
1.40001
1.40001
1.40001
1.40001
1.40001
1.40001
0.0575501
0.131149
0.252534
0.503083
0.892978
1.244
1.54879
1.79424
1.94841
2.02386
2.055
2.05825
2.05315
2.03878
2.05602
2.04174
2.01627
1.92381
1.68707
1.4593
1.40346
1.40007
1.40001
1.40001
1.40001
1.40001
1.40001
1.40001
1.40001
1.40001
1.40001
1.40001
1.40001
1.40001
1.40001
0.0277988
0.136067
0.402002
0.806695
1.19974
1.52929
1.78942
1.9486
2.01965
2.04968
2.06084
2.06045
2.05371
2.03999
2.0578
2.04267
2.01243
1.87382
1.58472
1.42442
1.40093
1.40002
1.40001
1.40001
1.40001
1.40001
1.40001
1.40001
1.40001
1.40001
1.40001
1.40001
1.40001
1.40001
1.40001
0.0234725
0.225263
0.712175
1.16215
1.52293
1.79849
1.95674
2.02678
2.04766
2.05861
2.0633
2.0617
2.05364
2.04175
2.05918
2.04607
1.99539
1.76349
1.49769
1.40818
1.40021
1.40001
1.40001
1.40001
1.40001
1.40001
1.40001
1.40001
1.40001
1.40001
1.40001
1.40001
1.40001
1.40001
1.40001
0.158868
0.584742
1.11417
1.54024
1.82536
1.97395
2.03645
2.05339
2.05678
2.06328
2.06485
2.0619
2.05146
2.04463
2.06046
2.03628
1.91666
1.6506
1.4463
1.40229
1.40004
1.40001
1.40001
1.40001
1.40001
1.40001
1.40001
1.40001
1.40001
1.40001
1.40001
1.40001
1.40001
1.40001
1.40001
0.490786
1.04774
1.57869
1.87057
2.00386
2.04946
2.06059
2.05921
2.06153
2.0674
2.06671
2.06149
2.04765
2.04861
2.05968
2.00231
1.83679
1.55747
1.41675
1.40046
1.40001
1.40001
1.40001
1.40001
1.40001
1.40001
1.40001
1.40001
1.40001
1.40001
1.40001
1.40001
1.40001
1.40001
1.40001
1.16799
1.64937
1.93792
2.03665
2.06358
2.06639
2.06438
2.06137
2.06624
2.07004
2.06883
2.06054
2.04639
2.05255
2.05497
1.96901
1.74078
1.47061
1.40357
1.40003
1.4
1.40001
1.40001
1.40001
1.40001
1.40001
1.40001
1.40001
1.40001
1.40001
1.40001
1.40001
1.40001
1.40001
1.40001
2.07366
2.07273
2.07376
2.0734
2.07189
2.06874
2.06589
2.06472
2.07094
2.07219
2.06968
2.05894
2.04708
2.05617
2.04763
1.91199
1.61108
1.41585
1.39975
1.39998
1.4
1.40001
1.40001
1.40001
1.40001
1.40001
1.40001
1.40001
1.40001
1.40001
1.40001
1.40001
1.40001
1.40001
1.40001
2.07608
2.07496
2.07605
2.07606
2.07524
2.07345
2.07081
2.06984
2.07214
2.07594
2.0746
2.06694
2.05097
2.05479
2.04999
1.91266
1.61242
1.42242
1.40047
1.40001
1.40001
1.40001
1.40001
1.40001
1.40001
1.40001
1.40001
1.40001
1.40001
1.40001
1.40001
1.40001
1.40001
1.40001
1.40001
2.07922
2.07772
2.07877
2.07853
2.07834
2.07754
2.07569
2.07514
2.07481
2.07947
2.07973
2.07464
2.06014
2.05455
2.04799
1.85769
1.536
1.40829
1.40011
1.40001
1.40001
1.40001
1.40001
1.40001
1.40001
1.40001
1.40001
1.40001
1.40001
1.40001
1.40001
1.40001
1.40001
1.40001
1.40001
2.08277
2.08032
2.08072
2.08076
2.08153
2.0814
2.08063
2.07888
2.07725
2.07997
2.08441
2.08382
2.07509
2.05616
2.03732
1.80798
1.49683
1.4045
1.40005
1.40001
1.40001
1.40001
1.40001
1.40001
1.40001
1.40001
1.40001
1.40001
1.40001
1.40001
1.40001
1.40001
1.40001
1.40001
1.40001
2.08804
2.08486
2.08401
2.08275
2.08476
2.08611
2.08609
2.08378
2.07993
2.07854
2.08667
2.09315
2.08963
2.06288
2.01367
1.74731
1.46108
1.40198
1.40002
1.40001
1.40001
1.40001
1.40001
1.40001
1.40001
1.40001
1.40001
1.40001
1.40001
1.40001
1.40001
1.40001
1.40001
1.40001
1.40001
2.09485
2.09163
2.08921
2.0855
2.08967
2.09187
2.0921
2.08961
2.08281
2.07923
2.08928
2.10402
2.10083
2.06444
1.98402
1.68295
1.43579
1.40083
1.40001
1.40001
1.40001
1.40001
1.40001
1.40001
1.40001
1.40001
1.40001
1.40001
1.40001
1.40001
1.40001
1.40001
1.40001
1.40001
1.40001
2.10199
2.09871
2.09575
2.09351
2.09716
2.09952
2.09997
2.09659
2.08906
2.08594
2.09719
2.11576
2.11244
2.06497
1.94779
1.6114
1.41879
1.40031
1.40001
1.40001
1.40001
1.40001
1.40001
1.40001
1.40001
1.40001
1.40001
1.40001
1.40001
1.40001
1.40001
1.40001
1.40001
1.40001
1.40001
2.10982
2.10719
2.10478
2.1038
2.10548
2.10805
2.10925
2.10701
2.10105
2.09911
2.10966
2.12828
2.12307
2.06176
1.89685
1.5445
1.40871
1.40011
1.40001
1.40001
1.40001
1.40001
1.40001
1.40001
1.40001
1.40001
1.40001
1.40001
1.40001
1.40001
1.40001
1.40001
1.40001
1.40001
1.40001
2.11869
2.11776
2.11681
2.11528
2.11523
2.11676
2.11925
2.12041
2.11691
2.11457
2.12106
2.13719
2.13012
2.05332
1.82264
1.4874
1.40353
1.40004
1.40001
1.40001
1.40001
1.40001
1.40001
1.40001
1.40001
1.40001
1.40001
1.40001
1.40001
1.40001
1.40001
1.40001
1.40001
1.40001
1.40001
2.12838
2.12883
2.12884
2.12763
2.12639
2.12542
2.12809
2.1321
2.13182
2.12929
2.12894
2.13988
2.13334
2.02969
1.72954
1.44802
1.40128
1.40001
1.40001
1.40001
1.40001
1.40001
1.40001
1.40001
1.40001
1.40001
1.40001
1.40001
1.40001
1.40001
1.40001
1.40001
1.40001
1.40001
1.40001
2.13634
2.13801
2.13878
2.13855
2.13578
2.13269
2.13301
2.13885
2.14235
2.14342
2.13525
2.13671
2.13364
1.9903
1.63714
1.42274
1.40042
1.40001
1.40001
1.40001
1.40001
1.40001
1.40001
1.40001
1.40001
1.40001
1.40001
1.40001
1.40001
1.40001
1.40001
1.40001
1.40001
1.40001
1.40001
2.14149
2.14406
2.14567
2.14618
2.14217
2.13698
2.13594
2.14164
2.1498
2.15457
2.14141
2.12825
2.11896
1.92487
1.55797
1.40992
1.40013
1.40001
1.40001
1.40001
1.40001
1.40001
1.40001
1.40001
1.40001
1.40001
1.40001
1.40001
1.40001
1.40001
1.40001
1.40001
1.40001
1.40001
1.40001
2.1447
2.14766
2.14944
2.14998
2.14607
2.14036
2.13914
2.14425
2.15446
2.16075
2.14872
2.11774
2.0945
1.84636
1.49297
1.40379
1.40004
1.40001
1.40001
1.40001
1.40001
1.40001
1.40001
1.40001
1.40001
1.40001
1.40001
1.40001
1.40001
1.40001
1.40001
1.40001
1.40001
1.40001
1.40001
2.14705
2.14937
2.15089
2.15122
2.14816
2.14315
2.1422
2.14652
2.15674
2.16319
2.15409
2.11466
2.06366
1.73401
1.44877
1.40132
1.40001
1.40001
1.40001
1.40001
1.40001
1.40001
1.40001
1.40001
1.40001
1.40001
1.40001
1.40001
1.40001
1.40001
1.40001
1.40001
1.40001
1.40001
1.40001
2.14944
2.14992
2.1511
2.15131
2.14946
2.14566
2.14408
2.14663
2.15633
2.16365
2.15753
2.11135
2.00668
1.63248
1.42228
1.4004
1.40001
1.40001
1.40001
1.40001
1.40001
1.40001
1.40001
1.40001
1.40001
1.40001
1.40001
1.40001
1.40001
1.40001
1.40001
1.40001
1.40001
1.40001
1.40001
2.15204
2.15061
2.15065
2.15076
2.15018
2.14917
2.14658
2.14596
2.15172
2.1631
2.15905
2.0978
1.9139
1.54715
1.40873
1.40012
1.40001
1.40001
1.40001
1.40001
1.40001
1.40001
1.40001
1.40001
1.40001
1.40001
1.40001
1.40001
1.40001
1.40001
1.40001
1.40001
1.40001
1.40001
1.40001
2.1546
2.15216
2.14961
2.14894
2.15042
2.15271
2.15184
2.14674
2.14535
2.15811
2.15691
2.08412
1.81592
1.48362
1.40315
1.40003
1.40001
1.40001
1.40001
1.40001
1.40001
1.40001
1.40001
1.40001
1.40001
1.40001
1.40001
1.40001
1.40001
1.40001
1.40001
1.40001
1.40001
1.40001
1.40001
2.15598
2.15288
2.14887
2.1471
2.14955
2.15486
2.15616
2.14959
2.13792
2.14306
2.14749
2.04908
1.70891
1.43995
1.40098
1.40001
1.40001
1.40001
1.40001
1.40001
1.40001
1.40001
1.40001
1.40001
1.40001
1.40001
1.40001
1.40001
1.40001
1.40001
1.40001
1.40001
1.40001
1.40001
1.40001
2.15638
2.1531
2.14858
2.14627
2.14802
2.15531
2.15778
2.15384
2.1345
2.13124
2.1301
1.97058
1.61119
1.41753
1.40029
1.40001
1.40001
1.40001
1.40001
1.40001
1.40001
1.40001
1.40001
1.40001
1.40001
1.40001
1.40001
1.40001
1.40001
1.40001
1.40001
1.40001
1.40001
1.40001
1.40001
2.15571
2.15332
2.14918
2.14665
2.1469
2.15344
2.15794
2.15797
2.1392
2.12692
2.11953
1.89327
1.52944
1.40673
1.40008
1.40001
1.40001
1.40001
1.40001
1.40001
1.40001
1.40001
1.40001
1.40001
1.40001
1.40001
1.40001
1.40001
1.40001
1.40001
1.40001
1.40001
1.40001
1.40001
1.40001
2.15216
2.15265
2.15012
2.14808
2.14604
2.14968
2.15686
2.15964
2.14701
2.12627
2.09914
1.77693
1.46302
1.40205
1.40002
1.40001
1.40001
1.40001
1.40001
1.40001
1.40001
1.40001
1.40001
1.40001
1.40001
1.40001
1.40001
1.40001
1.40001
1.40001
1.40001
1.40001
1.40001
1.40001
1.40001
2.14946
2.15112
2.15042
2.14939
2.14622
2.14579
2.15221
2.15969
2.15283
2.11527
2.01645
1.66014
1.4287
1.40059
1.40001
1.40001
1.40001
1.40001
1.40001
1.40001
1.40001
1.40001
1.40001
1.40001
1.40001
1.40001
1.40001
1.40001
1.40001
1.40001
1.40001
1.40001
1.40001
1.40001
1.40001
2.1477
2.15001
2.15062
2.15089
2.1469
2.14351
2.14726
2.16032
2.15632
2.10137
1.93263
1.56816
1.41094
1.40015
1.40001
1.40001
1.40001
1.40001
1.40001
1.40001
1.40001
1.40001
1.40001
1.40001
1.40001
1.40001
1.40001
1.40001
1.40001
1.40001
1.40001
1.40001
1.40001
1.40001
1.40001
2.14696
2.14872
2.15101
2.15281
2.14912
2.14142
2.14137
2.1581
2.15775
2.09932
1.82836
1.48566
1.40332
1.40004
1.40001
1.40001
1.40001
1.40001
1.40001
1.40001
1.40001
1.40001
1.40001
1.40001
1.40001
1.40001
1.40001
1.40001
1.40001
1.40001
1.40001
1.40001
1.40001
1.40001
1.40001
2.14715
2.14752
2.15017
2.15413
2.15217
2.14135
2.13386
2.14238
2.14941
2.04131
1.70508
1.43886
1.40095
1.40001
1.40001
1.40001
1.40001
1.40001
1.40001
1.40001
1.40001
1.40001
1.40001
1.40001
1.40001
1.40001
1.40001
1.40001
1.40001
1.40001
1.40001
1.40001
1.40001
1.40001
1.40001
2.15008
2.14787
2.14861
2.15321
2.15359
2.14896
2.13227
2.13378
2.13191
1.9626
1.59992
1.41526
1.40023
1.40001
1.40001
1.40001
1.40001
1.40001
1.40001
1.40001
1.40001
1.40001
1.40001
1.40001
1.40001
1.40001
1.40001
1.40001
1.40001
1.40001
1.40001
1.40001
1.40001
1.40001
1.40001
2.15236
2.14908
2.14744
2.15048
2.15405
2.1572
2.14217
2.13061
2.12311
1.8679
1.50489
1.40466
1.40005
1.40001
1.40001
1.40001
1.40001
1.40001
1.40001
1.40001
1.40001
1.40001
1.40001
1.40001
1.40001
1.40001
1.40001
1.40001
1.40001
1.40001
1.40001
1.40001
1.40001
1.40001
1.40001
2.15397
2.14973
2.1464
2.14746
2.15419
2.16149
2.15454
2.12551
2.07547
1.7238
1.44473
1.40121
1.40001
1.40001
1.40001
1.40001
1.40001
1.40001
1.40001
1.40001
1.40001
1.40001
1.40001
1.40001
1.40001
1.40001
1.40001
1.40001
1.40001
1.40001
1.40001
1.40001
1.40001
1.40001
1.40001
2.15494
2.15012
2.14541
2.14421
2.15081
2.16444
2.16187
2.11079
1.97507
1.60798
1.4175
1.40029
1.40001
1.40001
1.40001
1.40001
1.40001
1.40001
1.40001
1.40001
1.40001
1.40001
1.40001
1.40001
1.40001
1.40001
1.40001
1.40001
1.40001
1.40001
1.40001
1.40001
1.40001
1.40001
1.40001
2.15538
2.14927
2.144
2.14201
2.14557
2.16642
2.16486
2.096
1.86978
1.51007
1.40494
1.40006
1.40001
1.40001
1.40001
1.40001
1.40001
1.40001
1.40001
1.40001
1.40001
1.40001
1.40001
1.40001
1.40001
1.40001
1.40001
1.40001
1.40001
1.40001
1.40001
1.40001
1.40001
1.40001
1.40001
2.15428
2.14827
2.1434
2.14104
2.13842
2.15816
2.16631
2.07373
1.72737
1.44329
1.40116
1.40001
1.40001
1.40001
1.40001
1.40001
1.40001
1.40001
1.40001
1.40001
1.40001
1.40001
1.40001
1.40001
1.40001
1.40001
1.40001
1.40001
1.40001
1.40001
1.40001
1.40001
1.40001
1.40001
1.40001
2.15049
2.14653
2.14569
2.14478
2.1356
2.14438
2.14709
1.96624
1.59791
1.41553
1.40025
1.40001
1.40001
1.40001
1.40001
1.40001
1.40001
1.40001
1.40001
1.40001
1.40001
1.40001
1.40001
1.40001
1.40001
1.40001
1.40001
1.40001
1.40001
1.40001
1.40001
1.40001
1.40001
1.40001
1.40001
2.14644
2.14317
2.14795
2.1531
2.1451
2.13526
2.11945
1.85839
1.49953
1.40418
1.40005
1.40001
1.40001
1.40001
1.40001
1.40001
1.40001
1.40001
1.40001
1.40001
1.40001
1.40001
1.40001
1.40001
1.40001
1.40001
1.40001
1.40001
1.40001
1.40001
1.40001
1.40001
1.40001
1.40001
1.40001
2.14378
2.13971
2.14291
2.15945
2.16931
2.13443
2.06628
1.70317
1.43487
1.40084
1.40001
1.40001
1.40001
1.40001
1.40001
1.40001
1.40001
1.40001
1.40001
1.40001
1.40001
1.40001
1.40001
1.40001
1.40001
1.40001
1.40001
1.40001
1.40001
1.40001
1.40001
1.40001
1.40001
1.40001
1.40001
2.14352
2.1394
2.13912
2.16999
2.17898
2.12485
1.94963
1.5644
1.41114
1.40016
1.40001
1.40001
1.40001
1.40001
1.40001
1.40001
1.40001
1.40001
1.40001
1.40001
1.40001
1.40001
1.40001
1.40001
1.40001
1.40001
1.40001
1.40001
1.40001
1.40001
1.40001
1.40001
1.40001
1.40001
1.40001
2.14487
2.14183
2.13833
2.18022
2.18282
2.08224
1.80772
1.47362
1.40256
1.40003
1.40001
1.40001
1.40001
1.40001
1.40001
1.40001
1.40001
1.40001
1.40001
1.40001
1.40001
1.40001
1.40001
1.40001
1.40001
1.40001
1.40001
1.40001
1.40001
1.40001
1.40001
1.40001
1.40001
1.40001
1.40001
2.13954
2.14542
2.1482
2.18374
2.18627
2.03075
1.64087
1.42177
1.40043
1.40001
1.40001
1.40001
1.40001
1.40001
1.40001
1.40001
1.40001
1.40001
1.40001
1.40001
1.40001
1.40001
1.40001
1.40001
1.40001
1.40001
1.40001
1.40001
1.40001
1.40001
1.40001
1.40001
1.40001
1.40001
1.40001
2.12979
2.14965
2.16271
2.17911
2.16577
1.88262
1.50999
1.40532
1.40007
1.40001
1.40001
1.40001
1.40001
1.40001
1.40001
1.40001
1.40001
1.40001
1.40001
1.40001
1.40001
1.40001
1.40001
1.40001
1.40001
1.40001
1.40001
1.40001
1.40001
1.40001
1.40001
1.40001
1.40001
1.40001
1.40001
2.12508
2.15968
2.19067
2.15889
2.07294
1.71762
1.44099
1.40101
1.40001
1.40001
1.40001
1.40001
1.40001
1.40001
1.40001
1.40001
1.40001
1.40001
1.40001
1.40001
1.40001
1.40001
1.40001
1.40001
1.40001
1.40001
1.40001
1.40001
1.40001
1.40001
1.40001
1.40001
1.40001
1.40001
1.40001
2.12473
2.1736
2.20431
2.15519
1.94836
1.55501
1.40914
1.40014
1.40001
1.40001
1.40001
1.40001
1.40001
1.40001
1.40001
1.40001
1.40001
1.40001
1.40001
1.40001
1.40001
1.40001
1.40001
1.40001
1.40001
1.40001
1.40001
1.40001
1.40001
1.40001
1.40001
1.40001
1.40001
1.40001
1.40001
2.12993
2.18442
2.21076
2.11547
1.76567
1.45238
1.4016
1.40002
1.40001
1.40001
1.40001
1.40001
1.40001
1.40001
1.40001
1.40001
1.40001
1.40001
1.40001
1.40001
1.40001
1.40001
1.40001
1.40001
1.40001
1.40001
1.40001
1.40001
1.40001
1.40001
1.40001
1.40001
1.40001
1.40001
1.40001
2.16798
2.20561
2.20961
1.97889
1.5915
1.41411
1.40024
1.40001
1.40001
1.40001
1.40001
1.40001
1.40001
1.40001
1.40001
1.40001
1.40001
1.40001
1.40001
1.40001
1.40001
1.40001
1.40001
1.40001
1.40001
1.40001
1.40001
1.40001
1.40001
1.40001
1.40001
1.40001
1.40001
1.40001
1.40001
2.22666
2.21539
2.16193
1.79728
1.46517
1.40231
1.40003
1.40001
1.40001
1.40001
1.40001
1.40001
1.40001
1.40001
1.40001
1.40001
1.40001
1.40001
1.40001
1.40001
1.40001
1.40001
1.40001
1.40001
1.40001
1.40001
1.40001
1.40001
1.40001
1.40001
1.40001
1.40001
1.40001
1.40001
1.40001
2.31438
2.15229
2.01745
1.58764
1.41479
1.40029
1.40001
1.40001
1.40001
1.40001
1.40001
1.40001
1.40001
1.40001
1.40001
1.40001
1.40001
1.40001
1.40001
1.40001
1.40001
1.40001
1.40001
1.40001
1.40001
1.40001
1.40001
1.40001
1.40001
1.40001
1.40001
1.40001
1.40001
1.40001
1.40001
2.38176
2.07686
1.80125
1.47243
1.40299
1.40004
1.40001
1.40001
1.40001
1.40001
1.40001
1.40001
1.40001
1.40001
1.40001
1.40001
1.40001
1.40001
1.40001
1.40001
1.40001
1.40001
1.40001
1.40001
1.40001
1.40001
1.40001
1.40001
1.40001
1.40001
1.40001
1.40001
1.40001
1.40001
1.40001
2.40849
1.96865
1.5933
1.41647
1.40039
1.40001
1.40001
1.40001
1.40001
1.40001
1.40001
1.40001
1.40001
1.40001
1.40001
1.40001
1.40001
1.40001
1.40001
1.40001
1.40001
1.40001
1.40001
1.40001
1.40001
1.40001
1.40001
1.40001
1.40001
1.40001
1.40001
1.40001
1.40001
1.40001
1.40001
2.30462
1.77426
1.47917
1.40384
1.40006
1.40001
1.40001
1.40001
1.40001
1.40001
1.40001
1.40001
1.40001
1.40001
1.40001
1.40001
1.40001
1.40001
1.40001
1.40001
1.40001
1.40001
1.40001
1.40001
1.40001
1.40001
1.40001
1.40001
1.40001
1.40001
1.40001
1.40001
1.40001
1.40001
1.40001
2.13064
1.61879
1.42292
1.40059
1.40001
1.40001
1.40001
1.40001
1.40001
1.40001
1.40001
1.40001
1.40001
1.40001
1.40001
1.40001
1.40001
1.40001
1.40001
1.40001
1.40001
1.40001
1.40001
1.40001
1.40001
1.40001
1.40001
1.40001
1.40001
1.40001
1.40001
1.40001
1.40001
1.40001
1.40001
1.89607
1.48587
1.40433
1.40006
1.40001
1.40001
1.40001
1.40001
1.40001
1.40001
1.40001
1.40001
1.40001
1.40001
1.40001
1.40001
1.40001
1.40001
1.40001
1.40001
1.40001
1.40001
1.40001
1.40001
1.40001
1.40001
1.40001
1.40001
1.40001
1.40001
1.40001
1.40001
1.40001
1.40001
1.40001
1.59602
1.41762
1.40031
1.40001
1.40001
1.40001
1.40001
1.40001
1.40001
1.40001
1.40001
1.40001
1.40001
1.40001
1.40001
1.40001
1.40001
1.40001
1.40001
1.40001
1.40001
1.40001
1.40001
1.40001
1.40001
1.40001
1.40001
1.40001
1.40001
1.40001
1.40001
1.40001
1.40001
1.40001
1.40001
1.40001
1.40001
1.40001
1.40001
1.40001
1.40001
1.40001
1.40001
1.40001
1.40001
1.40001
1.40001
1.40001
1.40001
1.40001
1.40001
1.40001
1.40001
1.40001
1.40001
1.40001
1.40001
1.40001
1.40001
1.40001
1.40001
1.40001
1.40001
1.40001
1.40001
1.40001
1.40001
1.40001
1.40001
1.40001
1.40001
1.40001
1.40001
1.40001
1.40001
1.40001
1.40001
1.40001
1.40001
1.40001
1.40001
1.40001
1.40001
1.40001
1.40001
1.40001
1.40001
1.40001
1.40001
1.40001
1.40001
1.40001
1.40001
1.40001
1.40001
1.40001
1.40001
1.40001
1.40001
1.40001
1.40001
1.40001
1.40001
1.40001
1.40001
1.40001
1.40001
1.40001
1.40001
1.40001
1.40001
1.40001
1.40001
1.40001
1.40001
1.40001
1.40001
1.40001
1.40001
1.40001
1.40001
1.40001
1.40001
1.40001
1.40001
1.40001
1.40001
1.40001
1.40001
1.40001
1.40001
1.40001
1.40001
1.40001
1.40001
1.40001
1.40001
1.40001
1.40001
1.40001
1.40001
1.40001
1.40001
1.40001
1.40001
1.40001
1.40001
1.40001
1.40001
1.40001
1.40001
1.40001
1.40001
1.40001
1.40001
1.40001
1.40001
1.40001
1.40001
1.40001
1.40001
1.40001
1.40001
1.40001
1.40001
1.40001
1.40001
1.40001
1.40001
1.40001
1.40001
1.40001
1.40001
1.40001
1.40001
1.40001
1.40001
1.40001
1.40001
1.40001
1.40001
1.40001
1.40001
1.40001
1.40001
1.40001
1.40001
1.40001
1.40001
1.40001
1.40001
1.40001
1.40001
1.40001
1.40001
1.40001
1.40001
1.40001
1.40001
1.40001
1.40001
1.40001
1.40001
1.40001
1.40001
1.40001
1.40001
1.40001
1.40001
1.40001
1.40001
1.40001
1.40001
1.40001
1.40001
1.40001
1.40001
1.40001
1.40001
1.40001
1.40001
1.40001
1.40001
1.40001
1.40001
1.40001
1.40001
1.40001
1.40001
1.40001
1.40001
1.40001
1.40001
1.40001
1.40001
1.40001
1.40001
1.40001
1.40001
1.40001
1.40001
1.40001
1.40001
1.40001
1.40001
1.40001
1.40001
1.40001
1.40001
1.40001
1.40001
1.40001
1.40001
1.40001
1.40001
1.40001
1.40001
1.40001
1.40001
1.40001
1.40001
1.40001
1.40001
1.40001
1.40001
1.40001
1.40001
1.40001
1.40001
1.40001
1.40001
1.40001
1.40001
1.40001
1.40001
1.40001
1.40001
1.40001
1.40001
1.40001
1.40001
1.40001
1.40001
1.40001
1.40001
1.40001
1.40001
1.40001
1.40001
1.40001
1.40001
1.40001
1.40001
1.40001
1.40001
1.40001
1.40001
1.40001
1.40001
1.40001
1.40001
1.40001
1.40001
1.40001
1.40001
1.40001
1.40001
1.40001
1.40001
1.40001
1.40001
1.40001
1.40001
1.40001
1.40001
1.40001
1.40001
1.40001
1.40001
1.40001
1.40001
1.40001
1.40001
1.40001
1.40001
1.40001
1.40001
1.40001
1.40001
1.40001
1.40001
1.40001
1.40001
1.40001
1.40001
1.40001
1.40001
1.40001
1.40001
1.40001
1.40001
1.40001
1.40001
1.40001
1.40001
1.40001
1.40001
1.40001
1.40001
1.40001
1.40001
1.40001
1.40001
1.40001
1.40001
1.40001
1.40001
1.40001
1.40001
1.40001
1.40001
1.40001
1.40001
1.40001
1.40001
1.40001
1.40001
1.40001
1.40001
1.40001
1.40001
1.40001
1.40001
1.40001
1.40001
1.40001
1.40001
1.40001
1.40001
1.40001
1.40001
1.40001
1.40001
1.40001
1.40001
1.40001
1.40001
1.40001
1.40001
1.40001
1.40001
1.40001
1.40001
1.40001
1.40001
1.40001
1.40001
1.40001
1.40001
1.40001
1.40001
1.40001
1.40001
1.40001
1.40001
1.40001
1.40001
1.40001
1.40001
1.40001
1.40001
1.40001
1.40001
1.40001
1.40001
1.40001
1.40001
1.40001
1.40001
1.40001
1.40001
1.40001
1.40001
1.40001
1.40001
1.40001
1.40001
1.40001
1.40001
1.40001
1.40001
1.40001
1.40001
1.40001
1.40001
1.40001
1.40001
1.40001
1.40001
1.40001
1.40001
1.40001
1.40001
1.40001
1.40001
1.40001
1.40001
1.40001
1.40001
1.40001
1.40001
1.40001
1.40001
1.40001
1.40001
1.40001
1.40001
1.40001
1.40001
1.40001
1.40001
1.40001
1.40001
1.40001
1.40001
1.40001
1.40001
1.40001
1.40001
1.40001
1.40001
1.40001
1.40001
1.40001
1.40001
1.40001
1.40001
1.40001
1.40001
1.40001
1.40001
1.40001
1.40001
1.40001
1.40001
1.40001
1.40001
1.40001
1.40001
1.40001
1.40001
1.40001
1.40001
1.40001
1.40001
1.40001
1.40001
1.40001
1.40001
1.40001
1.40001
1.40001
1.40001
1.40001
1.40001
1.40001
1.40001
1.40001
1.40001
1.40001
1.40001
1.40001
1.40001
1.40001
1.40001
1.40001
1.40001
1.40001
1.40001
1.40001
1.40001
1.40001
1.40001
1.40001
1.40001
1.40001
1.40001
1.40001
1.40001
1.40001
1.40001
1.40001
1.40001
1.40001
1.40001
1.40001
1.40001
1.40001
1.40001
1.40001
1.40001
1.40001
1.40001
1.40001
1.40001
1.40001
1.40001
1.40001
1.40001
1.40001
1.40001
1.40001
1.40001
1.40001
1.40001
1.40001
1.40001
1.40001
1.40001
1.40001
1.40001
1.40001
1.40001
1.40001
1.40001
1.40001
1.40001
1.40001
1.40001
1.40001
1.40001
1.40001
1.40001
1.40001
1.40001
1.40001
1.40001
1.40001
1.40001
1.40001
1.40001
1.40001
1.40001
1.40001
1.40001
1.40001
1.40001
1.40001
1.40001
1.40001
1.40001
1.40001
1.40001
1.40001
1.40001
1.40001
1.40001
1.40001
1.40001
1.40001
1.40001
1.40001
1.40001
1.40001
1.40001
1.40001
1.40001
1.40001
1.40001
1.40001
1.40001
1.40001
1.40001
1.40001
1.40001
1.40001
1.40001
1.40001
1.40001
1.40001
1.40001
1.40001
1.40001
1.40001
1.40001
1.40001
1.40001
1.40001
1.40001
1.40001
1.40001
1.40001
1.40001
1.40001
1.40001
1.40001
1.40001
1.40001
1.40001
1.40001
1.40001
1.40001
1.40001
1.40001
1.40001
1.40001
1.40001
1.40001
1.40001
1.40001
1.40001
1.40001
1.40001
1.40001
1.40001
1.40001
1.40001
1.40001
1.40001
1.40001
1.40001
1.40001
1.40001
1.40001
1.40001
1.40001
1.40001
1.40001
1.40001
1.40001
1.40001
1.40001
1.40001
1.40001
1.40001
1.40001
1.40001
1.40001
1.40001
1.40001
1.40001
1.40001
1.40001
1.40001
1.40001
1.40001
1.40001
1.40001
1.40001
1.40001
1.40001
1.40001
1.40001
1.40001
1.40001
1.40001
1.40001
1.40001
1.40001
1.40001
1.40001
1.40001
1.40001
1.40001
1.40001
1.40001
1.40001
1.40001
1.40001
1.40001
1.40001
1.40001
1.40001
1.40001
1.40001
1.40001
1.40001
1.40001
1.40001
1.40001
1.40001
1.40001
1.40001
1.40001
1.40001
1.40001
1.40001
1.40001
1.40001
1.40001
1.40001
1.40001
1.40001
1.40001
1.40001
1.40001
1.40001
1.40001
1.40001
1.40001
1.40001
1.40001
1.40001
1.40001
1.40001
1.40001
1.40001
1.40001
1.40001
1.40001
1.40001
1.40001
1.40001
1.40001
1.40001
1.40001
1.40001
1.40001
1.40001
1.40001
1.40001
1.40001
1.40001
1.40001
1.40001
1.40001
1.40001
1.40001
1.40001
1.40001
1.40001
1.40001
1.40001
1.40001
1.40001
1.40001
1.40001
1.40001
1.40001
1.40001
1.40001
1.40001
1.40001
1.40001
1.40001
1.40001
1.40001
1.40001
1.40001
1.40001
1.40001
1.40001
1.40001
1.40001
1.40001
1.40001
1.40001
1.40001
1.40001
1.40001
1.40001
1.40001
1.40001
1.40001
1.40001
1.40001
1.40001
1.40001
1.40001
1.40001
1.40001
1.40001
1.40001
1.40001
1.40001
1.40001
1.40001
1.40001
1.40001
1.40001
1.40001
1.40001
1.40001
1.40001
1.40001
1.40001
1.40001
1.40001
1.40001
1.40001
1.40001
1.40001
1.40001
1.40001
1.40001
1.40001
1.40001
1.40001
1.40001
1.40001
1.40001
1.40001
1.40001
1.40001
1.40001
1.40001
1.40001
1.40001
1.40001
1.40001
1.40001
1.40001
1.40001
1.40001
1.40001
1.40001
1.40001
1.40001
1.40001
1.40001
1.40001
1.40001
1.40001
1.40001
1.40001
1.40001
1.40001
1.40001
1.40001
1.40001
1.40001
1.40001
1.40001
1.40001
1.40001
1.40001
1.40001
1.40001
1.40001
1.40001
1.40001
1.40001
1.40001
1.40001
1.40001
1.40001
1.40001
1.40001
1.40001
1.40001
1.40001
1.40001
1.40001
1.40001
1.40001
1.40001
1.40001
1.40001
1.40001
1.40001
1.40001
1.40001
1.40001
1.40001
1.40001
1.40001
1.40001
1.40001
1.40001
1.40001
1.40001
1.40001
1.40001
1.40001
1.40001
1.40001
1.40001
1.40001
1.40001
1.40001
1.40001
1.40001
1.40001
1.40001
1.40001
1.40001
1.40001
1.40001
1.40001
1.40001
1.40001
1.40001
1.40001
1.40001
1.40001
1.40001
1.40001
1.40001
1.40001
1.40001
1.40001
1.40001
1.40001
1.40001
1.40001
1.40001
1.40001
1.40001
1.40001
1.40001
1.40001
1.40001
1.40001
1.40001
1.40001
1.40001
1.40001
1.40001
1.40001
1.40001
1.40001
1.40001
1.40001
1.40001
1.40001
1.40001
1.40001
1.40001
1.40001
1.40001
1.40001
1.40001
1.40001
1.40001
1.40001
1.40001
1.40001
1.40001
1.40001
1.40001
1.40001
1.40001
1.40001
1.40001
1.40001
1.40001
1.40001
1.40001
1.40001
1.40001
1.40001
1.40001
1.40001
1.40001
1.40001
1.40001
1.40001
1.40001
1.40001
1.40001
1.40001
1.40001
1.40001
1.40001
1.40001
1.40001
1.40001
1.40001
1.40001
1.40001
1.40001
1.40001
1.40001
1.40001
1.40001
1.40001
1.40001
1.40001
1.40001
1.40001
1.40001
1.40001
1.40001
1.40001
1.40001
1.40001
1.40001
1.40001
1.40001
1.40001
1.40001
1.40001
1.40001
1.40001
1.40001
1.40001
1.40001
1.40001
1.40001
1.40001
1.40001
1.40001
1.40001
1.40001
1.40001
1.40001
1.40001
1.40001
1.40001
1.40001
1.40001
1.40001
1.40001
1.40001
1.40001
1.40001
1.40001
1.40001
1.40001
1.40001
1.40001
1.40001
1.40001
1.40001
1.40001
1.40001
1.40001
1.40001
1.40001
1.40001
1.40001
1.40001
1.40001
1.40001
1.40001
1.40001
1.40001
1.40001
1.40001
1.40001
1.40001
1.40001
1.40001
1.40001
1.40001
1.40001
1.40001
1.40001
1.40001
1.40001
1.40001
1.40001
1.40001
1.40001
1.40001
1.40001
1.40001
1.40001
1.40001
1.40001
1.40001
1.40001
1.40001
1.40001
1.40001
1.40001
1.40001
1.40001
1.40001
1.40001
1.40001
1.40001
1.40001
1.40001
1.40001
1.40001
1.40001
1.40001
1.40001
1.40001
1.40001
1.40001
1.40001
1.40001
1.40001
1.40001
1.40001
1.40001
1.40001
1.40001
1.40001
1.40001
1.40001
1.40001
1.40001
1.40001
1.40001
1.40001
1.40001
1.40001
1.40001
1.40001
1.40001
1.40001
1.40001
1.40001
1.40001
1.40001
1.40001
1.40001
1.40001
1.40001
1.40001
1.40001
1.40001
1.40001
1.40001
1.40001
1.40001
1.40001
1.40001
1.40001
1.40001
1.40001
1.40001
1.40001
1.40001
1.40001
1.40001
1.40001
1.40001
1.40001
1.40001
1.40001
1.40001
1.40001
1.40001
1.40001
1.40001
1.40001
1.40001
1.40001
1.40001
1.40001
1.40001
1.40001
1.40001
1.40001
1.40001
1.40001
1.40001
1.40001
1.40001
1.40001
1.40001
1.40001
1.40001
1.40001
1.40001
1.40001
1.40001
1.40001
1.40001
1.40001
1.40001
1.40001
1.40001
1.40001
1.40001
1.40001
1.40001
1.40001
1.40001
1.40001
1.40001
1.40001
1.40001
1.40001
1.40001
1.40001
1.40001
1.40001
1.40001
1.40001
1.40001
1.40001
1.40001
1.40001
1.40001
1.40001
1.40001
1.40001
1.40001
1.40001
1.40001
1.40001
1.40001
1.40001
1.40001
1.40001
1.40001
1.40001
1.40001
1.40001
1.40001
1.40001
1.40001
1.40001
1.40001
1.40001
1.40001
1.40001
1.40001
1.40001
1.40001
1.40001
1.40001
1.40001
1.40001
1.40001
1.40001
1.40001
1.40001
1.40001
1.40001
1.40001
1.40001
1.40001
1.40001
1.40001
1.40001
1.40001
1.40001
1.40001
1.40001
1.40001
1.40001
1.40001
1.40001
1.40001
1.40001
1.40001
1.40001
1.40001
1.40001
1.40001
1.40001
1.40001
1.40001
1.40001
1.40001
1.40001
1.40001
1.40001
1.40001
1.40001
1.40001
1.40001
1.40001
1.40001
1.40001
1.40001
1.40001
1.40001
1.40001
1.40001
1.40001
1.40001
1.40001
1.40001
1.40001
1.40001
1.40001
1.40001
1.40001
1.40001
1.40001
1.40001
1.40001
1.40001
1.40001
1.40001
1.40001
1.40001
1.40001
1.40001
1.40001
1.40001
1.40001
1.40001
1.40001
1.40001
1.40001
1.40001
1.40001
1.40001
1.40001
1.40001
1.40001
1.40001
1.40001
1.40001
1.40001
1.40001
1.40001
1.40001
1.40001
1.40001
1.40001
1.40001
1.40001
1.40001
1.40001
1.40001
1.40001
1.40001
1.40001
1.40001
1.40001
1.40001
1.40001
1.40001
1.40001
1.40001
1.40001
1.40001
1.40001
1.40001
1.40001
1.40001
1.40001
1.40001
1.40001
1.40001
1.40001
1.40001
1.40001
1.40001
1.40001
1.40001
1.40001
1.40001
1.40001
1.40001
1.40001
1.40001
1.40001
1.40001
1.40001
1.40001
1.40001
1.40001
1.40001
1.40001
1.40001
1.40001
1.40001
1.40001
1.40001
1.40001
1.40001
1.40001
1.40001
1.40001
1.40001
1.40001
1.40001
1.40001
1.40001
1.40001
1.40001
1.40001
1.40001
1.40001
1.40001
1.40001
1.40001
1.40001
1.40001
1.40001
1.40001
1.40001
1.40001
1.40001
1.40001
1.40001
1.40001
1.40001
1.40001
1.40001
1.40001
1.40001
1.40001
1.40001
1.40001
1.40001
1.40001
1.40001
1.40001
1.40001
1.40001
1.40001
1.40001
1.40001
1.40001
1.40001
1.40001
1.40001
1.40001
1.40001
1.40001
1.40001
1.40001
1.40001
1.40001
1.40001
1.40001
1.40001
1.40001
1.40001
1.40001
1.40001
1.40001
1.40001
1.40001
1.40001
1.40001
1.40001
1.40001
1.40001
1.40001
1.40001
1.40001
1.40001
1.40001
1.40001
1.40001
1.40001
1.40001
1.40001
1.40001
1.40001
1.40001
1.40001
1.40001
1.40001
1.40001
1.40001
1.40001
1.40001
1.40001
1.40001
1.40001
1.40001
1.40001
1.40001
1.40001
1.40001
1.40001
1.40001
1.40001
1.40001
1.40001
1.40001
1.40001
1.40001
1.40001
1.40001
1.40001
1.40001
1.40001
1.40001
1.40001
1.40001
1.40001
1.40001
1.40001
1.40001
1.40001
1.40001
1.40001
1.40001
1.40001
1.40001
1.40001
1.40001
1.40001
1.40001
1.40001
1.40001
1.40001
1.40001
1.40001
1.40001
1.40001
1.40001
1.40001
1.40001
1.40001
1.40001
1.40001
1.40001
1.40001
1.40001
1.40001
1.40001
1.40001
1.40001
1.40001
1.40001
1.40001
1.40001
1.40001
1.40001
1.40001
1.40001
1.40001
1.40001
1.40001
1.40001
1.40001
1.40001
1.40001
1.40001
1.40001
1.40001
1.40001
1.40001
1.40001
1.40001
1.40001
1.40001
1.40001
1.40001
1.40001
1.40001
1.40001
1.40001
1.40001
1.40001
1.40001
1.40001
1.40001
1.40001
1.40001
1.40001
1.40001
1.40001
1.40001
1.40001
1.40001
1.40001
1.40001
1.40001
1.40001
1.40001
1.40001
1.40001
1.40001
1.40001
1.40001
1.40001
1.40001
1.40001
1.40001
1.40001
1.40001
1.40001
1.40001
1.40001
1.40001
1.40001
1.40001
1.40001
1.40001
1.40001
1.40001
1.40001
1.40001
1.40001
1.40001
1.40001
1.40001
1.40001
1.40001
1.40001
1.40001
1.40001
1.40001
1.40001
1.40001
1.40001
1.40001
1.40001
1.40001
1.40001
1.40001
1.40001
1.40001
1.40001
1.40001
1.40001
1.40001
1.40001
1.40001
1.40001
1.40001
1.40001
1.40001
1.40001
1.40001
1.40001
1.40001
1.40001
1.40001
1.40001
1.40001
1.40001
1.40001
1.40001
1.40001
1.40001
1.40001
1.40001
1.40001
1.40001
1.40001
1.40001
1.40001
1.40001
1.40001
1.40001
1.40001
1.40001
1.40001
1.40001
1.40001
1.40001
1.40001
1.40001
1.40001
1.40001
1.40001
1.40001
1.40001
1.40001
1.40001
1.40001
1.40001
1.40001
1.40001
1.40001
1.40001
1.40001
1.40001
1.40001
1.40001
1.40001
1.40001
1.40001
1.40001
1.40001
1.40001
1.40001
1.40001
1.40001
1.40001
1.40001
1.40001
1.40001
1.40001
1.40001
1.40001
1.40001
1.40001
1.40001
1.40001
1.40001
1.40001
1.40001
1.40001
1.40001
1.40001
1.40001
1.40001
1.40001
1.40001
1.40001
1.40001
1.40001
1.40001
1.40001
1.40001
1.40001
1.40001
1.40001
1.40001
1.40001
1.40001
1.40001
1.40001
1.40001
1.40001
1.40001
1.40001
1.40001
1.40001
1.40001
1.40001
1.40001
1.40001
1.40001
1.40001
1.40001
1.40001
1.40001
1.40001
1.40001
1.40001
1.40001
1.40001
1.40001
1.40001
1.40001
1.40001
1.40001
1.40001
1.40001
1.40001
1.40001
1.40001
1.40001
1.40001
1.40001
1.40001
1.40001
1.40001
1.40001
1.40001
1.40001
1.40001
1.40001
1.40001
1.40001
1.40001
1.40001
1.40001
1.40001
1.40001
1.40001
1.40001
1.40001
1.40001
1.40001
1.40001
1.40001
1.40001
1.40001
1.40001
1.40001
1.40001
1.40001
1.40001
1.40001
1.40001
1.40001
1.40001
1.40001
1.40001
1.40001
1.40001
1.40001
1.40001
1.40001
1.40001
1.40001
1.40001
1.40001
1.40001
1.40001
1.40001
1.40001
1.40001
1.40001
1.40001
1.40001
1.40001
1.40001
1.40001
1.40001
1.40001
1.40001
1.40001
1.40001
1.40001
1.40001
1.40001
1.40001
1.40001
1.40001
1.40001
1.40001
1.40001
1.40001
1.40001
1.40001
1.40001
1.40001
1.40001
1.40001
1.40001
1.40001
1.40001
1.40001
1.40001
1.40001
1.40001
1.40001
1.40001
1.40001
1.40001
1.40001
1.40001
1.40001
1.40001
1.40001
1.40001
1.40001
1.40001
1.40001
1.40001
1.40001
1.40001
1.40001
1.40001
1.40001
1.40001
1.40001
1.40001
1.40001
1.40001
1.40001
1.40001
1.40001
1.40001
1.40001
1.40001
1.40001
1.40001
1.40001
1.40001
1.40001
1.40001
1.40001
1.40001
1.40001
1.40001
1.40001
1.40001
1.40001
1.40001
1.40001
1.40001
1.40001
1.40001
1.40001
1.40001
1.40001
1.40001
1.40001
1.40001
1.40001
1.40001
1.40001
1.40001
1.40001
1.40001
1.40001
1.40001
1.40001
1.40001
1.40001
1.40001
1.40001
1.40001
1.40001
1.40001
1.40001
1.40001
1.40001
1.40001
1.40001
1.40001
1.40001
1.40001
1.40001
1.40001
1.40001
1.40001
1.40001
1.40001
1.40001
1.40001
1.40001
1.40001
1.40001
1.40001
1.40001
1.40001
1.40001
1.40001
1.40001
1.40001
1.40001
1.40001
1.40001
1.40001
1.40001
1.40001
1.40001
1.40001
1.40001
1.40001
1.40001
1.40001
1.40001
1.40001
1.40001
1.40001
1.40001
1.40001
1.40001
1.40001
1.40001
1.40001
1.40001
1.40001
1.40001
1.40001
1.40001
1.40001
1.40001
1.40001
1.40001
1.40001
1.40001
1.40001
1.40001
1.40001
1.40001
1.40001
1.40001
1.40001
1.40001
1.40001
1.40001
1.40001
1.40001
1.40001
1.40001
1.40001
1.40001
1.40001
1.40001
1.40001
1.40001
1.40001
1.40001
1.40001
1.40001
1.40001
1.40001
1.40001
1.40001
1.40001
1.40001
1.40001
1.40001
1.40001
1.40001
1.40001
1.40001
1.40001
1.40001
1.40001
1.40001
1.40001
1.40001
1.40001
1.40001
1.40001
1.40001
1.40001
1.40001
1.40001
1.40001
1.40001
1.40001
1.40001
1.40001
1.40001
1.40001
1.40001
1.40001
1.40001
1.40001
1.40001
1.40001
1.40001
1.40001
1.40001
1.40001
1.40001
1.40001
1.40001
1.40001
1.40001
1.40001
1.40001
1.40001
1.40001
1.40001
1.40001
1.40001
1.40001
1.40001
1.40001
1.40001
1.40001
1.40001
1.40001
1.40001
1.40001
1.40001
1.40001
1.40001
1.40001
1.40001
1.40001
1.40001
1.40001
1.40001
1.40001
1.40001
1.40001
1.40001
1.40001
1.40001
1.40001
1.40001
1.40001
1.40001
1.40001
1.40001
1.40001
1.40001
1.40001
1.40001
1.40001
1.40001
1.40001
1.40001
1.40001
1.40001
1.40001
1.40001
1.40001
1.40001
1.40001
1.40001
1.40001
1.40001
1.40001
1.40001
1.40001
1.40001
1.40001
1.40001
1.40001
1.40001
1.40001
1.40001
1.40001
1.40001
1.40001
1.40001
1.40001
1.40001
1.40001
1.40001
1.40001
1.40001
1.40001
1.40001
1.40001
2.01574
1.39946
1.40001
1.40001
1.40001
1.40001
1.40001
1.40001
1.40001
1.40001
1.40001
1.40001
1.40001
1.40001
1.40001
1.40001
1.40001
1.40001
1.40001
1.40001
1.40001
1.40001
1.40001
1.40001
1.40001
1.40001
1.40001
1.40001
1.40001
1.40001
1.40001
1.40001
1.40001
1.40001
1.40001
3.21624
1.44322
1.40001
1.40001
1.40001
1.40001
1.40001
1.40001
1.40001
1.40001
1.40001
1.40001
1.40001
1.40001
1.40001
1.40001
1.40001
1.40001
1.40001
1.40001
1.40001
1.40001
1.40001
1.40001
1.40001
1.40001
1.40001
1.40001
1.40001
1.40001
1.40001
1.40001
1.40001
1.40001
1.40001
4.49962
1.77287
1.39968
1.40001
1.40001
1.40001
1.40001
1.40001
1.40001
1.40001
1.40001
1.40001
1.40001
1.40001
1.40001
1.40001
1.40001
1.40001
1.40001
1.40001
1.40001
1.40001
1.40001
1.40001
1.40001
1.40001
1.40001
1.40001
1.40001
1.40001
1.40001
1.40001
1.40001
1.40001
1.40001
5.98783
3.22057
1.48759
1.39997
1.40001
1.40001
1.40001
1.40001
1.40001
1.40001
1.40001
1.40001
1.40001
1.40001
1.40001
1.40001
1.40001
1.40001
1.40001
1.40001
1.40001
1.40001
1.40001
1.40001
1.40001
1.40001
1.40001
1.40001
1.40001
1.40001
1.40001
1.40001
1.40001
1.40001
1.40001
5.98217
4.72241
2.98699
1.47926
1.39996
1.40001
1.40001
1.40001
1.40001
1.40001
1.40001
1.40001
1.40001
1.40001
1.40001
1.40001
1.40001
1.40001
1.40001
1.40001
1.40001
1.40001
1.40001
1.40001
1.40001
1.40001
1.40001
1.40001
1.40001
1.40001
1.40001
1.40001
1.40001
1.40001
1.40001
5.15957
4.53178
4.44734
2.82309
1.45857
1.40001
1.40001
1.40001
1.40001
1.40001
1.40001
1.40001
1.40001
1.40001
1.40001
1.40001
1.40001
1.40001
1.40001
1.40001
1.40001
1.40001
1.40001
1.40001
1.40001
1.40001
1.40001
1.40001
1.40001
1.40001
1.40001
1.40001
1.40001
1.40001
1.40001
4.50907
4.39534
4.60769
4.17805
2.2834
1.39929
1.40001
1.40001
1.40001
1.40001
1.40001
1.40001
1.40001
1.40001
1.40001
1.40001
1.40001
1.40001
1.40001
1.40001
1.40001
1.40001
1.40001
1.40001
1.40001
1.40001
1.40001
1.40001
1.40001
1.40001
1.40001
1.40001
1.40001
1.40001
1.40001
4.31129
4.34149
4.47976
4.28612
3.60474
1.77601
1.39965
1.40001
1.40001
1.40001
1.40001
1.40001
1.40001
1.40001
1.40001
1.40001
1.40001
1.40001
1.40001
1.40001
1.40001
1.40001
1.40001
1.40001
1.40001
1.40001
1.40001
1.40001
1.40001
1.40001
1.40001
1.40001
1.40001
1.40001
1.40001
4.29934
4.29174
4.23673
4.15868
4.21238
3.0457
1.50562
1.40001
1.40001
1.40001
1.40001
1.40001
1.40001
1.40001
1.40001
1.40001
1.40001
1.40001
1.40001
1.40001
1.40001
1.40001
1.40001
1.40001
1.40001
1.40001
1.40001
1.40001
1.40001
1.40001
1.40001
1.40001
1.40001
1.40001
1.40001
4.26738
4.25626
4.17219
4.16555
4.20788
3.83476
2.13726
1.3993
1.40001
1.40001
1.40001
1.40001
1.40001
1.40001
1.40001
1.40001
1.40001
1.40001
1.40001
1.40001
1.40001
1.40001
1.40001
1.40001
1.40001
1.40001
1.40001
1.40001
1.40001
1.40001
1.40001
1.40001
1.40001
1.40001
1.40001
4.26533
4.26495
4.21129
4.17051
4.1922
4.08623
3.17598
1.55632
1.39983
1.40001
1.40001
1.40001
1.40001
1.40001
1.40001
1.40001
1.40001
1.40001
1.40001
1.40001
1.40001
1.40001
1.40001
1.40001
1.40001
1.40001
1.40001
1.40001
1.40001
1.40001
1.40001
1.40001
1.40001
1.40001
1.40001
4.28008
4.28453
4.2352
4.18115
4.15205
4.13326
4.02833
2.30925
1.40125
1.40001
1.40001
1.40001
1.40001
1.40001
1.40001
1.40001
1.40001
1.40001
1.40001
1.40001
1.40001
1.40001
1.40001
1.40001
1.40001
1.40001
1.40001
1.40001
1.40001
1.40001
1.40001
1.40001
1.40001
1.40001
1.40001
4.30478
4.30776
4.24648
4.17318
4.11517
4.11866
4.15264
3.36519
1.61852
1.39979
1.40001
1.40001
1.40001
1.40001
1.40001
1.40001
1.40001
1.40001
1.40001
1.40001
1.40001
1.40001
1.40001
1.40001
1.40001
1.40001
1.40001
1.40001
1.40001
1.40001
1.40001
1.40001
1.40001
1.40001
1.40001
4.33581
4.32326
4.2452
4.16668
4.1158
4.12504
4.1518
3.92933
2.28039
1.40104
1.40001
1.40001
1.40001
1.40001
1.40001
1.40001
1.40001
1.40001
1.40001
1.40001
1.40001
1.40001
1.40001
1.40001
1.40001
1.40001
1.40001
1.40001
1.40001
1.40001
1.40001
1.40001
1.40001
1.40001
1.40001
4.34494
4.31653
4.23438
4.16809
4.13269
4.12542
4.15541
4.16037
3.25229
1.56293
1.4
1.40001
1.40001
1.40001
1.40001
1.40001
1.40001
1.40001
1.40001
1.40001
1.40001
1.40001
1.40001
1.40001
1.40001
1.40001
1.40001
1.40001
1.40001
1.40001
1.40001
1.40001
1.40001
1.40001
1.40001
4.33871
4.29851
4.22165
4.17094
4.13691
4.11452
4.13728
4.17353
3.89525
2.14635
1.39917
1.40001
1.40001
1.40001
1.40001
1.40001
1.40001
1.40001
1.40001
1.40001
1.40001
1.40001
1.40001
1.40001
1.40001
1.40001
1.40001
1.40001
1.40001
1.40001
1.40001
1.40001
1.40001
1.40001
1.40001
4.31831
4.27192
4.20656
4.16148
4.13287
4.10571
4.11071
4.13834
4.06009
2.98563
1.48919
1.40001
1.40001
1.40001
1.40001
1.40001
1.40001
1.40001
1.40001
1.40001
1.40001
1.40001
1.40001
1.40001
1.40001
1.40001
1.40001
1.40001
1.40001
1.40001
1.40001
1.40001
1.40001
1.40001
1.40001
4.28213
4.23907
4.1896
4.14252
4.11147
4.0829
4.08202
4.10664
4.09853
3.56424
1.81323
1.39953
1.40001
1.40001
1.40001
1.40001
1.40001
1.40001
1.40001
1.40001
1.40001
1.40001
1.40001
1.40001
1.40001
1.40001
1.40001
1.40001
1.40001
1.40001
1.40001
1.40001
1.40001
1.40001
1.40001
4.24024
4.20422
4.16592
4.1126
4.07601
4.05201
4.05054
4.08742
4.11549
4.01446
2.46576
1.4118
1.4
1.40001
1.40001
1.40001
1.40001
1.40001
1.40001
1.40001
1.40001
1.40001
1.40001
1.40001
1.40001
1.40001
1.40001
1.40001
1.40001
1.40001
1.40001
1.40001
1.40001
1.40001
1.40001
4.20006
4.1681
4.13279
4.07204
4.03716
4.02204
4.02647
4.06616
4.09269
4.05151
3.20535
1.56164
1.40001
1.40001
1.40001
1.40001
1.40001
1.40001
1.40001
1.40001
1.40001
1.40001
1.40001
1.40001
1.40001
1.40001
1.40001
1.40001
1.40001
1.40001
1.40001
1.40001
1.40001
1.40001
1.40001
4.16399
4.13351
4.09817
4.03047
4.00051
3.9909
4.00126
4.03177
4.05564
4.00686
3.5688
1.90143
1.39945
1.40001
1.40001
1.40001
1.40001
1.40001
1.40001
1.40001
1.40001
1.40001
1.40001
1.40001
1.40001
1.40001
1.40001
1.40001
1.40001
1.40001
1.40001
1.40001
1.40001
1.40001
1.40001
4.13379
4.10113
4.06463
3.99417
3.96829
3.9603
3.97252
3.99808
4.01488
4.00425
3.87517
2.41713
1.40991
1.40001
1.40001
1.40001
1.40001
1.40001
1.40001
1.40001
1.40001
1.40001
1.40001
1.40001
1.40001
1.40001
1.40001
1.40001
1.40001
1.40001
1.40001
1.40001
1.40001
1.40001
1.40001
4.10828
4.0732
4.03453
3.96557
3.94144
3.93047
3.94133
3.95981
3.98178
4.01728
4.00801
3.04881
1.51145
1.4
1.40001
1.40001
1.40001
1.40001
1.40001
1.40001
1.40001
1.40001
1.40001
1.40001
1.40001
1.40001
1.40001
1.40001
1.40001
1.40001
1.40001
1.40001
1.40001
1.40001
1.40001
4.0851
4.04925
4.0113
3.94747
3.92184
3.90559
3.91534
3.93095
3.95292
3.98922
3.99725
3.40937
1.7533
1.40001
1.40001
1.40001
1.40001
1.40001
1.40001
1.40001
1.40001
1.40001
1.40001
1.40001
1.40001
1.40001
1.40001
1.40001
1.40001
1.40001
1.40001
1.40001
1.40001
1.40001
1.40001
4.06251
4.02769
3.99061
3.9332
3.9071
3.88763
3.89784
3.91295
3.93744
3.96721
3.97474
3.66912
2.10786
1.39944
1.40001
1.40001
1.40001
1.40001
1.40001
1.40001
1.40001
1.40001
1.40001
1.40001
1.40001
1.40001
1.40001
1.40001
1.40001
1.40001
1.40001
1.40001
1.40001
1.40001
1.40001
4.03812
4.00724
3.97208
3.92088
3.89502
3.87345
3.88497
3.90199
3.92421
3.94923
3.96568
3.90287
2.60297
1.42544
1.40001
1.40001
1.40001
1.40001
1.40001
1.40001
1.40001
1.40001
1.40001
1.40001
1.40001
1.40001
1.40001
1.40001
1.40001
1.40001
1.40001
1.40001
1.40001
1.40001
1.40001
4.01133
3.98669
3.95639
3.90917
3.88349
3.86158
3.8737
3.89295
3.91141
3.92431
3.94622
3.925
3.02082
1.53037
1.40001
1.40001
1.40001
1.40001
1.40001
1.40001
1.40001
1.40001
1.40001
1.40001
1.40001
1.40001
1.40001
1.40001
1.40001
1.40001
1.40001
1.40001
1.40001
1.40001
1.40001
3.98599
3.96694
3.94143
3.89696
3.87186
3.85044
3.86206
3.8846
3.90407
3.91121
3.92677
3.92261
3.32903
1.71322
1.40001
1.40001
1.40001
1.40001
1.40001
1.40001
1.40001
1.40001
1.40001
1.40001
1.40001
1.40001
1.40001
1.40001
1.40001
1.40001
1.40001
1.40001
1.40001
1.40001
1.40001
3.96436
3.94908
3.92795
3.88488
3.86025
3.84061
3.85275
3.87822
3.90372
3.91142
3.92302
3.92903
3.65561
2.01689
1.39934
1.40001
1.40001
1.40001
1.40001
1.40001
1.40001
1.40001
1.40001
1.40001
1.40001
1.40001
1.40001
1.40001
1.40001
1.40001
1.40001
1.40001
1.40001
1.40001
1.40001
3.94564
3.93289
3.91453
3.87444
3.8503
3.8328
3.84427
3.87359
3.90695
3.91677
3.92335
3.91581
3.77162
2.3849
1.41032
1.40001
1.40001
1.40001
1.40001
1.40001
1.40001
1.40001
1.40001
1.40001
1.40001
1.40001
1.40001
1.40001
1.40001
1.40001
1.40001
1.40001
1.40001
1.40001
1.40001
3.92927
3.91761
3.90034
3.86428
3.84077
3.82615
3.83386
3.86749
3.91232
3.9239
3.92754
3.90967
3.79074
2.72324
1.45288
1.4
1.40001
1.40001
1.40001
1.40001
1.40001
1.40001
1.40001
1.40001
1.40001
1.40001
1.40001
1.40001
1.40001
1.40001
1.40001
1.40001
1.40001
1.40001
1.40001
3.91286
3.90238
3.88685
3.85386
3.83091
3.82077
3.82415
3.85581
3.90687
3.9306
3.93733
3.92042
3.8385
3.07907
1.55321
1.40001
1.40001
1.40001
1.40001
1.40001
1.40001
1.40001
1.40001
1.40001
1.40001
1.40001
1.40001
1.40001
1.40001
1.40001
1.40001
1.40001
1.40001
1.40001
1.40001
3.89715
3.88749
3.8746
3.84476
3.82103
3.81864
3.8185
3.84498
3.89475
3.9267
3.94604
3.9391
3.8913
3.36597
1.74005
1.4
1.40001
1.40001
1.40001
1.40001
1.40001
1.40001
1.40001
1.40001
1.40001
1.40001
1.40001
1.40001
1.40001
1.40001
1.40001
1.40001
1.40001
1.40001
1.40001
3.88529
3.87514
3.86397
3.83764
3.81447
3.81908
3.81695
3.83744
3.88478
3.91735
3.94186
3.94828
3.92009
3.48769
1.97633
1.39949
1.40001
1.40001
1.40001
1.40001
1.40001
1.40001
1.40001
1.40001
1.40001
1.40001
1.40001
1.40001
1.40001
1.40001
1.40001
1.40001
1.40001
1.40001
1.40001
3.87615
3.86533
3.85467
3.83115
3.81398
3.82352
3.82127
3.83493
3.87703
3.9092
3.93419
3.94445
3.92541
3.61801
2.25333
1.40462
1.40001
1.40001
1.40001
1.40001
1.40001
1.40001
1.40001
1.40001
1.40001
1.40001
1.40001
1.40001
1.40001
1.40001
1.40001
1.40001
1.40001
1.40001
1.40001
3.87071
3.85765
3.84506
3.82229
3.81405
3.83147
3.83326
3.84116
3.87423
3.90427
3.92754
3.93966
3.93879
3.80146
2.59461
1.43202
1.40001
1.40001
1.40001
1.40001
1.40001
1.40001
1.40001
1.40001
1.40001
1.40001
1.40001
1.40001
1.40001
1.40001
1.40001
1.40001
1.40001
1.40001
1.40001
3.86983
3.85265
3.83544
3.81314
3.80666
3.83168
3.84396
3.85594
3.88044
3.90455
3.92405
3.93428
3.93599
3.87928
2.88553
1.49929
1.4
1.40001
1.40001
1.40001
1.40001
1.40001
1.40001
1.40001
1.40001
1.40001
1.40001
1.40001
1.40001
1.40001
1.40001
1.40001
1.40001
1.40001
1.40001
3.87156
3.85037
3.82789
3.80678
3.79991
3.82528
3.84686
3.87007
3.89567
3.91293
3.92408
3.93032
3.92184
3.86698
3.11988
1.61135
1.40001
1.40001
1.40001
1.40001
1.40001
1.40001
1.40001
1.40001
1.40001
1.40001
1.40001
1.40001
1.40001
1.40001
1.40001
1.40001
1.40001
1.40001
1.40001
3.87124
3.84985
3.82428
3.80539
3.79767
3.81818
3.8429
3.87493
3.91094
3.92917
3.93243
3.92946
3.91675
3.85614
3.36456
1.77876
1.40001
1.40001
1.40001
1.40001
1.40001
1.40001
1.40001
1.40001
1.40001
1.40001
1.40001
1.40001
1.40001
1.40001
1.40001
1.40001
1.40001
1.40001
1.40001
3.86678
3.84877
3.82596
3.81065
3.80173
3.81249
3.8371
3.87074
3.91197
3.93884
3.94585
3.93733
3.91982
3.86391
3.58512
2.01348
1.39972
1.40001
1.40001
1.40001
1.40001
1.40001
1.40001
1.40001
1.40001
1.40001
1.40001
1.40001
1.40001
1.40001
1.40001
1.40001
1.40001
1.40001
1.40001
3.85984
3.84604
3.83214
3.82208
3.8115
3.80867
3.83118
3.86409
3.90367
3.93248
3.95039
3.95016
3.93694
3.8754
3.64952
2.2731
1.40668
1.40001
1.40001
1.40001
1.40001
1.40001
1.40001
1.40001
1.40001
1.40001
1.40001
1.40001
1.40001
1.40001
1.40001
1.40001
1.40001
1.40001
1.40001
3.84896
3.84355
3.83967
3.83387
3.8235
3.80973
3.8264
3.85977
3.8983
3.92659
3.94773
3.9568
3.94886
3.91107
3.69744
2.53392
1.4278
1.40001
1.40001
1.40001
1.40001
1.40001
1.40001
1.40001
1.40001
1.40001
1.40001
1.40001
1.40001
1.40001
1.40001
1.40001
1.40001
1.40001
1.40001
3.83532
3.84017
3.84537
3.84336
3.83147
3.81914
3.82771
3.8606
3.89785
3.92625
3.94612
3.95446
3.94779
3.92951
3.76371
2.79705
1.47914
1.40001
1.40001
1.40001
1.40001
1.40001
1.40001
1.40001
1.40001
1.40001
1.40001
1.40001
1.40001
1.40001
1.40001
1.40001
1.40001
1.40001
1.40001
3.82747
3.83576
3.84522
3.84928
3.83726
3.82982
3.8406
3.87397
3.91014
3.93454
3.94541
3.94615
3.93711
3.92617
3.85937
3.0742
1.57483
1.4
1.40001
1.40001
1.40001
1.40001
1.40001
1.40001
1.40001
1.40001
1.40001
1.40001
1.40001
1.40001
1.40001
1.40001
1.40001
1.40001
1.40001
3.8253
3.83552
3.84315
3.84816
3.84064
3.83751
3.859
3.89868
3.9364
3.9502
3.94723
3.93194
3.90653
3.90825
3.89091
3.25879
1.72295
1.4
1.40001
1.40001
1.40001
1.40001
1.40001
1.40001
1.40001
1.40001
1.40001
1.40001
1.40001
1.40001
1.40001
1.40001
1.40001
1.40001
1.40001
3.83386
3.84153
3.84326
3.83934
3.83832
3.84069
3.87135
3.91856
3.95809
3.96395
3.95395
3.92135
3.8818
3.89092
3.89207
3.40595
1.89542
1.39966
1.40001
1.40001
1.40001
1.40001
1.40001
1.40001
1.40001
1.40001
1.40001
1.40001
1.40001
1.40001
1.40001
1.40001
1.40001
1.40001
1.40001
3.8541
3.85262
3.8508
3.83344
3.836
3.84228
3.87591
3.92408
3.96605
3.97053
3.95803
3.91738
3.88164
3.89491
3.91059
3.59657
2.12347
1.40262
1.40001
1.40001
1.40001
1.40001
1.40001
1.40001
1.40001
1.40001
1.40001
1.40001
1.40001
1.40001
1.40001
1.40001
1.40001
1.40001
1.40001
3.87891
3.86677
3.86094
3.83484
3.83676
3.8445
3.87716
3.92333
3.96142
3.9673
3.95681
3.92336
3.89607
3.91372
3.91893
3.7091
2.35883
1.41159
1.4
1.40001
1.40001
1.40001
1.40001
1.40001
1.40001
1.40001
1.40001
1.40001
1.40001
1.40001
1.40001
1.40001
1.40001
1.40001
1.40001
3.89778
3.88124
3.87349
3.84864
3.84528
3.85041
3.87897
3.91722
3.95082
3.96097
3.95514
3.93669
3.9163
3.93681
3.91892
3.74354
2.69369
1.47496
1.4
1.40001
1.40001
1.40001
1.40001
1.40001
1.40001
1.40001
1.40001
1.40001
1.40001
1.40001
1.40001
1.40001
1.40001
1.40001
1.40001
3.9063
3.88812
3.8842
3.87344
3.87211
3.87775
3.89792
3.92256
3.94798
3.95471
3.95018
3.94058
3.93863
3.94239
3.91215
3.7054
2.72817
1.42818
1.39941
1.4
1.40001
1.40001
1.40001
1.40001
1.40001
1.40001
1.40001
1.40001
1.40001
1.40001
1.40001
1.40001
1.40001
1.40001
1.40001
2.00666
2.8805
3.37261
3.62596
3.75812
3.82643
3.87549
3.90751
3.93286
3.95279
3.95156
3.94079
3.93797
3.94589
3.92684
3.77727
3.33259
1.82521
1.41396
1.4001
1.40001
1.40001
1.40001
1.40001
1.40001
1.40001
1.40001
1.40001
1.40001
1.40001
1.40001
1.40001
1.40001
1.40001
1.40001
0.75444
1.84405
2.51829
2.99285
3.33424
3.57289
3.72503
3.82979
3.89018
3.9347
3.95307
3.94405
3.93313
3.93348
3.93485
3.87746
3.62403
2.44706
1.50624
1.40174
1.40001
1.40001
1.40001
1.40001
1.40001
1.40001
1.40001
1.40001
1.40001
1.40001
1.40001
1.40001
1.40001
1.40001
1.40001
0.234363
1.09709
1.78714
2.31601
2.73246
3.10005
3.39148
3.60069
3.75445
3.85744
3.92364
3.94119
3.9292
3.92228
3.93311
3.95473
3.80548
2.97092
1.75219
1.41334
1.40011
1.40001
1.40001
1.40001
1.40001
1.40001
1.40001
1.40001
1.40001
1.40001
1.40001
1.40001
1.40001
1.40001
1.40001
0.221028
0.683453
1.20598
1.75949
2.22222
2.55961
2.94723
3.24172
3.4887
3.67578
3.81462
3.89491
3.9158
3.91024
3.91848
3.97092
3.94237
3.51492
2.21372
1.46986
1.40103
1.40001
1.40001
1.40001
1.40001
1.40001
1.40001
1.40001
1.40001
1.40001
1.40001
1.40001
1.40001
1.40001
1.40001
0.285351
0.586219
0.828933
1.23434
1.75422
2.15505
2.45626
2.84343
3.12905
3.40453
3.61194
3.76352
3.85405
3.88479
3.91574
3.95509
3.95567
3.77074
2.84641
1.65403
1.40731
1.40005
1.40001
1.40001
1.40001
1.40001
1.40001
1.40001
1.40001
1.40001
1.40001
1.40001
1.40001
1.40001
1.40001
0.402796
0.560959
0.694246
0.92943
1.26985
1.76869
2.08779
2.43734
2.77593
3.05508
3.3377
3.55142
3.71415
3.81189
3.90117
3.91247
3.9393
3.83401
3.26752
2.0059
1.43641
1.40038
1.40001
1.40001
1.40001
1.40001
1.40001
1.40001
1.40001
1.40001
1.40001
1.40001
1.40001
1.40001
1.40001
0.484827
0.505556
0.59802
0.839911
1.01504
1.38742
1.79496
2.04427
2.43652
2.72949
3.01256
3.27305
3.47546
3.65874
3.8414
3.89263
3.89407
3.86311
3.58443
2.43659
1.52137
1.40219
1.40002
1.40001
1.40001
1.40001
1.40001
1.40001
1.40001
1.40001
1.40001
1.40001
1.40001
1.40001
1.40001
0.509781
0.45451
0.483988
0.752999
0.94235
1.07941
1.49708
1.81368
2.09222
2.44517
2.71112
2.99059
3.22366
3.4475
3.70557
3.83051
3.85518
3.85837
3.77697
2.99748
1.74179
1.41181
1.40009
1.40001
1.40001
1.40001
1.40001
1.40001
1.40001
1.40001
1.40001
1.40001
1.40001
1.40001
1.40001
0.518478
0.440485
0.428886
0.63159
0.851371
0.995191
1.23117
1.6034
1.82813
2.17077
2.47226
2.73198
2.98765
3.22859
3.53416
3.69698
3.78566
3.83815
3.79602
3.39059
2.12827
1.45267
1.40061
1.40001
1.40001
1.40001
1.40001
1.40001
1.40001
1.40001
1.40001
1.40001
1.40001
1.40001
1.40001
0.524111
0.448203
0.436896
0.537676
0.733756
0.952124
1.03627
1.36626
1.65748
1.87863
2.20638
2.47701
2.70991
2.98292
3.3271
3.53439
3.6652
3.78663
3.77751
3.54549
2.54721
1.55343
1.40298
1.40002
1.40001
1.40001
1.40001
1.40001
1.40001
1.40001
1.40001
1.40001
1.40001
1.40001
1.40001
0.521188
0.473465
0.481652
0.522105
0.597716
0.860116
0.986366
1.14807
1.47507
1.68152
1.94539
2.22377
2.43057
2.72357
3.06513
3.32443
3.51826
3.69781
3.75767
3.69935
2.98236
1.75945
1.41303
1.40009
1.40001
1.40001
1.40001
1.40001
1.40001
1.40001
1.40001
1.40001
1.40001
1.40001
1.40001
0.53283
0.514213
0.537166
0.5219
0.524387
0.726945
0.938189
1.04202
1.31101
1.56907
1.76368
2.03553
2.26543
2.49685
2.83909
3.09313
3.32925
3.56585
3.71383
3.70627
3.31234
2.08672
1.44627
1.40049
1.40001
1.40001
1.40001
1.40001
1.40001
1.40001
1.40001
1.40001
1.40001
1.40001
1.40001
0.543012
0.541394
0.554167
0.520305
0.50928
0.60275
0.851224
0.994827
1.15593
1.44216
1.65137
1.87516
2.11923
2.34601
2.6643
2.91521
3.12894
3.38238
3.61267
3.66978
3.49284
2.495
1.53443
1.40233
1.40002
1.40001
1.40001
1.40001
1.40001
1.40001
1.40001
1.40001
1.40001
1.40001
1.40001
0.537692
0.549497
0.557238
0.520591
0.510102
0.557669
0.738403
0.937631
1.03195
1.27535
1.51457
1.70607
1.93378
2.17521
2.4697
2.7394
2.97805
3.21549
3.4644
3.59844
3.54249
2.82516
1.69442
1.40907
1.40006
1.40001
1.40001
1.40001
1.40001
1.40001
1.40001
1.40001
1.40001
1.40001
1.40001
0.519082
0.545484
0.563524
0.527647
0.516095
0.557446
0.637239
0.850823
0.984035
1.0921
1.33977
1.54464
1.70881
1.97518
2.24746
2.51559
2.80509
3.05725
3.31131
3.51316
3.50689
3.11041
1.94179
1.42859
1.40024
1.40001
1.40001
1.40001
1.40001
1.40001
1.40001
1.40001
1.40001
1.40001
1.40001
0.492135
0.534149
0.568983
0.551352
0.537386
0.575985
0.611493
0.773933
0.943819
1.04379
1.22955
1.45762
1.62545
1.84123
2.11026
2.35567
2.60619
2.85767
3.13536
3.40524
3.45929
3.2436
2.2329
1.47811
1.401
1.40001
1.40001
1.40001
1.40001
1.40001
1.40001
1.40001
1.40001
1.40001
1.40001
0.480313
0.518227
0.567144
0.563007
0.562274
0.58754
0.604481
0.707466
0.894149
1.03316
1.17933
1.38122
1.56674
1.76447
2.01242
2.25006
2.47881
2.70078
2.94968
3.25662
3.4029
3.31439
2.52423
1.5677
1.40342
1.40002
1.40001
1.40001
1.40001
1.40001
1.40001
1.40001
1.40001
1.40001
1.40001
0.483578
0.506472
0.55229
0.562108
0.571537
0.580528
0.59012
0.645199
0.812135
0.988171
1.11376
1.29046
1.48869
1.66956
1.89236
2.1254
2.36687
2.60118
2.82082
3.10306
3.32462
3.29615
2.76087
1.71597
1.41064
1.40007
1.40001
1.40001
1.40001
1.40001
1.40001
1.40001
1.40001
1.40001
1.40001
0.499829
0.506938
0.544682
0.562841
0.572535
0.569626
0.577046
0.634712
0.709188
0.881932
1.01965
1.174
1.34539
1.52316
1.7283
1.93953
2.19954
2.46614
2.69903
2.95518
3.23171
3.2596
2.92438
1.89897
1.42717
1.40022
1.40001
1.40001
1.40001
1.40001
1.40001
1.40001
1.40001
1.40001
1.40001
0.525461
0.519509
0.545809
0.567218
0.570432
0.562277
0.578421
0.642638
0.678866
0.800474
0.959272
1.09895
1.26239
1.44469
1.63708
1.83987
2.06679
2.29926
2.53848
2.79815
3.11712
3.20401
3.02315
2.10936
1.46048
1.4007
1.40001
1.40001
1.40001
1.40001
1.40001
1.40001
1.40001
1.40001
1.40001
0.53969
0.535037
0.54963
0.57071
0.566088
0.554974
0.574119
0.641951
0.686222
0.780868
0.922355
1.07678
1.23223
1.39618
1.58991
1.78999
2.00448
2.21551
2.41334
2.6663
2.98995
3.13901
3.03724
2.29495
1.51606
1.40196
1.40001
1.40001
1.40001
1.40001
1.40001
1.40001
1.40001
1.40001
1.40001
0.536036
0.537649
0.551754
0.572151
0.565252
0.55102
0.557818
0.620761
0.677158
0.756379
0.884382
1.04358
1.18667
1.33718
1.52539
1.72192
1.93653
2.15266
2.34543
2.56505
2.87103
3.07788
3.04038
2.46632
1.59319
1.40478
1.40003
1.40001
1.40001
1.40001
1.40001
1.40001
1.40001
1.40001
1.40001
0.520065
0.53318
0.550358
0.574447
0.567292
0.551303
0.553332
0.580421
0.635734
0.705522
0.812721
0.973156
1.11922
1.23503
1.40958
1.59223
1.80812
2.038
2.25699
2.45669
2.75598
3.01068
3.01755
2.59251
1.69507
1.41069
1.40007
1.40001
1.40001
1.40001
1.40001
1.40001
1.40001
1.40001
1.40001
0.49149
0.522327
0.550038
0.581253
0.576102
0.557263
0.553682
0.563097
0.590741
0.661105
0.735809
0.878254
1.03907
1.15183
1.30541
1.4867
1.68973
1.90534
2.12958
2.33336
2.63089
2.93468
2.97043
2.68829
1.81071
1.42133
1.40017
1.40001
1.40001
1.40001
1.40001
1.40001
1.40001
1.40001
1.40001
0.473183
0.509276
0.5495
0.587647
0.587142
0.569943
0.557696
0.564132
0.584794
0.658033
0.730579
0.855149
1.00491
1.12734
1.27692
1.45645
1.64864
1.8493
2.04608
2.24745
2.50946
2.84205
2.92017
2.73509
1.93368
1.43901
1.40039
1.40001
1.40001
1.40001
1.40001
1.40001
1.40001
1.40001
1.40001
0.472246
0.500981
0.546624
0.586595
0.589816
0.584697
0.568559
0.567658
0.581739
0.653677
0.730705
0.843124
0.974976
1.09856
1.24651
1.42033
1.60749
1.80402
1.99076
2.18205
2.41693
2.74797
2.86959
2.7548
2.04533
1.46428
1.40085
1.40001
1.40001
1.40001
1.40001
1.40001
1.40001
1.40001
1.40001
0.479566
0.498563
0.538713
0.579343
0.590133
0.5883
0.576593
0.56431
0.573595
0.634265
0.712879
0.816294
0.933282
1.05353
1.19621
1.35594
1.53364
1.72638
1.91464
2.10179
2.33094
2.66939
2.82323
2.75435
2.14813
1.4978
1.40169
1.40001
1.40001
1.40001
1.40001
1.40001
1.40001
1.40001
1.40001
0.4979
0.50048
0.52688
0.563895
0.587748
0.586007
0.577469
0.561868
0.568487
0.600967
0.665331
0.758117
0.861463
0.973207
1.10736
1.24852
1.41718
1.60297
1.79777
1.97957
2.22131
2.58261
2.77786
2.74329
2.23598
1.53919
1.40314
1.40002
1.40001
1.40001
1.40001
1.40001
1.40001
1.40001
1.40001
0.509502
0.50841
0.519364
0.548248
0.580999
0.583848
0.578749
0.563085
0.569401
0.591242
0.633787
0.727087
0.822376
0.924953
1.06279
1.21035
1.37436
1.55124
1.73615
1.91384
2.12932
2.47691
2.72018
2.72411
2.30776
1.58584
1.40541
1.40003
1.40001
1.40001
1.40001
1.40001
1.40001
1.40001
1.40001
0.510052
0.511919
0.517977
0.544397
0.579677
0.585845
0.582895
0.568784
0.574504
0.594077
0.630054
0.719713
0.81775
0.918254
1.0518
1.19596
1.35406
1.52619
1.70626
1.88451
2.08334
2.3964
2.66477
2.69124
2.36033
1.63698
1.40883
1.40006
1.40001
1.40001
1.40001
1.40001
1.40001
1.40001
1.40001
0.505212
0.511216
0.519337
0.545287
0.581615
0.590386
0.588943
0.576592
0.580083
0.594325
0.623202
0.709134
0.808389
0.904799
1.03043
1.16717
1.31809
1.48473
1.66053
1.84014
2.03848
2.34189
2.62424
2.65834
2.39966
1.69093
1.41368
1.40011
1.40001
1.40001
1.40001
1.40001
1.40001
1.40001
1.40001
0.492396
0.508164
0.524047
0.54903
0.586603
0.595181
0.594369
0.580941
0.579915
0.587921
0.605633
0.683215
0.781005
0.871826
0.98677
1.11142
1.24641
1.39956
1.57099
1.75386
1.96479
2.27494
2.57842
2.62318
2.42173
1.74476
1.4202
1.40018
1.40001
1.40001
1.40001
1.40001
1.40001
1.40001
1.40001
0.485217
0.503803
0.529143
0.555072
0.59374
0.601081
0.600306
0.58378
0.579348
0.579885
0.584064
0.641545
0.726403
0.814108
0.920543
1.0364
1.16732
1.31856
1.48676
1.65904
1.86001
2.17085
2.50552
2.57349
2.4236
1.79535
1.42851
1.4003
1.40001
1.40001
1.40001
1.40001
1.40001
1.40001
1.40001
0.486372
0.502876
0.533685
0.561696
0.596842
0.605055
0.604513
0.588032
0.579763
0.578695
0.580664
0.633704
0.710129
0.790686
0.899649
1.01713
1.15518
1.30869
1.47496
1.64166
1.81774
2.08355
2.42193
2.51775
2.41408
1.83775
1.43797
1.40047
1.40001
1.40001
1.40001
1.40001
1.40001
1.40001
1.40001
0.493828
0.505795
0.539621
0.567887
0.596727
0.605701
0.605351
0.593471
0.581748
0.579853
0.583153
0.637043
0.708344
0.785321
0.892096
1.00979
1.14657
1.29783
1.4622
1.62909
1.80112
2.04761
2.37768
2.48782
2.40507
1.87576
1.44848
1.4007
1.40001
1.40001
1.40001
1.40001
1.40001
1.40001
1.40001
0.508929
0.514554
0.546199
0.571164
0.594013
0.604961
0.604446
0.597443
0.586096
0.580201
0.58317
0.63431
0.701277
0.77505
0.878261
0.992448
1.12284
1.26798
1.42681
1.59042
1.76309
2.00872
2.34416
2.46529
2.40083
1.91093
1.46005
1.40101
1.40001
1.40001
1.40001
1.40001
1.40001
1.40001
1.40001
0.525589
0.526781
0.550999
0.572296
0.588862
0.600916
0.600898
0.599512
0.58958
0.576094
0.577697
0.619238
0.678109
0.747561
0.843163
0.948499
1.0676
1.20284
1.35166
1.508
1.6805
1.93541
2.29144
2.43249
2.38958
1.94074
1.4724
1.4014
1.40001
1.40001
1.40001
1.40001
1.40001
1.40001
1.40001
0.534565
0.537781
0.554682
0.573651
0.587788
0.597641
0.599982
0.600038
0.58864
0.572893
0.574396
0.602607
0.644381
0.703467
0.795038
0.89902
1.01806
1.15035
1.29155
1.43436
1.58971
1.82634
2.19814
2.37607
2.36086
1.96067
1.48482
1.40188
1.40001
1.40001
1.40001
1.40001
1.40001
1.40001
1.40001
0.535873
0.543547
0.558026
0.576249
0.589861
0.598123
0.600927
0.600743
0.588171
0.573181
0.574621
0.601036
0.6381
0.695116
0.789317
0.895724
1.01706
1.14813
1.2856
1.42503
1.57518
1.7924
2.13743
2.32141
2.32222
1.96939
1.49574
1.40241
1.40002
1.40001
1.40001
1.40001
1.40001
1.40001
1.40001
0.534602
0.545151
0.561154
0.581386
0.595781
0.600749
0.60313
0.602934
0.589506
0.574644
0.575777
0.60273
0.639784
0.696843
0.791418
0.895773
1.01473
1.14115
1.27541
1.41699
1.57198
1.7895
2.12569
2.30917
2.30497
1.97678
1.50485
1.40294
1.40002
1.40001
1.40001
1.40001
1.40001
1.40001
1.40001
0.533062
0.544243
0.563989
0.587624
0.602472
0.603262
0.603628
0.603544
0.591545
0.576892
0.576992
0.601683
0.637272
0.692762
0.784625
0.882418
0.993963
1.1128
1.24306
1.38686
1.54656
1.76754
2.10639
2.2994
2.2948
1.98461
1.51416
1.40352
1.40003
1.40001
1.40001
1.40001
1.40001
1.40001
1.40001
0.53258
0.541706
0.564465
0.588274
0.603311
0.603027
0.603016
0.603006
0.591936
0.578546
0.577961
0.597223
0.625882
0.67668
0.762036
0.851465
0.953267
1.06229
1.18468
1.32513
1.48798
1.71269
2.05747
2.27093
2.27589
1.98771
1.52263
1.40413
1.40003
1.40001
1.40001
1.40001
1.40001
1.40001
1.40001
0.535443
0.540212
0.562337
0.585239
0.600956
0.600616
0.600724
0.601065
0.59272
0.580423
0.579662
0.596929
0.616753
0.653971
0.728729
0.8121
0.90716
1.0124
1.13213
1.26752
1.42227
1.64081
1.97751
2.21187
2.23702
1.9839
1.52976
1.40474
1.40004
1.40001
1.40001
1.40001
1.40001
1.40001
1.40001
0.541119
0.540695
0.559572
0.580859
0.596299
0.595775
0.596698
0.599595
0.594452
0.583789
0.583054
0.598615
0.61689
0.645682
0.716372
0.795238
0.893598
1.00117
1.12446
1.26058
1.40852
1.60903
1.93043
2.16494
2.19554
1.97235
1.53343
1.4052
1.40004
1.40001
1.40001
1.40001
1.40001
1.40001
1.40001
0.54413
0.542256
0.558451
0.578375
0.591237
0.589921
0.591359
0.598225
0.597358
0.590107
0.58876
0.603635
0.621456
0.648182
0.719385
0.79629
0.894692
1.00395
1.12877
1.2653
1.4124
1.61052
1.92924
2.16066
2.18256
1.95898
1.53319
1.40546
1.40005
1.40001
1.40001
1.40001
1.40001
1.40001
1.40001
0.544384
0.542744
0.558141
0.576008
0.585959
0.585518
0.589265
0.598435
0.602641
0.598688
0.596865
0.612447
0.625584
0.650228
0.718982
0.794784
0.891267
1.00068
1.12467
1.25986
1.4067
1.60791
1.93222
2.15851
2.17269
1.94843
1.53206
1.40559
1.40005
1.40001
1.40001
1.40001
1.40001
1.40001
1.40001
0.545089
0.543822
0.559545
0.576162
0.584769
0.58577
0.590475
0.601564
0.609386
0.607522
0.605369
0.617435
0.625428
0.648408
0.713605
0.785833
0.877427
0.983729
1.10301
1.23398
1.38027
1.58698
1.91993
2.14054
2.15462
1.93736
1.53073
1.40565
1.40005
1.40001
1.40001
1.40001
1.40001
1.40001
1.40001
0.55203
0.550523
0.566153
0.580624
0.587609
0.588434
0.593903
0.606799
0.614454
0.613843
0.611328
0.61959
0.625403
0.644332
0.702447
0.769805
0.854724
0.952742
1.06323
1.18902
1.33354
1.53941
1.86851
2.10242
2.12529
1.92203
1.52865
1.40569
1.40005
1.40001
1.40001
1.40001
1.40001
1.40001
1.40001
0.571288
0.570065
0.585591
0.596261
0.598
0.595771
0.599817
0.611741
0.617669
0.617807
0.615852
0.622448
0.626965
0.643142
0.694146
0.755853
0.835074
0.926062
1.03162
1.15755
1.30661
1.51224
1.8272
2.06433
2.09126
1.90055
1.52452
1.40553
1.40005
1.40001
1.40001
1.40001
1.40001
1.40001
1.40001
0.605318
0.602377
0.616008
0.629384
0.625011
0.616013
0.614321
0.620288
0.623209
0.622889
0.623737
0.629442
0.632187
0.645423
0.693678
0.748854
0.82337
0.91179
1.01979
1.14869
1.30047
1.50583
1.8154
2.04171
2.06411
1.8791
1.51987
1.40557
1.40006
1.40001
1.40001
1.40001
1.40001
1.40001
1.40001
0.637763
0.634289
0.644727
0.658359
0.650411
0.637581
0.629897
0.629794
0.629492
0.628331
0.632482
0.637025
0.637487
0.65082
0.69767
0.749514
0.82268
0.911969
1.02138
1.15096
1.30355
1.51019
1.81847
2.03282
2.04816
1.85946
1.51221
1.40501
1.40005
1.40001
1.40001
1.40001
1.40001
1.40001
1.40001
0.666978
0.657828
0.666992
0.679888
0.671239
0.657002
0.644392
0.639245
0.636051
0.634437
0.641299
0.643236
0.641674
0.656843
0.702385
0.751027
0.824206
0.913984
1.02478
1.15554
1.30895
1.51714
1.82492
2.0286
2.04003
1.84711
1.50672
1.40464
1.40004
1.40001
1.40001
1.40001
1.40001
1.40001
1.40001
0.710115
0.687794
0.690766
0.705157
0.700455
0.685674
0.665696
0.653793
0.646206
0.643614
0.647738
0.648423
0.649869
0.666127
0.710212
0.754367
0.82831
0.918685
1.03308
1.1667
1.31986
1.52651
1.83501
2.02438
2.031
1.83384
1.5007
1.40424
1.40004
1.40001
1.40001
1.40001
1.40001
1.40001
1.40001
0.745188
0.717525
0.713769
0.729641
0.73276
0.72299
0.698967
0.674795
0.662028
0.655195
0.653555
0.653868
0.657078
0.66974
0.712822
0.757309
0.835717
0.926348
1.04299
1.17542
1.32478
1.53044
1.83589
2.01749
2.0207
1.81961
1.4943
1.40382
1.40004
1.40001
1.40001
1.40001
1.40001
1.40001
1.40001
0.77341
0.7451
0.736326
0.749856
0.761082
0.756916
0.738917
0.705126
0.684247
0.670925
0.66076
0.66157
0.660608
0.671236
0.712426
0.757617
0.839704
0.930045
1.04494
1.1757
1.32387
1.52932
1.82888
2.00581
2.0083
1.80398
1.48749
1.4034
1.40003
1.40001
1.40001
1.40001
1.40001
1.40001
1.40001
0.79939
0.769459
0.753405
0.764456
0.779634
0.78196
0.77328
0.746266
0.71223
0.687905
0.669934
0.667912
0.663795
0.674009
0.711827
0.756691
0.839679
0.929271
1.0436
1.173
1.31953
1.52347
1.82237
1.99278
1.9934
1.78623
1.48022
1.40297
1.40003
1.40001
1.40001
1.40001
1.40001
1.40001
1.40001
0.821309
0.796449
0.76672
0.774976
0.792169
0.800728
0.801577
0.791266
0.750005
0.705139
0.681057
0.673124
0.667936
0.67665
0.711739
0.753389
0.836609
0.928789
1.04381
1.17035
1.3163
1.51986
1.81433
1.97932
1.97665
1.76596
1.47245
1.40255
1.40002
1.40001
1.40001
1.40001
1.40001
1.40001
1.40001
0.838504
0.822612
0.785602
0.787139
0.802485
0.817985
0.825217
0.827904
0.807953
0.740656
0.698241
0.680526
0.674154
0.679256
0.712207
0.754025
0.834095
0.929533
1.04349
1.16887
1.3152
1.51929
1.80787
1.96593
1.95843
1.74323
1.46426
1.40213
1.40002
1.40001
1.40001
1.40001
1.40001
1.40001
1.40001
0.839207
0.843723
0.809606
0.801549
0.813198
0.829453
0.834817
0.837941
0.83224
0.801955
0.739323
0.697116
0.683197
0.684137
0.712221
0.755785
0.8329
0.928946
1.0442
1.17134
1.31792
1.52358
1.8103
1.95453
1.93878
1.7184
1.45579
1.40172
1.40002
1.40001
1.40001
1.40001
1.40001
1.40001
1.40001
0.840076
0.859528
0.833045
0.81491
0.820721
0.831365
0.835843
0.839233
0.833527
0.823055
0.792852
0.730136
0.698419
0.692531
0.712565
0.75869
0.834054
0.933803
1.05298
1.18467
1.33077
1.53532
1.81552
1.94224
1.91742
1.69187
1.44724
1.40134
1.40001
1.40001
1.40001
1.40001
1.40001
1.40001
1.40001
0.872853
0.892755
0.860633
0.823498
0.826886
0.831522
0.835852
0.839345
0.833156
0.823255
0.80303
0.761894
0.721646
0.706591
0.72015
0.769354
0.841557
0.949112
1.07002
1.20314
1.34343
1.54614
1.81432
1.92712
1.8936
1.66346
1.43874
1.401
1.40001
1.40001
1.40001
1.40001
1.40001
1.40001
1.40001
0.960939
0.974549
0.921948
0.847414
0.826497
0.828103
0.830815
0.83068
0.823884
0.815963
0.804825
0.784267
0.749267
0.728791
0.740883
0.789535
0.858206
0.968206
1.08474
1.21002
1.34951
1.55481
1.81214
1.9101
1.86695
1.63278
1.4305
1.4007
1.40001
1.40001
1.40001
1.40001
1.40001
1.40001
1.40001
1.06222
1.0943
1.01843
0.903061
0.833674
0.817534
0.814075
0.810395
0.807386
0.807488
0.808932
0.802237
0.780338
0.760444
0.767942
0.811476
0.882711
0.987574
1.09736
1.21562
1.35617
1.5641
1.81092
1.89118
1.83727
1.59984
1.42279
1.40046
1.40001
1.40001
1.40001
1.40001
1.40001
1.40001
1.40001
1.14603
1.19447
1.13581
1.01916
0.864498
0.81506
0.805428
0.803847
0.804741
0.807843
0.814684
0.819552
0.81281
0.79824
0.79802
0.837581
0.909377
1.0061
1.11318
1.22584
1.36713
1.57559
1.81009
1.86964
1.80353
1.56505
1.41594
1.40028
1.40001
1.40001
1.40001
1.40001
1.40001
1.40001
1.40001
1.18891
1.21755
1.21553
1.14867
0.957415
0.829618
0.808598
0.808056
0.808968
0.813104
0.824102
0.840867
0.844647
0.839091
0.836712
0.872484
0.940279
1.02936
1.13981
1.24272
1.38227
1.58914
1.80753
1.84555
1.76403
1.52933
1.41025
1.40016
1.40001
1.40001
1.40001
1.40001
1.40001
1.40001
1.40001
1.21214
1.23407
1.25993
1.21483
1.07795
0.884174
0.823477
0.822304
0.825551
0.830787
0.845132
0.868579
0.879413
0.882346
0.884943
0.912677
0.980488
1.06074
1.16419
1.25926
1.3985
1.6048
1.80123
1.81859
1.71723
1.4944
1.40592
1.40008
1.40001
1.40001
1.40001
1.40001
1.40001
1.40001
1.40001
1.29178
1.3091
1.33775
1.30592
1.21293
0.998446
0.86043
0.852627
0.861259
0.868923
0.885147
0.910428
0.923346
0.929062
0.933983
0.952001
1.02055
1.08536
1.16925
1.27236
1.41436
1.62202
1.78804
1.78832
1.66275
1.46267
1.40298
1.40003
1.40001
1.40001
1.40001
1.40001
1.40001
1.40001
1.40001
1.37817
1.39854
1.42445
1.41347
1.3766
1.19965
0.958559
0.900702
0.911306
0.921624
0.94123
0.965015
0.97166
0.974058
0.976958
0.98392
1.04051
1.10145
1.17108
1.28683
1.43175
1.6393
1.76765
1.74984
1.6026
1.43646
1.40123
1.40001
1.40001
1.40001
1.40001
1.40001
1.40001
1.40001
1.40001
1.40975
1.43594
1.47353
1.48694
1.48527
1.40028
1.12658
0.965073
0.958496
0.967008
0.983533
0.990487
0.987989
0.988628
0.995764
0.994252
1.04789
1.11454
1.17464
1.3029
1.45353
1.65485
1.7391
1.70029
1.53999
1.41735
1.40039
1.40001
1.40001
1.40001
1.40001
1.40001
1.40001
1.40001
1.40001
1.35082
1.41975
1.50028
1.52671
1.52194
1.4734
1.29543
1.0523
0.989964
0.991517
0.993001
0.992754
0.989504
0.990457
0.999915
0.997626
1.0528
1.12599
1.18242
1.32058
1.48262
1.66432
1.70206
1.63767
1.48006
1.40596
1.40008
1.40001
1.4
1.40001
1.40001
1.40001
1.40001
1.40001
1.40001
1.28749
1.38123
1.47948
1.51802
1.51531
1.47539
1.3908
1.13736
1.00551
0.994891
0.993151
0.991395
0.988229
0.989538
1.00237
1.00168
1.05391
1.13733
1.19553
1.34711
1.52103
1.66219
1.65601
1.55904
1.43241
1.40121
1.40001
1.4
1.4
1.40001
1.40001
1.40001
1.40001
1.40001
1.40001
1.29117
1.36998
1.43626
1.48196
1.48443
1.45177
1.39956
1.16927
1.00892
0.991578
0.98534
0.978617
0.977249
0.984056
1.00518
1.0085
1.05293
1.14955
1.22403
1.39102
1.54795
1.63067
1.58891
1.47496
1.40713
1.4001
1.4
1.4
1.4
1.40001
1.40001
1.40001
1.40001
1.40001
1.40001
1.30235
1.35201
1.39512
1.43789
1.42964
1.42221
1.39382
1.18268
1.01451
0.976686
0.971025
0.966504
0.967267
0.983143
1.00992
1.02113
1.05995
1.1674
1.26715
1.4184
1.54789
1.55781
1.49356
1.41767
1.40056
1.39999
1.4
1.4
1.40001
1.40001
1.40001
1.40001
1.40001
1.40001
1.40001
1.29078
1.32181
1.34415
1.37286
1.37047
1.38045
1.37001
1.2169
1.04802
0.977467
0.96882
0.966693
0.970024
0.987023
1.01413
1.03267
1.07909
1.18039
1.27936
1.41691
1.49615
1.46318
1.41879
1.40115
1.39997
1.39999
1.4
1.4
1.40001
1.40001
1.40001
1.40001
1.40001
1.40001
1.40001
1.2637
1.28182
1.29376
1.30784
1.31039
1.3189
1.3159
1.2593
1.14973
1.01
0.970975
0.96925
0.972292
0.988446
1.01472
1.0336
1.08486
1.17939
1.26847
1.37115
1.39948
1.40023
1.39973
1.39986
1.39997
1.4
1.4
1.40001
1.40001
1.40001
1.40001
1.40001
1.40001
1.40001
1.40001
1.2358
1.24431
1.25847
1.26665
1.26087
1.25956
1.26321
1.25596
1.23414
1.10186
0.990615
0.965414
0.966558
0.981954
1.00686
1.02018
1.07212
1.15405
1.21863
1.29961
1.35697
1.39074
1.39902
1.3999
1.39999
1.4
1.40001
1.40001
1.40001
1.40001
1.40001
1.40001
1.40001
1.40001
1.40001
1.22586
1.2274
1.2348
1.24179
1.2352
1.23392
1.24153
1.24996
1.23711
1.14453
1.01741
0.937918
0.936795
0.951022
0.974253
0.981439
1.03498
1.1192
1.19053
1.28609
1.35801
1.39233
1.39939
1.39997
1.4
1.40001
1.40001
1.40001
1.40001
1.40001
1.40001
1.40001
1.40001
1.40001
1.40001
1.22191
1.22238
1.22098
1.21879
1.21701
1.21641
1.22397
1.23528
1.22828
1.17644
1.06123
0.935049
0.903451
0.921763
0.948911
0.963311
1.03016
1.11864
1.19674
1.29557
1.36733
1.3958
1.39983
1.4
1.40001
1.40001
1.40001
1.40001
1.40001
1.40001
1.40001
1.40001
1.40001
1.40001
1.40001
1.21203
1.21903
1.21749
1.21585
1.21659
1.21433
1.21182
1.21222
1.21036
1.20211
1.13781
0.977024
0.907018
0.918078
0.9507
0.968351
1.03732
1.13087
1.21655
1.3153
1.37907
1.39819
1.39996
1.4
1.40001
1.40001
1.40001
1.40001
1.40001
1.40001
1.40001
1.40001
1.40001
1.40001
1.40001
1.2175
1.22671
1.22609
1.22399
1.22483
1.22669
1.22121
1.21572
1.21324
1.2155
1.20644
1.11458
1.00131
0.956667
0.982197
1.00771
1.06995
1.17111
1.26203
1.34804
1.3908
1.39948
1.4
1.4
1.40001
1.40001
1.40001
1.40001
1.40001
1.40001
1.40001
1.40001
1.40001
1.40001
1.40001
)
;

boundaryField
{
    inlet
    {
        type            calculated;
        value           uniform 1.40001;
    }
    outlet
    {
        type            calculated;
        value           nonuniform List<scalar> 
70
(
1.21742
1.22676
1.22615
1.22398
1.22478
1.22661
1.22113
1.21569
1.21326
1.21556
1.20645
1.11447
1.00122
0.956557
0.981951
1.00725
1.06953
1.17059
1.26147
1.34767
1.39069
1.39947
1.4
1.4
1.40001
1.40001
1.40001
1.40001
1.40001
1.40001
1.40001
1.40001
1.40001
1.40001
1.40001
1.18249
1.14399
1.11143
1.10542
1.09427
1.12632
1.14996
1.1724
1.17902
1.1647
1.08515
0.849108
0.690824
0.712438
0.757199
0.811324
0.884208
0.96457
1.04917
1.15247
1.25573
1.34244
1.38795
1.39902
1.39998
1.4
1.40001
1.40001
1.40001
1.40001
1.40001
1.40001
1.40001
1.40001
1.40001
)
;
    }
    airfoil
    {
        type            calculated;
        value           nonuniform List<scalar> 
200
(
0.139569
0.129515
0.124262
0.120159
0.118194
0.116709
0.116354
0.116599
0.117318
0.117838
0.11813
0.118458
0.119004
0.119279
0.11836
0.116503
0.114336
0.113234
0.113246
0.114697
0.11895
0.125164
0.128219
0.128397
0.124782
0.116277
0.111622
0.111073
0.11305
0.120381
0.126944
0.127898
0.119347
0.109829
0.105354
0.104634
0.10942
0.124229
0.130964
0.127989
0.11432
0.104661
0.0995565
0.0797474
0.0575501
0.0277988
0.0234725
0.158868
0.490786
1.16799
2.07366
2.07608
2.07922
2.08277
2.08804
2.09485
2.10199
2.10982
2.11869
2.12838
2.13634
2.14149
2.1447
2.14705
2.14944
2.15204
2.1546
2.15598
2.15638
2.15571
2.15216
2.14946
2.1477
2.14696
2.14715
2.15008
2.15236
2.15397
2.15494
2.15538
2.15428
2.15049
2.14644
2.14378
2.14352
2.14487
2.13954
2.12979
2.12508
2.12473
2.12993
2.16798
2.22666
2.31438
2.38176
2.40849
2.30462
2.13064
1.89607
1.59602
2.01574
3.21624
4.49962
5.98783
5.98217
5.15957
4.50907
4.31129
4.29934
4.26738
4.26533
4.28008
4.30478
4.33581
4.34494
4.33871
4.31831
4.28213
4.24024
4.20006
4.16399
4.13379
4.10828
4.0851
4.06251
4.03812
4.01133
3.98599
3.96436
3.94564
3.92927
3.91286
3.89715
3.88529
3.87615
3.87071
3.86983
3.87156
3.87124
3.86678
3.85984
3.84896
3.83532
3.82747
3.8253
3.83386
3.8541
3.87891
3.89778
3.9063
2.00666
0.75444
0.234363
0.221028
0.285351
0.402796
0.484827
0.509781
0.518478
0.524111
0.521188
0.53283
0.543012
0.537692
0.519082
0.492135
0.480313
0.483578
0.499829
0.525461
0.53969
0.536036
0.520065
0.49149
0.473183
0.472246
0.479566
0.4979
0.509502
0.510052
0.505212
0.492396
0.485217
0.486372
0.493828
0.508929
0.525589
0.534565
0.535873
0.534602
0.533062
0.53258
0.535443
0.541119
0.54413
0.544384
0.545089
0.55203
0.571288
0.605318
)
;
    }
    top
    {
        type            symmetryPlane;
    }
    bottom
    {
        type            symmetryPlane;
    }
    defaultFaces
    {
        type            empty;
    }
}


// ************************************************************************* //
