/*--------------------------------*- C++ -*----------------------------------*\
  =========                 |
  \\      /  F ield         | OpenFOAM: The Open Source CFD Toolbox
   \\    /   O peration     | Website:  https://openfoam.org
    \\  /    A nd           | Version:  7
     \\/     M anipulation  |
\*---------------------------------------------------------------------------*/
FoamFile
{
    version     2.0;
    format      ascii;
    class       volScalarField;
    location    "7";
    object      p;
}
// * * * * * * * * * * * * * * * * * * * * * * * * * * * * * * * * * * * * * //

dimensions      [0 2 -2 0 0 0 0];

internalField   nonuniform List<scalar> 
8400
(
-0.207448
-0.198909
-0.191324
-0.184463
-0.177896
-0.17138
-0.164781
-0.158002
-0.150968
-0.143628
-0.13595
-0.127915
-0.119518
-0.110764
-0.10167
-0.0922654
-0.0825935
-0.0727143
-0.0627057
-0.0526658
-0.0427144
-0.0329948
-0.0236741
-0.0149374
-0.00704238
-4.10727e-06
0.00497005
0.0109371
0.00693381
0.0223413
-0.205735
-0.200243
-0.193968
-0.187795
-0.181595
-0.175227
-0.168649
-0.16183
-0.154736
-0.147336
-0.139607
-0.131531
-0.123098
-0.114307
-0.105172
-0.0957136
-0.0859721
-0.0760025
-0.0658793
-0.055698
-0.0455776
-0.0356614
-0.0261179
-0.0171379
-0.00896845
-0.00168508
0.00369038
0.00968357
0.00665366
0.0212978
-0.206804
-0.201864
-0.196578
-0.191023
-0.185193
-0.179081
-0.172682
-0.165983
-0.158969
-0.151621
-0.143924
-0.135864
-0.127433
-0.11863
-0.109464
-0.0999549
-0.0901387
-0.0800672
-0.069812
-0.0594672
-0.0491508
-0.039007
-0.0292059
-0.0199426
-0.0114578
-0.00387432
0.0019451
0.00804737
0.00606622
0.0198986
-0.20871
-0.203833
-0.199348
-0.194401
-0.188997
-0.183228
-0.17711
-0.170631
-0.163783
-0.15656
-0.148951
-0.140949
-0.132548
-0.123748
-0.114558
-0.104996
-0.0950951
-0.0849062
-0.074499
-0.0639664
-0.0534263
-0.0430236
-0.0329306
-0.0233458
-0.0145057
-0.00657028
-0.000262203
0.00601979
0.00520569
0.0181317
-0.212323
-0.207192
-0.203221
-0.19868
-0.193576
-0.18808
-0.182212
-0.175949
-0.169282
-0.162201
-0.154701
-0.146772
-0.138411
-0.129618
-0.1204
-0.110777
-0.100779
-0.0904559
-0.0798765
-0.0691331
-0.058344
-0.0476553
-0.0372408
-0.0273019
-0.0180724
-0.00973846
-0.00290542
0.003634
0.00407019
0.0160384
-0.216067
-0.211215
-0.207881
-0.203701
-0.198857
-0.193609
-0.187973
-0.181916
-0.175421
-0.168481
-0.161086
-0.153229
-0.144905
-0.136113
-0.12686
-0.117165
-0.107057
-0.096585
-0.0858173
-0.0748462
-0.0637904
-0.0527969
-0.0420412
-0.0317259
-0.0220829
-0.0133147
-0.00593156
0.000943153
0.00266514
0.0136877
-0.22312
-0.217061
-0.213712
-0.209729
-0.205011
-0.199879
-0.194373
-0.188448
-0.182076
-0.17524
-0.167926
-0.160124
-0.151823
-0.143021
-0.133724
-0.123948
-0.113722
-0.103093
-0.0921303
-0.0809254
-0.0695977
-0.0582947
-0.0471924
-0.0364937
-0.0264278
-0.0172054
-0.00926071
-0.00198456
0.00101634
0.0111629
-0.22929
-0.222874
-0.219705
-0.215935
-0.211364
-0.206358
-0.20098
-0.195176
-0.188911
-0.182163
-0.174916
-0.167155
-0.158867
-0.150048
-0.140702
-0.130842
-0.120498
-0.109717
-0.0985655
-0.0871364
-0.0755486
-0.0639495
-0.0525146
-0.0414449
-0.0309656
-0.0212899
-0.0127889
-0.00506662
-0.000831409
0.00855555
-0.235745
-0.229
-0.225918
-0.222272
-0.217776
-0.212834
-0.207526
-0.201795
-0.195596
-0.188905
-0.1817
-0.173962
-0.165676
-0.156836
-0.147442
-0.137507
-0.127058
-0.116143
-0.104827
-0.093202
-0.0813866
-0.0695266
-0.0577951
-0.0463899
-0.0355293
-0.0254249
-0.0163935
-0.00820844
-0.00281658
0.00595897
-0.241728
-0.234751
-0.231711
-0.228158
-0.223713
-0.218807
-0.21354
-0.207854
-0.201696
-0.195038
-0.187856
-0.180131
-0.171844
-0.162985
-0.153555
-0.143564
-0.13304
-0.122026
-0.110589
-0.098818
-0.0868303
-0.0747684
-0.0628011
-0.0511203
-0.0399354
-0.0294526
-0.0199399
-0.0113073
-0.00486445
0.00346079
-0.246822
-0.239718
-0.236665
-0.233156
-0.228733
-0.223832
-0.218574
-0.212902
-0.206759
-0.200114
-0.192944
-0.185226
-0.176941
-0.168079
-0.158636
-0.148624
-0.138068
-0.127012
-0.115518
-0.103674
-0.091593
-0.0794127
-0.0672954
-0.0554241
-0.0439968
-0.0332118
-0.0232915
-0.014258
-0.00689283
0.00113713
-0.250466
-0.243373
-0.24025
-0.236735
-0.232309
-0.227393
-0.222123
-0.216446
-0.210304
-0.203665
-0.196506
-0.188804
-0.18054
-0.171703
-0.162289
-0.15231
-0.141787
-0.130763
-0.119299
-0.107478
-0.0954061
-0.0832146
-0.0710563
-0.0591032
-0.0475386
-0.0365514
-0.0263202
-0.0169605
-0.00881954
-0.000951599
-0.252083
-0.245169
-0.241928
-0.238356
-0.233907
-0.228968
-0.223678
-0.217993
-0.211855
-0.205233
-0.198104
-0.190447
-0.182243
-0.173482
-0.164161
-0.154288
-0.143887
-0.132994
-0.121668
-0.109986
-0.0980463
-0.0859707
-0.0739
-0.0619925
-0.0504145
-0.0393437
-0.0289173
-0.0193282
-0.0105699
-0.00276377
-0.251093
-0.244558
-0.241168
-0.237497
-0.233023
-0.228072
-0.222779
-0.217105
-0.210999
-0.20443
-0.197376
-0.189818
-0.18174
-0.173131
-0.163989
-0.154322
-0.144149
-0.133506
-0.122445
-0.111034
-0.0993647
-0.0875453
-0.0757026
-0.0639793
-0.0525226
-0.0414978
-0.0310033
-0.0212945
-0.0120817
-0.0042795
-0.247021
-0.24107
-0.237537
-0.233752
-0.229273
-0.224353
-0.219101
-0.21349
-0.207472
-0.20102
-0.194114
-0.186738
-0.178876
-0.170518
-0.161663
-0.152317
-0.142496
-0.132233
-0.12157
-0.110571
-0.0993135
-0.0878923
-0.0764188
-0.0650181
-0.0538176
-0.042969
-0.0325353
-0.0228195
-0.0133107
-0.00549693
-0.239664
-0.234465
-0.230842
-0.226972
-0.222541
-0.217721
-0.212587
-0.207115
-0.201268
-0.195022
-0.18836
-0.181265
-0.173724
-0.165729
-0.157277
-0.148371
-0.139028
-0.12927
-0.119137
-0.108679
-0.097963
-0.0870694
-0.0760923
-0.0651392
-0.0543171
-0.0437637
-0.0335108
-0.0238942
-0.0142396
-0.0064214
-0.229246
-0.224881
-0.221262
-0.217382
-0.21308
-0.208449
-0.203524
-0.198286
-0.192706
-0.186765
-0.180445
-0.173734
-0.166619
-0.159091
-0.151147
-0.142789
-0.134028
-0.124883
-0.115383
-0.10557
-0.0954983
-0.0852331
-0.0748519
-0.0644445
-0.0540985
-0.0439372
-0.0339661
-0.0245398
-0.0148727
-0.00706892
-0.21644
-0.212886
-0.209383
-0.205601
-0.201518
-0.197164
-0.192539
-0.187624
-0.1824
-0.176849
-0.170959
-0.164716
-0.158108
-0.151127
-0.143768
-0.136031
-0.127924
-0.119459
-0.110659
-0.101556
-0.09219
-0.0826142
-0.07289
-0.0630905
-0.0532853
-0.0435833
-0.0339688
-0.0248026
-0.015233
-0.00746698
-0.202225
-0.199367
-0.196082
-0.192505
-0.188717
-0.184708
-0.180451
-0.175926
-0.17112
-0.166021
-0.160616
-0.154891
-0.148837
-0.142444
-0.135708
-0.128626
-0.1212
-0.113441
-0.105361
-0.0969855
-0.0883436
-0.0794754
-0.0704283
-0.0612604
-0.0520251
-0.0428178
-0.033606
-0.0247458
-0.0153573
-0.00765248
-0.187623
-0.185305
-0.182301
-0.179008
-0.175565
-0.171936
-0.16808
-0.163977
-0.159619
-0.154995
-0.150093
-0.144902
-0.13941
-0.13361
-0.127493
-0.121058
-0.114302
-0.107231
-0.0998538
-0.0921847
-0.0842458
-0.0760658
-0.0676801
-0.0591336
-0.0504661
-0.0417598
-0.0329699
-0.0244398
-0.0152901
-0.00766776
-0.173467
-0.171533
-0.168835
-0.165867
-0.162781
-0.159534
-0.156078
-0.152397
-0.148483
-0.144326
-0.139915
-0.13524
-0.130288
-0.125052
-0.119524
-0.113698
-0.107571
-0.101143
-0.0944196
-0.0874088
-0.0801248
-0.0725876
-0.0648223
-0.0568629
-0.0487376
-0.0405168
-0.032147
-0.0239532
-0.0150773
-0.00755611
-0.160289
-0.158616
-0.156218
-0.153578
-0.150835
-0.147947
-0.144869
-0.141583
-0.138085
-0.134364
-0.13041
-0.126212
-0.121758
-0.11704
-0.112049
-0.106777
-0.10122
-0.0953759
-0.0892439
-0.0828283
-0.0761373
-0.0691835
-0.061984
-0.0545635
-0.0469412
-0.0391765
-0.0312105
-0.0233466
-0.0147619
-0.00735751
-0.148351
-0.146853
-0.144732
-0.142398
-0.139968
-0.137403
-0.134664
-0.131736
-0.128612
-0.125284
-0.12174
-0.117969
-0.113961
-0.109705
-0.105192
-0.100414
-0.0953642
-0.0900368
-0.0844293
-0.0785418
-0.0723776
-0.0659436
-0.0592505
-0.0523157
-0.0451507
-0.0378059
-0.030219
-0.0226705
-0.0143812
-0.00710605
-0.13774
-0.136365
-0.134486
-0.132425
-0.130269
-0.127986
-0.125544
-0.122929
-0.120134
-0.117149
-0.113965
-0.110569
-0.106951
-0.1031
-0.0990055
-0.0946589
-0.0900515
-0.085176
-0.0800273
-0.0746021
-0.0688999
-0.0629234
-0.0566778
-0.0501747
-0.0434199
-0.0364557
-0.0292184
-0.021966
-0.0139663
-0.006829
-0.128463
-0.127181
-0.12551
-0.123683
-0.121761
-0.119718
-0.117529
-0.115182
-0.112669
-0.109979
-0.107103
-0.104029
-0.100746
-0.0972429
-0.093509
-0.0895337
-0.0853075
-0.0808217
-0.0760688
-0.0710433
-0.0657414
-0.0601624
-0.0543074
-0.0481834
-0.0417915
-0.0351672
-0.028247
-0.0212674
-0.0135434
-0.00654758
-0.120519
-0.119312
-0.117813
-0.116181
-0.114454
-0.112612
-0.110634
-0.108511
-0.106233
-0.10379
-0.101173
-0.0983688
-0.0953675
-0.0921572
-0.0887266
-0.0850645
-0.0811603
-0.077004
-0.0725865
-0.0679003
-0.0629392
-0.0576996
-0.0521796
-0.0463823
-0.0403054
-0.0339789
-0.0273398
-0.0206054
-0.0131356
-0.00627849
-0.113932
-0.112784
-0.111424
-0.109949
-0.108379
-0.106698
-0.104892
-0.102949
-0.100861
-0.098619
-0.0962114
-0.0936273
-0.0908552
-0.0878836
-0.0847007
-0.0812947
-0.0776542
-0.0737682
-0.0696264
-0.0652197
-0.0605401
-0.0555819
-0.0503405
-0.0448163
-0.0390044
-0.0329301
-0.0265318
-0.0200099
-0.0127647
-0.00603573
-0.108765
-0.107662
-0.106409
-0.105053
-0.103603
-0.102045
-0.10037
-0.0985656
-0.0966242
-0.0945358
-0.0922896
-0.0898746
-0.0872794
-0.084492
-0.0815006
-0.0782929
-0.074857
-0.0711811
-0.067254
-0.0630655
-0.0586062
-0.0538687
-0.0488468
-0.0435386
-0.0379373
-0.0320647
-0.0258608
-0.0195115
-0.0124522
-0.00583186
-0.105126
-0.104055
-0.102874
-0.101601
-0.100233
-0.0987611
-0.0971755
-0.0954671
-0.0936269
-0.0916448
-0.0895105
-0.0872128
-0.0847403
-0.082081
-0.0792229
-0.0761534
-0.0728603
-0.0693313
-0.0655546
-0.0615191
-0.0572148
-0.0526329
-0.0477662
-0.0426112
-0.03716
-0.0314317
-0.0253678
-0.019143
-0.0122199
-0.00567674
-0.103189
-0.102134
-0.100992
-0.0997618
-0.0984371
-0.0970098
-0.0954715
-0.0938134
-0.0920262
-0.0901
-0.0880245
-0.0857886
-0.0833808
-0.0807891
-0.0780014
-0.075005
-0.0717875
-0.0683363
-0.0646394
-0.0606853
-0.0564635
-0.0519647
-0.0471809
-0.0421082
-0.0367379
-0.0310874
-0.0251009
-0.0189414
-0.0121001
-0.00557411
-0.220003
-0.210026
-0.213451
-0.218209
-0.225055
-0.233686
-0.241778
-0.249302
-0.256824
-0.263276
-0.268221
-0.271075
-0.271237
-0.268143
-0.261429
-0.25114
-0.237835
-0.222513
-0.20636
-0.190442
-0.175504
-0.161928
-0.149823
-0.139163
-0.129885
-0.121954
-0.115379
-0.110221
-0.106588
-0.104653
-0.219297
-0.218069
-0.222562
-0.227707
-0.234481
-0.241401
-0.249188
-0.256535
-0.263598
-0.269643
-0.274218
-0.276765
-0.276669
-0.273346
-0.266404
-0.255871
-0.242308
-0.226724
-0.210313
-0.19414
-0.178944
-0.165108
-0.152749
-0.141849
-0.132356
-0.12424
-0.117514
-0.112239
-0.108524
-0.106546
-0.223444
-0.226578
-0.231774
-0.236821
-0.24274
-0.249065
-0.255893
-0.262606
-0.269051
-0.274658
-0.278964
-0.281396
-0.281288
-0.277985
-0.271026
-0.260396
-0.246655
-0.230838
-0.214171
-0.197739
-0.182285
-0.168194
-0.155589
-0.144458
-0.134757
-0.126464
-0.119591
-0.114203
-0.11041
-0.108391
-0.230862
-0.235888
-0.240588
-0.245525
-0.251113
-0.257158
-0.263427
-0.269629
-0.275556
-0.280735
-0.284708
-0.286884
-0.286563
-0.283045
-0.275845
-0.264945
-0.250918
-0.234822
-0.217889
-0.201202
-0.1855
-0.171165
-0.158323
-0.146972
-0.137076
-0.128613
-0.121602
-0.116107
-0.112241
-0.110183
-0.239503
-0.245049
-0.249125
-0.253912
-0.259189
-0.264838
-0.270666
-0.276434
-0.281922
-0.286727
-0.290388
-0.292302
-0.291739
-0.28797
-0.280498
-0.269313
-0.255003
-0.238637
-0.221454
-0.204529
-0.188594
-0.174028
-0.160962
-0.149402
-0.139317
-0.130694
-0.12355
-0.117953
-0.114016
-0.111921
-0.248467
-0.253781
-0.257481
-0.262026
-0.266943
-0.27217
-0.277553
-0.282907
-0.288004
-0.29248
-0.295869
-0.297544
-0.296748
-0.292727
-0.28498
-0.273506
-0.258914
-0.242289
-0.224868
-0.207719
-0.191564
-0.17678
-0.163503
-0.151743
-0.14148
-0.132702
-0.125433
-0.119738
-0.115734
-0.113603
-0.257304
-0.262174
-0.265619
-0.269882
-0.274437
-0.27928
-0.284251
-0.289217
-0.293958
-0.29813
-0.301257
-0.302691
-0.301647
-0.297355
-0.289313
-0.277538
-0.262661
-0.24578
-0.228131
-0.210769
-0.194408
-0.179418
-0.16594
-0.153992
-0.143559
-0.134636
-0.127247
-0.12146
-0.117391
-0.115227
-0.265818
-0.2703
-0.273526
-0.277503
-0.281713
-0.286221
-0.29083
-0.295443
-0.299855
-0.303736
-0.306599
-0.307776
-0.30646
-0.301869
-0.293509
-0.281416
-0.266249
-0.249113
-0.231243
-0.213679
-0.19712
-0.181937
-0.168269
-0.156144
-0.145552
-0.136492
-0.12899
-0.123116
-0.118987
-0.116791
-0.274006
-0.278186
-0.281223
-0.284942
-0.288933
-0.293049
-0.297329
-0.30162
-0.305727
-0.309323
-0.311916
-0.312817
-0.311201
-0.306282
-0.297576
-0.285148
-0.26968
-0.252289
-0.234202
-0.216443
-0.199699
-0.184333
-0.170488
-0.158197
-0.147455
-0.138266
-0.130659
-0.124703
-0.120519
-0.118293
-0.281914
-0.285868
-0.288744
-0.292237
-0.295963
-0.2998
-0.303787
-0.307782
-0.311599
-0.314915
-0.317226
-0.317829
-0.315884
-0.310603
-0.301523
-0.288738
-0.272957
-0.255308
-0.237006
-0.21906
-0.20214
-0.186602
-0.172591
-0.160145
-0.149265
-0.139957
-0.132252
-0.126221
-0.121984
-0.119731
-0.289595
-0.293388
-0.296129
-0.299433
-0.302917
-0.306519
-0.310239
-0.313958
-0.317496
-0.32053
-0.322546
-0.322825
-0.320518
-0.314842
-0.305356
-0.29219
-0.276081
-0.258168
-0.239653
-0.221526
-0.204438
-0.188739
-0.174575
-0.161987
-0.150979
-0.141562
-0.133767
-0.127667
-0.123382
-0.121103
-0.297107
-0.300792
-0.30342
-0.306563
-0.309853
-0.313238
-0.316713
-0.320173
-0.323439
-0.326187
-0.32789
-0.327818
-0.325114
-0.319004
-0.309078
-0.295504
-0.279051
-0.260867
-0.24214
-0.223836
-0.20659
-0.190742
-0.176436
-0.163718
-0.152594
-0.143077
-0.135201
-0.129038
-0.124709
-0.122408
-0.304506
-0.308124
-0.310658
-0.313663
-0.316792
-0.319984
-0.323234
-0.326447
-0.329446
-0.3319
-0.333272
-0.332818
-0.329678
-0.323094
-0.312689
-0.298679
-0.281865
-0.263401
-0.244461
-0.225986
-0.20859
-0.192605
-0.178171
-0.165334
-0.154107
-0.144501
-0.136551
-0.130332
-0.125965
-0.123643
-0.311846
-0.31543
-0.31789
-0.320812
-0.32377
-0.326785
-0.329827
-0.332803
-0.335534
-0.337683
-0.338701
-0.337832
-0.334215
-0.327112
-0.31619
-0.301713
-0.284518
-0.265765
-0.246611
-0.22797
-0.210435
-0.194324
-0.179775
-0.166834
-0.155514
-0.14583
-0.137817
-0.131549
-0.127148
-0.124808
-0.319174
-0.322749
-0.325151
-0.327978
-0.330813
-0.333669
-0.336514
-0.339259
-0.34172
-0.34355
-0.344188
-0.342866
-0.338726
-0.331056
-0.319574
-0.304598
-0.287003
-0.267953
-0.248585
-0.229784
-0.212119
-0.195895
-0.181245
-0.168214
-0.156815
-0.147063
-0.138995
-0.132685
-0.128255
-0.1259
-0.326536
-0.330122
-0.33248
-0.335227
-0.337956
-0.340664
-0.343321
-0.345835
-0.348018
-0.349512
-0.34974
-0.347922
-0.343208
-0.334921
-0.322833
-0.307326
-0.289311
-0.269956
-0.250375
-0.231421
-0.213638
-0.197315
-0.182578
-0.16947
-0.158005
-0.148198
-0.140084
-0.133739
-0.129286
-0.126918
-0.333974
-0.337588
-0.339913
-0.342599
-0.34523
-0.347796
-0.350268
-0.35255
-0.354444
-0.355579
-0.355361
-0.353
-0.347657
-0.338696
-0.325956
-0.309885
-0.291431
-0.271765
-0.251973
-0.232875
-0.214987
-0.198579
-0.183771
-0.170601
-0.159083
-0.149232
-0.141083
-0.13471
-0.130238
-0.12786
-0.341533
-0.345187
-0.3475
-0.350125
-0.352664
-0.355093
-0.357379
-0.359422
-0.361011
-0.361759
-0.361053
-0.358094
-0.35206
-0.342366
-0.328926
-0.312259
-0.293351
-0.27337
-0.253373
-0.234141
-0.216161
-0.199684
-0.18482
-0.171604
-0.160047
-0.150163
-0.141988
-0.135596
-0.13111
-0.128725
-0.349255
-0.35296
-0.355259
-0.357838
-0.360289
-0.362582
-0.364678
-0.366469
-0.367731
-0.368057
-0.366813
-0.363194
-0.356401
-0.345912
-0.331724
-0.31443
-0.295056
-0.274759
-0.254564
-0.235212
-0.217155
-0.200627
-0.185724
-0.172478
-0.160895
-0.150991
-0.1428
-0.136396
-0.131902
-0.129512
-0.357173
-0.36093
-0.363239
-0.365775
-0.368139
-0.370292
-0.372188
-0.373709
-0.374615
-0.374475
-0.372634
-0.368284
-0.360659
-0.349307
-0.334324
-0.316379
-0.296528
-0.275921
-0.255539
-0.236082
-0.217967
-0.201404
-0.18648
-0.173219
-0.161626
-0.151713
-0.143517
-0.137108
-0.132611
-0.13022
-0.365313
-0.369112
-0.371476
-0.373977
-0.376249
-0.37825
-0.37993
-0.381156
-0.381669
-0.381009
-0.378502
-0.37334
-0.364801
-0.352522
-0.336699
-0.31808
-0.297751
-0.276841
-0.256289
-0.236745
-0.218591
-0.202014
-0.187086
-0.173826
-0.162237
-0.152329
-0.144136
-0.137731
-0.133237
-0.130847
-0.373794
-0.377845
-0.380028
-0.38248
-0.384652
-0.386488
-0.387928
-0.388825
-0.388895
-0.387651
-0.384395
-0.37833
-0.368792
-0.355518
-0.338815
-0.319509
-0.298706
-0.277509
-0.256805
-0.237196
-0.219024
-0.202453
-0.187541
-0.174299
-0.162729
-0.152837
-0.144658
-0.138265
-0.133778
-0.131392
-0.382606
-0.386667
-0.388909
-0.391319
-0.393381
-0.395031
-0.396201
-0.396724
-0.39629
-0.394381
-0.390281
-0.383212
-0.372584
-0.358251
-0.340636
-0.320637
-0.299373
-0.27791
-0.25708
-0.23743
-0.219264
-0.20272
-0.187842
-0.174637
-0.163099
-0.153236
-0.145082
-0.138707
-0.134234
-0.131855
-0.39181
-0.395948
-0.398201
-0.400549
-0.402478
-0.403911
-0.404766
-0.404857
-0.403842
-0.401171
-0.396115
-0.387931
-0.376122
-0.360672
-0.342123
-0.321436
-0.299733
-0.278032
-0.257106
-0.237443
-0.219308
-0.202813
-0.18799
-0.174837
-0.163347
-0.153526
-0.145406
-0.139058
-0.134603
-0.132234
-0.401475
-0.405706
-0.40795
-0.410215
-0.411981
-0.413153
-0.413635
-0.413219
-0.411527
-0.407978
-0.401839
-0.392422
-0.379342
-0.362726
-0.343233
-0.321878
-0.299767
-0.277866
-0.256876
-0.237232
-0.219155
-0.202733
-0.187985
-0.174902
-0.163474
-0.153706
-0.14563
-0.139316
-0.134885
-0.132529
-0.411656
-0.415987
-0.41821
-0.420366
-0.421927
-0.42278
-0.422813
-0.421793
-0.419305
-0.41474
-0.407377
-0.396603
-0.382169
-0.364353
-0.343924
-0.321933
-0.299459
-0.277399
-0.256387
-0.236794
-0.218803
-0.202478
-0.187825
-0.174829
-0.163478
-0.153776
-0.145753
-0.139481
-0.13508
-0.132739
-0.422443
-0.426871
-0.429051
-0.431058
-0.432354
-0.432807
-0.432292
-0.430545
-0.427117
-0.421376
-0.412633
-0.400379
-0.384521
-0.365491
-0.344152
-0.321575
-0.298791
-0.276626
-0.255633
-0.236128
-0.218253
-0.202049
-0.187512
-0.17462
-0.16336
-0.153735
-0.145776
-0.139553
-0.135186
-0.132863
-0.433939
-0.438443
-0.440547
-0.442346
-0.443294
-0.443241
-0.442047
-0.439419
-0.434874
-0.427774
-0.417489
-0.403641
-0.38631
-0.366075
-0.343876
-0.320779
-0.297753
-0.275539
-0.254614
-0.235235
-0.217506
-0.201448
-0.187046
-0.174276
-0.163121
-0.153585
-0.145698
-0.139532
-0.135204
-0.132901
-0.446239
-0.4508
-0.452781
-0.454286
-0.454769
-0.454066
-0.452025
-0.448324
-0.442456
-0.433797
-0.421806
-0.406268
-0.387443
-0.366045
-0.34306
-0.319525
-0.296333
-0.274135
-0.253329
-0.234115
-0.216563
-0.200676
-0.186429
-0.173796
-0.16276
-0.153324
-0.14552
-0.139416
-0.135132
-0.132853
-0.459476
-0.464063
-0.465842
-0.466928
-0.466783
-0.465238
-0.462135
-0.457129
-0.449699
-0.439267
-0.425421
-0.40813
-0.38783
-0.365342
-0.341671
-0.317799
-0.294528
-0.272415
-0.25178
-0.232771
-0.215427
-0.199734
-0.185663
-0.173184
-0.16228
-0.152955
-0.145241
-0.139207
-0.134972
-0.132717
-0.473817
-0.478373
-0.479827
-0.480306
-0.479306
-0.476666
-0.47223
-0.465641
-0.456388
-0.443976
-0.428155
-0.409093
-0.387383
-0.363917
-0.339685
-0.315592
-0.292337
-0.270381
-0.249972
-0.231207
-0.214101
-0.198627
-0.18475
-0.17244
-0.16168
-0.152476
-0.144861
-0.138904
-0.134721
-0.132495
-0.489475
-0.493899
-0.494826
-0.49442
-0.492247
-0.488183
-0.482086
-0.473598
-0.46225
-0.447675
-0.429813
-0.409022
-0.38602
-0.361728
-0.337084
-0.312898
-0.28976
-0.268036
-0.247907
-0.229427
-0.212588
-0.197356
-0.183691
-0.171565
-0.160962
-0.15189
-0.144382
-0.138507
-0.134382
-0.132186
-0.506737
-0.510835
-0.510901
-0.509197
-0.505424
-0.499523
-0.491378
-0.480652
-0.46696
-0.450095
-0.430201
-0.407797
-0.383677
-0.358746
-0.333861
-0.30972
-0.286803
-0.265388
-0.245591
-0.227435
-0.210893
-0.195924
-0.182489
-0.170561
-0.160127
-0.151196
-0.143803
-0.138017
-0.133953
-0.131789
-0.526022
-0.529391
-0.528047
-0.524444
-0.518512
-0.510279
-0.499664
-0.486378
-0.470154
-0.45097
-0.429153
-0.405335
-0.380328
-0.354977
-0.330036
-0.306083
-0.283492
-0.262457
-0.243044
-0.225247
-0.209027
-0.19434
-0.181151
-0.169434
-0.159179
-0.150398
-0.143126
-0.137434
-0.133435
-0.131306
-0.547983
-0.549739
-0.546093
-0.539739
-0.530946
-0.51983
-0.506335
-0.490245
-0.471432
-0.45005
-0.426551
-0.401611
-0.376003
-0.350479
-0.325675
-0.30205
-0.279881
-0.259291
-0.240303
-0.222892
-0.207012
-0.192623
-0.17969
-0.168193
-0.158125
-0.1495
-0.142355
-0.13676
-0.13283
-0.130736
-0.57343
-0.571676
-0.564353
-0.554125
-0.541666
-0.527153
-0.510504
-0.491563
-0.470331
-0.447068
-0.422275
-0.396595
-0.370718
-0.345286
-0.320813
-0.297652
-0.275992
-0.255902
-0.237375
-0.220372
-0.204851
-0.190771
-0.178105
-0.166837
-0.156963
-0.1485
-0.141488
-0.135995
-0.132136
-0.13008
-0.602843
-0.593922
-0.581074
-0.565893
-0.549144
-0.531012
-0.511273
-0.489752
-0.466506
-0.441825
-0.416181
-0.390148
-0.364319
-0.339224
-0.315268
-0.292706
-0.271655
-0.252137
-0.234125
-0.217576
-0.202449
-0.18871
-0.176338
-0.165321
-0.155662
-0.147379
-0.140512
-0.135133
-0.131352
-0.129337
-0.637948
-0.615367
-0.594616
-0.574056
-0.552994
-0.531439
-0.508958
-0.485257
-0.460378
-0.434604
-0.408374
-0.382204
-0.356611
-0.332024
-0.308743
-0.286922
-0.266603
-0.247764
-0.230359
-0.214342
-0.199676
-0.186338
-0.174311
-0.16359
-0.154183
-0.146109
-0.139413
-0.134165
-0.130475
-0.128508
-0.683448
-0.638108
-0.605401
-0.579062
-0.553945
-0.529221
-0.504307
-0.478777
-0.452613
-0.426066
-0.399537
-0.373487
-0.348351
-0.324458
-0.30199
-0.281004
-0.261473
-0.243344
-0.226558
-0.211075
-0.196869
-0.183925
-0.172237
-0.161805
-0.152643
-0.144773
-0.138241
-0.13312
-0.129518
-0.127597
-0.695076
-0.632224
-0.59281
-0.56415
-0.538321
-0.513531
-0.489097
-0.464551
-0.439748
-0.414799
-0.389966
-0.365587
-0.341983
-0.319402
-0.297988
-0.277803
-0.258858
-0.241145
-0.224657
-0.209392
-0.195347
-0.182528
-0.170938
-0.160585
-0.151487
-0.143671
-0.137183
-0.132096
-0.128517
-0.12661
-0.476912
-0.488165
-0.487245
-0.481245
-0.47195
-0.460168
-0.446492
-0.431193
-0.414434
-0.396406
-0.377358
-0.357592
-0.337442
-0.317247
-0.297324
-0.277948
-0.259346
-0.24169
-0.2251
-0.209655
-0.195401
-0.182369
-0.170576
-0.160039
-0.150778
-0.142823
-0.136223
-0.131049
-0.127412
-0.125475
-0.455625
-0.470825
-0.475292
-0.472805
-0.466015
-0.45594
-0.443285
-0.428518
-0.411966
-0.393938
-0.374783
-0.35489
-0.334658
-0.314458
-0.29461
-0.275367
-0.256926
-0.239434
-0.222993
-0.20768
-0.193539
-0.180606
-0.1689
-0.15844
-0.149248
-0.141356
-0.134809
-0.129678
-0.126073
-0.124153
-0.443879
-0.454873
-0.458954
-0.458181
-0.45359
-0.445602
-0.434714
-0.421364
-0.405919
-0.388743
-0.370236
-0.350838
-0.330992
-0.311107
-0.291527
-0.272521
-0.254291
-0.236983
-0.220704
-0.205529
-0.191509
-0.178682
-0.167071
-0.156697
-0.147584
-0.139761
-0.133275
-0.128194
-0.124625
-0.122725
-0.428698
-0.437036
-0.441089
-0.441901
-0.439453
-0.43368
-0.424807
-0.413145
-0.399035
-0.382873
-0.365119
-0.346279
-0.32686
-0.307323
-0.288043
-0.269307
-0.25132
-0.234231
-0.218144
-0.203138
-0.189265
-0.176568
-0.165072
-0.154801
-0.14578
-0.13804
-0.131623
-0.126599
-0.12307
-0.121192
-0.415068
-0.421815
-0.425582
-0.427066
-0.425879
-0.42167
-0.414411
-0.404236
-0.391402
-0.376281
-0.359349
-0.341151
-0.32224
-0.303118
-0.284191
-0.265763
-0.248051
-0.231205
-0.215334
-0.200518
-0.186813
-0.174265
-0.162902
-0.152751
-0.143837
-0.13619
-0.129853
-0.124893
-0.12141
-0.119557
-0.402745
-0.408398
-0.41174
-0.413424
-0.412957
-0.409836
-0.403838
-0.394936
-0.383271
-0.36916
-0.353064
-0.335546
-0.317187
-0.298524
-0.279988
-0.2619
-0.24449
-0.227912
-0.212279
-0.197674
-0.184158
-0.171779
-0.160567
-0.15055
-0.141757
-0.134215
-0.127967
-0.123079
-0.119648
-0.117822
-0.391292
-0.39616
-0.399113
-0.400813
-0.400755
-0.398378
-0.39334
-0.385483
-0.37484
-0.361661
-0.346372
-0.329537
-0.311751
-0.293573
-0.275456
-0.257735
-0.240651
-0.224362
-0.208988
-0.194614
-0.181305
-0.169113
-0.158068
-0.148202
-0.139542
-0.132117
-0.125969
-0.121159
-0.117785
-0.11599
-0.380605
-0.384882
-0.387497
-0.389123
-0.38928
-0.387398
-0.383068
-0.376043
-0.366264
-0.353911
-0.339373
-0.323197
-0.305982
-0.288301
-0.27062
-0.253283
-0.236544
-0.220563
-0.205467
-0.191343
-0.178259
-0.166272
-0.155411
-0.145709
-0.137197
-0.1299
-0.12386
-0.119136
-0.115824
-0.114062
-0.37061
-0.374417
-0.376734
-0.378243
-0.378491
-0.376925
-0.373107
-0.366729
-0.357656
-0.346009
-0.332143
-0.316588
-0.299928
-0.282744
-0.265509
-0.248567
-0.232184
-0.216526
-0.201726
-0.187867
-0.175027
-0.163261
-0.152598
-0.143076
-0.134724
-0.127567
-0.121644
-0.117014
-0.113768
-0.112042
-0.361239
-0.364653
-0.366704
-0.368075
-0.368336
-0.366963
-0.363501
-0.357603
-0.349085
-0.338023
-0.324744
-0.309761
-0.293637
-0.276945
-0.260152
-0.243607
-0.227589
-0.212264
-0.197772
-0.184193
-0.171612
-0.160084
-0.149635
-0.140306
-0.132127
-0.12512
-0.119325
-0.114795
-0.11162
-0.109933
-0.352432
-0.355507
-0.357316
-0.358539
-0.358762
-0.35749
-0.354254
-0.348686
-0.340584
-0.330035
-0.317239
-0.302765
-0.28715
-0.270929
-0.254561
-0.238418
-0.222782
-0.207793
-0.193619
-0.180327
-0.168021
-0.156746
-0.146525
-0.137404
-0.12941
-0.122564
-0.116904
-0.112482
-0.109384
-0.107737
-0.344144
-0.346918
-0.348503
-0.349573
-0.349716
-0.348461
-0.345327
-0.340025
-0.332216
-0.322167
-0.309742
-0.295672
-0.280472
-0.264671
-0.248712
-0.232986
-0.217767
-0.203119
-0.189279
-0.176284
-0.164261
-0.153253
-0.143273
-0.134373
-0.126577
-0.119903
-0.114387
-0.110078
-0.107062
-0.105459
-0.336335
-0.338838
-0.340211
-0.341117
-0.34113
-0.339845
-0.336723
-0.331786
-0.324132
-0.314257
-0.302188
-0.288472
-0.27365
-0.258243
-0.242689
-0.227354
-0.212482
-0.198219
-0.18475
-0.172073
-0.160345
-0.149614
-0.139883
-0.131216
-0.123631
-0.117139
-0.111776
-0.107588
-0.104659
-0.103101
-0.328976
-0.33123
-0.332392
-0.333099
-0.332992
-0.33174
-0.328678
-0.323626
-0.316159
-0.306428
-0.294614
-0.281189
-0.266699
-0.251655
-0.236484
-0.22153
-0.207024
-0.193131
-0.179984
-0.167685
-0.156269
-0.145839
-0.136363
-0.127941
-0.120577
-0.114277
-0.109076
-0.105015
-0.102177
-0.100668
-0.322045
-0.324055
-0.324997
-0.325499
-0.325489
-0.323971
-0.32085
-0.315734
-0.30833
-0.298683
-0.287033
-0.273837
-0.259631
-0.244915
-0.230105
-0.21552
-0.201384
-0.187859
-0.175065
-0.163104
-0.152012
-0.141925
-0.132726
-0.124554
-0.11742
-0.111321
-0.10629
-0.102362
-0.09962
-0.0981618
-0.315537
-0.317284
-0.318072
-0.318539
-0.318164
-0.316536
-0.313306
-0.30809
-0.300648
-0.291012
-0.27945
-0.266421
-0.252452
-0.238032
-0.223558
-0.209331
-0.195563
-0.182409
-0.169979
-0.15837
-0.147624
-0.13783
-0.128964
-0.121061
-0.114166
-0.108277
-0.103422
-0.0996339
-0.0969923
-0.0955872
-0.30946
-0.310947
-0.311604
-0.311819
-0.311229
-0.30944
-0.306041
-0.300665
-0.293106
-0.283407
-0.271864
-0.258942
-0.245166
-0.231009
-0.216849
-0.202969
-0.189565
-0.176784
-0.164728
-0.153482
-0.143092
-0.13362
-0.125066
-0.117455
-0.110819
-0.105151
-0.100477
-0.0968341
-0.0942976
-0.0929477
-0.303776
-0.305035
-0.305467
-0.305463
-0.304664
-0.30266
-0.299037
-0.293439
-0.285687
-0.275854
-0.264263
-0.251394
-0.237768
-0.223844
-0.209979
-0.196435
-0.183395
-0.170991
-0.159315
-0.148444
-0.13842
-0.129288
-0.121059
-0.113743
-0.107368
-0.101943
-0.0974637
-0.0939682
-0.0915401
-0.0902473
-0.2985
-0.299479
-0.299705
-0.299478
-0.298439
-0.296176
-0.292274
-0.286389
-0.278372
-0.268334
-0.256632
-0.243766
-0.230251
-0.216533
-0.202947
-0.189732
-0.177054
-0.165031
-0.153745
-0.14326
-0.133614
-0.124838
-0.116945
-0.109938
-0.103837
-0.0986389
-0.0943857
-0.0910405
-0.0887247
-0.0874906
-0.293634
-0.294286
-0.294317
-0.293847
-0.292537
-0.289971
-0.28573
-0.27949
-0.271134
-0.260823
-0.248952
-0.23604
-0.222605
-0.209069
-0.195748
-0.182857
-0.170543
-0.158908
-0.148022
-0.137935
-0.128678
-0.120273
-0.112727
-0.106041
-0.100226
-0.0952766
-0.0912269
-0.0880518
-0.0858554
-0.0846818
-0.289153
-0.289486
-0.289297
-0.288563
-0.286946
-0.284025
-0.279382
-0.272712
-0.263943
-0.25329
-0.241194
-0.228198
-0.214811
-0.201442
-0.188376
-0.175808
-0.163862
-0.152624
-0.142148
-0.132472
-0.123618
-0.115597
-0.108412
-0.102058
-0.0965376
-0.0918474
-0.0880096
-0.0850097
-0.0829314
-0.081824
-0.285074
-0.285086
-0.284647
-0.283618
-0.281652
-0.278319
-0.273201
-0.266022
-0.256762
-0.245701
-0.233329
-0.220211
-0.206852
-0.193636
-0.180823
-0.16858
-0.15701
-0.146179
-0.136126
-0.126876
-0.118439
-0.110816
-0.104004
-0.0979926
-0.0927784
-0.0883551
-0.0847374
-0.081917
-0.0799609
-0.0789208
-0.281418
-0.281097
-0.280372
-0.279013
-0.276645
-0.27283
-0.267156
-0.259379
-0.249548
-0.238013
-0.225319
-0.212051
-0.198704
-0.185635
-0.173077
-0.161166
-0.149984
-0.139574
-0.12996
-0.121151
-0.113146
-0.105935
-0.0995092
-0.0938514
-0.088953
-0.0848048
-0.0814146
-0.0787779
-0.0769482
-0.0759768
-0.27821
-0.277538
-0.276483
-0.274744
-0.271912
-0.267533
-0.261207
-0.252736
-0.242248
-0.230176
-0.21712
-0.203681
-0.190338
-0.17742
-0.165125
-0.15356
-0.142781
-0.132811
-0.123653
-0.115302
-0.107743
-0.10096
-0.0949324
-0.0896396
-0.0850666
-0.0812014
-0.0780458
-0.075597
-0.0738975
-0.0729964
-0.275485
-0.274435
-0.272995
-0.270815
-0.267438
-0.262397
-0.255307
-0.246035
-0.234803
-0.222133
-0.208682
-0.19506
-0.181725
-0.168969
-0.156953
-0.145755
-0.1354
-0.125888
-0.117207
-0.109332
-0.102237
-0.0958958
-0.0902796
-0.0853626
-0.0811245
-0.07755
-0.0746357
-0.0723789
-0.0708133
-0.069984
-0.273288
-0.271822
-0.269927
-0.267227
-0.263204
-0.25738
-0.249397
-0.239205
-0.227138
-0.213816
-0.199948
-0.186143
-0.172829
-0.160257
-0.148547
-0.13774
-0.127835
-0.118808
-0.110625
-0.103246
-0.0966332
-0.0907484
-0.0855566
-0.0810262
-0.0771321
-0.0738557
-0.071189
-0.0691283
-0.0676998
-0.0669438
-0.271685
-0.269737
-0.267302
-0.26398
-0.259186
-0.252429
-0.243402
-0.232159
-0.219166
-0.205148
-0.190853
-0.17688
-0.163614
-0.151258
-0.139888
-0.129508
-0.120085
-0.111571
-0.10391
-0.0970494
-0.0909364
-0.0855238
-0.0807694
-0.0766362
-0.073095
-0.0701237
-0.0677105
-0.0658499
-0.0645615
-0.0638803
-0.270771
-0.268226
-0.265149
-0.261072
-0.255343
-0.247471
-0.237223
-0.224788
-0.210784
-0.196035
-0.181322
-0.167213
-0.15404
-0.141947
-0.130962
-0.12105
-0.112147
-0.104177
-0.0970675
-0.0907475
-0.0851534
-0.0802286
-0.0759242
-0.0721987
-0.0690188
-0.0663593
-0.064205
-0.0625483
-0.0614028
-0.0607978
-0.270652
-0.267362
-0.263497
-0.258492
-0.251617
-0.242406
-0.230731
-0.216956
-0.201864
-0.186375
-0.171275
-0.157084
-0.144064
-0.132295
-0.121753
-0.11236
-0.104018
-0.0966304
-0.0901014
-0.0843465
-0.0792907
-0.0748694
-0.0710277
-0.0677198
-0.0649092
-0.0625678
-0.0606775
-0.0592281
-0.0582281
-0.0577005
-0.271472
-0.267233
-0.26238
-0.25621
-0.247919
-0.237093
-0.223759
-0.208494
-0.192258
-0.176047
-0.160621
-0.146427
-0.133642
-0.122276
-0.112245
-0.10343
-0.0957005
-0.0889338
-0.0830175
-0.077853
-0.0733555
-0.0694533
-0.0660865
-0.0632058
-0.0607719
-0.0587545
-0.0571328
-0.0558941
-0.0550418
-0.0545927
-0.273434
-0.267951
-0.261823
-0.254169
-0.24411
-0.231332
-0.216082
-0.199191
-0.18179
-0.164915
-0.149263
-0.135176
-0.122734
-0.111865
-0.102427
-0.0942572
-0.0871944
-0.0810924
-0.0758226
-0.0712746
-0.0673555
-0.0639877
-0.0611075
-0.0586631
-0.056613
-0.054925
-0.053576
-0.0525508
-0.0518483
-0.0514788
-0.27683
-0.269652
-0.261833
-0.252258
-0.239974
-0.224842
-0.207408
-0.188786
-0.170254
-0.152829
-0.137096
-0.123263
-0.111297
-0.10104
-0.0922898
-0.0848412
-0.0785045
-0.0731134
-0.0685251
-0.0646201
-0.061299
-0.0584805
-0.0560981
-0.0540984
-0.0524384
-0.0510845
-0.050012
-0.049203
-0.048652
-0.048363
-0.282097
-0.272499
-0.262366
-0.250272
-0.235174
-0.217218
-0.197346
-0.176957
-0.157409
-0.139623
-0.124012
-0.110623
-0.0992956
-0.0897844
-0.0818289
-0.075185
-0.0696383
-0.0650059
-0.0611349
-0.0578991
-0.0551954
-0.0529401
-0.0510659
-0.0495184
-0.0482542
-0.0472388
-0.0464458
-0.0458552
-0.0454572
-0.0452494
-0.289921
-0.276666
-0.263275
-0.247832
-0.229167
-0.207875
-0.185381
-0.163311
-0.142985
-0.125122
-0.109907
-0.0971982
-0.0867024
-0.0780898
-0.0710466
-0.0652969
-0.0606066
-0.0567819
-0.0536636
-0.0511225
-0.0490544
-0.0473755
-0.0460187
-0.0449301
-0.0440666
-0.0433932
-0.0428824
-0.042512
-0.0422682
-0.0421423
-0.301394
-0.282278
-0.264154
-0.24423
-0.221091
-0.195998
-0.170872
-0.147406
-0.126701
-0.109162
-0.0946921
-0.0829458
-0.073503
-0.0659574
-0.0599527
-0.0551898
-0.0514233
-0.0484545
-0.0461232
-0.044301
-0.0428854
-0.0417947
-0.0409637
-0.04034
-0.0398812
-0.0395529
-0.0393265
-0.0391778
-0.0390892
-0.0390458
-0.317967
-0.288983
-0.263961
-0.238219
-0.209713
-0.180573
-0.153107
-0.128791
-0.108295
-0.091603
-0.0783017
-0.0678449
-0.0596994
-0.0534004
-0.0485642
-0.0448811
-0.0421045
-0.0400379
-0.0385259
-0.0374449
-0.0366973
-0.0362054
-0.0359075
-0.0357537
-0.0357034
-0.0357227
-0.0357825
-0.0358569
-0.0359244
-0.0359638
-0.340616
-0.295179
-0.260598
-0.22778
-0.193278
-0.160276
-0.131207
-0.106944
-0.0874871
-0.0723138
-0.0606889
-0.0518923
-0.0453093
-0.0404444
-0.0369082
-0.0343967
-0.0326732
-0.0315524
-0.0308892
-0.0305694
-0.0305029
-0.0306186
-0.0308595
-0.0311793
-0.03154
-0.0319084
-0.0322557
-0.0325538
-0.0327778
-0.0329002
-0.370795
-0.298785
-0.250284
-0.20881
-0.168351
-0.132718
-0.103723
-0.0810777
-0.0638965
-0.0511371
-0.0418111
-0.0351003
-0.0303694
-0.0271355
-0.0250328
-0.0237831
-0.023173
-0.0230376
-0.0232486
-0.0237055
-0.0243293
-0.0250572
-0.0258388
-0.0266326
-0.0274035
-0.0281201
-0.0287535
-0.0292743
-0.0296541
-0.0298591
-0.417578
-0.295674
-0.222483
-0.171486
-0.128312
-0.0942087
-0.0688582
-0.0504293
-0.0372604
-0.0280317
-0.0217168
-0.0175493
-0.0149674
-0.0135585
-0.0130163
-0.0131105
-0.013666
-0.0145478
-0.0156509
-0.0168934
-0.0182102
-0.0195495
-0.0208687
-0.0221323
-0.0233089
-0.0243693
-0.025285
-0.0260255
-0.0265588
-0.0268452
-0.432305
-0.241919
-0.152145
-0.104574
-0.0695048
-0.0445441
-0.0275079
-0.0160002
-0.00839734
-0.0036007
-0.000830492
0.000471335
0.000706642
0.000168982
-0.000923686
-0.00240687
-0.00415452
-0.00606876
-0.00807271
-0.0101054
-0.0121177
-0.0140695
-0.0159272
-0.0176612
-0.019244
-0.0206488
-0.0218474
-0.0228079
-0.023495
-0.023863
-0.0111887
-0.0805448
-0.0669226
-0.0469884
-0.0260982
-0.0104728
9.46576e-05
0.00679868
0.0106877
0.0125683
0.0130223
0.0124607
0.0111755
0.00937786
0.00722506
0.00483675
0.00230612
-0.000293027
-0.00290136
-0.00547057
-0.00796073
-0.0103381
-0.0125734
-0.0146398
-0.0165118
-0.0181627
-0.0195643
-0.0206829
-0.0214808
-0.0219075
0.117179
0.00642899
-0.0129184
-0.0104094
6.67784e-05
0.0090867
0.0153103
0.0189974
0.0206945
0.0209291
0.0201125
0.0185473
0.0164534
0.0139927
0.0112875
0.00843235
0.00550234
0.00255783
-0.000351786
-0.00318555
-0.00590896
-0.00849226
-0.010909
-0.0131342
-0.0151437
-0.0169114
-0.0184091
-0.0196026
-0.0204529
-0.0209074
0.205078
0.0853338
0.0440915
0.0300985
0.0292278
0.030817
0.0320743
0.0323254
0.031556
0.0299587
0.0277402
0.0250746
0.022098
0.0189163
0.0156126
0.0122539
0.00889497
0.00558122
0.00235102
-0.000762971
-0.0037324
-0.00653206
-0.00913877
-0.01153
-0.0136829
-0.0155723
-0.01717
-0.0184413
-0.0193461
-0.0198295
0.280194
0.156379
0.0994214
0.0713136
0.0596463
0.0537994
0.0499256
0.0465664
0.0431831
0.0396356
0.0359212
0.0320796
0.0281591
0.0242056
0.0202612
0.0163629
0.0125441
0.00883427
0.00525999
0.0018451
-0.00138866
-0.00442092
-0.00723201
-0.00980187
-0.0121091
-0.0141295
-0.015835
-0.0171902
-0.0181538
-0.0186683
0.340467
0.218404
0.151221
0.111953
0.0906337
0.0776809
0.0686955
0.0616445
0.0555462
0.0499535
0.0446607
0.0395734
0.0346501
0.0298754
0.0252478
0.0207736
0.0164633
0.0123299
0.00838723
0.00464989
0.00113266
-0.00214925
-0.00517986
-0.00794169
-0.010415
-0.0125764
-0.0143979
-0.0158435
-0.0168703
-0.0174184
0.384044
0.269879
0.197855
0.150751
0.121424
0.102034
0.0881588
0.0774458
0.0685905
0.0608888
0.0539517
0.0475578
0.0415775
0.035934
0.0305819
0.0254956
0.0206622
0.0160772
0.0117415
0.00765976
0.0038395
0.000290523
-0.0029751
-0.00594258
-0.00859392
-0.0109065
-0.0128524
-0.0143951
-0.0154899
-0.0160741
0.412825
0.310532
0.238176
0.186527
0.151177
0.126331
0.108007
0.093798
0.0822229
0.0723938
0.0637725
0.0560259
0.048943
0.0423881
0.0362727
0.0305395
0.0251518
0.0200874
0.0153336
0.0108851
0.00674167
0.00290762
-0.000609094
-0.00379648
-0.0066383
-0.00911279
-0.0111921
-0.0128388
-0.0140064
-0.0146293
0.429869
0.341057
0.271703
0.218427
0.179135
0.150031
0.127888
0.110484
0.0963145
0.0843949
0.0740834
0.0649586
0.05674
0.0492386
0.0423257
0.0359133
0.0299416
0.0243704
0.0191738
0.0143359
0.00984896
0.00571135
0.00192693
-0.00149517
-0.00454049
-0.0071881
-0.00941014
-0.0111681
-0.0124138
-0.0130782
0.43817
0.362685
0.298509
0.245956
0.204686
0.172616
0.147423
0.127249
0.110703
0.0967915
0.0848241
0.0743216
0.0649509
0.0564787
0.0487408
0.0416212
0.0350382
0.0289346
0.0232709
0.0180214
0.0131704
0.00871046
0.00464136
0.000969312
-0.00229298
-0.00512536
-0.00749983
-0.00937684
-0.010706
-0.0114147
0.440266
0.376886
0.319048
0.268938
0.227387
0.19363
0.166238
0.143817
0.125195
0.109455
0.0959118
0.0840637
0.0735454
0.064092
0.0555108
0.0476622
0.0404446
0.0337851
0.0276318
0.0219491
0.0167138
0.0119129
0.00754196
0.00360444
0.000111368
-0.0029178
-0.00545476
-0.00745876
-0.00887699
-0.00963312
0.438106
0.385146
0.334006
0.287459
0.246977
0.212703
0.183977
0.159898
0.139574
0.122231
0.107241
0.0941144
0.0824783
0.0720508
0.0626203
0.0540287
0.0461587
0.0389236
0.0322604
0.0261245
0.0204856
0.0153254
0.0106356
0.00641697
0.00267911
-0.000559091
-0.00326889
-0.00540808
-0.00692121
-0.00772786
0.433081
0.388803
0.344167
0.301788
0.263359
0.229562
0.200329
0.175207
0.15361
0.134945
0.118684
0.104384
0.0916884
0.0803147
0.0700434
0.0607057
0.0521727
0.0443474
0.0371574
0.0305504
0.02449
0.018953
0.0139277
0.00941261
0.00541595
0.00195633
-0.000936793
-0.00321956
-0.00483355
-0.00569393
0.426137
0.388975
0.350324
0.312318
0.27658
0.244048
0.215043
0.189483
0.167068
0.147405
0.130094
0.114764
0.101097
0.0888288
0.077743
0.0676687
0.0584716
0.0500479
0.0423189
0.0352261
0.0287284
0.0227986
0.0174221
0.0125956
0.00832631
0.00463297
0.00154599
-0.00088881
-0.00260969
-0.00352706
0.417906
0.38655
0.353218
0.319504
0.286803
0.256102
0.22794
0.202501
0.179726
0.159417
0.141311
0.125129
0.110611
0.0975238
0.0856692
0.0748828
0.0650315
0.0560097
0.0477353
0.0401466
0.0331987
0.0268621
0.0211201
0.015968
0.0114129
0.00747383
0.00418263
0.00158738
-0.00024642
-0.00122405
0.40882
0.382211
0.353503
0.32382
0.29427
0.265763
0.23892
0.214087
0.191388
0.170791
0.152168
0.135342
0.12012
0.106316
0.093759
0.0823018
0.0718194
0.0622094
0.0533908
0.045301
0.0378943
0.0311397
0.0250197
0.0195294
0.0146762
0.0104799
0.00697448
0.00421059
0.00225795
0.00121683
0.399181
0.376476
0.351739
0.325727
0.299275
0.273149
0.247959
0.224125
0.201891
0.181353
0.162501
0.145257
0.129503
0.115107
0.101936
0.0898674
0.0787911
0.0686144
0.0592615
0.0506725
0.042803
0.0356229
0.0291153
0.023276
0.0181136
0.0136497
0.00992056
0.00698024
0.00490306
0.00379533
0.389217
0.369744
0.348393
0.325658
0.302137
0.278439
0.255104
0.232563
0.211118
0.190955
0.172157
0.154731
0.138634
0.123791
0.110113
0.0975094
0.0858917
0.0751821
0.0653147
0.056236
0.047906
0.0402975
0.033396
0.0271995
0.0217188
0.0169781
0.0130168
0.00989291
0.00768592
0.00650866
0.379105
0.362325
0.343852
0.323999
0.303178
0.28185
0.26046
0.239406
0.219004
0.199487
0.181002
0.163627
0.147383
0.132252
0.118192
0.105146
0.0930549
0.0818594
0.0715082
0.0619582
0.0531769
0.0451425
0.0378451
0.0312864
0.0254807
0.0204559
0.0162554
0.0129416
0.0106001
0.00935068
0.368995
0.354468
0.338439
0.321096
0.302714
0.283625
0.26418
0.244716
0.225533
0.206877
0.188933
0.171826
0.15563
0.140377
0.126069
0.112689
0.100204
0.0885824
0.0777893
0.067796
0.0585803
0.050129
0.0424387
0.0355167
0.0293824
0.0240685
0.0196233
0.0161147
0.0136348
0.0123111
0.359014
0.34638
0.332424
0.317252
0.301039
0.284017
0.266446
0.248599
0.230739
0.2131
0.195879
0.17923
0.163264
0.148053
0.133639
0.120039
0.107254
0.0952773
0.084095
0.0736957
0.0640711
0.0552188
0.0471443
0.0398627
0.0333998
0.0277947
0.0231017
0.019395
0.0167739
0.0153741
0.349277
0.338237
0.326038
0.312733
0.298428
0.283275
0.267462
0.251197
0.234697
0.218171
0.201809
0.185773
0.170196
0.15518
0.140798
0.127099
0.114114
0.101861
0.0903518
0.0795933
0.0695934
0.0603632
0.0519196
0.0442872
0.0375003
0.0316054
0.0266641
0.022758
0.0199943
0.0185176
0.339894
0.330197
0.319484
0.307777
0.295131
0.281644
0.267442
0.252678
0.237521
0.222148
0.206727
0.191419
0.176362
0.161674
0.147452
0.13377
0.120686
0.108244
0.0964768
0.0854135
0.0750798
0.0655023
0.0567111
0.0487425
0.0416408
0.0354616
0.0302749
0.0261705
0.0232646
0.0217108
0.330972
0.322403
0.312946
0.302597
0.291382
0.279356
0.266602
0.253224
0.23935
0.225119
0.210676
0.196165
0.181722
0.16747
0.153518
0.139961
0.126876
0.11433
0.102378
0.0910705
0.0804508
0.070563
0.0614524
0.0531681
0.0457662
0.0393127
0.0338873
0.0295889
0.026543
0.0249134
0.32262
0.314997
0.306592
0.29739
0.287396
0.276635
0.265156
0.253029
0.240343
0.227204
0.213729
0.200042
0.186268
0.172526
0.158932
0.145588
0.13259
0.120022
0.107958
0.0964681
0.0856146
0.0754593
0.0660631
0.0574897
0.0498079
0.0430952
0.0374421
0.0329573
0.0297764
0.0280734
0.314955
0.308117
0.300587
0.292343
0.283376
0.273692
0.263316
0.252289
0.240671
0.228539
0.215984
0.203107
0.190016
0.176824
0.163643
0.150581
0.137741
0.125221
0.113113
0.101501
0.0904683
0.0800916
0.0704487
0.0616181
0.0536823
0.0467309
0.0408657
0.0362061
0.032898
0.0311256
0.30811
0.301913
0.295099
0.287641
0.279522
0.270736
0.261289
0.251203
0.240515
0.229278
0.217558
0.205438
0.193008
0.180367
0.167622
0.15488
0.142247
0.129831
0.117735
0.106058
0.0948966
0.0843459
0.0744982
0.0654468
0.0572877
0.0501232
0.0440664
0.0392476
0.0358228
0.0339866
0.302234
0.296547
0.290303
0.283472
0.276032
0.267969
0.259278
0.249967
0.240055
0.229577
0.218582
0.20713
0.195299
0.183174
0.170852
0.158435
0.146032
0.133752
0.121708
0.110009
0.0987655
0.0880853
0.0780752
0.068842
0.0604947
0.0531475
0.0469246
0.0419664
0.0384387
0.0365457
0.297497
0.292196
0.286383
0.280026
0.273103
0.265592
0.257483
0.248773
0.239471
0.229597
0.219184
0.208282
0.19695
0.185264
0.173311
0.161189
0.149002
0.136862
0.124887
0.113195
0.101904
0.0911338
0.0810028
0.0716292
0.0631334
0.05564
0.0492827
0.0442109
0.0405988
0.0386584
0.294155
0.289113
0.28359
0.277556
0.270983
0.263848
0.256137
0.247839
0.238956
0.2295
0.219495
0.208978
0.198002
0.186633
0.174951
0.163049
0.151028
0.139003
0.127091
0.115415
0.104102
0.0932771
0.0830675
0.0736001
0.065003
0.0574085
0.0509577
0.0458064
0.0421349
0.0401617
0.292658
0.28773
0.282332
0.276436
0.270014
0.263044
0.255507
0.247392
0.238698
0.229433
0.219617
0.209283
0.198478
0.187265
0.175719
0.163929
0.151997
0.140035
0.128161
0.116501
0.105183
0.0943366
0.0840928
0.0745825
0.065938
0.0582956
0.0517999
0.0466102
0.0429103
0.0409228
0.825561
0.730879
0.687256
0.651194
0.618626
0.590626
0.566512
0.545351
0.526458
0.509254
0.49324
0.478033
0.463386
0.449159
0.435291
0.421771
0.408615
0.395852
0.383526
0.371682
0.360377
0.34967
0.339633
0.330347
0.321905
0.314424
0.30804
0.302919
0.299323
0.297706
0.809893
0.763424
0.732529
0.705249
0.678907
0.653577
0.629037
0.605068
0.581697
0.559075
0.537353
0.516629
0.496934
0.478246
0.460514
0.443682
0.427696
0.41252
0.398132
0.384529
0.37172
0.359731
0.348604
0.338395
0.329182
0.321065
0.314173
0.308663
0.304813
0.303073
0.796629
0.776357
0.757706
0.73672
0.713679
0.689499
0.664741
0.639794
0.614998
0.590637
0.566932
0.544045
0.522086
0.501118
0.481167
0.462234
0.444307
0.427366
0.411394
0.396383
0.382333
0.369258
0.357187
0.346167
0.336266
0.327576
0.320219
0.314354
0.310269
0.308416
0.749756
0.73857
0.728328
0.715642
0.700603
0.68369
0.665177
0.645331
0.624472
0.602948
0.581099
0.55924
0.537643
0.516529
0.496069
0.476387
0.457569
0.439673
0.422736
0.406789
0.391856
0.377968
0.365162
0.353488
0.343017
0.333843
0.326087
0.319913
0.315625
0.313669
0.709015
0.702483
0.69634
0.688125
0.677865
0.665805
0.652048
0.636715
0.619995
0.602122
0.58336
0.563985
0.544275
0.524492
0.504875
0.485629
0.466927
0.448907
0.431681
0.415336
0.399947
0.385579
0.372297
0.360171
0.349284
0.339743
0.331675
0.325254
0.320802
0.31876
0.669711
0.665404
0.661426
0.655942
0.648933
0.640475
0.630541
0.61912
0.606269
0.592095
0.576751
0.56043
0.543351
0.525751
0.507869
0.489938
0.472174
0.45477
0.437897
0.4217
0.406307
0.391828
0.378367
0.366023
0.354906
0.34514
0.336867
0.330278
0.325712
0.323605
0.632931
0.630033
0.627378
0.623612
0.618713
0.612698
0.605492
0.597033
0.587295
0.576296
0.564085
0.550769
0.536488
0.521408
0.505728
0.489656
0.473409
0.457198
0.441223
0.42567
0.410708
0.396493
0.383165
0.370862
0.359722
0.349895
0.341542
0.334876
0.330256
0.32811
0.598038
0.596087
0.594322
0.591731
0.588305
0.584035
0.578835
0.572621
0.565328
0.556921
0.547404
0.536803
0.525189
0.51263
0.499294
0.485342
0.470953
0.456325
0.441659
0.427158
0.413013
0.399409
0.386523
0.374523
0.36358
0.353868
0.345575
0.338936
0.334329
0.332175
0.564867
0.563612
0.562499
0.560763
0.558405
0.555412
0.551703
0.547191
0.541804
0.535484
0.528191
0.519905
0.510632
0.500454
0.489421
0.477653
0.465259
0.45243
0.439345
0.426193
0.413172
0.400481
0.388316
0.376871
0.366342
0.356929
0.348842
0.342342
0.337822
0.335693
0.533198
0.532479
0.531869
0.530786
0.529241
0.52722
0.52465
0.521455
0.517563
0.512909
0.507439
0.501111
0.493904
0.485825
0.476901
0.467191
0.456814
0.445873
0.434519
0.422904
0.411227
0.399684
0.388476
0.377809
0.367897
0.35896
0.351228
0.344981
0.340623
0.338557
0.5029
0.50261
0.502404
0.501839
0.500933
0.499672
0.497995
0.495836
0.493131
0.489816
0.485833
0.48113
0.47567
0.469431
0.462413
0.454638
0.446162
0.437063
0.42745
0.417474
0.407285
0.397062
0.386992
0.377286
0.368169
0.35987
0.352631
0.346747
0.342628
0.340661
0.473889
0.47395
0.474077
0.473934
0.473543
0.472891
0.471928
0.4706
0.46885
0.466621
0.463856
0.460502
0.456513
0.451854
0.446505
0.440463
0.433749
0.42641
0.418519
0.410181
0.401522
0.392697
0.383887
0.375289
0.367114
0.359593
0.35297
0.34755
0.343739
0.341907
0.44613
0.446484
0.446888
0.447093
0.447124
0.446969
0.446587
0.445934
0.444961
0.443618
0.441856
0.439622
0.43687
0.433558
0.429653
0.425137
0.42001
0.414291
0.408023
0.401277
0.394149
0.386765
0.379278
0.371865
0.364724
0.358076
0.35217
0.347306
0.343869
0.342203
0.419626
0.420224
0.42086
0.421356
0.421735
0.421989
0.422083
0.421982
0.421646
0.421032
0.420097
0.418794
0.417078
0.414906
0.412241
0.409055
0.405331
0.401071
0.396295
0.391044
0.385389
0.379423
0.373272
0.367087
0.361046
0.35535
0.350233
0.345984
0.342965
0.341489
0.394416
0.395216
0.396045
0.396781
0.397448
0.398037
0.398523
0.398875
0.399061
0.399047
0.398794
0.398263
0.397411
0.396199
0.394588
0.392546
0.390047
0.38708
0.383647
0.379768
0.375488
0.370875
0.366025
0.361062
0.356137
0.351428
0.347146
0.343558
0.340992
0.339728
0.37056
0.371524
0.372509
0.373442
0.374343
0.375206
0.37601
0.376732
0.377345
0.377821
0.378129
0.378234
0.378099
0.377689
0.376966
0.375896
0.374452
0.372611
0.370365
0.367719
0.364695
0.361339
0.357719
0.353932
0.350102
0.346378
0.342945
0.340037
0.337942
0.336903
0.348131
0.349223
0.350332
0.351421
0.35251
0.353592
0.354651
0.355669
0.356626
0.357499
0.358261
0.358885
0.35934
0.359591
0.359607
0.359354
0.358803
0.357929
0.356714
0.355151
0.353249
0.351032
0.348546
0.345861
0.343073
0.340301
0.337699
0.335466
0.333843
0.333032
0.327207
0.328393
0.329595
0.330802
0.332034
0.333285
0.334542
0.335793
0.337021
0.338208
0.339333
0.340374
0.341303
0.342093
0.342714
0.343137
0.343331
0.343271
0.342934
0.342306
0.341383
0.340174
0.338707
0.337027
0.335201
0.333322
0.331511
0.329926
0.32876
0.328171
0.307855
0.309105
0.31037
0.311661
0.312997
0.314371
0.315776
0.317201
0.318634
0.320062
0.321469
0.322835
0.324139
0.325357
0.326464
0.327433
0.328237
0.328849
0.329245
0.329405
0.329319
0.328982
0.328406
0.327617
0.326658
0.325592
0.324508
0.323526
0.322788
0.32241
0.290131
0.291415
0.292715
0.294059
0.295462
0.296919
0.298425
0.299973
0.301554
0.303159
0.304774
0.306385
0.307974
0.309523
0.311009
0.31241
0.313699
0.314852
0.315845
0.316656
0.317266
0.317664
0.317849
0.317829
0.317627
0.31728
0.316848
0.316409
0.316059
0.315874
0.274063
0.275355
0.276668
0.278037
0.279475
0.28098
0.282547
0.284172
0.285851
0.287575
0.289335
0.29112
0.292917
0.29471
0.296481
0.298209
0.299874
0.30145
0.302915
0.304246
0.305421
0.306423
0.307239
0.307864
0.308305
0.308576
0.308707
0.308742
0.308733
0.30872
0.259658
0.260938
0.262242
0.263612
0.265059
0.26658
0.268174
0.269839
0.271571
0.273366
0.275218
0.277117
0.279054
0.281017
0.28299
0.284956
0.286898
0.288792
0.290618
0.292352
0.29397
0.29545
0.296773
0.297925
0.298894
0.299678
0.300283
0.30072
0.301
0.301134
0.246901
0.248151
0.249431
0.250783
0.252216
0.25373
0.255323
0.256996
0.258746
0.260573
0.26247
0.264433
0.266453
0.268523
0.270628
0.272757
0.274891
0.277013
0.279101
0.281134
0.283085
0.284932
0.286649
0.288213
0.289603
0.290801
0.291789
0.292553
0.293072
0.293326
0.235759
0.236966
0.238211
0.239531
0.240935
0.242421
0.243993
0.245649
0.247391
0.249217
0.251124
0.25311
0.255169
0.257294
0.259476
0.261703
0.263961
0.266233
0.268501
0.270743
0.272934
0.275049
0.277059
0.278934
0.280645
0.282162
0.28345
0.284471
0.285178
0.285528
0.226188
0.227345
0.228548
0.229828
0.231191
0.232639
0.234174
0.235797
0.23751
0.239313
0.241205
0.243185
0.245248
0.24739
0.249603
0.251879
0.254205
0.256566
0.258946
0.261325
0.263677
0.265976
0.268192
0.270291
0.272236
0.273989
0.275502
0.276716
0.277565
0.277989
0.218148
0.219254
0.220412
0.221647
0.222965
0.224368
0.225859
0.227439
0.229112
0.230878
0.232738
0.23469
0.236734
0.238866
0.241079
0.243367
0.245719
0.248124
0.250564
0.253021
0.255472
0.257889
0.260241
0.262491
0.264598
0.266516
0.268188
0.269541
0.270492
0.270969
0.211611
0.212668
0.213783
0.214975
0.216248
0.217605
0.21905
0.220585
0.222213
0.223936
0.225755
0.227671
0.229682
0.231786
0.23398
0.236257
0.238609
0.241024
0.243488
0.245982
0.248485
0.25097
0.253403
0.255747
0.257959
0.259986
0.261764
0.26321
0.264231
0.264745
0.206579
0.207593
0.20867
0.209823
0.211056
0.212372
0.213775
0.215268
0.216854
0.218535
0.220314
0.222191
0.224166
0.226238
0.228404
0.230659
0.232994
0.235401
0.237866
0.240371
0.242896
0.245412
0.247889
0.250286
0.252559
0.254652
0.256495
0.258
0.259064
0.259602
0.20309
0.204072
0.205121
0.206245
0.207447
0.208732
0.210102
0.211562
0.213114
0.214762
0.216508
0.218353
0.220297
0.22234
0.224479
0.22671
0.229027
0.231419
0.233875
0.236378
0.238907
0.241435
0.24393
0.246353
0.248658
0.250786
0.252665
0.254203
0.255292
0.255843
0.201252
0.202216
0.20325
0.204357
0.205542
0.206809
0.208161
0.209601
0.211135
0.212763
0.21449
0.216315
0.218241
0.220266
0.222389
0.224605
0.226908
0.22929
0.231737
0.234235
0.236762
0.239293
0.241794
0.244226
0.246543
0.248687
0.250582
0.252133
0.253233
0.253792
1.19289
0.922828
0.844435
0.780865
0.729417
0.684427
0.643757
0.606124
0.570892
0.537613
0.506011
0.475918
0.447245
0.419964
0.394093
0.369682
0.346798
0.325514
0.305893
0.287984
0.271808
0.257364
0.244622
0.233536
0.22405
0.21611
0.209675
0.204733
0.201314
0.199515
0.967778
0.837547
0.803983
0.758691
0.714725
0.673852
0.635469
0.599207
0.564817
0.532064
0.50079
0.470898
0.442348
0.415146
0.389335
0.364984
0.342173
0.320983
0.301485
0.283726
0.267726
0.253477
0.240942
0.230067
0.220787
0.213039
0.206774
0.201972
0.198654
0.19691
0.868574
0.789373
0.764219
0.726917
0.689755
0.653825
0.618903
0.585124
0.552547
0.521151
0.490919
0.461852
0.433978
0.407349
0.382043
0.358153
0.335776
0.315003
0.29591
0.278544
0.262926
0.249041
0.236851
0.226294
0.217302
0.209806
0.203753
0.199119
0.195921
0.194241
0.809692
0.756103
0.732979
0.699525
0.666598
0.634071
0.601839
0.570176
0.539253
0.509158
0.47997
0.451761
0.424613
0.398621
0.373893
0.350542
0.328681
0.308408
0.289802
0.272909
0.257745
0.244292
0.232504
0.222316
0.213653
0.206444
0.200631
0.196186
0.19312
0.19151
0.761002
0.722466
0.701607
0.672599
0.643716
0.614287
0.584555
0.554908
0.525596
0.496799
0.468667
0.441336
0.414936
0.389603
0.365472
0.342681
0.321354
0.301601
0.2835
0.267099
0.252408
0.239404
0.228035
0.218231
0.209911
0.203
0.197436
0.193186
0.190259
0.188723
0.720212
0.690297
0.6709
0.645639
0.620282
0.593691
0.566384
0.538756
0.511106
0.483679
0.456686
0.430315
0.404741
0.380137
0.356668
0.334492
0.31375
0.294558
0.277
0.261122
0.24693
0.234396
0.223464
0.214057
0.206091
0.199485
0.194176
0.190127
0.18734
0.185879
0.685208
0.659918
0.642629
0.619497
0.59694
0.572703
0.54756
0.521825
0.495797
0.469753
0.443942
0.41859
0.393912
0.370108
0.347371
0.325879
0.305784
0.287212
0.270247
0.254935
0.241279
0.229246
0.218775
0.209784
0.202186
0.195898
0.190851
0.187008
0.184364
0.182979
0.653879
0.63112
0.616219
0.594296
0.573977
0.5517
0.52843
0.504406
0.4799
0.455196
0.430562
0.406252
0.382505
0.35955
0.3376
0.316846
0.297455
0.279555
0.263233
0.248531
0.235449
0.223949
0.213964
0.20541
0.198196
0.192236
0.187461
0.183828
0.181332
0.180025
0.624979
0.603978
0.590472
0.570285
0.55133
0.530778
0.509137
0.486654
0.463562
0.440138
0.416658
0.393391
0.370598
0.348525
0.327402
0.307434
0.288793
0.271612
0.255975
0.241923
0.229449
0.218511
0.209036
0.200938
0.194123
0.188503
0.184006
0.180591
0.178246
0.177019
0.597831
0.578252
0.565332
0.54729
0.528908
0.509965
0.48973
0.468634
0.446853
0.424646
0.40229
0.380061
0.358234
0.33707
0.316811
0.297669
0.279822
0.263402
0.248491
0.235125
0.223291
0.212941
0.203999
0.196374
0.18997
0.1847
0.180491
0.177297
0.175106
0.173961
0.57204
0.553619
0.540926
0.52498
0.506759
0.489274
0.470248
0.450393
0.429818
0.408763
0.387495
0.366295
0.345443
0.325211
0.305847
0.28757
0.270558
0.25494
0.240794
0.228148
0.216984
0.207247
0.198858
0.191722
0.185743
0.180832
0.176916
0.173949
0.171916
0.170853
0.547344
0.529828
0.517421
0.502742
0.485118
0.468685
0.450712
0.431964
0.412497
0.392526
0.372308
0.352121
0.33225
0.312968
0.29453
0.277155
0.261016
0.246239
0.232894
0.221002
0.210536
0.201437
0.19362
0.186989
0.181445
0.176902
0.173285
0.170549
0.168675
0.167697
0.523531
0.506706
0.494622
0.48069
0.463828
0.448159
0.431123
0.413365
0.394912
0.375961
0.356755
0.337566
0.318678
0.300365
0.282881
0.26644
0.251213
0.237314
0.224806
0.213698
0.203958
0.195518
0.188291
0.182177
0.177081
0.172912
0.169601
0.167099
0.165388
0.164495
0.500424
0.484133
0.472336
0.458903
0.442728
0.427674
0.411473
0.394597
0.377074
0.359084
0.340855
0.32265
0.304747
0.287421
0.270917
0.255445
0.241165
0.228181
0.216542
0.206249
0.197259
0.189499
0.182878
0.177295
0.172654
0.168868
0.165866
0.163601
0.162055
0.161249
0.477873
0.461999
0.450436
0.437323
0.421728
0.407219
0.391742
0.375652
0.358985
0.341902
0.324618
0.307385
0.290474
0.274152
0.258657
0.244188
0.23089
0.218855
0.208118
0.198667
0.190451
0.183389
0.177388
0.172347
0.168169
0.164771
0.162083
0.160059
0.158679
0.15796
0.455751
0.4402
0.428825
0.415864
0.400767
0.38677
0.371904
0.356515
0.340636
0.324416
0.30805
0.291782
0.275873
0.260576
0.246119
0.232686
0.220406
0.209354
0.199549
0.190966
0.183544
0.177197
0.171829
0.167339
0.163632
0.160627
0.158256
0.156475
0.155262
0.154631
0.43395
0.418651
0.407417
0.394439
0.379801
0.36628
0.35192
0.337161
0.322014
0.306617
0.291153
0.275849
0.260953
0.246707
0.23332
0.220958
0.209732
0.199694
0.19085
0.183159
0.17655
0.170934
0.16621
0.162278
0.159048
0.156439
0.154388
0.152851
0.151806
0.151264
0.412382
0.397273
0.38611
0.372983
0.358805
0.345689
0.331753
0.31756
0.303099
0.288497
0.273923
0.25959
0.245728
0.232561
0.220279
0.209024
0.198886
0.189895
0.182038
0.175261
0.169483
0.164609
0.160537
0.157171
0.154422
0.152212
0.150482
0.149191
0.148315
0.147861
0.390944
0.375907
0.364715
0.351525
0.337795
0.324924
0.311354
0.297676
0.283865
0.27004
0.256356
0.243007
0.230205
0.218152
0.207013
0.196904
0.187889
0.179976
0.173132
0.167288
0.162355
0.158233
0.154822
0.152025
0.149759
0.14795
0.146543
0.145497
0.144791
0.144426
0.369552
0.354476
0.343284
0.329857
0.316719
0.303908
0.290671
0.277468
0.264284
0.251229
0.238444
0.226104
0.214397
0.203497
0.193543
0.18462
0.176764
0.169958
0.164149
0.159255
0.155179
0.151817
0.149071
0.146847
0.145065
0.143658
0.142573
0.141774
0.141236
0.14096
0.348133
0.332968
0.321677
0.308079
0.295367
0.282577
0.269647
0.256892
0.244322
0.232044
0.22018
0.208883
0.198314
0.188615
0.179891
0.172196
0.165533
0.159862
0.155109
0.151179
0.147969
0.145374
0.143295
0.141644
0.140347
0.139341
0.138578
0.138023
0.137654
0.137466
0.326611
0.311317
0.299665
0.286272
0.273637
0.260879
0.248226
0.235902
0.223948
0.212465
0.201557
0.19135
0.181971
0.173527
0.166083
0.159658
0.154223
0.149713
0.146033
0.143079
0.140741
0.138913
0.137502
0.136424
0.13561
0.135003
0.13456
0.134249
0.134047
0.133946
0.304926
0.289403
0.277364
0.264187
0.251468
0.23875
0.226347
0.214449
0.203126
0.192472
0.18257
0.173513
0.165387
0.158256
0.152146
0.147035
0.142861
0.139534
0.136942
0.134971
0.133508
0.132449
0.131704
0.131195
0.13086
0.13065
0.130524
0.130455
0.130419
0.130405
0.283008
0.267028
0.254864
0.24165
0.228798
0.216114
0.203943
0.192479
0.18182
0.172047
0.163217
0.155382
0.148583
0.142833
0.138112
0.134358
0.131477
0.129352
0.127859
0.126876
0.126287
0.125993
0.125908
0.125964
0.126105
0.126286
0.126475
0.126644
0.126772
0.126844
0.260775
0.244221
0.231963
0.218565
0.205551
0.192886
0.180943
0.16994
0.159995
0.151175
0.143502
0.136977
0.131587
0.127292
0.124018
0.121663
0.120102
0.119196
0.118808
0.118811
0.119093
0.119557
0.120127
0.12074
0.121349
0.121918
0.122415
0.12282
0.12311
0.123267
0.238136
0.220932
0.208511
0.194841
0.181635
0.168975
0.157269
0.146772
0.137616
0.129845
0.123434
0.118325
0.114438
0.111673
0.109905
0.108989
0.108771
0.109094
0.109813
0.110798
0.111941
0.113154
0.114368
0.11553
0.1166
0.117549
0.118351
0.118987
0.119436
0.119677
0.214993
0.197055
0.184387
0.170374
0.156939
0.144277
0.132838
0.122919
0.114655
0.108056
0.103035
0.0994615
0.097181
0.0960264
0.0958202
0.0963789
0.0975211
0.0990775
0.100898
0.102856
0.104848
0.106798
0.108643
0.110343
0.111864
0.113185
0.114285
0.115149
0.115754
0.116077
0.191242
0.172468
0.159459
0.145034
0.131334
0.118675
0.107562
0.0983256
0.0910931
0.0858195
0.0823411
0.0804376
0.0798721
0.0804082
0.0818163
0.0838777
0.0863909
0.0891781
0.0920894
0.0950043
0.0978303
0.100499
0.102962
0.105186
0.107148
0.108832
0.110223
0.111309
0.112067
0.11247
0.166768
0.147029
0.133577
0.118667
0.10467
0.0920441
0.0813488
0.0729438
0.0669234
0.0631653
0.0614049
0.061319
0.0625807
0.0648842
0.0679516
0.0715355
0.075421
0.0794283
0.0834129
0.0872646
0.0909027
0.0942714
0.0973338
0.100067
0.102457
0.104494
0.10617
0.107471
0.108378
0.108859
0.141438
0.120576
0.106565
0.0910895
0.0767752
0.0642438
0.0541105
0.0467396
0.0421624
0.0401464
0.040302
0.04219
0.0453898
0.0495294
0.0542904
0.0594052
0.0646538
0.0698613
0.0748944
0.0796563
0.0840811
0.0881266
0.0917685
0.0949942
0.0977983
0.100178
0.102128
0.10364
0.104691
0.105248
0.115104
0.0929154
0.0782054
0.0620797
0.0474494
0.0351272
0.025768
0.0197042
0.0168579
0.0168481
0.0191358
0.0231561
0.0283967
0.0344281
0.0409021
0.047542
0.0541323
0.0605103
0.0665591
0.072199
0.0773807
0.0820767
0.0862755
0.0899749
0.0931778
0.0958874
0.0981032
0.0998178
0.101009
0.10164
0.087574
0.0638264
0.0482256
0.0313671
0.0164655
0.00454608
-0.00373289
-0.00813148
-0.00889739
-0.00660328
-0.00195787
0.00434586
0.0117137
0.0196727
0.02786
0.0360026
0.0438996
0.051408
0.0584317
0.0649115
0.0708159
0.076133
0.0808638
0.0850165
0.0886016
0.0916283
0.0940996
0.0960099
0.0973368
0.0980386
0.0585367
0.0330848
0.0162774
-0.00138258
-0.0164296
-0.027632
-0.0343987
-0.0366743
-0.03495
-0.030031
-0.0228069
-0.0140886
-0.0045336
0.00536248
0.0152401
0.0248441
0.0339982
0.0425857
0.0505359
0.0578117
0.0644006
0.0703063
0.0755422
0.080126
0.0840757
0.0874054
0.0901216
0.0922197
0.0936766
0.0944469
0.0278107
0.000253235
-0.0180963
-0.0365783
-0.0515011
-0.0614919
-0.0661531
-0.0657405
-0.0610673
-0.0531998
-0.0432005
-0.0319731
-0.0202086
-0.00839923
0.00311878
0.0141223
0.0244687
0.0340734
0.0428936
0.0509161
0.0581476
0.0646068
0.0703188
0.0753103
0.0796056
0.0832236
0.0861733
0.088451
0.0900324
0.0908683
-0.00485748
-0.035247
-0.0555098
-0.0747071
-0.0889866
-0.0970122
-0.0987841
-0.0950205
-0.0869205
-0.0758107
-0.0628916
-0.0491157
-0.0351682
-0.0215085
-0.00842953
0.00389005
0.0153489
0.0258982
0.035525
0.0442401
0.0520686
0.0590438
0.0652013
0.0705757
0.075197
0.0790877
0.0822591
0.0847076
0.0864077
0.0873064
-0.0398525
-0.074229
-0.0967829
-0.116297
-0.129006
-0.133969
-0.131873
-0.12404
-0.112072
-0.0975028
-0.0816039
-0.0653144
-0.0492691
-0.0338653
-0.0193356
-0.00580452
0.00667247
0.0180843
0.0284478
0.037797
0.0461744
0.053626
0.0601969
0.0659284
0.0708551
0.0750023
0.0783829
0.0809933
0.0828062
0.0837644
-0.0781249
-0.118232
-0.143096
-0.161806
-0.171372
-0.17178
-0.164708
-0.152133
-0.135976
-0.117868
-0.0990471
-0.0803695
-0.0623761
-0.045379
-0.0295384
-0.01492
-0.00153188
0.010652
0.0216771
0.0315985
0.0404742
0.0483611
0.0553122
0.0613741
0.0665848
0.0709719
0.0745489
0.0773117
0.0792311
0.0802458
-0.120782
-0.169914
-0.196273
-0.21152
-0.215372
-0.209352
-0.196217
-0.17843
-0.158003
-0.136476
-0.114938
-0.0940979
-0.0743714
-0.055973
-0.0389879
-0.0234231
-0.00924159
0.00361738
0.0152247
0.0256538
0.0349755
0.0432555
0.0505527
0.0569175
0.0623905
0.0670004
0.0707608
0.0736665
0.0756859
0.0767538
-0.163218
-0.227115
-0.254531
-0.26313
-0.258698
-0.244829
-0.225085
-0.202063
-0.177598
-0.15298
-0.129061
-0.106366
-0.0851728
-0.0655985
-0.0476562
-0.0312993
-0.0164499
-0.0030176
0.00909009
0.0199611
0.0296761
0.038307
0.0459166
0.0525577
0.0582721
0.0630885
0.06702
0.0700597
0.0721735
0.0732915
-0.234644
-0.294621
-0.311009
-0.307689
-0.293434
-0.272286
-0.24732
-0.220532
-0.193279
-0.166529
-0.140933
-0.116889
-0.0946021
-0.0741331
-0.0554521
-0.0384756
-0.023096
-0.00919997
0.00332022
0.0145625
0.0246136
0.0335489
0.0414329
0.0483191
0.0542493
0.0592515
0.0633377
0.066499
0.0686985
0.0698622
-0.587033
-0.517976
-0.465746
-0.419501
-0.374298
-0.330413
-0.288778
-0.249926
-0.214146
-0.181558
-0.152119
-0.125645
-0.101865
-0.0804849
-0.0612287
-0.0438601
-0.0281859
-0.0140495
-0.00132299
0.0101006
0.020312
0.0293887
0.0373966
0.0443902
0.0504122
0.0554915
0.0596404
0.0628503
0.0650839
0.066266
-0.576885
-0.523046
-0.479831
-0.439942
-0.398075
-0.355012
-0.312406
-0.271538
-0.233341
-0.198368
-0.166794
-0.138509
-0.113237
-0.0906383
-0.0703811
-0.0521778
-0.0357946
-0.0210464
-0.00778565
0.00410763
0.014733
0.0241744
0.0325022
0.0397745
0.0460361
0.0513178
0.0556321
0.0589702
0.0612934
0.0625231
-0.53005
-0.494984
-0.464742
-0.435031
-0.401934
-0.36573
-0.327678
-0.289224
-0.251783
-0.216442
-0.183837
-0.154201
-0.127488
-0.103496
-0.0819567
-0.0626057
-0.0452067
-0.0295622
-0.0155105
-0.00291873
0.00832312
0.0183073
0.0271106
0.0347962
0.0414127
0.046993
0.051551
0.0550775
0.0575318
0.0588308
-0.496757
-0.47454
-0.452681
-0.42942
-0.402561
-0.372006
-0.338405
-0.30294
-0.267083
-0.232188
-0.199232
-0.168766
-0.14099
-0.115862
-0.0932145
-0.0728278
-0.0544838
-0.0379871
-0.023171
-0.00989619
0.00195419
0.0124779
0.0217567
0.0298571
0.0368308
0.0427125
0.0475169
0.0512341
0.0538212
0.0551906
-0.469153
-0.454746
-0.439
-0.420954
-0.399281
-0.373671
-0.34434
-0.312133
-0.278397
-0.244579
-0.211885
-0.181128
-0.152734
-0.126831
-0.103357
-0.0821547
-0.0630382
-0.0458252
-0.0303535
-0.0164834
-0.00409619
0.00690813
0.0166135
0.0250887
0.0323867
0.0385431
0.0435729
0.047465
0.0501741
0.0516082
-0.444873
-0.434977
-0.423533
-0.409645
-0.392353
-0.371193
-0.346034
-0.317348
-0.286226
-0.254065
-0.222192
-0.19163
-0.163015
-0.136646
-0.112583
-0.0907495
-0.0710022
-0.0531839
-0.0371442
-0.0227491
-0.00988207
0.00155639
0.0116504
0.0204692
0.0280661
0.0344769
0.0397161
0.0437712
0.0465942
0.0480887
-0.423688
-0.416603
-0.408087
-0.397293
-0.383457
-0.366047
-0.344686
-0.319497
-0.291241
-0.261141
-0.230534
-0.200574
-0.172078
-0.145512
-0.121069
-0.0987603
-0.0785013
-0.0601686
-0.0436312
-0.0287657
-0.0154619
-0.00362338
0.00683216
0.0159729
0.0238516
0.0305033
0.0359414
0.0401518
0.0430836
0.0446358
-0.405102
-0.399868
-0.393385
-0.384883
-0.373723
-0.359358
-0.341277
-0.319328
-0.293948
-0.266115
-0.237079
-0.208045
-0.179962
-0.153446
-0.128818
-0.106188
-0.0855351
-0.0667791
-0.0498143
-0.0345335
-0.0208359
-0.00863119
0.00215909
0.0116006
0.0197444
0.0266241
0.0322513
0.0366097
0.0396454
0.0412528
-0.38857
-0.384601
-0.379563
-0.372779
-0.363695
-0.351783
-0.336467
-0.317408
-0.294767
-0.269255
-0.241971
-0.214102
-0.186675
-0.160428
-0.1358
-0.112997
-0.0920702
-0.0729849
-0.0556672
-0.0400298
-0.025985
-0.0134513
-0.00235588
0.00736289
0.0157531
0.022846
0.0286509
0.033149
0.0362831
0.0379429
-0.37369
-0.370619
-0.366632
-0.361147
-0.353683
-0.343739
-0.330729
-0.314197
-0.29408
-0.270842
-0.245394
-0.218852
-0.192271
-0.166478
-0.142015
-0.119178
-0.0980911
-0.0787691
-0.0611732
-0.0452393
-0.0308958
-0.018072
-0.00670286
0.00326792
0.0118844
0.0191746
0.0251451
0.0297738
0.0330001
0.0347091
-0.360174
-0.357763
-0.35456
-0.35007
-0.343875
-0.335516
-0.324418
-0.310063
-0.292226
-0.271149
-0.247549
-0.222429
-0.196834
-0.171644
-0.147486
-0.124741
-0.103599
-0.0841285
-0.0663267
-0.0501555
-0.0355616
-0.022487
-0.010876
-0.000678996
0.00814304
0.0156141
0.0217373
0.0264873
0.0297996
0.0315544
-0.347801
-0.345891
-0.343285
-0.33957
-0.334381
-0.327302
-0.317788
-0.305295
-0.289485
-0.270419
-0.248623
-0.224968
-0.200453
-0.175983
-0.152249
-0.129703
-0.108603
-0.0890653
-0.0711265
-0.0547754
-0.0399783
-0.026692
-0.0148711
-0.00447383
0.00453276
0.012168
0.018431
0.0232925
0.0266842
0.0284816
-0.336401
-0.334879
-0.332738
-0.329635
-0.325252
-0.319213
-0.311013
-0.300106
-0.286083
-0.268859
-0.248786
-0.226597
-0.203218
-0.179554
-0.156339
-0.134087
-0.113113
-0.0935843
-0.0755732
-0.059097
-0.0441431
-0.0306834
-0.0186843
-0.00811294
0.00105699
0.00883941
0.0152289
0.0201922
0.0236566
0.025493
-0.325837
-0.324622
-0.322849
-0.320237
-0.316507
-0.311321
-0.304214
-0.294658
-0.282198
-0.266642
-0.24819
-0.227436
-0.205217
-0.182418
-0.159797
-0.137917
-0.117145
-0.0976925
-0.0796693
-0.0631202
-0.0480538
-0.0344583
-0.0223125
-0.0115931
-0.00228118
0.00563126
0.0121338
0.0171887
0.020719
0.022591
-0.316
-0.315031
-0.313555
-0.311341
-0.308146
-0.303665
-0.297474
-0.289066
-0.27797
-0.263913
-0.246968
-0.227594
-0.206535
-0.184636
-0.162665
-0.141221
-0.120715
-0.1014
-0.0834194
-0.0668463
-0.05171
-0.0380152
-0.0257535
-0.0149118
-0.00547916
0.00254603
0.00914807
0.0142844
0.0178737
0.0197776
-0.306801
-0.306033
-0.304798
-0.302912
-0.30016
-0.296265
-0.290844
-0.283418
-0.27351
-0.260791
-0.245232
-0.22717
-0.207252
-0.186269
-0.164987
-0.144029
-0.123842
-0.104717
-0.0868301
-0.0702783
-0.0551122
-0.0413531
-0.0290057
-0.0180671
-0.00853487
-0.00041415
0.0062737
0.0114812
0.0151225
0.0170546
-0.298166
-0.297563
-0.296527
-0.294914
-0.292531
-0.28913
-0.284359
-0.277773
-0.268899
-0.257372
-0.24308
-0.226252
-0.20744
-0.187374
-0.166805
-0.146371
-0.126548
-0.107659
-0.0899095
-0.0734205
-0.0582624
-0.0444724
-0.0320683
-0.0210577
-0.0114467
-0.00324759
0.00351244
0.0087808
0.012467
0.0144237
-0.290031
-0.289567
-0.288696
-0.287312
-0.285241
-0.282257
-0.27804
-0.272175
-0.264202
-0.253735
-0.240594
-0.224918
-0.207165
-0.188005
-0.168161
-0.148277
-0.128853
-0.11024
-0.0926667
-0.0762784
-0.0611634
-0.0473742
-0.0349412
-0.0238828
-0.0142135
-0.00595295
0.00086571
0.00618463
0.00990877
0.0118863
-0.282344
-0.281995
-0.281265
-0.280075
-0.278269
-0.275641
-0.271898
-0.266654
-0.259468
-0.249939
-0.237841
-0.223234
-0.206488
-0.188211
-0.169093
-0.149777
-0.13078
-0.112474
-0.0951121
-0.0788585
-0.0638189
-0.0500603
-0.0376252
-0.0265422
-0.0168347
-0.00852926
-0.00166539
0.00369387
0.00744887
0.00944358
-0.275058
-0.274809
-0.274197
-0.273173
-0.271594
-0.269271
-0.265937
-0.261231
-0.254731
-0.246035
-0.234879
-0.221256
-0.205461
-0.188037
-0.169638
-0.150901
-0.13235
-0.114378
-0.0972563
-0.0811678
-0.0662334
-0.0525332
-0.0401213
-0.0290363
-0.0193099
-0.0109759
-0.00408004
0.00130943
0.00508831
0.00709653
-0.268134
-0.267971
-0.267461
-0.26658
-0.265197
-0.263138
-0.260156
-0.255917
-0.250019
-0.24206
-0.231752
-0.219033
-0.204131
-0.187524
-0.169831
-0.151674
-0.133584
-0.115966
-0.0991105
-0.0832141
-0.0684118
-0.054796
-0.0424314
-0.0313658
-0.0216393
-0.0132927
-0.00637774
-0.000968027
0.00282785
0.00484595
-0.261538
-0.261449
-0.261028
-0.260271
-0.259059
-0.257229
-0.254553
-0.250721
-0.245349
-0.238044
-0.228498
-0.216607
-0.202537
-0.18671
-0.169703
-0.152123
-0.134501
-0.117255
-0.100686
-0.0850054
-0.0703597
-0.0568523
-0.0445575
-0.033532
-0.0238234
-0.0154796
-0.00855824
-0.00313807
0.000668003
0.00269241
-0.25524
-0.255217
-0.254872
-0.254225
-0.253161
-0.251531
-0.249123
-0.245646
-0.240736
-0.234009
-0.225147
-0.214011
-0.200715
-0.185626
-0.169283
-0.152271
-0.135122
-0.118259
-0.101994
-0.08655
-0.0720831
-0.0587062
-0.0465025
-0.0355364
-0.0258631
-0.017537
-0.0106216
-0.00520051
-0.0013909
0.000636304
-0.249213
-0.249249
-0.248972
-0.248421
-0.247488
-0.246033
-0.243859
-0.240692
-0.236187
-0.229972
-0.221723
-0.211273
-0.198692
-0.1843
-0.168594
-0.152141
-0.135464
-0.118993
-0.103046
-0.0878564
-0.0735881
-0.0603621
-0.0482692
-0.0373811
-0.0277597
-0.0194657
-0.012568
-0.00715539
-0.00334873
-0.00132218
-0.243433
-0.243524
-0.243307
-0.242842
-0.242025
-0.240724
-0.238754
-0.235858
-0.231709
-0.225945
-0.218243
-0.208415
-0.196495
-0.182756
-0.167661
-0.151751
-0.135544
-0.11947
-0.103853
-0.0889331
-0.0748812
-0.0618247
-0.049861
-0.0390683
-0.0295146
-0.0212665
-0.0143982
-0.00900296
-0.00520559
-0.00318304
-0.237881
-0.238022
-0.237859
-0.23747
-0.236756
-0.235591
-0.233801
-0.231141
-0.227303
-0.221937
-0.214722
-0.205456
-0.194142
-0.181015
-0.166502
-0.15112
-0.135378
-0.119703
-0.104425
-0.0897884
-0.0759688
-0.063099
-0.0512816
-0.0406006
-0.0311297
-0.0229406
-0.0161128
-0.0107437
-0.00696172
-0.00494643
-0.232536
-0.232725
-0.232611
-0.232292
-0.23167
-0.230625
-0.228991
-0.226537
-0.222969
-0.217951
-0.211169
-0.20241
-0.191651
-0.179095
-0.165133
-0.150263
-0.134978
-0.119704
-0.104773
-0.0904306
-0.0768575
-0.0641899
-0.0525349
-0.0419811
-0.032607
-0.0244896
-0.0177128
-0.0123782
-0.00861759
-0.0066127
-0.227383
-0.227618
-0.22755
-0.227295
-0.226756
-0.225816
-0.224318
-0.222042
-0.218706
-0.213992
-0.20759
-0.199285
-0.189033
-0.177008
-0.16357
-0.149193
-0.134357
-0.119484
-0.104906
-0.0908678
-0.077554
-0.0651029
-0.0536249
-0.0432126
-0.0339489
-0.0259151
-0.0191994
-0.0139074
-0.0101738
-0.00818236
-0.222405
-0.222688
-0.222662
-0.222467
-0.222002
-0.221155
-0.219773
-0.217648
-0.214511
-0.210057
-0.203989
-0.196088
-0.186298
-0.174766
-0.161824
-0.147922
-0.133527
-0.119054
-0.104832
-0.0911078
-0.0780646
-0.0658432
-0.054556
-0.0442986
-0.0351578
-0.0272189
-0.020574
-0.0153323
-0.0116312
-0.00965607
-0.217588
-0.217919
-0.217936
-0.217798
-0.217401
-0.216634
-0.21535
-0.213349
-0.210377
-0.206144
-0.200364
-0.192823
-0.183452
-0.172376
-0.159904
-0.14646
-0.132498
-0.118423
-0.104561
-0.0911581
-0.0783961
-0.0664162
-0.0553323
-0.0452425
-0.0362365
-0.0284032
-0.0218383
-0.0166541
-0.0129906
-0.0110347
-0.212915
-0.213302
-0.213361
-0.21328
-0.212944
-0.212246
-0.211041
-0.209138
-0.206299
-0.202248
-0.196714
-0.189489
-0.180497
-0.169845
-0.157817
-0.144816
-0.131278
-0.117599
-0.104101
-0.091026
-0.0785546
-0.0668274
-0.0559586
-0.046048
-0.0371878
-0.0294701
-0.0229938
-0.0178742
-0.0142533
-0.0123191
-0.208371
-0.20882
-0.208932
-0.208908
-0.208627
-0.207984
-0.206837
-0.205006
-0.202266
-0.19836
-0.193033
-0.186084
-0.177434
-0.167175
-0.155568
-0.142995
-0.129873
-0.11659
-0.103459
-0.0907184
-0.0785466
-0.0670822
-0.0564394
-0.0467188
-0.0380149
-0.0304222
-0.0240426
-0.018994
-0.0154204
-0.0135105
-0.203948
-0.204449
-0.204641
-0.204677
-0.204445
-0.203842
-0.202731
-0.200941
-0.198266
-0.194468
-0.189309
-0.1826
-0.17426
-0.164366
-0.153161
-0.141002
-0.128292
-0.115403
-0.102642
-0.0902423
-0.0783781
-0.0671861
-0.0567793
-0.0472589
-0.0387208
-0.0312619
-0.0249866
-0.0200152
-0.0164933
-0.01461
-0.199603
-0.200179
-0.20048
-0.200587
-0.200397
-0.199815
-0.198709
-0.196928
-0.194283
-0.190557
-0.185532
-0.179029
-0.170969
-0.161418
-0.150596
-0.138842
-0.126538
-0.114044
-0.101657
-0.0896039
-0.0780554
-0.0671445
-0.0569832
-0.0476722
-0.0393088
-0.031992
-0.0258281
-0.0209396
-0.0174735
-0.0156191
-0.195289
-0.196067
-0.196408
-0.196618
-0.196471
-0.195905
-0.19476
-0.192948
-0.190296
-0.186608
-0.181684
-0.175359
-0.167554
-0.158326
-0.147875
-0.136517
-0.124617
-0.112518
-0.10051
-0.0888098
-0.0775844
-0.0669631
-0.0570557
-0.0479629
-0.0397825
-0.0326152
-0.0265693
-0.0217691
-0.0183627
-0.0165393
-0.190949
-0.192057
-0.19254
-0.192784
-0.192576
-0.192093
-0.190869
-0.188975
-0.186277
-0.182595
-0.177745
-0.171574
-0.164006
-0.155085
-0.144995
-0.134029
-0.122532
-0.110832
-0.0992061
-0.0878659
-0.076971
-0.0666471
-0.0570018
-0.048135
-0.0401452
-0.0331344
-0.0272126
-0.0225057
-0.0191625
-0.017372
-0.186487
-0.188102
-0.188814
-0.189105
-0.188903
-0.188148
-0.18697
-0.184955
-0.182176
-0.178477
-0.173685
-0.167655
-0.160311
-0.151689
-0.141954
-0.131379
-0.120286
-0.108989
-0.0977522
-0.0867785
-0.0762213
-0.0662022
-0.0568264
-0.0481929
-0.0404006
-0.0335527
-0.0277606
-0.0231515
-0.0198749
-0.0181191
-0.181658
-0.184245
-0.18529
-0.185567
-0.185278
-0.184378
-0.182879
-0.180839
-0.177955
-0.174217
-0.169471
-0.163576
-0.156454
-0.148129
-0.13875
-0.128567
-0.117883
-0.106995
-0.0961536
-0.0855533
-0.075341
-0.0656338
-0.0565344
-0.0481409
-0.0405524
-0.0338731
-0.0282158
-0.0237088
-0.0205018
-0.0187824
-0.176167
-0.180839
-0.182485
-0.182656
-0.182138
-0.180997
-0.179236
-0.176879
-0.1739
-0.170043
-0.165263
-0.159435
-0.152481
-0.144421
-0.135383
-0.125592
-0.115323
-0.104853
-0.094416
-0.0841973
-0.074337
-0.0649482
-0.0561312
-0.0479834
-0.0406043
-0.0340988
-0.0285808
-0.0241797
-0.0210451
-0.0193636
-0.172631
-0.178771
-0.180394
-0.180041
-0.179042
-0.177521
-0.175475
-0.172842
-0.16976
-0.165823
-0.161028
-0.155273
-0.148481
-0.140666
-0.131944
-0.122519
-0.112648
-0.102584
-0.0925489
-0.0827138
-0.0732103
-0.0641458
-0.0556176
-0.0477217
-0.0405578
-0.0342314
-0.0288576
-0.0245662
-0.0215068
-0.0198647
-0.18382
-0.17671
-0.174066
-0.172009
-0.170092
-0.168042
-0.165764
-0.163161
-0.160214
-0.156743
-0.152663
-0.147811
-0.142058
-0.135342
-0.127687
-0.119221
-0.110151
-0.100724
-0.0911774
-0.0817153
-0.0725016
-0.0636688
-0.0553302
-0.0475915
-0.040557
-0.0343357
-0.0290445
-0.024815
-0.0217975
-0.0201773
-0.183643
-0.175905
-0.172009
-0.169207
-0.166836
-0.164504
-0.162055
-0.159371
-0.156385
-0.152978
-0.149048
-0.144427
-0.138981
-0.132625
-0.125357
-0.117273
-0.108557
-0.0994401
-0.0901593
-0.0809225
-0.0719003
-0.0632315
-0.055034
-0.0474159
-0.0404835
-0.0343469
-0.0291235
-0.0249455
-0.0219633
-0.0203616
-0.180284
-0.174045
-0.170107
-0.167066
-0.164497
-0.162042
-0.15952
-0.156803
-0.153805
-0.150406
-0.146499
-0.141929
-0.136568
-0.130335
-0.123229
-0.115342
-0.106848
-0.0979663
-0.0889201
-0.0799087
-0.0710967
-0.0626194
-0.0545931
-0.0471256
-0.040323
-0.0342953
-0.0291604
-0.0250503
-0.0221149
-0.0205378
-0.176242
-0.171042
-0.167282
-0.164222
-0.16159
-0.159098
-0.15657
-0.153875
-0.150919
-0.147577
-0.143737
-0.139252
-0.133998
-0.127902
-0.120964
-0.113276
-0.105007
-0.0963657
-0.0875636
-0.0787898
-0.0702016
-0.0619299
-0.0540885
-0.046784
-0.0401223
-0.0342133
-0.029175
-0.0251391
-0.0222551
-0.0207049
-0.171633
-0.167154
-0.163613
-0.16063
-0.158013
-0.155537
-0.153041
-0.150401
-0.147517
-0.144269
-0.14054
-0.136191
-0.131101
-0.125196
-0.118479
-0.111036
-0.103028
-0.0946547
-0.0861171
-0.0775964
-0.0692443
-0.0611882
-0.0535403
-0.0464064
-0.039892
-0.0341072
-0.0291699
-0.0252118
-0.0223816
-0.0208597
-0.166406
-0.162526
-0.159256
-0.156419
-0.153885
-0.151479
-0.14906
-0.146509
-0.143728
-0.140602
-0.137015
-0.132832
-0.127937
-0.122258
-0.115793
-0.108625
-0.100904
-0.0928202
-0.084565
-0.0763125
-0.0682096
-0.0603808
-0.0529367
-0.0459824
-0.0396235
-0.0339698
-0.0291394
-0.0252636
-0.0224904
-0.0209984
-0.160636
-0.157244
-0.154261
-0.151615
-0.149218
-0.146934
-0.144638
-0.14222
-0.139581
-0.136611
-0.133197
-0.129209
-0.124535
-0.119105
-0.112914
-0.106041
-0.0986253
-0.0908476
-0.082891
-0.0749218
-0.0670821
-0.0594936
-0.0522654
-0.0455018
-0.039308
-0.033794
-0.0290775
-0.0252895
-0.0225771
-0.0211172
-0.154389
-0.151373
-0.148657
-0.146218
-0.143992
-0.14187
-0.13974
-0.137496
-0.13504
-0.132265
-0.129059
-0.125299
-0.120876
-0.115721
-0.109829
-0.103271
-0.0961802
-0.0887267
-0.081085
-0.0734148
-0.0658531
-0.0585188
-0.0515191
-0.0449578
-0.0389395
-0.033574
-0.0289789
-0.0252846
-0.0226374
-0.0212118
-0.147698
-0.144965
-0.142481
-0.140244
-0.138205
-0.136273
-0.134341
-0.132307
-0.130072
-0.127531
-0.124572
-0.121076
-0.116937
-0.112087
-0.106521
-0.100302
-0.0935581
-0.0864482
-0.0791393
-0.0717843
-0.0645159
-0.0574497
-0.0506917
-0.0443444
-0.0385121
-0.0333043
-0.0288384
-0.025244
-0.0226662
-0.0212772
-0.140581
-0.138056
-0.135768
-0.13372
-0.131872
-0.130143
-0.128434
-0.126641
-0.124662
-0.12239
-0.119715
-0.116519
-0.112699
-0.108188
-0.102976
-0.0971235
-0.0907485
-0.084003
-0.0770454
-0.0700225
-0.0630629
-0.0562793
-0.0497761
-0.0436549
-0.0380195
-0.0329789
-0.02865
-0.0251619
-0.022658
-0.021308
-0.13305
-0.130678
-0.12855
-0.126673
-0.125012
-0.123494
-0.122023
-0.120494
-0.118801
-0.116833
-0.114478
-0.111618
-0.108152
-0.104011
-0.0991831
-0.0937234
-0.0877416
-0.0813815
-0.0747942
-0.0681208
-0.0614858
-0.0549996
-0.0487647
-0.0428819
-0.0374544
-0.0325908
-0.0284073
-0.0250319
-0.0226067
-0.0212983
-0.125115
-0.122857
-0.12086
-0.119134
-0.117651
-0.116344
-0.11512
-0.113872
-0.112489
-0.110855
-0.108853
-0.106364
-0.103285
-0.0995462
-0.095133
-0.0900928
-0.0845282
-0.0785749
-0.0723771
-0.0660707
-0.0597763
-0.0536022
-0.0476493
-0.0420176
-0.0368093
-0.0321326
-0.028103
-0.0248472
-0.0225055
-0.0212412
-0.116789
-0.114619
-0.112731
-0.111139
-0.109822
-0.108721
-0.107747
-0.106792
-0.105737
-0.104461
-0.10284
-0.100754
-0.0980938
-0.0947889
-0.0908186
-0.0862243
-0.0811006
-0.0755753
-0.0697862
-0.063864
-0.0579263
-0.052079
-0.0464218
-0.0410536
-0.0360761
-0.0315965
-0.0277295
-0.0246002
-0.022347
-0.0211295
-0.108092
-0.105992
-0.104197
-0.102726
-0.101565
-0.100664
-0.0999382
-0.0992791
-0.0985645
-0.0976653
-0.0964504
-0.0947925
-0.0925805
-0.0897373
-0.086237
-0.0821135
-0.0774533
-0.0723765
-0.0670144
-0.0614934
-0.0559278
-0.0504218
-0.0450739
-0.0399818
-0.0352464
-0.0309742
-0.0272784
-0.0242829
-0.0221232
-0.0209554
-0.0990503
-0.0970137
-0.0953026
-0.093942
-0.0929282
-0.092219
-0.0917363
-0.0913734
-0.0910046
-0.0904938
-0.0897019
-0.0884944
-0.0867538
-0.0843966
-0.08139
-0.0777597
-0.0735836
-0.0689742
-0.0640565
-0.0589524
-0.0537738
-0.048623
-0.0435973
-0.0387935
-0.0343116
-0.0302568
-0.0267412
-0.0238864
-0.0218255
-0.0207101
-0.0897009
-0.0877267
-0.0860961
-0.0848411
-0.0839675
-0.0834427
-0.0831965
-0.0831256
-0.0831023
-0.082985
-0.0826263
-0.0818836
-0.0806316
-0.0787792
-0.0762853
-0.0731668
-0.0694925
-0.0653669
-0.0609088
-0.0562361
-0.0514581
-0.0466753
-0.0419841
-0.0374802
-0.0332626
-0.0294353
-0.0261085
-0.0234017
-0.0214447
-0.0203846
-0.0800935
-0.0781867
-0.0766385
-0.0754881
-0.0747506
-0.0744038
-0.0743862
-0.0745994
-0.0749162
-0.0751904
-0.0752674
-0.0749959
-0.0742421
-0.0729062
-0.0709381
-0.0683446
-0.0651854
-0.0615565
-0.0575707
-0.0533414
-0.0489756
-0.0445723
-0.0402268
-0.0360337
-0.0320908
-0.0285004
-0.0253709
-0.0228191
-0.0209712
-0.0199692
-0.0702928
-0.0684629
-0.0670034
-0.06596
-0.0653572
-0.0651831
-0.0653854
-0.0658723
-0.0665187
-0.0671756
-0.0676824
-0.0678798
-0.067625
-0.066809
-0.0653717
-0.06331
-0.0606734
-0.0575495
-0.0540444
-0.0502675
-0.0463231
-0.0423089
-0.0383186
-0.0344461
-0.0307872
-0.0274428
-0.0245187
-0.0221287
-0.020395
-0.0194538
-0.0603805
-0.0586404
-0.0572791
-0.0563483
-0.0558809
-0.0558751
-0.0562881
-0.0570357
-0.0579963
-0.0590205
-0.0599429
-0.0605971
-0.0608321
-0.0605294
-0.059619
-0.0580874
-0.0559738
-0.0533569
-0.0503362
-0.0470166
-0.0434996
-0.0398812
-0.036254
-0.0327099
-0.0293436
-0.0262532
-0.023542
-0.0213203
-0.0197055
-0.0188279
-0.050457
-0.0488221
-0.047571
-0.0467603
-0.0464307
-0.0465892
-0.0472029
-0.0481955
-0.0494505
-0.0508195
-0.0521344
-0.0532234
-0.0539279
-0.0541209
-0.0537229
-0.0527098
-0.0511109
-0.0489957
-0.0464568
-0.0435943
-0.0405066
-0.0372877
-0.0340284
-0.0308191
-0.027752
-0.0249227
-0.0224313
-0.0203838
-0.0188926
-0.0180811
-0.0406435
-0.0391303
-0.0380026
-0.0373209
-0.0371317
-0.0374508
-0.0382537
-0.0394727
-0.0409972
-0.0426815
-0.0443569
-0.0458477
-0.0469897
-0.0476487
-0.0477364
-0.0472193
-0.0461166
-0.044489
-0.0424218
-0.04001
-0.0373484
-0.0345285
-0.0316391
-0.0287682
-0.0260054
-0.023443
-0.0211773
-0.0193092
-0.0179458
-0.0172027
-0.0310831
-0.0297084
-0.0287173
-0.0281729
-0.0281267
-0.0286009
-0.0295796
-0.0310026
-0.0327663
-0.034729
-0.0367231
-0.0385717
-0.0401069
-0.0411891
-0.041723
-0.0416668
-0.0410306
-0.0398665
-0.0382525
-0.0362777
-0.0340331
-0.0316071
-0.0290857
-0.026554
-0.0240983
-0.0218069
-0.0197715
-0.0180876
-0.0168555
-0.0161831
-0.0219422
-0.0207216
-0.0198791
-0.0194791
-0.0195762
-0.0201982
-0.0213356
-0.0229361
-0.0249025
-0.0270985
-0.0293597
-0.0315099
-0.0333803
-0.0348286
-0.0357549
-0.0361106
-0.0358984
-0.0351622
-0.0339728
-0.0324134
-0.0305701
-0.0285275
-0.0263681
-0.0241732
-0.022025
-0.020007
-0.0182054
-0.0167094
-0.015612
-0.0150122
-0.0133999
-0.0123453
-0.0116611
-0.0114102
-0.0116486
-0.0124073
-0.0136823
-0.0154275
-0.017553
-0.0199284
-0.0223946
-0.0247789
-0.0269145
-0.0286593
-0.0299113
-0.0306178
-0.0307754
-0.0304209
-0.029618
-0.0284436
-0.0269786
-0.0253029
-0.0234944
-0.02163
-0.0197866
-0.0180421
-0.016476
-0.0151704
-0.0142101
-0.0136843
-0.00572676
-0.00485162
-0.00432887
-0.00422274
-0.00458992
-0.00546359
-0.00684365
-0.00868948
-0.0109172
-0.0134035
-0.0159956
-0.0185272
-0.0208368
-0.0227864
-0.0242759
-0.0252518
-0.025707
-0.0256727
-0.0252058
-0.0243767
-0.0232598
-0.0219291
-0.0204568
-0.0189139
-0.0173709
-0.0158987
-0.0145694
-0.0134564
-0.0126354
-0.0121856
0.00112879
0.00183128
0.00218219
0.0021317
0.00162901
0.00064386
-0.000824383
-0.00273872
-0.00502171
-0.00755828
-0.0102052
-0.0128057
-0.0152073
-0.0172788
-0.018925
-0.0200934
-0.0207751
-0.0209971
-0.0208106
-0.0202797
-0.0194727
-0.0184572
-0.017299
-0.0160622
-0.0148097
-0.0136044
-0.0125092
-0.0115882
-0.0109069
-0.0105328
0.0057664
0.00626906
0.0064982
0.00637601
0.00584606
0.00487438
0.00345629
0.00162324
-0.000554314
-0.00297032
-0.00549286
-0.00797865
-0.0102896
-0.0123083
-0.0139502
-0.0151692
-0.0159574
-0.0163379
-0.0163551
-0.0160646
-0.0155253
-0.0147958
-0.0139329
-0.0129914
-0.0120246
-0.0110855
-0.0102267
-0.00950131
-0.00896326
-0.00866881
0.0117793
0.0121352
0.0121135
0.0117292
0.0109538
0.00976918
0.00818476
0.00623865
0.00399987
0.00156598
-0.000944149
-0.00340219
-0.00568477
-0.0076877
-0.00933711
-0.0105948
-0.0114577
-0.011951
-0.0121184
-0.0120128
-0.011689
-0.0111994
-0.0105931
-0.00991591
-0.00921127
-0.00852099
-0.00788613
-0.00734756
-0.00694653
-0.00672509
0.00692973
0.00711383
0.00731006
0.00733047
0.00711445
0.00663142
0.0058622
0.00480999
0.00350721
0.00201419
0.000412781
-0.00120393
-0.00274374
-0.00412674
-0.00529398
-0.00621134
-0.0068693
-0.00728021
-0.00747042
-0.00747351
-0.0073253
-0.00706088
-0.0067132
-0.00631301
-0.00588917
-0.00546933
-0.00508044
-0.004749
-0.00450163
-0.0043704
0.0229753
0.0229678
0.0224372
0.0214716
0.0200839
0.0182899
0.0161399
0.0137163
0.01113
0.00850949
0.00598474
0.0036701
0.00165046
-2.53827e-05
-0.00134418
-0.00232267
-0.00299834
-0.00341844
-0.00363412
-0.003695
-0.0036449
-0.00351961
-0.00334685
-0.00314774
-0.00293878
-0.0027337
-0.00254486
-0.00238389
-0.0022608
-0.0021825
)
;

boundaryField
{
    inlet
    {
        type            zeroGradient;
    }
    outlet
    {
        type            fixedValue;
        value           uniform 0;
    }
    airfoil
    {
        type            zeroGradient;
    }
    top
    {
        type            symmetryPlane;
    }
    bottom
    {
        type            symmetryPlane;
    }
    defaultFaces
    {
        type            empty;
    }
}


// ************************************************************************* //
