/*--------------------------------*- C++ -*----------------------------------*\
  =========                 |
  \\      /  F ield         | OpenFOAM: The Open Source CFD Toolbox
   \\    /   O peration     | Website:  https://openfoam.org
    \\  /    A nd           | Version:  7
     \\/     M anipulation  |
\*---------------------------------------------------------------------------*/
FoamFile
{
    version     2.0;
    format      ascii;
    class       volScalarField;
    location    "4.3";
    object      p;
}
// * * * * * * * * * * * * * * * * * * * * * * * * * * * * * * * * * * * * * //

dimensions      [1 -1 -2 0 0 0 0];

internalField   nonuniform List<scalar> 
8400
(
0.145467
0.239647
0.331425
0.425026
0.497947
0.568612
0.628727
0.667002
0.715558
0.733535
0.738612
0.756606
0.764301
0.77823
0.803794
0.822482
0.829977
0.847048
0.847365
0.827787
0.811285
0.816752
0.827444
0.837292
0.841239
0.842858
0.840164
0.836255
0.828557
0.818623
0.0541013
0.0552335
0.0612622
0.0803384
0.120514
0.173084
0.247909
0.346223
0.439158
0.542087
0.638198
0.728546
0.798524
0.863647
0.895625
0.903805
0.899468
0.877634
0.839283
0.790442
0.770703
0.779905
0.80669
0.837421
0.867706
0.876661
0.861675
0.848665
0.844044
0.831809
0.0574482
0.0569355
0.0563522
0.0560635
0.0556463
0.0552812
0.0546939
0.0560568
0.0635889
0.0906386
0.14399
0.216144
0.319788
0.436667
0.551312
0.634977
0.716494
0.784438
0.804702
0.807145
0.818572
0.828424
0.828581
0.827715
0.844809
0.853789
0.852001
0.849132
0.84662
0.833517
0.0530024
0.0529401
0.0532659
0.0536322
0.0536755
0.0536345
0.0532614
0.0525371
0.0513092
0.0506719
0.0506772
0.0507198
0.0509025
0.0570102
0.0834515
0.140027
0.232684
0.369827
0.533529
0.6879
0.77495
0.825212
0.838288
0.838547
0.856944
0.84778
0.859888
0.872387
0.864251
0.842775
0.0499386
0.0504762
0.0514419
0.052879
0.0530881
0.0529738
0.0525172
0.0516793
0.0506721
0.0509105
0.0529217
0.0535984
0.0534465
0.0545619
0.0583096
0.0628777
0.0657011
0.0661886
0.0910212
0.169627
0.29816
0.449664
0.5944
0.71724
0.75872
0.793036
0.84581
0.868426
0.854562
0.831833
0.0515141
0.0529115
0.0544476
0.0554066
0.0556714
0.0549935
0.0532888
0.0530681
0.0545543
0.0582009
0.0637326
0.0684943
0.0707808
0.0719352
0.0730057
0.0765534
0.0808275
0.0811132
0.0812638
0.0820157
0.0845509
0.0968034
0.14588
0.253535
0.390591
0.543334
0.654164
0.707169
0.750124
0.805059
0.058082
0.0597388
0.0616381
0.064546
0.067775
0.0686079
0.0691873
0.0701169
0.0720354
0.0744426
0.0775665
0.0827027
0.0853518
0.0847851
0.0842872
0.0852744
0.0889839
0.0914307
0.0925769
0.0967033
0.104645
0.113671
0.1218
0.120707
0.121284
0.149081
0.21648
0.335034
0.462006
0.644911
0.0734835
0.0745475
0.0762915
0.0791547
0.0836084
0.0886163
0.091014
0.0905938
0.0883142
0.0876252
0.0884901
0.0934755
0.0964407
0.0963333
0.0971199
0.100339
0.107719
0.115941
0.122889
0.12853
0.13134
0.133201
0.135446
0.137074
0.138453
0.141281
0.142993
0.144817
0.153412
0.249517
0.0973803
0.0974778
0.0977634
0.0989638
0.102763
0.109332
0.111674
0.110487
0.107986
0.108479
0.112277
0.120322
0.127759
0.131854
0.134495
0.137954
0.142554
0.145162
0.146507
0.147683
0.147344
0.144228
0.143915
0.146287
0.152676
0.159767
0.165313
0.168466
0.168993
0.168008
0.131268
0.131211
0.131384
0.131762
0.133469
0.138986
0.146164
0.14897
0.149473
0.149719
0.150864
0.154124
0.159216
0.161864
0.16161
0.161529
0.161688
0.161409
0.15989
0.160298
0.163331
0.167808
0.172379
0.177611
0.183567
0.188373
0.188616
0.18746
0.186098
0.187184
0.179013
0.175721
0.174138
0.174305
0.175531
0.178377
0.184653
0.188907
0.188967
0.186244
0.182532
0.182081
0.18394
0.187327
0.188962
0.18991
0.191833
0.195367
0.199637
0.204021
0.208886
0.214494
0.218637
0.219883
0.219236
0.217054
0.215235
0.213551
0.214408
0.217234
0.239982
0.238115
0.229237
0.224867
0.224929
0.2267
0.231841
0.238012
0.239789
0.238572
0.235775
0.235813
0.238039
0.240944
0.242725
0.243784
0.245513
0.248542
0.249313
0.24911
0.24821
0.247059
0.245405
0.244005
0.243292
0.242355
0.242969
0.244714
0.246544
0.246127
0.310867
0.311505
0.306863
0.29519
0.290231
0.290396
0.293152
0.298395
0.301136
0.300665
0.296053
0.292495
0.293138
0.293613
0.292577
0.289994
0.288389
0.287646
0.286635
0.284178
0.282425
0.28174
0.281785
0.282244
0.283148
0.285243
0.287177
0.286626
0.283926
0.277369
0.399711
0.400512
0.399538
0.390298
0.375136
0.368985
0.369457
0.374255
0.377369
0.376118
0.37034
0.364959
0.365201
0.364784
0.359795
0.354786
0.354578
0.35467
0.353897
0.350967
0.348789
0.347614
0.346446
0.344522
0.34156
0.337034
0.331302
0.324053
0.317168
0.309339
0.510118
0.51095
0.510538
0.506633
0.487875
0.469407
0.467411
0.472871
0.474994
0.472468
0.462062
0.451525
0.45146
0.451296
0.445261
0.433949
0.429976
0.428222
0.425158
0.419948
0.413158
0.406989
0.401991
0.397781
0.392542
0.38647
0.380239
0.372968
0.368683
0.363165
0.647195
0.649323
0.648846
0.645402
0.63038
0.603962
0.58879
0.589074
0.592896
0.59046
0.577217
0.55792
0.555887
0.555711
0.548764
0.531552
0.522481
0.518366
0.512829
0.505382
0.496553
0.487583
0.47954
0.472412
0.464222
0.455402
0.446302
0.437575
0.42912
0.413859
0.812748
0.820155
0.819552
0.809326
0.789373
0.76285
0.743187
0.733758
0.735012
0.732728
0.716333
0.687527
0.681917
0.681235
0.672902
0.650038
0.634429
0.626877
0.618722
0.607266
0.594521
0.580983
0.568449
0.556963
0.545695
0.531766
0.51678
0.502384
0.489536
0.469371
1.01717
1.01985
1.01658
1.00203
0.980481
0.952079
0.922252
0.903973
0.904934
0.90231
0.882158
0.844663
0.832046
0.829675
0.818848
0.790674
0.767797
0.754924
0.743007
0.727391
0.709279
0.690372
0.672562
0.656203
0.638866
0.620197
0.601513
0.582469
0.567336
0.543876
1.25653
1.25207
1.2457
1.23243
1.21087
1.18047
1.1413
1.10899
1.10567
1.10035
1.07666
1.03013
1.00954
1.0027
0.986488
0.954331
0.925063
0.903082
0.884219
0.864515
0.841288
0.816765
0.792629
0.77034
0.747705
0.722723
0.698135
0.674651
0.65448
0.622129
1.55435
1.53201
1.51216
1.49576
1.47853
1.44724
1.40475
1.37836
1.35793
1.33636
1.30853
1.26072
1.2278
1.20783
1.18007
1.14171
1.10908
1.07923
1.04929
1.02167
0.991658
0.960162
0.930159
0.90027
0.871571
0.841287
0.809877
0.780444
0.755993
0.716285
1.73246
1.725
1.71607
1.70688
1.69899
1.6872
1.6673
1.64612
1.62228
1.59555
1.56953
1.53324
1.49266
1.46002
1.42448
1.38142
1.33749
1.29616
1.25353
1.21248
1.17319
1.13146
1.09154
1.053
1.01397
0.976316
0.939449
0.90194
0.871112
0.82259
1.73137
1.72783
1.72972
1.73211
1.73266
1.73192
1.72648
1.72428
1.72336
1.72159
1.71573
1.70464
1.69136
1.67483
1.65076
1.62118
1.58844
1.5501
1.5055
1.45557
1.40372
1.35072
1.29661
1.24376
1.19118
1.13918
1.09102
1.044
1.00439
0.943595
1.61696
1.61372
1.61615
1.63367
1.65377
1.66886
1.68516
1.69485
1.69168
1.69521
1.70482
1.70477
1.69987
1.69828
1.6989
1.69827
1.69473
1.6859
1.67249
1.65339
1.62635
1.58959
1.54148
1.484
1.42097
1.35501
1.28945
1.22522
1.17137
1.09004
1.27612
1.29275
1.30811
1.32983
1.36261
1.39029
1.42032
1.45833
1.48531
1.50841
1.5379
1.5831
1.60009
1.6107
1.63201
1.65491
1.66863
1.67364
1.67172
1.67114
1.67015
1.66626
1.65678
1.63944
1.61209
1.57145
1.51769
1.45226
1.38837
1.28302
1.03508
1.04224
1.04922
1.05647
1.06672
1.0797
1.09595
1.11688
1.14087
1.16594
1.19301
1.22915
1.27368
1.31261
1.35463
1.40441
1.45206
1.49864
1.53717
1.57246
1.60379
1.62116
1.6346
1.6363
1.63227
1.6232
1.60822
1.58426
1.55605
1.48337
1.00098
1.00125
1.00161
1.00205
1.00267
1.00356
1.00484
1.00676
1.00949
1.01312
1.01789
1.02452
1.03509
1.04875
1.06622
1.08964
1.12114
1.15883
1.20671
1.25877
1.31897
1.38137
1.43885
1.49691
1.53592
1.56262
1.57963
1.57733
1.56799
1.54222
1.00001
1.00001
1.00001
1.00002
1.00003
1.00004
1.00006
1.00008
1.00013
1.00021
1.00033
1.00053
1.0009
1.00152
1.00256
1.00426
1.00734
1.01231
1.02047
1.03362
1.05314
1.0829
1.12288
1.17494
1.23958
1.30662
1.37319
1.43194
1.47393
1.50037
1
1
1
1
1
1
1
1
1
1
1
1
1.00001
1.00001
1.00002
1.00004
1.00009
1.00019
1.00041
1.00087
1.00184
1.00388
1.00798
1.01583
1.03025
1.05426
1.09073
1.14178
1.19838
1.29426
1
1
1
1
1
1
1
1
1
1
1
1
1
1
1
1
1
1
1
1.00001
1.00002
1.00004
1.00011
1.00029
1.00079
1.00206
1.00504
1.01184
1.02328
1.06457
1
1
1
1
1
1
1
1
1
1
1
1
1
1
1
1
1
1
1
1
1
1
1
1
1.00001
1.00002
1.00006
1.00022
1.0006
1.00383
0.0539502
0.0541072
0.057947
0.0532425
0.0495095
0.0501969
0.056666
0.0728188
0.0978449
0.13269
0.179425
0.238836
0.309137
0.397074
0.506649
0.642558
0.810894
1.01908
1.28227
1.58896
1.74138
1.73667
1.60677
1.23805
1.02682
1.00074
1.00001
1
1
1
0.0540416
0.0545611
0.0580924
0.0524265
0.0489193
0.0500268
0.0585934
0.0793259
0.106269
0.141251
0.186852
0.246304
0.318704
0.409639
0.52994
0.684723
0.880382
1.10854
1.38262
1.6561
1.75419
1.73649
1.53154
1.16978
1.01443
1.00027
1
1
1
1
0.0547078
0.0548916
0.057813
0.052085
0.0489494
0.0505789
0.062279
0.0835744
0.108164
0.142424
0.189055
0.24761
0.32442
0.427795
0.571868
0.748955
0.952498
1.18634
1.4536
1.69581
1.7578
1.71287
1.45935
1.1258
1.00859
1.00013
1
1
1
1
0.0551803
0.0553837
0.0578025
0.0518152
0.049102
0.052664
0.0655508
0.0854072
0.10935
0.142996
0.193215
0.258756
0.357205
0.483312
0.629501
0.79909
0.996769
1.23218
1.50286
1.7226
1.75848
1.6821
1.40758
1.09261
1.00485
1.00006
1
1
1
1
0.0556998
0.0559636
0.0580276
0.0517486
0.0493066
0.0539491
0.0662542
0.0859966
0.111922
0.15317
0.213025
0.297556
0.396146
0.512941
0.653421
0.82368
1.0278
1.27689
1.55969
1.74867
1.75685
1.66081
1.35361
1.06136
1.00241
1.00003
1
1
1
1
0.056313
0.0567469
0.0584912
0.0512882
0.0490652
0.0540748
0.0663321
0.086834
0.123691
0.175689
0.238754
0.317245
0.41031
0.526326
0.670816
0.851561
1.0753
1.35009
1.63829
1.76873
1.75918
1.63835
1.27597
1.0367
1.00112
1.00001
1
1
1
1
0.0567696
0.0571015
0.0589191
0.0504028
0.0478566
0.0535951
0.0670276
0.0962037
0.137362
0.186137
0.246358
0.32262
0.41755
0.539665
0.706317
0.925035
1.17468
1.45025
1.70027
1.77796
1.76288
1.57452
1.20592
1.02184
1.00053
1
1
1
1
1
0.0568019
0.0566362
0.0585692
0.0496406
0.0468987
0.0536444
0.071308
0.103975
0.141163
0.187591
0.248597
0.324234
0.433316
0.591793
0.790051
1.00732
1.2475
1.51264
1.73421
1.78217
1.7433
1.49818
1.15309
1.01238
1.00023
1
1
1
1
1
0.0561191
0.0554081
0.0565552
0.0485643
0.0466797
0.0563408
0.0753956
0.105921
0.141647
0.18617
0.251356
0.351716
0.497733
0.661967
0.843915
1.05407
1.29919
1.5682
1.76025
1.78276
1.70812
1.439
1.10756
1.00637
1.0001
1
1
1
1
1
0.0557855
0.0551071
0.0547856
0.0473603
0.0475006
0.0603299
0.0763836
0.10695
0.142181
0.19802
0.28723
0.407982
0.542163
0.69484
0.87672
1.09893
1.36753
1.64106
1.78247
1.78115
1.68287
1.37161
1.06878
1.00314
1.00004
1
1
1
1
1
0.0559763
0.0551151
0.0535783
0.0464695
0.0482668
0.0628965
0.0763703
0.110988
0.160393
0.233735
0.325371
0.43321
0.560946
0.719593
0.923251
1.18292
1.4681
1.70764
1.79459
1.77466
1.64729
1.28579
1.04188
1.00145
1.00002
1
1
1
1
1
0.0561338
0.0559568
0.0528256
0.0458677
0.0475767
0.0639553
0.081728
0.125688
0.187157
0.253507
0.338177
0.444715
0.579096
0.772083
1.01986
1.28061
1.54742
1.75096
1.79892
1.77376
1.57824
1.21343
1.02392
1.00062
1.00001
1
1
1
1
1
0.0568898
0.0577666
0.0523623
0.0454243
0.0455928
0.0640675
0.094187
0.141993
0.196681
0.259691
0.344183
0.460701
0.641563
0.870325
1.10385
1.35022
1.61138
1.78272
1.80106
1.75984
1.49948
1.15103
1.01221
1.00025
1
1
1
1
1
1
0.058179
0.0580247
0.0515052
0.0450271
0.0452543
0.0661805
0.102478
0.146004
0.197704
0.263626
0.364651
0.531603
0.732226
0.936499
1.16369
1.42488
1.68384
1.80077
1.80171
1.70961
1.42337
1.0978
1.00585
1.00009
1
1
1
1
1
1
0.0587865
0.0574392
0.0500376
0.0443842
0.0481882
0.0725809
0.10477
0.146907
0.200512
0.294795
0.436793
0.602733
0.780873
0.984854
1.24281
1.52735
1.74357
1.80799
1.7955
1.66868
1.33763
1.05952
1.00269
1.00003
1
1
1
1
1
1
0.0588039
0.0562866
0.0499381
0.0441773
0.0529264
0.0744345
0.103419
0.150644
0.239366
0.35281
0.483539
0.635169
0.818228
1.06163
1.35518
1.61296
1.77847
1.81302
1.77984
1.61873
1.25447
1.03489
1.00115
1.00001
1
1
1
1
1
1
0.0581191
0.0550473
0.0507191
0.0450042
0.0558496
0.0750188
0.107062
0.180651
0.279257
0.380522
0.505497
0.666024
0.89437
1.17955
1.44745
1.67942
1.80358
1.81694
1.7689
1.54379
1.18271
1.0182
1.00045
1
1
1
1
1
1
1
0.0564511
0.054161
0.0515931
0.0465483
0.0564165
0.0795612
0.130675
0.214089
0.29668
0.39283
0.528167
0.742388
1.01808
1.27488
1.5279
1.74569
1.81992
1.81919
1.75743
1.45469
1.11704
1.00808
1.00015
1
1
1
1
1
1
1
0.0556586
0.0527323
0.0518015
0.0474424
0.0557817
0.0906219
0.15653
0.227083
0.302867
0.414953
0.610924
0.863057
1.10878
1.36013
1.62105
1.79449
1.82577
1.81686
1.6869
1.35613
1.06692
1.00338
1.00005
1
1
1
1
1
1
1
0.0566371
0.0508563
0.050125
0.0475894
0.0595644
0.109429
0.168668
0.23177
0.325197
0.503166
0.717433
0.940694
1.18672
1.46736
1.69978
1.81546
1.82557
1.79142
1.6056
1.25605
1.03674
1.00137
1.00002
1
1
1
1
1
1
1
0.0579311
0.0481724
0.0472883
0.0482418
0.0726068
0.121223
0.171783
0.243804
0.409036
0.586666
0.778955
1.00676
1.29701
1.57346
1.75404
1.82361
1.81831
1.75624
1.53486
1.18272
1.01955
1.00051
1.00001
1
1
1
1
1
1
1
0.0592085
0.0455224
0.0449644
0.0542421
0.0831503
0.122916
0.174912
0.311006
0.474457
0.63592
0.839482
1.12153
1.42769
1.66304
1.79466
1.82811
1.81011
1.72546
1.45123
1.11674
1.00851
1.00017
1
1
1
1
1
1
1
1
0.060217
0.0443257
0.0427939
0.0599111
0.0866107
0.125827
0.214145
0.371232
0.515058
0.686514
0.954759
1.27238
1.53993
1.73924
1.8227
1.83236
1.81596
1.6967
1.34036
1.06259
1.00312
1.00005
1
1
1
1
1
1
1
1
0.0640746
0.0441547
0.0413936
0.061967
0.0880066
0.141306
0.277067
0.410833
0.55768
0.805205
1.10854
1.39234
1.63766
1.79353
1.83639
1.83829
1.81477
1.60287
1.23096
1.02993
1.00108
1.00001
1
1
1
1
1
1
1
1
0.0680202
0.0443252
0.0411218
0.0617724
0.0984552
0.192445
0.31374
0.446109
0.669889
0.948173
1.22855
1.50186
1.72178
1.82312
1.84056
1.83786
1.75681
1.47827
1.14374
1.01315
1.00033
1
1
1
1
1
1
1
1
1
0.0675495
0.0416838
0.0423328
0.0621529
0.119229
0.231233
0.344504
0.529021
0.801654
1.06604
1.35017
1.61935
1.78089
1.83705
1.84029
1.81846
1.68352
1.38085
1.08699
1.00563
1.0001
1
1
1
1
1
1
1
1
1
0.0631335
0.0383477
0.042396
0.0772324
0.155642
0.258569
0.394212
0.661846
0.920119
1.19477
1.50083
1.7169
1.81735
1.84303
1.83308
1.78688
1.62506
1.28534
1.04472
1.00195
1.00003
1
1
1
1
1
1
1
1
1
0.0581937
0.0365587
0.0413952
0.0989421
0.181609
0.294667
0.51798
0.780098
1.0479
1.36326
1.63076
1.78464
1.83709
1.84405
1.8309
1.76567
1.54348
1.17464
1.01836
1.00055
1.00001
1
1
1
1
1
1
1
1
1
0.0505529
0.0351521
0.0470788
0.117153
0.213788
0.375048
0.636133
0.906528
1.2283
1.51783
1.72209
1.82628
1.84566
1.84409
1.83689
1.74408
1.39624
1.08877
1.00622
1.00014
1
1
1
1
1
1
1
1
1
1
0.0402015
0.0368754
0.0682225
0.13684
0.268147
0.503573
0.763279
1.0784
1.40353
1.64286
1.78477
1.84401
1.84814
1.84221
1.81168
1.61387
1.25903
1.04134
1.00186
1.00003
1
1
1
1
1
1
1
1
1
1
0.0304545
0.0384766
0.0873373
0.176966
0.36034
0.618404
0.919632
1.27537
1.56228
1.74067
1.8197
1.84755
1.84797
1.83405
1.74312
1.48767
1.16434
1.01773
1.00055
1.00001
1
1
1
1
1
1
1
1
1
1
0.023485
0.0428927
0.101487
0.248992
0.482855
0.768587
1.1391
1.46017
1.69847
1.79861
1.8358
1.84764
1.84202
1.81453
1.68816
1.39199
1.09161
1.00627
1.00013
1
1
1
1
1
1
1
1
1
1
1
0.0203773
0.0539502
0.135319
0.339007
0.633326
0.99007
1.3543
1.62516
1.79071
1.82237
1.84388
1.84709
1.83373
1.79148
1.62633
1.26403
1.03809
1.00169
1.00003
1
1
1
1
1
1
1
1
1
1
1
0.0179145
0.0685231
0.217345
0.483998
0.839509
1.24008
1.55217
1.74742
1.83576
1.82903
1.84805
1.85012
1.83864
1.77556
1.48752
1.12977
1.01183
1.00035
1
1
1
1
1
1
1
1
1
1
1
1
0.00945973
0.0891841
0.341915
0.711984
1.11903
1.46982
1.7065
1.81647
1.84889
1.83133
1.84981
1.85175
1.84207
1.67871
1.29641
1.05273
1.00303
1.00006
1
1
1
1
1
1
1
1
1
1
1
1
0.00351069
0.160046
0.537658
0.982924
1.39238
1.66408
1.79816
1.84616
1.85254
1.82756
1.84818
1.84497
1.78381
1.50593
1.16614
1.019
1.00064
1.00001
1
1
1
1
1
1
1
1
1
1
1
1
0.0278195
0.335267
0.817685
1.30113
1.62211
1.78451
1.83867
1.85515
1.8528
1.82394
1.8407
1.82115
1.68261
1.3659
1.08172
1.00526
1.00011
1
1
1
1
1
1
1
1
1
1
1
1
1
0.109206
0.552874
1.17907
1.59603
1.77378
1.83416
1.85062
1.85639
1.84976
1.82203
1.83769
1.78762
1.58252
1.22498
1.02731
1.00101
1.00001
1
1
1
1
1
1
1
1
1
1
1
1
1
0.375586
0.999477
1.55577
1.77404
1.83255
1.84658
1.85255
1.85522
1.84602
1.82114
1.84456
1.74801
1.41741
1.08495
1.00535
1.00012
1
1
1
1
1
1
1
1
1
1
1
1
1
1
1.00283
1.53824
1.78274
1.83762
1.84563
1.8478
1.84968
1.85387
1.84432
1.82136
1.83736
1.61674
1.20074
1.0191
1.00052
1.00001
1
1
1
1
1
1
1
1
1
1
1
1
1
1
1.84641
1.8483
1.85018
1.85038
1.84701
1.8456
1.84554
1.85375
1.84446
1.82107
1.75622
1.39949
1.06555
0.999785
0.999968
0.999999
1
1
1
1
1
1
1
1
1
1
1
1
1
1
1.84393
1.84804
1.85207
1.85259
1.84596
1.84014
1.84251
1.85794
1.85533
1.81333
1.71755
1.37459
1.06662
1.00267
1.00003
1
1
1
1
1
1
1
1
1
1
1
1
1
1
1
1.84349
1.84769
1.85317
1.85421
1.84667
1.83722
1.84051
1.85985
1.8586
1.81641
1.66062
1.24701
1.02064
1.00033
1
1
1
1
1
1
1
1
1
1
1
1
1
1
1
1
1.84345
1.84741
1.85344
1.8545
1.84688
1.83561
1.83795
1.85852
1.85894
1.80061
1.56807
1.16115
1.00988
1.00012
1
1
1
1
1
1
1
1
1
1
1
1
1
1
1
1
1.84411
1.84708
1.85289
1.8542
1.84756
1.83606
1.83723
1.85588
1.85305
1.75115
1.47185
1.0983
1.00382
1.00003
1
1
1
1
1
1
1
1
1
1
1
1
1
1
1
1
1.84709
1.84708
1.85032
1.85125
1.84802
1.83965
1.83986
1.85477
1.84934
1.71312
1.37119
1.05048
1.00128
1.00001
1
1
1
1
1
1
1
1
1
1
1
1
1
1
1
1
1.84972
1.84728
1.84735
1.84817
1.84824
1.84697
1.84215
1.85128
1.84857
1.66648
1.25305
1.02271
1.00039
1
1
1
1
1
1
1
1
1
1
1
1
1
1
1
1
1
1.85173
1.84713
1.84365
1.84347
1.84878
1.85636
1.84486
1.8382
1.82307
1.57231
1.15855
1.00951
1.00011
1
1
1
1
1
1
1
1
1
1
1
1
1
1
1
1
1
1.85299
1.84723
1.84113
1.83885
1.84869
1.86188
1.85461
1.8208
1.77543
1.46986
1.09351
1.00344
1.00003
1
1
1
1
1
1
1
1
1
1
1
1
1
1
1
1
1
1.85353
1.84737
1.83988
1.83647
1.84554
1.86431
1.86337
1.81462
1.73425
1.36605
1.04816
1.00115
1.00001
1
1
1
1
1
1
1
1
1
1
1
1
1
1
1
1
1
1.85338
1.84707
1.8397
1.83583
1.84374
1.86641
1.86635
1.81215
1.67875
1.24074
1.02016
1.00032
1
1
1
1
1
1
1
1
1
1
1
1
1
1
1
1
1
1
1.85078
1.84619
1.84121
1.83714
1.84199
1.86742
1.86765
1.78681
1.56327
1.14679
1.00804
1.00008
1
1
1
1
1
1
1
1
1
1
1
1
1
1
1
1
1
1
1.8466
1.84506
1.84467
1.83991
1.83897
1.86598
1.8694
1.76179
1.45295
1.08252
1.0027
1.00002
1
1
1
1
1
1
1
1
1
1
1
1
1
1
1
1
1
1
1.84456
1.8433
1.84793
1.84372
1.83439
1.85701
1.87092
1.74053
1.32682
1.03683
1.00077
1
1
1
1
1
1
1
1
1
1
1
1
1
1
1
1
1
1
1
1.8436
1.8409
1.84874
1.84984
1.83285
1.84482
1.85334
1.64385
1.20741
1.01474
1.0002
1
1
1
1
1
1
1
1
1
1
1
1
1
1
1
1
1
1
1
1.84309
1.83863
1.8456
1.85781
1.84915
1.83502
1.82456
1.53474
1.12501
1.0055
1.00005
1
1
1
1
1
1
1
1
1
1
1
1
1
1
1
1
1
1
1
1.84331
1.83849
1.83853
1.86462
1.87501
1.83422
1.79531
1.41371
1.0599
1.00159
1.00001
1
1
1
1
1
1
1
1
1
1
1
1
1
1
1
1
1
1
1
1.84379
1.83636
1.8334
1.87485
1.889
1.83673
1.72119
1.2659
1.02398
1.0004
1
1
1
1
1
1
1
1
1
1
1
1
1
1
1
1
1
1
1
1
1.84207
1.83346
1.8293
1.88059
1.89453
1.81943
1.59421
1.16371
1.00918
1.0001
1
1
1
1
1
1
1
1
1
1
1
1
1
1
1
1
1
1
1
1
1.83778
1.83359
1.82639
1.8823
1.8989
1.80377
1.47172
1.08343
1.00263
1.00002
1
1
1
1
1
1
1
1
1
1
1
1
1
1
1
1
1
1
1
1
1.83034
1.83535
1.8266
1.87931
1.90093
1.76415
1.3224
1.0335
1.00066
1
1
1
1
1
1
1
1
1
1
1
1
1
1
1
1
1
1
1
1
1
1.82248
1.83946
1.8483
1.87208
1.88353
1.64215
1.19971
1.01295
1.00016
1
1
1
1
1
1
1
1
1
1
1
1
1
1
1
1
1
1
1
1
1
1.81862
1.85537
1.8878
1.86605
1.85869
1.52659
1.1057
1.00386
1.00003
1
1
1
1
1
1
1
1
1
1
1
1
1
1
1
1
1
1
1
1
1
1.81698
1.87471
1.91304
1.86936
1.81257
1.36016
1.04104
1.0009
1.00001
1
1
1
1
1
1
1
1
1
1
1
1
1
1
1
1
1
1
1
1
1
1.81825
1.88743
1.9284
1.8629
1.68085
1.21614
1.01532
1.0002
1
1
1
1
1
1
1
1
1
1
1
1
1
1
1
1
1
1
1
1
1
1
1.82288
1.89233
1.93531
1.83659
1.54579
1.11705
1.00453
1.00004
1
1
1
1
1
1
1
1
1
1
1
1
1
1
1
1
1
1
1
1
1
1
1.82431
1.8962
1.94049
1.81643
1.37941
1.04473
1.001
1.00001
1
1
1
1
1
1
1
1
1
1
1
1
1
1
1
1
1
1
1
1
1
1
1.84463
1.91354
1.93459
1.68565
1.2209
1.01543
1.00021
1
1
1
1
1
1
1
1
1
1
1
1
1
1
1
1
1
1
1
1
1
1
1
1.90285
1.92065
1.89342
1.53775
1.1158
1.00456
1.00004
1
1
1
1
1
1
1
1
1
1
1
1
1
1
1
1
1
1
1
1
1
1
1
1.98929
1.89986
1.83077
1.3665
1.04287
1.001
1.00001
1
1
1
1
1
1
1
1
1
1
1
1
1
1
1
1
1
1
1
1
1
1
1
2.07994
1.84022
1.6892
1.20219
1.01402
1.0002
1
1
1
1
1
1
1
1
1
1
1
1
1
1
1
1
1
1
1
1
1
1
1
1
2.14669
1.78295
1.51177
1.1024
1.00428
1.00004
1
1
1
1
1
1
1
1
1
1
1
1
1
1
1
1
1
1
1
1
1
1
1
1
2.1792
1.71114
1.32765
1.03861
1.00101
1.00001
1
1
1
1
1
1
1
1
1
1
1
1
1
1
1
1
1
1
1
1
1
1
1
1
2.15433
1.5837
1.19394
1.01488
1.00025
1
1
1
1
1
1
1
1
1
1
1
1
1
1
1
1
1
1
1
1
1
1
1
1
1
2.05671
1.46019
1.1022
1.00482
1.00005
1
1
1
1
1
1
1
1
1
1
1
1
1
1
1
1
1
1
1
1
1
1
1
1
1
1.97124
1.32798
1.04425
1.00122
1.00001
1
1
1
1
1
1
1
1
1
1
1
1
1
1
1
1
1
1
1
1
1
1
1
1
1
1.80403
1.19597
1.01577
1.00026
1
1
1
1
1
1
1
1
1
1
1
1
1
1
1
1
1
1
1
1
1
1
1
1
1
1
1.57799
1.11162
1.00507
1.00005
1
1
1
1
1
1
1
1
1
1
1
1
1
1
1
1
1
1
1
1
1
1
1
1
1
1
1.3673
1.04348
1.00097
1.00001
1
1
1
1
1
1
1
1
1
1
1
1
1
1
1
1
1
1
1
1
1
1
1
1
1
1
1.13724
1.00762
1.00006
1
1
1
1
1
1
1
1
1
1
1
1
1
1
1
1
1
1
1
1
1
1
1
1
1
1
1
1
1
1
1
1
1
1
1
1
1
1
1
1
1
1
1
1
1
1
1
1
1
1
1
1
1
1
1
1
1
1
1
1
1
1
1
1
1
1
1
1
1
1
1
1
1
1
1
1
1
1
1
1
1
1
1
1
1
1
1
1
1
1
1
1
1
1
1
1
1
1
1
1
1
1
1
1
1
1
1
1
1
1
1
1
1
1
1
1
1
1
1
1
1
1
1
1
1
1
1
1
1
1
1
1
1
1
1
1
1
1
1
1
1
1
1
1
1
1
1
1
1
1
1
1
1
1
1
1
1
1
1
1
1
1
1
1
1
1
1
1
1
1
1
1
1
1
1
1
1
1
1
1
1
1
1
1
1
1
1
1
1
1
1
1
1
1
1
1
1
1
1
1
1
1
1
1
1
1
1
1
1
1
1
1
1
1
1
1
1
1
1
1
1
1
1
1
1
1
1
1
1
1
1
1
1
1
1
1
1
1
1
1
1
1
1
1
1
1
1
1
1
1
1
1
1
1
1
1
1
1
1
1
1
1
1
1
1
1
1
1
1
1
1
1
1
1
1
1
1
1
1
1
1
1
1
1
1
1
1
1
1
1
1
1
1
1
1
1
1
1
1
1
1
1
1
1
1
1
1
1
1
1
1
1
1
1
1
1
1
1
1
1
1
1
1
1
1
1
1
1
1
1
1
1
1
1
1
1
1
1
1
1
1
1
1
1
1
1
1
1
1
1
1
1
1
1
1
1
1
1
1
1
1
1
1
1
1
1
1
1
1
1
1
1
1
1
1
1
1
1
1
1
1
1
1
1
1
1
1
1
1
1
1
1
1
1
1
1
1
1
1
1
1
1
1
1
1
1
1
1
1
1
1
1
1
1
1
1
1
1
1
1
1
1
1
1
1
1
1
1
1
1
1
1
1
1
1
1
1
1
1
1
1
1
1
1
1
1
1
1
1
1
1
1
1
1
1
1
1
1
1
1
1
1
1
1
1
1
1
1
1
1
1
1
1
1
1
1
1
1
1
1
1
1
1
1
1
1
1
1
1
1
1
1
1
1
1
1
1
1
1
1
1
1
1
1
1
1
1
1
1
1
1
1
1
1
1
1
1
1
1
1
1
1
1
1
1
1
1
1
1
1
1
1
1
1
1
1
1
1
1
1
1
1
1
1
1
1
1
1
1
1
1
1
1
1
1
1
1
1
1
1
1
1
1
1
1
1
1
1
1
1
1
1
1
1
1
1
1
1
1
1
1
1
1
1
1
1
1
1
1
1
1
1
1
1
1
1
1
1
1
1
1
1
1
1
1
1
1
1
1
1
1
1
1
1
1
1
1
1
1
1
1
1
1
1
1
1
1
1
1
1
1
1
1
1
1
1
1
1
1
1
1
1
1
1
1
1
1
1
1
1
1
1
1
1
1
1
1
1
1
1
1
1
1
1
1
1
1
1
1
1
1
1
1
1
1
1
1
1
1
1
1
1
1
1
1
1
1
1
1
1
1
1
1
1
1
1
1
1
1
1
1
1
1
1
1
1
1
1
1
1
1
1
1
1
1
1
1
1
1
1
1
1
1
1
1
1
1
1
1
1
1
1
1
1
1
1
1
1
1
1
1
1
1
1
1
1
1
1
1
1
1
1
1
1
1
1
1
1
1
1
1
1
1
1
1
1
1
1
1
1
1
1
1
1
1
1
1
1
1
1
1
1
1
1
1
1
1
1
1
1
1
1
1
1
1
1
1
1
1
1
1
1
1
1
1
1
1
1
1
1
1
1
1
1
1
1
1
1
1
1
1
1
1
1
1
1
1
1
1
1
1
1
1
1
1
1
1
1
1
1
1
1
1
1
1
1
1
1
1
1
1
1
1
1
1
1
1
1
1
1
1
1
1
1
1
1
1
1
1
1
1
1
1
1
1
1
1
1
1
1
1
1
1
1
1
1
1
1
1
1
1
1
1
1
1
1
1
1
1
1
1
1
1
1
1
1
1
1
1
1
1
1
1
1
1
1
1
1
1
1
1
1
1
1
1
1
1
1
1
1
1
1
1
1
1
1
1
1
1
1
1
1
1
1
1
1
1
1
1
1
1
1
1
1
1
1
1
1
1
1
1
1
1
1
1
1
1
1
1
1
1
1
1
1
1
1
1
1
1
1
1
1
1
1
1
1
1
1
1
1
1
1
1
1
1
1
1
1
1
1
1
1
1
1
1
1
1
1
1
1
1
1
1
1
1
1
1
1
1
1
1
1
1
1
1
1
1
1
1
1
1
1
1
1
1
1
1
1
1
1
1
1
1
1
1
1
1
1
1
1
1
1
1
1
1
1
1
1
1
1
1
1
1
1
1
1
1
1
1
1
1
1
1
1
1
1
1
1
1
1
1
1
1
1
1
1
1
1
1
1
1
1
1
1
1
1
1
1
1
1
1
1
1
1
1
1
1
1
1
1
1
1
1
1
1
1
1
1
1
1
1
1
1
1
1
1
1
1
1
1
1
1
1
1
1
1
1
1
1
1
1
1
1
1
1
1
1
1
1
1
1
1
1
1
1
1
1
1
1
1
1
1
1
1
1
1
1
1
1
1
1
1
1
1
1
1
1
1
1
1
1
1
1
1
1
1
1
1
1
1
1
1
1
1
1
1
1
1
1
1
1
1
1
1
1
1
1
1
1
1
1
1
1
1
1
1
1
1
1
1
1
1
1
1
1
1
1
1
1
1
1
1
1
1
1
1
1
1
1
1
1
1
1
1
1
1
1
1
1
1
1
1
1
1
1
1
1
1
1
1
1
1
1
1
1
1
1
1
1
1
1
1
1
1
1
1
1
1
1
1
1
1
1
1
1
1
1
1
1
1
1
1
1
1
1
1
1
1
1
1
1
1
1
1
1
1
1
1
1
1
1
1
1
1
1
1
1
1
1
1
1
1
1
1
1
1
1
1
1
1
1
1
1
1
1
1
1
1
1
1
1
1
1
1
1
1
1
1
1
1
1
1
1
1
1
1
1
1
1
1
1
1
1
1
1
1
1
1
1
1
1
1
1
1
1
1
1
1
1
1
1
1
1
1
1
1
1
1
1
1
1
1
1
1
1
1
1
1
1
1
1
1
1
1
1
1
1
1
1
1
1
1
1
1
1
1
1
1
1
1
1
1
1
1
1
1
1
1
1
1
1
1
1
1
1
1
1
1
1
1
1
1
1
1
1
1
1
1
1
1
1
1
1
1
1
1
1
1
1
1
1
1
1
1
1
1
1
1
1
1
1
1
1
1
1
1
1
1
1
1
1
1
1
1
1
1
1
1
1
1
1
1
1
1
1
1
1
1
1
1
1
1
1
1
1
1
1
1
1
1
1
1
1
1
1
1
1
1
1
1
1
1
1
1
1
1
1
1
1
1
1
1
1
1
1
1
1
1
1
1
1
1
1
1
1
1
1
1
1
1
1
1
1
1
1
1
1
1
1
1
1
1
1
1
1
1
1
1
1
1
1
1
1
1
1
1
1
1
1
1
1
1
1
1
1
1
1
1
1
1
1
1
1
1
1
1
1
1
1
1
1
1
1
1
1
1
1
1
1
1
1
1
1
1
1
1
1
1
1
1
1
1
1
1
1
1
1
1
1
1
1
1
1
1
1
1
1
1
1
1
1
1
1
1
1
1
1
1
1
1
1
1
1
1
1
1
1
1
1
1
1
1
1
1
1
1
1
1
1
1
1
1
1
1
1
1
1
1
1
1
1
1
1
1
1
1
1
1
1
1
1
1
1
1
1
1
1
1
1
1
1
1
1
1
1
1
1
1
1
1
1
1
1
1
1
1
1
1
1
1
1
1
1
1
1
1
1
1
1
1
1
1
1
1
1
1
1
1
1
1
1
1
1
1
1
1
1
1
1
1
1
1
1
1
1
1
1
1
1
1
1
1
1
1
1
1
1
1
1
1
1
1
1
1
1
1
1
1
1
1
1
1
1
1
1
1
1
1
1
1
1
1
1
1
1
1
1
1
1
1
1
1
1
1
1
1
1
1
1
1
1
1
1
1
1
1
1
1
1
1
1
1
1
1
1
1
1
1.42129
1
1
1
1
1
1
1
1
1
1
1
1
1
1
1
1
1
1
1
1
1
1
1
1
1
1
1
1
1
2.36444
0.998518
1
1
1
1
1
1
1
1
1
1
1
1
1
1
1
1
1
1
1
1
1
1
1
1
1
1
1
1
3.60587
1.07657
1
1
1
1
1
1
1
1
1
1
1
1
1
1
1
1
1
1
1
1
1
1
1
1
1
1
1
1
5.22077
1.36422
1
1
1
1
1
1
1
1
1
1
1
1
1
1
1
1
1
1
1
1
1
1
1
1
1
1
1
1
6.88147
2.16606
0.998804
1
1
1
1
1
1
1
1
1
1
1
1
1
1
1
1
1
1
1
1
1
1
1
1
1
1
1
8.62257
3.85251
1.11461
0.999852
1
1
1
1
1
1
1
1
1
1
1
1
1
1
1
1
1
1
1
1
1
1
1
1
1
1
9.50942
6.32661
2.59663
1.00504
1
1
1
1
1
1
1
1
1
1
1
1
1
1
1
1
1
1
1
1
1
1
1
1
1
1
8.53556
6.68198
5.76035
1.7866
0.999252
1
1
1
1
1
1
1
1
1
1
1
1
1
1
1
1
1
1
1
1
1
1
1
1
1
7.05199
6.33495
6.90362
4.37378
1.24282
0.999688
1
1
1
1
1
1
1
1
1
1
1
1
1
1
1
1
1
1
1
1
1
1
1
1
6.15647
5.98181
6.67725
6.43464
2.73208
1.00936
1
1
1
1
1
1
1
1
1
1
1
1
1
1
1
1
1
1
1
1
1
1
1
1
5.789
5.87333
6.38752
6.28768
4.84308
1.47407
0.999419
1
1
1
1
1
1
1
1
1
1
1
1
1
1
1
1
1
1
1
1
1
1
1
5.63982
5.79374
6.0297
5.91519
5.81231
2.7979
1.02282
1
1
1
1
1
1
1
1
1
1
1
1
1
1
1
1
1
1
1
1
1
1
1
5.5999
5.6777
5.74814
5.83323
6.12126
4.70739
1.43307
0.999422
1
1
1
1
1
1
1
1
1
1
1
1
1
1
1
1
1
1
1
1
1
1
5.58182
5.66106
5.68514
5.83241
6.05098
5.67091
2.6982
1.01915
1
1
1
1
1
1
1
1
1
1
1
1
1
1
1
1
1
1
1
1
1
1
5.59836
5.68183
5.71358
5.81048
5.94685
5.70228
4.10779
1.28618
0.99976
1
1
1
1
1
1
1
1
1
1
1
1
1
1
1
1
1
1
1
1
1
5.64077
5.72402
5.75614
5.77098
5.79522
5.66966
5.22052
2.13721
1.00015
1
1
1
1
1
1
1
1
1
1
1
1
1
1
1
1
1
1
1
1
1
5.70382
5.77388
5.7849
5.76105
5.69817
5.67567
5.73354
3.63694
1.13491
1
1
1
1
1
1
1
1
1
1
1
1
1
1
1
1
1
1
1
1
1
5.76864
5.82
5.79707
5.76779
5.68227
5.67568
5.75382
4.82566
1.74704
0.999054
1
1
1
1
1
1
1
1
1
1
1
1
1
1
1
1
1
1
1
1
5.82311
5.85454
5.80598
5.7796
5.70902
5.70888
5.72253
5.31497
2.75739
1.03123
1
1
1
1
1
1
1
1
1
1
1
1
1
1
1
1
1
1
1
1
5.8627
5.87576
5.81222
5.80858
5.77591
5.74567
5.75625
5.67097
4.15566
1.29708
0.999597
1
1
1
1
1
1
1
1
1
1
1
1
1
1
1
1
1
1
1
5.89199
5.8871
5.82639
5.8396
5.83371
5.78168
5.78359
5.78865
5.22523
2.14818
1.00178
1
1
1
1
1
1
1
1
1
1
1
1
1
1
1
1
1
1
1
5.90076
5.88431
5.84958
5.86065
5.86706
5.82075
5.80955
5.82579
5.48954
3.28732
1.09573
1
1
1
1
1
1
1
1
1
1
1
1
1
1
1
1
1
1
1
5.9022
5.8791
5.8687
5.87905
5.88974
5.85978
5.83541
5.83953
5.70129
4.55266
1.50358
0.999281
1
1
1
1
1
1
1
1
1
1
1
1
1
1
1
1
1
1
5.89483
5.87351
5.8797
5.88822
5.89711
5.87905
5.86125
5.86593
5.83362
5.54105
2.58964
1.0186
1
1
1
1
1
1
1
1
1
1
1
1
1
1
1
1
1
1
5.88207
5.86549
5.88204
5.88525
5.89605
5.88666
5.87585
5.88275
5.89183
5.66948
3.76982
1.2059
1
1
1
1
1
1
1
1
1
1
1
1
1
1
1
1
1
1
5.86814
5.85817
5.87944
5.87773
5.88603
5.88403
5.87974
5.89087
5.9117
5.77592
4.94302
1.7823
0.99895
1
1
1
1
1
1
1
1
1
1
1
1
1
1
1
1
1
5.85709
5.85217
5.87142
5.86554
5.87153
5.87759
5.87796
5.89295
5.892
5.82692
5.73402
3.08928
1.05622
1
1
1
1
1
1
1
1
1
1
1
1
1
1
1
1
1
5.84656
5.84574
5.8597
5.8548
5.85695
5.86832
5.86861
5.8834
5.87862
5.83739
5.83619
4.20013
1.36003
0.999499
1
1
1
1
1
1
1
1
1
1
1
1
1
1
1
1
5.83494
5.84079
5.84951
5.85047
5.84443
5.85711
5.85888
5.87414
5.87822
5.86796
5.83566
5.23202
2.11381
1.0038
1
1
1
1
1
1
1
1
1
1
1
1
1
1
1
1
5.82686
5.84076
5.84584
5.84829
5.84239
5.84882
5.85169
5.86809
5.87833
5.87672
5.84602
5.84678
3.5602
1.1235
1
1
1
1
1
1
1
1
1
1
1
1
1
1
1
1
5.82764
5.84357
5.84541
5.8474
5.84426
5.84479
5.8477
5.86065
5.88106
5.86986
5.83427
5.91404
4.52479
1.54552
0.999233
1
1
1
1
1
1
1
1
1
1
1
1
1
1
1
5.83472
5.84982
5.84908
5.84771
5.84709
5.84484
5.84722
5.856
5.88506
5.87308
5.81931
5.85885
5.37936
2.4509
1.01593
1
1
1
1
1
1
1
1
1
1
1
1
1
1
1
5.84611
5.85893
5.85829
5.85202
5.8523
5.84929
5.84919
5.8521
5.88476
5.87373
5.81333
5.83633
5.87815
3.94023
1.21285
0.999765
1
1
1
1
1
1
1
1
1
1
1
1
1
1
5.85905
5.86306
5.86571
5.85846
5.85814
5.85483
5.85246
5.84653
5.87776
5.87085
5.81619
5.81311
5.92936
4.73172
1.73004
1.00054
1
1
1
1
1
1
1
1
1
1
1
1
1
1
5.86704
5.86454
5.86632
5.8586
5.8593
5.85583
5.85225
5.83934
5.86597
5.86289
5.82237
5.78834
5.87078
5.42686
2.71973
1.03473
1
1
1
1
1
1
1
1
1
1
1
1
1
1
5.86995
5.86205
5.86363
5.8544
5.85641
5.85316
5.84885
5.82969
5.84937
5.85155
5.82832
5.7715
5.81743
5.83445
4.1688
1.29747
0.999625
0.999998
1
1
1
1
1
1
1
1
1
1
1
1
5.86488
5.85314
5.85476
5.84785
5.85132
5.84867
5.84263
5.8179
5.83064
5.83937
5.82682
5.76284
5.77971
5.88021
4.8198
1.86599
1.00292
0.999999
1
1
1
1
1
1
1
1
1
1
1
1
5.85029
5.83948
5.84192
5.83891
5.84153
5.83859
5.83277
5.80537
5.81019
5.82434
5.81982
5.75892
5.73811
5.83341
5.38103
2.86547
1.04998
0.999915
0.999999
1
1
1
1
1
1
1
1
1
1
1
5.83246
5.82515
5.82981
5.82675
5.82554
5.82753
5.81686
5.79021
5.78603
5.79948
5.79951
5.74716
5.69902
5.76174
5.72315
4.16636
1.35348
1.00077
0.999999
1
1
1
1
1
1
1
1
1
1
1
5.82689
5.82465
5.83032
5.82243
5.81657
5.80891
5.79809
5.77383
5.76418
5.78062
5.77721
5.73308
5.6682
5.69928
5.75503
4.66511
1.73594
0.974951
0.999671
1
1
1
1
1
1
1
1
1
1
1
2.77556
4.26742
4.97855
5.38809
5.5926
5.68937
5.73627
5.7416
5.73316
5.74254
5.76007
5.73952
5.67656
5.64076
5.72862
5.45836
3.31642
1.21196
1.00274
1.00001
1
1
1
1
1
1
1
1
1
1
1.02615
2.64912
3.74309
4.47776
4.94161
5.28113
5.47679
5.59999
5.64611
5.66587
5.70215
5.71645
5.69298
5.62009
5.6256
5.69439
4.67965
1.99247
1.04521
1.00041
1
1
1
1
1
1
1
1
1
1
0.405756
1.61268
2.63416
3.51699
4.10269
4.62819
4.97605
5.25361
5.42973
5.52314
5.583
5.64922
5.66385
5.61916
5.56439
5.68932
5.54687
3.6224
1.34295
1.00703
1.00004
1
1
1
1
1
1
1
1
1
0.251495
1.0887
1.80762
2.61103
3.36378
3.84198
4.3799
4.72849
5.05821
5.25453
5.38886
5.50372
5.59031
5.59783
5.53399
5.6064
5.66983
4.71674
2.1936
1.06648
1.00066
1
1
1
1
1
1
1
1
1
0.257966
0.838308
1.353
1.89437
2.66305
3.21796
3.72194
4.18272
4.55655
4.87318
5.11346
5.27269
5.4284
5.52429
5.51013
5.52227
5.6333
5.27075
3.36543
1.31011
1.00604
1.00003
1
1
1
1
1
1
1
1
0.267514
0.657222
1.06925
1.52539
2.02915
2.69516
3.1058
3.66058
4.03811
4.44052
4.73175
4.97414
5.18707
5.35626
5.44845
5.4773
5.52269
5.46975
4.59518
2.04046
1.04899
1.0004
1
1
1
1
1
1
1
1
0.29571
0.524
0.805516
1.27946
1.65999
2.23149
2.71087
3.12345
3.59067
3.96786
4.31886
4.64751
4.87769
5.10924
5.3036
5.42978
5.43701
5.45794
5.15717
3.10505
1.24227
1.00416
1.00002
1
1
1
1
1
1
1
0.382489
0.490748
0.594284
0.997298
1.40844
1.80057
2.35521
2.7048
3.19502
3.54661
3.95357
4.28183
4.56557
4.83707
5.08118
5.29857
5.37665
5.37651
5.29712
4.21719
1.7725
1.02846
1.00019
1
1
1
1
1
1
1
0.481974
0.479674
0.514458
0.786139
1.18272
1.49912
2.00606
2.42752
2.77566
3.19007
3.57886
3.906
4.26583
4.52383
4.80033
5.09953
5.27844
5.23587
5.28298
5.02033
2.79867
1.15425
1.00195
1.00001
1
1
1
1
1
1
0.556958
0.462684
0.473487
0.696854
1.00835
1.3269
1.63829
2.13449
2.44794
2.87623
3.19604
3.58355
3.93378
4.20955
4.54286
4.83863
5.09064
5.12387
5.23202
5.13846
3.6704
1.48602
1.01194
1.00006
1
1
1
1
1
1
0.6141
0.459908
0.436257
0.623329
0.870317
1.19517
1.41749
1.85859
2.2325
2.55768
2.90183
3.29214
3.60013
3.9518
4.27336
4.54629
4.8537
4.98942
5.14885
5.10054
4.53062
2.16817
1.06332
1.0005
1
1
1
1
1
1
0.628355
0.466458
0.429478
0.547224
0.725271
1.05891
1.33132
1.5787
2.00403
2.30393
2.67876
2.99098
3.32971
3.69294
3.97365
4.30753
4.58502
4.79889
5.02291
5.04739
4.93588
3.03018
1.23411
1.00378
1.00002
1
1
1
1
1
0.622263
0.477417
0.440246
0.536435
0.616788
0.889472
1.22446
1.40799
1.78583
2.10582
2.45045
2.72688
3.08921
3.40029
3.72171
4.07163
4.32404
4.58552
4.84866
5.0059
4.93998
3.98605
1.64653
1.01976
1.00011
1
1
1
1
1
0.608998
0.486571
0.474899
0.535858
0.583938
0.729931
1.08468
1.33513
1.55437
1.91019
2.19591
2.52894
2.84072
3.12809
3.52153
3.79934
4.10993
4.34611
4.62137
4.91254
4.88986
4.42014
2.34422
1.08452
1.00072
1
1
1
1
1
0.578478
0.493146
0.507038
0.527398
0.565491
0.689423
0.9357
1.24157
1.41899
1.74589
2.01451
2.34475
2.6142
2.9383
3.30449
3.58414
3.89267
4.11808
4.41418
4.76109
4.84437
4.65746
3.00807
1.25583
1.00412
1.00002
1
1
1
1
0.56095
0.510471
0.525524
0.503715
0.542969
0.683559
0.789483
1.11189
1.34805
1.5742
1.86824
2.14027
2.4343
2.76284
3.04712
3.41754
3.63647
3.9295
4.23199
4.56743
4.8049
4.73925
3.70859
1.58696
1.01792
1.0001
1
1
1
1
0.566095
0.534336
0.523976
0.487593
0.513769
0.661451
0.748345
0.967598
1.25423
1.44272
1.7359
1.97941
2.26658
2.57448
2.83666
3.23233
3.4465
3.75323
4.02543
4.33067
4.67362
4.72043
4.31369
2.20671
1.06889
1.00055
1
1
1
1
0.577605
0.550429
0.522383
0.48249
0.487857
0.618535
0.734489
0.836374
1.12374
1.33843
1.576
1.83582
2.10228
2.36904
2.70152
2.99919
3.30328
3.54941
3.81694
4.13568
4.49784
4.6714
4.4438
2.8796
1.21735
1.00301
1.00001
1
1
1
0.579615
0.563435
0.525067
0.483453
0.480527
0.572246
0.702882
0.809083
0.993581
1.24238
1.42932
1.70362
1.95197
2.22673
2.56812
2.79479
3.14638
3.36451
3.66841
3.95884
4.28857
4.57777
4.49055
3.32132
1.45312
1.01178
1.00005
1
1
1
0.571325
0.566891
0.531334
0.488454
0.479778
0.532887
0.660866
0.803875
0.926072
1.16244
1.36146
1.60028
1.84374
2.10532
2.40181
2.6679
2.95549
3.21691
3.52617
3.7618
4.05984
4.45538
4.45975
3.88209
1.8507
1.03678
1.00024
1
1
1
0.560686
0.56382
0.54027
0.500071
0.4822
0.514423
0.603597
0.771859
0.887056
1.07955
1.29006
1.49836
1.73659
1.99559
2.2229
2.54463
2.74899
3.07411
3.3584
3.58767
3.9132
4.30484
4.44384
4.19631
2.46485
1.11783
1.00117
1
1
1
0.551006
0.559036
0.546857
0.516858
0.493962
0.51235
0.541263
0.701474
0.843934
0.976441
1.2029
1.37926
1.62051
1.86118
2.11263
2.39758
2.62179
2.92809
3.17727
3.47162
3.76858
4.10877
4.38852
4.22846
2.89772
1.27735
1.00488
1.00002
1
1
0.546932
0.554434
0.549072
0.528792
0.512548
0.513765
0.524611
0.625426
0.797921
0.922417
1.10466
1.29376
1.49731
1.74039
2.01914
2.23618
2.51476
2.75482
3.0405
3.3546
3.58877
3.91333
4.29238
4.23967
3.31905
1.50567
1.01487
1.00007
1
1
0.544729
0.547899
0.548524
0.536552
0.524491
0.515216
0.526602
0.595679
0.754203
0.897342
1.0412
1.23608
1.42155
1.647
1.91647
2.12882
2.40083
2.61443
2.92623
3.21164
3.4392
3.77725
4.18349
4.21039
3.78802
1.90546
1.04286
1.00029
1
1
0.546424
0.542613
0.54689
0.538562
0.525195
0.509651
0.522788
0.584244
0.703016
0.864174
0.995304
1.18304
1.36376
1.57123
1.78654
2.03473
2.25472
2.51462
2.8053
3.04009
3.33795
3.62976
4.03022
4.19255
3.89617
2.33653
1.11457
1.00116
1
1
0.551032
0.542066
0.544289
0.537982
0.523572
0.505044
0.515572
0.571668
0.637847
0.802477
0.942121
1.10025
1.2893
1.48946
1.68083
1.93997
2.13767
2.4163
2.65833
2.92221
3.23264
3.46082
3.84995
4.1476
3.96171
2.67589
1.22806
1.00382
1.00001
1
0.551526
0.543123
0.54395
0.536281
0.522267
0.504154
0.510896
0.560914
0.613113
0.717824
0.88194
1.01759
1.20415
1.40028
1.60908
1.81631
2.04846
2.30761
2.53702
2.83613
3.09326
3.34426
3.70743
4.07095
4.00296
3.14996
1.42444
1.01071
1.00005
1
0.549031
0.545068
0.545983
0.535165
0.520935
0.501808
0.510917
0.556179
0.608074
0.691907
0.840935
0.986555
1.14838
1.33665
1.5459
1.71627
1.96567
2.18226
2.45019
2.73782
2.94735
3.2482
3.56395
3.96911
4.00046
3.45314
1.73801
1.03086
1.00018
1
0.542387
0.544071
0.548786
0.535853
0.520936
0.499743
0.510185
0.547203
0.600077
0.687532
0.808641
0.954828
1.10656
1.27617
1.48232
1.65479
1.87672
2.09184
2.36135
2.60398
2.85523
3.14107
3.38758
3.82013
3.97663
3.55306
2.0264
1.07229
1.00062
1
0.532365
0.540168
0.549457
0.537587
0.522402
0.500614
0.503529
0.528928
0.579599
0.669615
0.769415
0.913513
1.0585
1.22041
1.38865
1.59122
1.76271
2.01246
2.259
2.48033
2.77629
3.00475
3.26478
3.68563
3.92628
3.68624
2.3374
1.13807
1.00174
1.00001
0.525734
0.536186
0.548153
0.542551
0.527507
0.503393
0.498965
0.5106
0.542708
0.633083
0.72233
0.846964
0.990148
1.14836
1.30492
1.52189
1.69526
1.93597
2.14653
2.40213
2.68657
2.89098
3.19161
3.56362
3.85744
3.77873
2.77496
1.26914
1.00489
1.00002
0.524163
0.533083
0.545931
0.547002
0.533177
0.509788
0.499426
0.507816
0.524154
0.604224
0.69635
0.803148
0.94423
1.10142
1.25712
1.43203
1.64041
1.84231
2.07073
2.32743
2.56348
2.81841
3.10048
3.41212
3.78342
3.77625
2.99149
1.45491
1.01335
1.00006
0.524239
0.530885
0.542512
0.54672
0.534458
0.518625
0.503675
0.508113
0.522476
0.590134
0.679286
0.787491
0.918787
1.06475
1.22229
1.36757
1.58535
1.76996
2.00267
2.23896
2.45618
2.74465
2.97271
3.27624
3.69538
3.75594
3.1509
1.64799
1.029
1.00018
0.526989
0.529517
0.536583
0.5441
0.533869
0.52528
0.50929
0.504419
0.51737
0.574697
0.659542
0.766332
0.890629
1.02614
1.18591
1.32413
1.51483
1.71319
1.93007
2.13188
2.38793
2.65956
2.86336
3.19337
3.60362
3.71354
3.3904
1.93107
1.05938
1.00049
0.530997
0.528875
0.528462
0.538492
0.531241
0.526264
0.508684
0.495071
0.506149
0.547881
0.623082
0.732203
0.848405
0.97943
1.11722
1.27854
1.42761
1.65206
1.84193
2.0617
2.32102
2.54554
2.79921
3.1015
3.48926
3.6744
3.48823
2.2252
1.11919
1.0014
0.53151
0.529026
0.523683
0.53289
0.528545
0.525681
0.508557
0.493497
0.502637
0.535254
0.586817
0.688434
0.804208
0.932372
1.06176
1.22378
1.37867
1.58438
1.77714
2.00158
2.24214
2.45744
2.73359
2.96677
3.3589
3.6354
3.49848
2.43158
1.20062
1.00341
0.529658
0.528025
0.522791
0.531169
0.527796
0.525395
0.51057
0.495421
0.504052
0.537122
0.582912
0.672971
0.782678
0.904432
1.02972
1.17196
1.34034
1.50681
1.71965
1.94046
2.13954
2.3976
2.6479
2.86308
3.25477
3.58258
3.51082
2.6808
1.31709
1.00766
0.526201
0.52626
0.52201
0.530949
0.527881
0.525972
0.511531
0.49571
0.504213
0.535711
0.577534
0.659418
0.761207
0.874766
1.00177
1.13042
1.30473
1.46246
1.66358
1.86038
2.07041
2.33586
2.54424
2.8052
3.14848
3.52074
3.50553
2.94423
1.48553
1.01697
0.522294
0.523804
0.521793
0.53156
0.527931
0.52537
0.508626
0.491903
0.500019
0.525539
0.563332
0.640299
0.736176
0.842077
0.968321
1.09133
1.25156
1.42068
1.60063
1.78767
2.01862
2.25606
2.4782
2.74058
3.02619
3.44075
3.4972
3.03819
1.66529
1.0341
0.520804
0.52164
0.521052
0.531117
0.528385
0.524984
0.506867
0.489959
0.493221
0.510918
0.540564
0.610708
0.697016
0.797605
0.911882
1.04768
1.18619
1.37194
1.52907
1.73462
1.9633
2.16564
2.41887
2.6563
2.91126
3.34644
3.47868
3.11291
1.853
1.06301
0.527543
0.520964
0.520489
0.530141
0.527976
0.52394
0.505048
0.488926
0.491324
0.504555
0.527823
0.593039
0.670869
0.770878
0.878907
1.02315
1.15652
1.34292
1.50021
1.70258
1.92456
2.11386
2.37692
2.57928
2.85065
3.27424
3.46001
3.17764
2.0213
1.0921
0.534058
0.520543
0.52035
0.52883
0.5273
0.52333
0.504786
0.489043
0.491372
0.502505
0.52271
0.588264
0.669135
0.769628
0.875484
1.00944
1.1469
1.31774
1.48945
1.68159
1.88403
2.09279
2.35064
2.53466
2.83329
3.2361
3.44502
3.22706
2.13503
1.11994
0.545588
0.520757
0.520747
0.527595
0.5267
0.522645
0.50511
0.489978
0.49178
0.502318
0.520652
0.587898
0.67158
0.770206
0.875236
0.998157
1.14225
1.29423
1.47366
1.65969
1.84198
2.0765
2.31474
2.51854
2.81061
3.195
3.42308
3.26939
2.20261
1.15203
0.559934
0.522077
0.520765
0.526049
0.526165
0.522135
0.506782
0.49235
0.493216
0.503538
0.522179
0.590792
0.671456
0.76866
0.873222
0.990987
1.13426
1.28053
1.45236
1.63784
1.81351
2.05266
2.26963
2.49462
2.76539
3.12944
3.3948
3.29803
2.29637
1.19063
0.570627
0.523595
0.519138
0.523883
0.525357
0.521689
0.509188
0.495341
0.494698
0.504316
0.524535
0.593016
0.667456
0.762765
0.865561
0.979775
1.11893
1.26005
1.42668
1.60782
1.7812
2.01827
2.22968
2.46575
2.7141
3.07662
3.37203
3.3073
2.42995
1.24714
0.586239
0.526072
0.51648
0.521252
0.52388
0.520805
0.510202
0.49761
0.494553
0.502825
0.522872
0.589696
0.65705
0.748192
0.848831
0.960016
1.09933
1.23544
1.40014
1.56796
1.76354
1.98581
2.1869
2.43425
2.67322
3.0258
3.34272
3.30295
2.50762
1.3139
0.604607
0.531985
0.514267
0.517651
0.521064
0.518827
0.510043
0.497741
0.492453
0.494031
0.513233
0.576333
0.640388
0.727456
0.827944
0.936454
1.07974
1.21666
1.37902
1.54531
1.74625
1.95722
2.15488
2.39298
2.61613
2.95891
3.30276
3.29031
2.61535
1.39774
0.62249
0.539689
0.510997
0.513188
0.516647
0.515699
0.50969
0.497189
0.488485
0.487251
0.503602
0.562466
0.625922
0.709052
0.808036
0.915656
1.05332
1.1935
1.35501
1.52456
1.71566
1.91238
2.12438
2.35156
2.56015
2.90639
3.26311
3.26087
2.71601
1.50147
0.644878
0.549532
0.509112
0.511306
0.513814
0.512812
0.509676
0.49743
0.48771
0.486576
0.50038
0.551677
0.610659
0.691211
0.784797
0.891598
1.0185
1.16973
1.312
1.49762
1.68287
1.85172
2.08566
2.30962
2.52772
2.84702
3.22672
3.22811
2.77766
1.6208
0.665848
0.563397
0.509685
0.510632
0.512929
0.510787
0.509931
0.499014
0.488019
0.487289
0.50054
0.548767
0.600669
0.680783
0.770133
0.880959
1.00599
1.15418
1.28768
1.46285
1.65387
1.82523
2.05114
2.25595
2.48923
2.7863
3.18189
3.2178
2.85028
1.76044
0.680575
0.578682
0.513926
0.511047
0.512542
0.509908
0.510047
0.500427
0.488729
0.4892
0.50336
0.550642
0.599384
0.679887
0.768425
0.879198
0.998249
1.13841
1.27604
1.43201
1.60521
1.7992
2.01511
2.21231
2.44463
2.72322
3.12348
3.2151
2.88401
1.91465
0.698724
0.595751
0.523593
0.511793
0.5121
0.509957
0.509746
0.500445
0.48762
0.487854
0.502615
0.548451
0.592857
0.673033
0.759715
0.867376
0.979088
1.10925
1.24823
1.40308
1.55968
1.76288
1.95202
2.17624
2.39726
2.64415
3.05445
3.20042
2.93197
2.09953
0.711175
0.613824
0.539363
0.512172
0.511218
0.509568
0.507843
0.49693
0.480155
0.478582
0.49299
0.53383
0.574796
0.653225
0.737536
0.839535
0.954718
1.07501
1.21803
1.35841
1.53078
1.72881
1.90874
2.13231
2.33193
2.58133
2.97614
3.173
2.9797
2.31344
0.716223
0.629527
0.559475
0.51338
0.510306
0.508646
0.505676
0.493292
0.47601
0.473084
0.482489
0.515536
0.555668
0.629473
0.71141
0.806542
0.924072
1.04438
1.18377
1.32974
1.4994
1.67518
1.87458
2.07819
2.26381
2.52106
2.88035
3.13184
2.99103
2.53823
0.727889
0.646571
0.579891
0.516771
0.509466
0.508376
0.505424
0.493412
0.476402
0.473385
0.481715
0.511421
0.550351
0.623944
0.701946
0.796862
0.90388
1.02243
1.14804
1.30321
1.4618
1.62221
1.82955
2.01021
2.22166
2.45593
2.80044
3.09176
2.99383
2.78355
0.74364
0.66611
0.600856
0.523346
0.507733
0.508317
0.505473
0.494162
0.477046
0.473608
0.481328
0.508954
0.547239
0.620858
0.695581
0.791047
0.891695
1.00488
1.12601
1.27533
1.42235
1.58928
1.77081
1.96698
2.17511
2.38929
2.72135
3.04468
2.99763
3.04549
0.75702
0.687827
0.625437
0.534685
0.507064
0.506889
0.50447
0.493831
0.476225
0.47205
0.478363
0.502033
0.538731
0.611663
0.681453
0.775583
0.873948
0.980096
1.10084
1.23736
1.38607
1.55225
1.71864
1.92311
2.11992
2.3293
2.63264
2.97937
3.00631
3.31181
0.788376
0.715411
0.65021
0.551415
0.508686
0.502529
0.500253
0.491489
0.474013
0.468523
0.473085
0.491093
0.523631
0.594326
0.661436
0.751486
0.849748
0.953168
1.07204
1.19991
1.3473
1.50145
1.6724
1.86386
2.05928
2.26474
2.5503
2.90827
3.02344
3.57182
0.826255
0.752149
0.68131
0.572548
0.512367
0.49777
0.494886
0.488325
0.472752
0.465091
0.469155
0.483926
0.513311
0.580257
0.643799
0.731438
0.826054
0.927606
1.04213
1.16897
1.3083
1.45896
1.62853
1.81021
2.00384
2.19796
2.45747
2.82105
3.05355
3.82647
0.864202
0.795932
0.720854
0.603815
0.521047
0.495635
0.491225
0.486079
0.471482
0.461903
0.465129
0.477203
0.507901
0.571274
0.630779
0.713518
0.800185
0.9008
1.00959
1.13464
1.26691
1.41703
1.5792
1.75534
1.94393
2.13248
2.36911
2.727
3.09048
4.07192
0.868172
0.829738
0.760681
0.64293
0.538009
0.495671
0.48888
0.484097
0.469473
0.458704
0.46113
0.470262
0.501608
0.56158
0.616938
0.696526
0.775892
0.871072
0.977919
1.09762
1.22562
1.37012
1.52676
1.69748
1.87845
2.06176
2.28067
2.63372
3.12685
4.32001
0.861602
0.853994
0.789646
0.683564
0.565884
0.498881
0.487439
0.481621
0.46832
0.45648
0.45826
0.466243
0.494409
0.54868
0.600885
0.678678
0.755208
0.845577
0.947442
1.06306
1.18543
1.32154
1.47262
1.63876
1.81601
1.99775
2.20167
2.54317
3.16873
4.54832
0.842812
0.867495
0.810727
0.727105
0.604772
0.507618
0.485454
0.479269
0.46743
0.454408
0.455395
0.462534
0.488467
0.535821
0.583114
0.659403
0.734232
0.822745
0.917609
1.0286
1.14594
1.276
1.41898
1.57765
1.75117
1.92925
2.12225
2.45293
3.15972
4.77801
0.819128
0.853486
0.815989
0.774105
0.661205
0.526561
0.48582
0.476061
0.465723
0.452552
0.452057
0.457812
0.479934
0.52113
0.566791
0.640337
0.709418
0.798063
0.888677
0.991985
1.10647
1.23257
1.36986
1.52191
1.69
1.8616
2.0426
2.36956
3.18597
4.97025
0.804918
0.834936
0.827057
0.805466
0.718637
0.566783
0.489601
0.47245
0.463517
0.450287
0.447921
0.452292
0.471447
0.507745
0.550111
0.62045
0.685268
0.77064
0.858401
0.956136
1.06551
1.18769
1.31989
1.46552
1.62697
1.79406
1.9641
2.28899
3.18559
5.14257
0.806811
0.81931
0.830153
0.814109
0.759106
0.626207
0.506703
0.47269
0.461356
0.448065
0.443931
0.447248
0.464038
0.494492
0.53462
0.602327
0.661315
0.743306
0.826738
0.920911
1.02512
1.14156
1.26833
1.40697
1.56049
1.72203
1.88921
2.22475
3.17428
5.25313
0.81651
0.80593
0.822655
0.812057
0.79047
0.69652
0.547019
0.476753
0.460075
0.44663
0.44028
0.441772
0.45551
0.482544
0.520953
0.583636
0.638613
0.717888
0.794806
0.88537
0.985609
1.09539
1.21721
1.35
1.4974
1.6524
1.81375
2.16205
3.1987
5.35166
0.830428
0.806376
0.807247
0.804446
0.789252
0.746254
0.617903
0.495568
0.459708
0.44359
0.435153
0.435255
0.448863
0.468714
0.505612
0.564255
0.615223
0.691805
0.764087
0.848609
0.944723
1.04969
1.16499
1.29197
1.43291
1.58339
1.74318
2.11032
3.17173
5.34643
0.834902
0.805492
0.793312
0.789999
0.785069
0.783038
0.689411
0.534595
0.462607
0.438796
0.429547
0.431404
0.441577
0.454549
0.492414
0.546162
0.594209
0.669826
0.736408
0.817336
0.909961
1.0097
1.12
1.24099
1.37507
1.51961
1.68051
2.07401
3.1729
5.32393
0.822884
0.80364
0.786757
0.778077
0.779803
0.775891
0.727461
0.629655
0.500451
0.439229
0.419817
0.421783
0.425963
0.433715
0.470711
0.513507
0.559641
0.631031
0.690188
0.766173
0.851557
0.942306
1.04457
1.15598
1.27956
1.41592
1.58266
2.0419
3.15752
5.19866
)
;

boundaryField
{
    inlet
    {
        type            fixedValue;
        value           uniform 1;
    }
    outlet
    {
        type            zeroGradient;
    }
    airfoil
    {
        type            zeroGradient;
    }
    top
    {
        type            symmetryPlane;
    }
    bottom
    {
        type            symmetryPlane;
    }
    defaultFaces
    {
        type            empty;
    }
}


// ************************************************************************* //
