/*--------------------------------*- C++ -*----------------------------------*\
  =========                 |
  \\      /  F ield         | OpenFOAM: The Open Source CFD Toolbox
   \\    /   O peration     | Website:  https://openfoam.org
    \\  /    A nd           | Version:  7
     \\/     M anipulation  |
\*---------------------------------------------------------------------------*/
FoamFile
{
    version     2.0;
    format      ascii;
    class       volScalarField;
    location    "4";
    object      T;
}
// * * * * * * * * * * * * * * * * * * * * * * * * * * * * * * * * * * * * * //

dimensions      [0 0 0 1 0 0 0];

internalField   nonuniform List<scalar> 
12750
(
99.9937
100.208
100.297
100.349
100.382
100.414
100.441
100.46
100.471
100.477
100.474
100.459
100.436
100.427
100.432
100.428
100.42
100.411
100.398
100.381
100.362
100.349
100.339
100.331
100.332
100.337
100.349
100.369
100.387
100.415
99.2663
99.2592
99.2481
99.2998
99.5132
99.7441
100.008
100.225
100.373
100.462
100.537
100.583
100.609
100.6
100.587
100.572
100.556
100.535
100.507
100.472
100.452
100.444
100.432
100.424
100.425
100.43
100.442
100.463
100.483
100.504
99.252
99.245
99.2381
99.2337
99.2318
99.2328
99.2345
99.2362
99.2354
99.3508
99.7131
100.133
100.39
100.521
100.59
100.621
100.645
100.631
100.613
100.591
100.592
100.588
100.578
100.564
100.558
100.557
100.562
100.568
100.575
100.573
99.2354
99.2314
99.2288
99.2287
99.23
99.2326
99.2354
99.2357
99.2337
99.2235
99.2108
99.2008
99.1956
99.4704
99.8441
100.239
100.448
100.572
100.657
100.706
100.704
100.688
100.674
100.654
100.64
100.629
100.624
100.616
100.607
100.593
99.2267
99.2269
99.2272
99.2283
99.2305
99.233
99.2345
99.2325
99.2236
99.2086
99.1968
99.1918
99.1921
99.1959
99.1999
99.1966
99.1921
99.6011
100.081
100.408
100.538
100.603
100.65
100.646
100.639
100.625
100.62
100.604
100.585
100.559
99.225
99.2263
99.2276
99.2294
99.2314
99.23
99.2253
99.2167
99.2058
99.1945
99.189
99.1893
99.1906
99.1942
99.2031
99.2053
99.2032
99.2067
99.2228
99.2375
99.4916
99.9775
100.206
100.377
100.43
100.471
100.47
100.46
100.447
100.436
99.2254
99.2255
99.2255
99.2239
99.2181
99.2094
99.2025
99.1985
99.1947
99.1899
99.1882
99.1914
99.1964
99.1982
99.2048
99.2191
99.2278
99.2373
99.252
99.2665
99.2772
99.2868
99.2953
99.4594
99.6659
99.9221
99.9984
100.084
100.126
100.213
99.2138
99.2111
99.2067
99.202
99.1958
99.1905
99.1891
99.1906
99.1914
99.1924
99.1976
99.206
99.2143
99.2252
99.2299
99.234
99.2437
99.26
99.2773
99.2871
99.2981
99.3133
99.3319
99.3398
99.3521
99.3654
99.3753
99.4309
99.5198
99.8385
99.2014
99.1986
99.1962
99.1937
99.1893
99.1866
99.1868
99.1899
99.2
99.2154
99.2272
99.2319
99.2365
99.2454
99.2492
99.2524
99.2665
99.2852
99.3034
99.3172
99.3206
99.3318
99.3528
99.3661
99.3792
99.393
99.4052
99.4159
99.4264
99.4482
99.1966
99.1959
99.1953
99.1936
99.1918
99.1924
99.1968
99.2124
99.2333
99.2524
99.2567
99.2544
99.2539
99.2574
99.2681
99.283
99.3043
99.319
99.3261
99.3369
99.3448
99.356
99.375
99.3922
99.4014
99.4108
99.425
99.4394
99.4514
99.4733
99.2
99.2054
99.213
99.2216
99.2301
99.2378
99.2472
99.2561
99.2646
99.2742
99.2749
99.2698
99.2699
99.2794
99.3023
99.3252
99.3389
99.3503
99.3514
99.3557
99.37
99.3867
99.4015
99.4133
99.4207
99.4303
99.4465
99.4626
99.4742
99.4928
99.2471
99.2558
99.2639
99.2705
99.2748
99.2781
99.2828
99.2816
99.2815
99.2868
99.2952
99.3018
99.3144
99.3349
99.3553
99.3667
99.3671
99.3717
99.3797
99.3872
99.4
99.417
99.4275
99.4383
99.449
99.4577
99.4692
99.4836
99.4932
99.5107
99.2971
99.2983
99.2985
99.2989
99.3005
99.304
99.3129
99.3165
99.3208
99.3315
99.3466
99.3621
99.374
99.3845
99.3945
99.3947
99.3941
99.3966
99.4093
99.4267
99.4403
99.4526
99.4586
99.4659
99.4764
99.4854
99.4949
99.5083
99.5168
99.5307
99.3435
99.3425
99.3424
99.3434
99.3476
99.3565
99.3694
99.3828
99.3937
99.4003
99.4043
99.4101
99.4122
99.4151
99.4206
99.4247
99.4309
99.441
99.4549
99.4687
99.478
99.4844
99.4893
99.4928
99.502
99.516
99.5276
99.5359
99.5415
99.5528
99.4058
99.4095
99.4106
99.4109
99.4127
99.4165
99.4232
99.4345
99.4404
99.4387
99.4385
99.443
99.4474
99.4505
99.4572
99.4691
99.4804
99.4908
99.4983
99.5042
99.5086
99.5118
99.518
99.5268
99.5364
99.547
99.5555
99.5603
99.5675
99.5811
99.4615
99.4658
99.4665
99.4643
99.4627
99.4642
99.4687
99.4773
99.485
99.4858
99.4866
99.4913
99.501
99.5099
99.5156
99.5219
99.5275
99.5324
99.5344
99.5363
99.5398
99.5462
99.5528
99.5634
99.5726
99.5797
99.5854
99.5908
99.5965
99.6072
99.5182
99.525
99.5315
99.5323
99.5305
99.5304
99.5336
99.5388
99.5456
99.5496
99.5509
99.5529
99.5582
99.5633
99.5645
99.5664
99.5698
99.5713
99.5737
99.5781
99.5851
99.5922
99.6
99.6076
99.6127
99.6166
99.6197
99.6221
99.6249
99.6315
99.5826
99.5851
99.5912
99.5973
99.6
99.6004
99.5982
99.5974
99.599
99.6037
99.6063
99.6074
99.609
99.6121
99.6139
99.6154
99.6188
99.6243
99.6288
99.6334
99.6389
99.6432
99.6481
99.6493
99.6504
99.6506
99.6513
99.6543
99.6584
99.6627
99.657
99.6569
99.6581
99.6625
99.6681
99.671
99.6707
99.6673
99.6659
99.6672
99.6701
99.6719
99.6728
99.6745
99.6764
99.6773
99.6784
99.6806
99.6829
99.6842
99.6845
99.6845
99.6838
99.6827
99.6828
99.6836
99.6861
99.6894
99.692
99.692
99.7408
99.7357
99.7343
99.735
99.738
99.742
99.7435
99.742
99.7367
99.7357
99.7368
99.7368
99.7362
99.7363
99.7362
99.7352
99.734
99.733
99.7323
99.7311
99.7295
99.7274
99.7274
99.7279
99.7289
99.7304
99.7303
99.7292
99.7266
99.7238
99.8264
99.8212
99.8152
99.8126
99.8127
99.815
99.8162
99.8158
99.8116
99.8074
99.806
99.805
99.8029
99.8011
99.7996
99.7973
99.7946
99.792
99.7897
99.7878
99.7859
99.7834
99.7813
99.779
99.7765
99.7727
99.7685
99.7645
99.761
99.7574
99.8985
99.8972
99.891
99.8855
99.8855
99.8866
99.886
99.8833
99.8783
99.8752
99.874
99.8721
99.8678
99.8638
99.861
99.858
99.8541
99.8502
99.8458
99.8415
99.8372
99.8328
99.8277
99.8226
99.8176
99.8125
99.8078
99.8037
99.8008
99.7955
99.9448
99.9447
99.944
99.9402
99.9374
99.9375
99.9374
99.936
99.9319
99.928
99.9272
99.9262
99.9232
99.9187
99.9151
99.9119
99.9082
99.9039
99.8993
99.8943
99.8893
99.884
99.8784
99.8729
99.867
99.8617
99.8559
99.8495
99.8442
99.8352
99.9653
99.9654
99.9653
99.9643
99.9624
99.9622
99.9622
99.9617
99.9605
99.9584
99.9577
99.9572
99.9559
99.9535
99.9513
99.9493
99.947
99.9441
99.9406
99.9369
99.9329
99.9283
99.9232
99.9177
99.9118
99.9054
99.8987
99.8915
99.8847
99.8739
99.9726
99.9727
99.9727
99.9723
99.9714
99.9706
99.9706
99.9707
99.9707
99.9702
99.9696
99.9693
99.9688
99.9679
99.9671
99.9664
99.9655
99.9642
99.9627
99.961
99.9589
99.9565
99.9535
99.9501
99.946
99.9413
99.936
99.9299
99.9238
99.9129
99.978
99.9783
99.9783
99.9781
99.9774
99.9765
99.9763
99.9764
99.9765
99.9762
99.9757
99.9754
99.9751
99.9746
99.9741
99.9738
99.9733
99.9727
99.972
99.9712
99.9703
99.9692
99.9679
99.9664
99.9644
99.9621
99.9592
99.9555
99.9516
99.9436
99.9865
99.9867
99.9866
99.9863
99.986
99.9855
99.9847
99.9845
99.9844
99.9841
99.9833
99.9827
99.9824
99.982
99.9814
99.9807
99.9801
99.9795
99.9788
99.9781
99.9773
99.9765
99.9756
99.9746
99.9735
99.9722
99.9707
99.9689
99.9669
99.9624
99.9959
99.9957
99.9956
99.9955
99.9954
99.9951
99.9945
99.9941
99.9939
99.9938
99.9931
99.9923
99.9919
99.9915
99.9908
99.99
99.9892
99.9884
99.9875
99.9866
99.9856
99.9846
99.9835
99.9823
99.9812
99.9799
99.9787
99.9772
99.9758
99.973
99.9996
99.9996
99.9995
99.9995
99.9995
99.9994
99.9993
99.9992
99.9991
99.999
99.9989
99.9987
99.9984
99.9982
99.9979
99.9976
99.9971
99.9966
99.996
99.9954
99.9945
99.9936
99.9926
99.9914
99.9902
99.9888
99.9873
99.9857
99.9842
99.9815
100
100
100
100
100
100
100
100
100
100
99.9999
99.9999
99.9999
99.9999
99.9999
99.9998
99.9997
99.9997
99.9995
99.9994
99.9992
99.9989
99.9985
99.998
99.9974
99.9966
99.9956
99.9943
99.993
99.9904
100
100
100
100
100
100
100
100
100
100
100
100
100
100
100
100
100
100
100
100
100
99.9999
99.9999
99.9998
99.9998
99.9996
99.9994
99.999
99.9985
99.9972
100
100
100
100
100
100
100
100
100
100
100
100
100
100
100
100
100
100
100
100
100
100
100
100
100
100
100
99.9999
99.9999
99.9997
100
100
100
100
100
100
100
100
100
100
100
100
100
100
100
100
100
100
100
100
100
100
100
100
100
100
100
100
100
100
100
100
100
100
100
100
100
100
100
100
100
100
100
100
100
100
100
100
100
100
100
100
100
100
100
100
100
100
100
100
100
100
100
100
100
100
100
100
100
100
100
100
100
100
100
100
100
100
100
100
100
100
100
100
100
100
100
100
100
100
99.2796
99.2738
99.2589
99.2409
99.2284
99.2235
99.2234
99.2148
99.2036
99.1984
99.1967
99.2389
99.294
99.3423
99.4006
99.456
99.5145
99.5822
99.6626
99.7481
99.8286
99.899
99.9456
99.9653
99.9723
99.9776
99.9867
99.9965
99.9997
100
100
100
100
100
100
99.2798
99.2726
99.2555
99.2386
99.2282
99.2224
99.2195
99.2068
99.2028
99.201
99.1996
99.245
99.3028
99.3497
99.4071
99.4626
99.5268
99.6052
99.6854
99.7634
99.8408
99.9088
99.9511
99.9668
99.9725
99.9784
99.9888
99.9973
99.9998
100
100
100
100
100
100
99.2807
99.2723
99.2545
99.2382
99.2285
99.2222
99.219
99.2041
99.2035
99.2044
99.2023
99.2461
99.3051
99.3499
99.4085
99.4696
99.5459
99.6207
99.6941
99.7703
99.8486
99.9163
99.9552
99.9679
99.9732
99.9802
99.9901
99.9977
99.9998
100
100
100
100
100
100
99.2785
99.2689
99.2536
99.238
99.2282
99.2217
99.2187
99.2022
99.2031
99.2084
99.207
99.2457
99.3081
99.3508
99.4168
99.4903
99.5596
99.628
99.7001
99.7779
99.8599
99.9265
99.9595
99.9698
99.9747
99.9813
99.9908
99.9981
99.9999
100
100
100
100
100
100
99.2739
99.266
99.2534
99.238
99.2295
99.2242
99.2184
99.1996
99.2022
99.2108
99.2099
99.2452
99.3159
99.3715
99.4386
99.5011
99.5652
99.6326
99.7059
99.7929
99.877
99.9349
99.9621
99.9707
99.9752
99.9818
99.9915
99.9984
99.9999
100
100
100
100
100
100
99.27
99.2648
99.2535
99.2384
99.2305
99.2257
99.2171
99.1956
99.1976
99.2112
99.215
99.2569
99.3314
99.3878
99.4468
99.5055
99.5679
99.6384
99.727
99.8147
99.8886
99.9404
99.9639
99.9711
99.9753
99.982
99.9924
99.9988
100
100
100
100
100
100
100
99.2671
99.2639
99.2537
99.2381
99.2293
99.2241
99.2111
99.1919
99.1922
99.2136
99.2271
99.2689
99.3397
99.3922
99.4493
99.5073
99.5759
99.6638
99.748
99.8263
99.8972
99.9457
99.9656
99.9715
99.9753
99.9826
99.9937
99.9992
100
100
100
100
100
100
100
99.265
99.2631
99.2532
99.2377
99.2279
99.2212
99.2035
99.1872
99.1921
99.2217
99.2402
99.275
99.3418
99.392
99.4489
99.5174
99.6024
99.6814
99.7581
99.8364
99.9067
99.9512
99.9671
99.9718
99.9761
99.985
99.9949
99.9994
100
100
100
100
100
100
100
99.264
99.2626
99.2527
99.2377
99.2269
99.2199
99.2
99.1857
99.1933
99.2273
99.2467
99.2771
99.3419
99.3909
99.4597
99.5418
99.616
99.6894
99.7672
99.8481
99.9179
99.956
99.9685
99.9727
99.9777
99.9865
99.9957
99.9995
100
100
100
100
100
100
100
99.2639
99.2624
99.2518
99.2367
99.226
99.22
99.1997
99.1857
99.1926
99.2288
99.2494
99.2793
99.3448
99.4101
99.485
99.5535
99.6226
99.6966
99.7789
99.865
99.9278
99.9597
99.9696
99.9735
99.9787
99.9874
99.9963
99.9997
100
100
100
100
100
100
100
99.2655
99.2622
99.2514
99.2366
99.2268
99.2216
99.2
99.1859
99.1873
99.2259
99.2517
99.2923
99.3683
99.4329
99.4959
99.5595
99.6284
99.7087
99.8014
99.8797
99.9358
99.9626
99.9702
99.9736
99.9791
99.9882
99.997
99.9998
100
100
100
100
100
100
100
99.2705
99.2632
99.2524
99.2387
99.2301
99.2255
99.1995
99.1808
99.1803
99.2171
99.2585
99.3114
99.3815
99.4412
99.501
99.565
99.6429
99.7363
99.8186
99.8912
99.9429
99.9647
99.9705
99.9736
99.9791
99.9892
99.9977
99.9999
100
100
100
100
100
100
100
99.2732
99.2649
99.2545
99.2417
99.2337
99.2297
99.1999
99.1789
99.1783
99.2174
99.2724
99.3212
99.3838
99.4439
99.5052
99.5833
99.6735
99.7535
99.8313
99.9025
99.9494
99.9664
99.9708
99.9737
99.9795
99.9909
99.9983
99.9999
100
100
100
100
100
100
100
99.2734
99.265
99.2547
99.2441
99.236
99.2317
99.2018
99.1789
99.1782
99.2253
99.2796
99.3245
99.3855
99.4448
99.5247
99.6113
99.6882
99.7651
99.8445
99.9147
99.9547
99.9679
99.9714
99.9746
99.9821
99.9926
99.9988
99.9999
100
100
100
100
100
100
100
99.2737
99.2649
99.2545
99.2448
99.2364
99.2318
99.2035
99.1839
99.1813
99.2295
99.2867
99.3269
99.3914
99.4652
99.5488
99.6225
99.6972
99.7774
99.8612
99.9256
99.959
99.9693
99.9724
99.976
99.9838
99.9936
99.999
100
100
100
100
100
100
100
100
99.2753
99.2655
99.2529
99.2415
99.2312
99.2265
99.2012
99.1924
99.1885
99.2311
99.2956
99.3436
99.4174
99.491
99.5591
99.629
99.7067
99.7965
99.8776
99.9349
99.9625
99.9702
99.9729
99.9769
99.9847
99.9944
99.9993
100
100
100
100
100
100
100
100
99.279
99.2685
99.2492
99.2347
99.2193
99.2092
99.1946
99.1969
99.1937
99.2337
99.3096
99.3708
99.4385
99.5005
99.5638
99.636
99.7281
99.8176
99.8918
99.9432
99.9652
99.9706
99.973
99.9772
99.9855
99.9953
99.9995
100
100
100
100
100
100
100
100
99.2844
99.2707
99.2475
99.2281
99.2073
99.1885
99.1879
99.201
99.2072
99.2468
99.3243
99.3822
99.4427
99.5036
99.5685
99.6614
99.7539
99.8346
99.9052
99.9505
99.967
99.9708
99.9729
99.9772
99.9867
99.9966
99.9997
100
100
100
100
100
100
100
100
99.2887
99.2734
99.2471
99.2216
99.1995
99.1758
99.1861
99.2065
99.2229
99.2614
99.3288
99.3834
99.4421
99.5065
99.5999
99.6914
99.7716
99.851
99.9184
99.9562
99.9683
99.971
99.973
99.9782
99.9892
99.9976
99.9998
100
100
100
100
100
100
100
100
99.2915
99.2769
99.2486
99.2192
99.1979
99.1728
99.187
99.2117
99.2299
99.2656
99.3294
99.3817
99.4469
99.5399
99.6297
99.7078
99.7884
99.8688
99.9298
99.9607
99.9693
99.9714
99.974
99.9808
99.991
99.9981
99.9999
100
100
100
100
100
100
100
100
99.2923
99.278
99.2574
99.2254
99.2049
99.1733
99.1873
99.2132
99.2307
99.2641
99.3295
99.396
99.4828
99.568
99.6437
99.7223
99.8075
99.8855
99.9396
99.9641
99.9701
99.972
99.9751
99.982
99.9919
99.9985
99.9999
100
100
100
100
100
100
100
100
99.2894
99.2788
99.2653
99.2356
99.2145
99.1749
99.1804
99.2067
99.2281
99.2629
99.3438
99.4276
99.5088
99.5805
99.6553
99.7402
99.8286
99.9008
99.9482
99.9667
99.9706
99.9723
99.9755
99.9828
99.993
99.9989
100
100
100
100
100
100
100
100
100
99.2813
99.2785
99.2683
99.2394
99.2158
99.1691
99.1674
99.1893
99.2268
99.2794
99.3741
99.4504
99.5195
99.5892
99.671
99.7658
99.8476
99.9154
99.9552
99.9683
99.9709
99.9723
99.9756
99.9836
99.9944
99.9993
100
100
100
100
100
100
100
100
100
99.2753
99.2746
99.2682
99.2399
99.2137
99.1623
99.1605
99.1846
99.2428
99.3121
99.3935
99.4591
99.5241
99.6018
99.7017
99.7873
99.8667
99.9291
99.9605
99.9693
99.9711
99.9724
99.976
99.9859
99.9961
99.9996
100
100
100
100
100
100
100
100
100
99.2746
99.2741
99.2625
99.2338
99.2011
99.1612
99.1625
99.2049
99.2821
99.3378
99.3998
99.4624
99.5337
99.6377
99.725
99.8089
99.8866
99.9402
99.9643
99.9701
99.9714
99.9732
99.9785
99.9887
99.9971
99.9997
100
100
100
100
100
100
100
100
100
99.2767
99.2746
99.2487
99.2091
99.1771
99.1688
99.1877
99.2426
99.3022
99.3504
99.4036
99.4748
99.5766
99.663
99.7464
99.8316
99.9042
99.9492
99.967
99.9706
99.9719
99.9742
99.9803
99.9901
99.9977
99.9998
100
100
100
100
100
100
100
100
100
99.2823
99.2695
99.2306
99.1871
99.162
99.1839
99.2113
99.2532
99.3041
99.3554
99.421
99.5188
99.6027
99.6824
99.7692
99.8549
99.9195
99.9566
99.9687
99.971
99.9721
99.9749
99.9814
99.9913
99.9983
99.9999
100
100
100
100
100
100
100
100
100
99.2898
99.2633
99.2136
99.1738
99.1579
99.1906
99.2128
99.2438
99.2969
99.3625
99.4589
99.5422
99.6192
99.7039
99.797
99.8756
99.9332
99.962
99.9697
99.9711
99.9721
99.9751
99.9822
99.9928
99.9989
99.9999
100
100
100
100
100
100
100
100
100
99.2944
99.259
99.2009
99.1637
99.1555
99.1895
99.2037
99.2281
99.3
99.3942
99.4794
99.5543
99.6363
99.7338
99.8217
99.8951
99.945
99.9658
99.9702
99.9711
99.972
99.975
99.9837
99.9947
99.9994
100
100
100
100
100
100
100
100
100
100
99.2952
99.2516
99.1955
99.1582
99.1521
99.1763
99.1978
99.2369
99.3391
99.414
99.4891
99.568
99.667
99.7632
99.8458
99.914
99.9541
99.9681
99.9705
99.9711
99.9721
99.9764
99.9869
99.9963
99.9996
100
100
100
100
100
100
100
100
100
100
99.2845
99.2443
99.1963
99.1604
99.1505
99.1699
99.1994
99.2693
99.3585
99.4242
99.499
99.5995
99.7039
99.7896
99.8696
99.9301
99.9607
99.9695
99.9708
99.9714
99.9731
99.9792
99.9891
99.9972
99.9997
100
100
100
100
100
100
100
100
100
100
99.2667
99.242
99.2131
99.1727
99.1473
99.1733
99.2267
99.284
99.3622
99.4339
99.5336
99.6452
99.7305
99.8158
99.893
99.9431
99.9652
99.9703
99.9711
99.9719
99.9744
99.9807
99.9905
99.9979
99.9999
100
100
100
100
100
100
100
100
100
100
99.2459
99.2428
99.2291
99.1839
99.148
99.1802
99.2407
99.2952
99.3637
99.4696
99.585
99.6707
99.7573
99.8452
99.9133
99.9534
99.968
99.9708
99.9713
99.9723
99.9751
99.9819
99.9921
99.9986
99.9999
100
100
100
100
100
100
100
100
100
100
99.2298
99.2481
99.2324
99.1866
99.1437
99.1707
99.2434
99.3212
99.4187
99.5239
99.6089
99.695
99.7889
99.8726
99.9309
99.9608
99.9696
99.971
99.9714
99.9723
99.9755
99.9834
99.9942
99.9992
100
100
100
100
100
100
100
100
100
100
100
99.2243
99.2513
99.2199
99.1648
99.1276
99.1659
99.2607
99.3605
99.465
99.5474
99.6301
99.7266
99.824
99.8974
99.9452
99.9656
99.9704
99.971
99.9713
99.9722
99.9762
99.9865
99.9961
99.9996
100
100
100
100
100
100
100
100
100
100
100
99.2259
99.2475
99.1824
99.1172
99.1114
99.1827
99.3011
99.3966
99.4838
99.5634
99.6606
99.7712
99.8555
99.919
99.9556
99.9684
99.9707
99.971
99.9713
99.9729
99.9791
99.9892
99.9972
99.9997
100
100
100
100
100
100
100
100
100
100
100
99.2294
99.2222
99.1474
99.0922
99.1006
99.2121
99.3335
99.4115
99.4942
99.5881
99.7132
99.8076
99.8829
99.9367
99.9627
99.9699
99.9708
99.971
99.9716
99.9744
99.9812
99.991
99.998
99.9999
100
100
100
100
100
100
100
100
100
100
100
99.2252
99.1905
99.1194
99.0904
99.1338
99.2316
99.3488
99.4192
99.5097
99.6481
99.7553
99.8402
99.9083
99.9502
99.9671
99.9705
99.9709
99.9712
99.9721
99.9753
99.9826
99.9927
99.9987
99.9999
100
100
100
100
100
100
100
100
100
100
100
99.2215
99.1685
99.0939
99.1091
99.1874
99.2418
99.3509
99.4339
99.5787
99.6987
99.7915
99.8715
99.9296
99.9598
99.9694
99.9709
99.9711
99.9714
99.9725
99.976
99.9844
99.9948
99.9993
100
100
100
100
100
100
100
100
100
100
100
100
99.2383
99.1612
99.0742
99.1144
99.2076
99.255
99.3407
99.5053
99.6409
99.7377
99.8275
99.9018
99.9464
99.9658
99.9705
99.971
99.9711
99.9715
99.9727
99.9771
99.9876
99.9967
99.9997
100
100
100
100
100
100
100
100
100
100
100
100
99.27
99.1592
99.0574
99.1042
99.2058
99.2772
99.4082
99.575
99.6811
99.7779
99.8674
99.9268
99.958
99.9689
99.9709
99.9711
99.9711
99.9714
99.973
99.9801
99.9906
99.9978
99.9998
100
100
100
100
100
100
100
100
100
100
100
100
99.2841
99.1519
99.0412
99.0933
99.1871
99.2939
99.491
99.6183
99.7236
99.827
99.9011
99.9452
99.9649
99.9703
99.971
99.9711
99.9711
99.9716
99.975
99.983
99.9927
99.9986
99.9999
100
100
100
100
100
100
100
100
100
100
100
100
99.28
99.1231
99.027
99.081
99.1919
99.3671
99.5429
99.6628
99.7803
99.8699
99.9271
99.9578
99.9686
99.9708
99.971
99.9711
99.9712
99.9726
99.977
99.9852
99.9946
99.9992
100
100
100
100
100
100
100
100
100
100
100
100
100
99.2463
99.0919
99.0272
99.077
99.2824
99.4599
99.6016
99.7261
99.8342
99.9044
99.9465
99.9653
99.9702
99.971
99.9711
99.9711
99.9716
99.9736
99.9785
99.9876
99.9965
99.9996
100
100
100
100
100
100
100
100
100
100
100
100
100
99.1705
99.0912
99.0694
99.1298
99.3637
99.5141
99.6595
99.7941
99.8783
99.9315
99.9593
99.9691
99.9708
99.971
99.9711
99.9712
99.972
99.9742
99.9802
99.9907
99.998
99.9998
100
100
100
100
100
100
100
100
100
100
100
100
100
99.0647
99.0779
99.1263
99.2216
99.4073
99.5957
99.746
99.8481
99.9135
99.951
99.9665
99.9707
99.9709
99.971
99.9711
99.9714
99.9722
99.975
99.9832
99.9934
99.9988
99.9999
100
100
100
100
100
100
100
100
100
100
100
100
100
99.0127
99.0302
99.1334
99.3017
99.4888
99.6754
99.8134
99.8935
99.9407
99.9625
99.9697
99.9711
99.9709
99.971
99.9711
99.9714
99.9724
99.9768
99.9864
99.9955
99.9994
100
100
100
100
100
100
100
100
100
100
100
100
100
100
99.0026
98.9695
99.109
99.3428
99.6074
99.7723
99.8708
99.929
99.9574
99.9681
99.9708
99.9712
99.9709
99.971
99.9711
99.9713
99.973
99.9797
99.9896
99.9973
99.9997
100
100
100
100
100
100
100
100
100
100
100
100
100
100
99.0369
98.9028
99.1276
99.4545
99.7079
99.8463
99.9165
99.9516
99.966
99.9703
99.9711
99.9712
99.9708
99.9711
99.9711
99.9715
99.9752
99.9827
99.9925
99.9985
99.9999
100
100
100
100
100
100
100
100
100
100
100
100
100
100
99.1129
98.8977
99.3089
99.651
99.8145
99.9014
99.9458
99.9638
99.9696
99.971
99.9712
99.9711
99.9708
99.9712
99.9713
99.9729
99.9774
99.9858
99.9951
99.9993
100
100
100
100
100
100
100
100
100
100
100
100
100
100
100
98.7286
99.1185
99.5235
99.7665
99.8874
99.9407
99.9618
99.969
99.9707
99.9712
99.9712
99.9711
99.9707
99.9713
99.9719
99.9742
99.9797
99.9891
99.997
99.9997
100
100
100
100
100
100
100
100
100
100
100
100
100
100
100
98.5315
99.2533
99.6957
99.8635
99.9338
99.9607
99.9688
99.9706
99.971
99.9712
99.9712
99.971
99.9707
99.9715
99.9724
99.9754
99.9825
99.9924
99.9984
99.9999
100
100
100
100
100
100
100
100
100
100
100
100
100
100
100
99.037
99.5637
99.8227
99.9279
99.96
99.9686
99.9706
99.9709
99.9711
99.9713
99.9713
99.9709
99.9706
99.9717
99.9729
99.9772
99.9863
99.9953
99.9993
100
100
100
100
100
100
100
100
100
100
100
100
100
100
100
100
99.4559
99.7595
99.9159
99.9593
99.969
99.9708
99.971
99.971
99.9711
99.9713
99.9712
99.9707
99.9706
99.9719
99.9739
99.9806
99.9901
99.9974
99.9997
100
100
100
100
100
100
100
100
100
100
100
100
100
100
100
100
99.7843
99.9135
99.9608
99.9695
99.9709
99.971
99.971
99.971
99.9712
99.9713
99.9711
99.9706
99.9706
99.9727
99.9761
99.9842
99.9933
99.9987
99.9999
100
100
100
100
100
100
100
100
100
100
100
100
100
100
100
100
99.9711
99.9712
99.9712
99.9712
99.9712
99.9711
99.971
99.971
99.9712
99.9713
99.971
99.9706
99.9711
99.9743
99.9787
99.9878
99.9962
99.9996
100
100
100
100
100
100
100
100
100
100
100
100
100
100
100
100
100
99.9711
99.9711
99.9712
99.9712
99.9712
99.9711
99.971
99.971
99.9711
99.9713
99.9712
99.9707
99.9711
99.9742
99.9788
99.9879
99.9962
99.9995
100
100
100
100
100
100
100
100
100
100
100
100
100
100
100
100
100
99.9711
99.9711
99.9712
99.9712
99.9712
99.9712
99.971
99.9709
99.971
99.9713
99.9713
99.9709
99.9713
99.975
99.9808
99.9906
99.9976
99.9998
100
100
100
100
100
100
100
100
100
100
100
100
100
100
100
100
100
99.9712
99.9712
99.9711
99.9712
99.9712
99.9712
99.9711
99.9709
99.9709
99.9712
99.9714
99.971
99.9714
99.9755
99.9823
99.9921
99.9983
99.9999
100
100
100
100
100
100
100
100
100
100
100
100
100
100
100
100
100
99.9712
99.9712
99.9711
99.9711
99.9711
99.9712
99.9712
99.971
99.9709
99.971
99.9714
99.9711
99.9714
99.9762
99.9843
99.9937
99.9988
99.9999
100
100
100
100
100
100
100
100
100
100
100
100
100
100
100
100
100
99.9713
99.9712
99.9711
99.9711
99.9711
99.9712
99.9712
99.9711
99.9709
99.9709
99.9714
99.9715
99.972
99.9778
99.9861
99.9949
99.9992
100
100
100
100
100
100
100
100
100
100
100
100
100
100
100
100
100
100
99.9713
99.9712
99.9711
99.9711
99.9711
99.9712
99.9713
99.9712
99.9709
99.9707
99.9714
99.972
99.9726
99.9789
99.9876
99.9962
99.9995
100
100
100
100
100
100
100
100
100
100
100
100
100
100
100
100
100
100
99.9713
99.9712
99.9711
99.971
99.971
99.9712
99.9713
99.9712
99.9709
99.9706
99.9711
99.9723
99.9732
99.98
99.9897
99.9973
99.9997
100
100
100
100
100
100
100
100
100
100
100
100
100
100
100
100
100
100
99.9713
99.9712
99.9711
99.9711
99.971
99.9711
99.9713
99.9712
99.9708
99.9705
99.9708
99.9724
99.9741
99.982
99.9917
99.9981
99.9998
100
100
100
100
100
100
100
100
100
100
100
100
100
100
100
100
100
100
99.9712
99.9712
99.9712
99.9711
99.971
99.9711
99.9713
99.9712
99.9709
99.9705
99.9708
99.9729
99.9756
99.9839
99.9931
99.9987
99.9999
100
100
100
100
100
100
100
100
100
100
100
100
100
100
100
100
100
100
99.9712
99.9712
99.9712
99.9711
99.971
99.971
99.9713
99.9713
99.971
99.9705
99.9709
99.9735
99.9767
99.9853
99.9946
99.9992
100
100
100
100
100
100
100
100
100
100
100
100
100
100
100
100
100
100
100
99.9712
99.9712
99.9712
99.9711
99.971
99.971
99.9712
99.9713
99.9711
99.9705
99.9708
99.9737
99.9778
99.9875
99.9961
99.9995
100
100
100
100
100
100
100
100
100
100
100
100
100
100
100
100
100
100
100
99.9712
99.9712
99.9712
99.9711
99.971
99.971
99.9711
99.9713
99.9712
99.9704
99.9707
99.9737
99.9798
99.9899
99.9972
99.9997
100
100
100
100
100
100
100
100
100
100
100
100
100
100
100
100
100
100
100
99.9712
99.9712
99.9712
99.9711
99.9711
99.971
99.971
99.9713
99.9713
99.9706
99.971
99.9751
99.982
99.9915
99.998
99.9998
100
100
100
100
100
100
100
100
100
100
100
100
100
100
100
100
100
100
100
99.9712
99.9712
99.9712
99.9712
99.9711
99.971
99.971
99.9712
99.9714
99.9711
99.9715
99.9763
99.9835
99.9932
99.9988
99.9999
100
100
100
100
100
100
100
100
100
100
100
100
100
100
100
100
100
100
100
99.9712
99.9712
99.9712
99.9712
99.9712
99.9711
99.9709
99.9709
99.9713
99.9713
99.9717
99.9769
99.9856
99.9951
99.9992
100
100
100
100
100
100
100
100
100
100
100
100
100
100
100
100
100
100
100
100
99.9712
99.9711
99.9712
99.9712
99.9713
99.9712
99.9709
99.9705
99.971
99.9714
99.9718
99.9785
99.9883
99.9964
99.9996
100
100
100
100
100
100
100
100
100
100
100
100
100
100
100
100
100
100
100
100
99.9712
99.9711
99.9712
99.9712
99.9713
99.9712
99.9708
99.9704
99.9707
99.9718
99.9732
99.981
99.9903
99.9975
99.9998
100
100
100
100
100
100
100
100
100
100
100
100
100
100
100
100
100
100
100
100
99.9712
99.9711
99.9711
99.9712
99.9713
99.9713
99.9709
99.9704
99.9707
99.9726
99.9748
99.9824
99.992
99.9984
99.9999
100
100
100
100
100
100
100
100
100
100
100
100
100
100
100
100
100
100
100
100
99.9712
99.9712
99.9711
99.9711
99.9713
99.9713
99.971
99.9704
99.9707
99.9731
99.9757
99.9841
99.9942
99.999
99.9999
100
100
100
100
100
100
100
100
100
100
100
100
100
100
100
100
100
100
100
100
99.9713
99.9712
99.9711
99.9711
99.9712
99.9713
99.971
99.9703
99.9705
99.9732
99.9769
99.9872
99.9959
99.9994
100
100
100
100
100
100
100
100
100
100
100
100
100
100
100
100
100
100
100
100
100
99.9713
99.9713
99.9711
99.971
99.9712
99.9713
99.971
99.9701
99.9704
99.9733
99.9796
99.9897
99.9971
99.9997
100
100
100
100
100
100
100
100
100
100
100
100
100
100
100
100
100
100
100
100
100
99.9713
99.9713
99.9711
99.971
99.9711
99.9712
99.9711
99.9703
99.9706
99.9747
99.9819
99.9915
99.9981
99.9998
100
100
100
100
100
100
100
100
100
100
100
100
100
100
100
100
100
100
100
100
100
99.9713
99.9713
99.9712
99.9712
99.9712
99.971
99.9712
99.9708
99.9712
99.9762
99.9838
99.9936
99.9989
99.9999
100
100
100
100
100
100
100
100
100
100
100
100
100
100
100
100
100
100
100
100
100
99.9711
99.9713
99.9713
99.9713
99.9711
99.9707
99.9711
99.9711
99.9715
99.9771
99.9863
99.9956
99.9994
100
100
100
100
100
100
100
100
100
100
100
100
100
100
100
100
100
100
100
100
100
100
99.9709
99.9712
99.9714
99.9714
99.971
99.9703
99.9706
99.9712
99.9718
99.9792
99.9894
99.9971
99.9997
100
100
100
100
100
100
100
100
100
100
100
100
100
100
100
100
100
100
100
100
100
100
99.9709
99.9712
99.9715
99.9715
99.9709
99.9701
99.9703
99.9716
99.9737
99.9821
99.9917
99.9981
99.9998
100
100
100
100
100
100
100
100
100
100
100
100
100
100
100
100
100
100
100
100
100
100
99.9709
99.9713
99.9716
99.9715
99.9709
99.97
99.9702
99.9725
99.9756
99.984
99.9937
99.9989
99.9999
100
100
100
100
100
100
100
100
100
100
100
100
100
100
100
100
100
100
100
100
100
100
99.9712
99.9714
99.9717
99.9715
99.9708
99.9699
99.9702
99.9732
99.9769
99.9864
99.9958
99.9994
100
100
100
100
100
100
100
100
100
100
100
100
100
100
100
100
100
100
100
100
100
100
100
99.9713
99.9714
99.9716
99.9712
99.9707
99.9698
99.97
99.9733
99.9789
99.9899
99.9974
99.9997
100
100
100
100
100
100
100
100
100
100
100
100
100
100
100
100
100
100
100
100
100
100
100
99.9715
99.9713
99.9713
99.9709
99.9707
99.9698
99.97
99.974
99.9824
99.9925
99.9984
99.9999
100
100
100
100
100
100
100
100
100
100
100
100
100
100
100
100
100
100
100
100
100
100
100
99.9716
99.9712
99.9711
99.9706
99.971
99.9705
99.9706
99.9765
99.9851
99.9944
99.9991
99.9999
100
100
100
100
100
100
100
100
100
100
100
100
100
100
100
100
100
100
100
100
100
100
100
99.9718
99.9713
99.971
99.9703
99.9711
99.9712
99.9716
99.9782
99.9877
99.9965
99.9996
100
100
100
100
100
100
100
100
100
100
100
100
100
100
100
100
100
100
100
100
100
100
100
100
99.9719
99.9714
99.971
99.9698
99.9703
99.9714
99.9722
99.9802
99.991
99.998
99.9998
100
100
100
100
100
100
100
100
100
100
100
100
100
100
100
100
100
100
100
100
100
100
100
100
99.972
99.9714
99.9708
99.9695
99.9696
99.9713
99.974
99.9842
99.9939
99.9989
99.9999
100
100
100
100
100
100
100
100
100
100
100
100
100
100
100
100
100
100
100
100
100
100
100
100
99.9719
99.9714
99.9708
99.9694
99.9695
99.9717
99.9771
99.9872
99.9958
99.9994
100
100
100
100
100
100
100
100
100
100
100
100
100
100
100
100
100
100
100
100
100
100
100
100
100
99.9719
99.9715
99.9709
99.9694
99.9697
99.9736
99.9797
99.9898
99.9976
99.9998
100
100
100
100
100
100
100
100
100
100
100
100
100
100
100
100
100
100
100
100
100
100
100
100
100
99.9719
99.9715
99.9708
99.9697
99.97
99.9747
99.9823
99.9931
99.9987
99.9999
100
100
100
100
100
100
100
100
100
100
100
100
100
100
100
100
100
100
100
100
100
100
100
100
100
99.9717
99.9712
99.9701
99.9696
99.9699
99.9762
99.9865
99.9958
99.9994
100
100
100
100
100
100
100
100
100
100
100
100
100
100
100
100
100
100
100
100
100
100
100
100
100
100
99.9711
99.9704
99.9696
99.9698
99.9707
99.9799
99.9904
99.9975
99.9997
100
100
100
100
100
100
100
100
100
100
100
100
100
100
100
100
100
100
100
100
100
100
100
100
100
100
99.9709
99.9698
99.9695
99.9709
99.9738
99.9833
99.9931
99.9987
99.9999
100
100
100
100
100
100
100
100
100
100
100
100
100
100
100
100
100
100
100
100
100
100
100
100
100
100
99.9709
99.9693
99.9695
99.9722
99.9763
99.9863
99.9959
99.9994
100
100
100
100
100
100
100
100
100
100
100
100
100
100
100
100
100
100
100
100
100
100
100
100
100
100
100
99.9711
99.9687
99.9694
99.9731
99.9789
99.9907
99.9979
99.9998
100
100
100
100
100
100
100
100
100
100
100
100
100
100
100
100
100
100
100
100
100
100
100
100
100
100
100
99.971
99.9683
99.969
99.9743
99.9836
99.9942
99.999
99.9999
100
100
100
100
100
100
100
100
100
100
100
100
100
100
100
100
100
100
100
100
100
100
100
100
100
100
100
99.9701
99.9684
99.9691
99.9775
99.9883
99.9966
99.9996
100
100
100
100
100
100
100
100
100
100
100
100
100
100
100
100
100
100
100
100
100
100
100
100
100
100
100
100
99.9685
99.9694
99.9713
99.9819
99.992
99.9983
99.9999
100
100
100
100
100
100
100
100
100
100
100
100
100
100
100
100
100
100
100
100
100
100
100
100
100
100
100
100
99.9661
99.9712
99.9738
99.9857
99.9953
99.9993
100
100
100
100
100
100
100
100
100
100
100
100
100
100
100
100
100
100
100
100
100
100
100
100
100
100
100
100
100
99.9639
99.9725
99.9781
99.9904
99.9977
99.9998
100
100
100
100
100
100
100
100
100
100
100
100
100
100
100
100
100
100
100
100
100
100
100
100
100
100
100
100
100
99.9626
99.9747
99.9837
99.9943
99.999
99.9999
100
100
100
100
100
100
100
100
100
100
100
100
100
100
100
100
100
100
100
100
100
100
100
100
100
100
100
100
100
99.9625
99.9787
99.9886
99.997
99.9996
100
100
100
100
100
100
100
100
100
100
100
100
100
100
100
100
100
100
100
100
100
100
100
100
100
100
100
100
100
100
99.9649
99.9827
99.9931
99.9988
99.9999
100
100
100
100
100
100
100
100
100
100
100
100
100
100
100
100
100
100
100
100
100
100
100
100
100
100
100
100
100
100
99.9689
99.9872
99.9965
99.9996
100
100
100
100
100
100
100
100
100
100
100
100
100
100
100
100
100
100
100
100
100
100
100
100
100
100
100
100
100
100
100
99.9745
99.9924
99.9987
99.9999
100
100
100
100
100
100
100
100
100
100
100
100
100
100
100
100
100
100
100
100
100
100
100
100
100
100
100
100
100
100
100
99.9833
99.9962
99.9997
100
100
100
100
100
100
100
100
100
100
100
100
100
100
100
100
100
100
100
100
100
100
100
100
100
100
100
100
100
100
100
100
99.9927
99.9993
100
100
100
100
100
100
100
100
100
100
100
100
100
100
100
100
100
100
100
100
100
100
100
100
100
100
100
100
100
100
100
100
100
100
100
100
100
100
100
100
100
100
100
100
100
100
100
100
100
100
100
100
100
100
100
100
100
100
100
100
100
100
100
100
100
100
100
100
100
100
100
100
100
100
100
100
100
100
100
100
100
100
100
100
100
100
100
100
100
100
100
100
100
100
100
100
100
100
100
100
100
100
100
100
100
100
100
100
100
100
100
100
100
100
100
100
100
100
100
100
100
100
100
100
100
100
100
100
100
100
100
100
100
100
100
100
100
100
100
100
100
100
100
100
100
100
100
100
100
100
100
100
100
100
100
100
100
100
100
100
100
100
100
100
100
100
100
100
100
100
100
100
100
100
100
100
100
100
100
100
100
100
100
100
100
100
100
100
100
100
100
100
100
100
100
100
100
100
100
100
100
100
100
100
100
100
100
100
100
100
100
100
100
100
100
100
100
100
100
100
100
100
100
100
100
100
100
100
100
100
100
100
100
100
100
100
100
100
100
100
100
100
100
100
100
100
100
100
100
100
100
100
100
100
100
100
100
100
100
100
100
100
100
100
100
100
100
100
100
100
100
100
100
100
100
100
100
100
100
100
100
100
100
100
100
100
100
100
100
100
100
100
100
100
100
100
100
100
100
100
100
100
100
100
100
100
100
100
100
100
100
100
100
100
100
100
100
100
100
100
100
100
100
100
100
100
100
100
100
100
100
100
100
100
100
100
100
100
100
100
100
100
100
100
100
100
100
100
100
100
100
100
100
100
100
100
100
100
100
100
100
100
100
100
100
100
100
100
100
100
100
100
100
100
100
100
100
100
100
100
100
100
100
100
100
100
100
100
100
100
100
100
100
100
100
100
100
100
100
100
100
100
100
100
100
100
100
100
100
100
100
100
100
100
100
100
100
100
100
100
100
100
100
100
100
100
100
100
100
100
100
100
100
100
100
100
100
100
100
100
100
100
100
100
100
100
100
100
100
100
100
100
100
100
100
100
100
100
100
100
100
100
100
100
100
100
100
100
100
100
100
100
100
100
100
100
100
100
100
100
100
100
100
100
100
100
100
100
100
100
100
100
100
100
100
100
100
100
100
100
100
100
100
100
100
100
100
100
100
100
100
100
100
100
100
100
100
100
100
100
100
100
100
100
100
100
100
100
100
100
100
100
100
100
100
100
100
100
100
100
100
100
100
100
100
100
100
100
100
100
100
100
100
100
100
100
100
100
100
100
100
100
100
100
100
100
100
100
100
100
100
100
100
100
100
100
100
100
100
100
100
100
100
100
100
100
100
100
100
100
100
100
100
100
100
100
100
100
100
100
100
100
100
100
100
100
100
100
100
100
100
100
100
100
100
100
100
100
100
100
100
100
100
100
100
100
100
100
100
100
100
100
100
100
100
100
100
100
100
100
100
100
100
100
100
100
100
100
100
100
100
100
100
100
100
100
100
100
100
100
100
100
100
100
100
100
100
100
100
100
100
100
100
100
100
100
100
100
100
100
100
100
100
100
100
100
100
100
100
100
100
100
100
100
100
100
100
100
100
100
100
100
100
100
100
100
100
100
100
100
100
100
100
100
100
100
100
100
100
100
100
100
100
100
100
100
100
100
100
100
100
100
100
100
100
100
100
100
100
100
100
100
100
100
100
100
100
100
100
100
100
100
100
100
100
100
100
100
100
100
100
100
100
100
100
100
100
100
100
100
100
100
100
100
100
100
100
100
100
100
100
100
100
100
100
100
100
100
100
100
100
100
100
100
100
100
100
100
100
100
100
100
100
100
100
100
100
100
100
100
100
100
100
100
100
100
100
100
100
100
100
100
100
100
100
100
100
100
100
100
100
100
100
100
100
100
100
100
100
100
100
100
100
100
100
100
100
100
100
100
100
100
100
100
100
100
100
100
100
100
100
100
100
100
100
100
100
100
100
100
100
100
100
100
100
100
100
100
100
100
100
100
100
100
100
100
100
100
100
100
100
100
100
100
100
100
100
100
100
100
100
100
100
100
100
100
100
100
100
100
100
100
100
100
100
100
100
100
100
100
100
100
100
100
100
100
100
100
100
100
100
100
100
100
100
100
100
100
100
100
100
100
100
100
100
100
100
100
100
100
100
100
100
100
100
100
100
100
100
100
100
100
100
100
100
100
100
100
100
100
100
100
100
100
100
100
100
100
100
100
100
100
100
100
100
100
100
100
100
100
100
100
100
100
100
100
100
100
100
100
100
100
100
100
100
100
100
100
100
100
100
100
100
100
100
100
100
100
100
100
100
100
100
100
100
100
100
100
100
100
100
100
100
100
100
100
100
100
100
100
100
100
100
100
100
100
100
100
100
100
100
100
100
100
100
100
100
100
100
100
100
100
100
100
100
100
100
100
100
100
100
100
100
100
100
100
100
100
100
100
100
100
100
100
100
100
100
100
100
100
100
100
100
100
100
100
100
100
100
100
100
100
100
100
100
100
100
100
100
100
100
100
100
100
100
100
100
100
100
100
100
100
100
100
100
100
100
100
100
100
100
100
100
100
100
100
100
100
100
100
100
100
100
100
100
100
100
100
100
100
100
100
100
100
100
100
100
100
100
100
100
100
100
100
100
100
100
100
100
100
100
100
100
100
100
100
100
100
100
100
100
100
100
100
100
100
100
100
100
100
100
100
100
100
100
100
100
100
100
100
100
100
100
100
100
100
100
100
100
100
100
100
100
100
100
100
100
100
100
100
100
100
100
100
100
100
100
100
100
100
100
100
100
100
100
100
100
100
100
100
100
100
100
100
100
100
100
100
100
100
100
100
100
100
100
100
100
100
100
100
100
100
100
100
100
100
100
100
100
100
100
100
100
100
100
100
100
100
100
100
100
100
100
100
100
100
100
100
100
100
100
100
100
100
100
100
100
100
100
100
100
100
100
100
100
100
100
100
100
100
100
100
100
100
100
100
100
100
100
100
100
100
100
100
100
100
100
100
100
100
100
100
100
100
100
100
100
100
100
100
100
100
100
100
100
100
100
100
100
100
100
100
100
100
100
100
100
100
100
100
100
100
100
100
100
100
100
100
100
100
100
100
100
100
100
100
100
100
100
100
100
100
100
100
100
100
100
100
100
100
100
100
100
100
100
100
100
100
100
100
100
100
100
100
100
100
100
100
100
100
100
100
100
100
100
100
100
100
100
100
100
100
100
100
100
100
100
100
100
100
100
100
100
100
100
100
100
100
100
100
100
100
100
100
100
100
100
100
100
100
100
100
100
100
100
100
100
100
100
100
100
100
100
100
100
100
100
100
100
100
100
100
100
100
100
100
100
100
100
100
100
100
100
100
100
100
100
100
100
100
100
100
100
100
100
100
100
100
100
100
100
100
100
100
100
100
100
100
100
100
100
100
100
100
100
100
100
100
100
100
100
100
100
100
100
100
100
100
100
100
100
100
100
100
100
100
100
100
100
100
100
100
100
100
100
100
100
100
100
100
100
100
100
100
100
100
100
100
100
100
100
100
100
100
100
100
100
100
100
100
100
100
100
100
100
100
100
100
100
100
100
100
100
100
100
100
100
100
100
100
100
100
100
100
100
100
100
100
100
100
100
100
100
100
100
100
100
100
100
100
100
100
100
100
100
100
100
100
100
100
100
100
100
100
100
100
100
100
100
100
100
100
100
100
100
100
100
100
100
100
100
100
100
100
100
100
100
100
100
100
100
100
100
100
100
100
100
100
100
100
100
100
100
100
100
100
100
100
100
100
100
100
100
100
100
100
100
100
100
100
100
100
100
100
100
100
100
100
100
100
100
100
100
100
100
100
100
100
100
100
100
100
100
100
100
100
100
100
100
100
100
100
100
100
100
100
100
100
100
100
100
100
100
100
100
100
100
100
100
100
100
100
100
100
100
100
100
100
100
100
100
100
100
100
100
100
100
100
100
100
100
100
100
100
100
100
100
100
100
100
100
100
100
100
100
100
100
100
100
100
100
100
100
100
100
100
100
100
100
100
100
100
100
100
100
100
100
100
100
100
100
100
100
100
100
100
100
100
100
100
100
100
100
100
100
100
100
100
100
100
100
100
100
100
100
100
100
100
100
100
100
100
100
100
100
100
100
100
100
100
100
100
100
100
100
100
100
100
100
100
100
100
100
100
100
100
100
100
100
100
100
100
100
100
100
100
100
100
100
100
100
100
100
100
100
100
100
100
100
100
100
100
100
100
100
100
100
100
100
100
100
100
100
100
100
100
100
100
100
100
100
100
100
100
100
100
100
100
100
100
100
100
100
100
100
100
100
100
100
100
100
100
100
100
100
100
100
100
100
100
100
100
100
100
100
100
100
100
100
100
100
100
100
100
100
100
100
100
100
100
100
100
100
100
100
100
100
100
100
100
100
100
100
100
100
100
100
100
100
100
100
100
100
100
100
100
100
100
100
100
100
100
100
100
100
100
100
100
100
100
100
100
100
100
100
100
100
100
100
100
100
100
100
100
100
100
100
100
100
100
100
100
100
100
100
100
100
100
100
100
100
100
100
100
100
100
100
100
100
100
100
100
100
100
100
100
100
100
100
100
100
100
100
100
100
100
100
100
100
100
100
100
100
100
100
100
100
100
100
100
100
100
100
100
100
100
100
100
100
100
100
100
100
100
100
100
100
100
100
100
100
100
100
100
100
100
100
100
100
100
100
100
100
100
100
100
100
100
100
100
100
100
100
100
100
100
100
100
100
100
100
100
100
100
100
100
100
100
100
100
100
100
100
100
100
100
100
100
100
100
100
100
100
100
100
100
100
100
100
100
100
100
100
100
100
100
100
100
100
100
100
100
100
100
100
100
100
100
100
100
100
100
100
100
100
100
100
100
100
100
100
100
100
100
100
100
100
100
100
100
100
100
100
100
100
100
100
100
100
100
100
100
100
100
100
100
100
100
100
100
100
100
100
100
100
100
100
100
100
100
100
100
100
100
100
100
100
100
100
100
100
100
100
100
100
100
100
100
100
100
100
100
100
100
100
100
100
100
100
100
100
100
100
100
100
100
100
100
100
100
100
100
100
100
100
100
100
100
100
100
100
100
100
100
100
100
100
100
100
100
100
100
100
100
100
100
100
100
100
100
100
100
100
100
100
100
100
100
100
100
100
100
100
100.085
100
100
100
100
100
100
100
100
100
100
100
100
100
100
100
100
100
100
100
100
100
100
100
100
100
100
100
100
100
100
100
100
100
100
100
100
100
100
100
100.193
100
100
100
100
100
100
100
100
100
100
100
100
100
100
100
100
100
100
100
100
100
100
100
100
100
100
100
100
100
100
100
100
100
100
100
100
100
100
100
100.29
100
100
100
100
100
100
100
100
100
100
100
100
100
100
100
100
100
100
100
100
100
100
100
100
100
100
100
100
100
100
100
100
100
100
100
100
100
100
100
100.389
100
100
100
100
100
100
100
100
100
100
100
100
100
100
100
100
100
100
100
100
100
100
100
100
100
100
100
100
100
100
100
100
100
100
100
100
100
100
100
100.48
100
100
100
100
100
100
100
100
100
100
100
100
100
100
100
100
100
100
100
100
100
100
100
100
100
100
100
100
100
100
100
100
100
100
100
100
100
100
100
100.558
100
100
100
100
100
100
100
100
100
100
100
100
100
100
100
100
100
100
100
100
100
100
100
100
100
100
100
100
100
100
100
100
100
100
100
100
100
100
100
100.645
100
100
100
100
100
100
100
100
100
100
100
100
100
100
100
100
100
100
100
100
100
100
100
100
100
100
100
100
100
100
100
100
100
100
100
100
100
100
100
100.717
99.9992
100
100
100
100
100
100
100
100
100
100
100
100
100
100
100
100
100
100
100
100
100
100
100
100
100
100
100
100
100
100
100
100
100
100
100
100
100
100
100.785
100.051
100
100
100
100
100
100
100
100
100
100
100
100
100
100
100
100
100
100
100
100
100
100
100
100
100
100
100
100
100
100
100
100
100
100
100
100
100
100
100.868
100.24
100
100
100
100
100
100
100
100
100
100
100
100
100
100
100
100
100
100
100
100
100
100
100
100
100
100
100
100
100
100
100
100
100
100
100
100
100
100
100.92
100.447
100
100
100
100
100
100
100
100
100
100
100
100
100
100
100
100
100
100
100
100
100
100
100
100
100
100
100
100
100
100
100
100
100
100
100
100
100
100
100.967
100.597
99.9996
100
100
100
100
100
100
100
100
100
100
100
100
100
100
100
100
100
100
100
100
100
100
100
100
100
100
100
100
100
100
100
100
100
100
100
100
100
101.01
100.725
100.001
100
100
100
100
100
100
100
100
100
100
100
100
100
100
100
100
100
100
100
100
100
100
100
100
100
100
100
100
100
100
100
100
100
100
100
100
100
101.031
100.821
100.154
100
100
100
100
100
100
100
100
100
100
100
100
100
100
100
100
100
100
100
100
100
100
100
100
100
100
100
100
100
100
100
100
100
100
100
100
100
101.037
100.893
100.471
100
100
100
100
100
100
100
100
100
100
100
100
100
100
100
100
100
100
100
100
100
100
100
100
100
100
100
100
100
100
100
100
100
100
100
100
100
101.034
100.941
100.76
99.9993
100
100
100
100
100
100
100
100
100
100
100
100
100
100
100
100
100
100
100
100
100
100
100
100
100
100
100
100
100
100
100
100
100
100
100
100
101.015
100.924
100.951
100.334
100
100
100
100
100
100
100
100
100
100
100
100
100
100
100
100
100
100
100
100
100
100
100
100
100
100
100
100
100
100
100
100
100
100
100
100
100.982
100.925
101.008
100.718
99.9992
100
100
100
100
100
100
100
100
100
100
100
100
100
100
100
100
100
100
100
100
100
100
100
100
100
100
100
100
100
100
100
100
100
100
100
100.949
100.936
101.015
100.932
100.104
100
100
100
100
100
100
100
100
100
100
100
100
100
100
100
100
100
100
100
100
100
100
100
100
100
100
100
100
100
100
100
100
100
100
100
100.919
100.935
101.008
101.024
100.472
100
100
100
100
100
100
100
100
100
100
100
100
100
100
100
100
100
100
100
100
100
100
100
100
100
100
100
100
100
100
100
100
100
100
100
100.9
100.926
100.994
101.025
100.73
99.9992
100
100
100
100
100
100
100
100
100
100
100
100
100
100
100
100
100
100
100
100
100
100
100
100
100
100
100
100
100
100
100
100
100
100
100.887
100.911
100.981
101.032
100.854
100.036
100
100
100
100
100
100
100
100
100
100
100
100
100
100
100
100
100
100
100
100
100
100
100
100
100
100
100
100
100
100
100
100
100
100
100.877
100.905
100.972
101.035
100.963
100.293
100
100
100
100
100
100
100
100
100
100
100
100
100
100
100
100
100
100
100
100
100
100
100
100
100
100
100
100
100
100
100
100
100
100
100.876
100.902
100.966
101.029
101.001
100.576
100
100
100
100
100
100
100
100
100
100
100
100
100
100
100
100
100
100
100
100
100
100
100
100
100
100
100
100
100
100
100
100
100
100
100.878
100.902
100.959
101.017
101.017
100.725
99.9991
100
100
100
100
100
100
100
100
100
100
100
100
100
100
100
100
100
100
100
100
100
100
100
100
100
100
100
100
100
100
100
100
100
100.881
100.903
100.951
101.004
101.022
100.828
100.062
100
100
100
100
100
100
100
100
100
100
100
100
100
100
100
100
100
100
100
100
100
100
100
100
100
100
100
100
100
100
100
100
100
100.884
100.906
100.951
100.999
101.022
100.875
100.218
100
100
100
100
100
100
100
100
100
100
100
100
100
100
100
100
100
100
100
100
100
100
100
100
100
100
100
100
100
100
100
100
100
100.89
100.911
100.953
100.998
101.02
100.921
100.401
100
100
100
100
100
100
100
100
100
100
100
100
100
100
100
100
100
100
100
100
100
100
100
100
100
100
100
100
100
100
100
100
100
100.898
100.916
100.955
100.996
101.017
100.957
100.572
100
100
100
100
100
100
100
100
100
100
100
100
100
100
100
100
100
100
100
100
100
100
100
100
100
100
100
100
100
100
100
100
100
100.904
100.92
100.957
100.995
101.013
100.975
100.685
99.9991
100
100
100
100
100
100
100
100
100
100
100
100
100
100
100
100
100
100
100
100
100
100
100
100
100
100
100
100
100
100
100
100
100.908
100.924
100.959
100.993
101.009
100.985
100.746
100.041
100
100
100
100
100
100
100
100
100
100
100
100
100
100
100
100
100
100
100
100
100
100
100
100
100
100
100
100
100
100
100
100
100.911
100.927
100.961
100.993
101.008
100.988
100.809
100.163
100
100
100
100
100
100
100
100
100
100
100
100
100
100
100
100
100
100
100
100
100
100
100
100
100
100
100
100
100
100
100
100
100.915
100.931
100.963
100.993
101.007
100.988
100.857
100.348
100
100
100
100
100
100
100
100
100
100
100
100
100
100
100
100
100
100
100
100
100
100
100
100
100
100
100
100
100
100
100
100
100.92
100.935
100.967
100.996
101.007
100.989
100.881
100.484
100
100
100
100
100
100
100
100
100
100
100
100
100
100
100
100
100
100
100
100
100
100
100
100
100
100
100
100
100
100
100
100
100.925
100.94
100.971
100.999
101.008
100.992
100.908
100.569
99.9993
100
100
100
100
100
100
100
100
100
100
100
100
100
100
100
100
100
100
100
100
100
100
100
100
100
100
100
100
100
100
100
100.928
100.943
100.975
101.002
101.009
100.999
100.934
100.666
100.009
100
100
100
100
100
100
100
100
100
100
100
100
100
100
100
100
100
100
100
100
100
100
100
100
100
100
100
100
100
100
100
100.931
100.946
100.977
101.004
101.01
101.001
100.945
100.735
100.111
100
100
100
100
100
100
100
100
100
100
100
100
100
100
100
100
100
100
100
100
100
100
100
100
100
100
100
100
100
100
100
100.933
100.947
100.978
101.005
101.012
101.001
100.953
100.778
100.227
100
100
100
100
100
100
100
100
100
100
100
100
100
100
100
100
100
100
100
100
100
100
100
100
100
100
100
100
100
100
100
100.935
100.949
100.979
101.005
101.013
101.003
100.961
100.837
100.375
100
100
100
100
100
100
100
100
100
100
100
100
100
100
100
100
100
100
100
100
100
100
100
100
100
100
100
100
100
100
100
100.937
100.95
100.979
101.005
101.013
101.004
100.965
100.873
100.533
100
100
100
100
100
100
100
100
100
100
100
100
100
100
100
100
100
100
100
100
100
100
100
100
100
100
100
100
100
100
100
100.938
100.95
100.979
101.005
101.015
101.005
100.968
100.893
100.621
99.9992
100
100
100
100
100
100
100
100
100
100
100
100
100
100
100
100
100
100
100
100
100
100
100
100
100
100
100
100
100
100
100.939
100.951
100.979
101.006
101.016
101.006
100.975
100.913
100.707
100.043
100
100
100
100
100
100
100
100
100
100
100
100
100
100
100
100
100
100
100
100
100
100
100
100
100
100
100
100
100
100
100.94
100.953
100.981
101.007
101.016
101.007
100.979
100.922
100.771
100.208
100
100
100
100
100
100
100
100
100
100
100
100
100
100
100
100
100
100
100
100
100
100
100
100
100
100
100
100
100
100
100.943
100.955
100.982
101.008
101.016
101.008
100.98
100.929
100.809
100.362
100
100
100
100
100
100
100
100
100
100
100
100
100
100
100
100
100
100
100
100
100
100
100
100
100
100
100
100
100
100
100.946
100.958
100.983
101.007
101.015
101.008
100.983
100.938
100.859
100.509
99.9993
100
100
100
100
100
100
100
100
100
100
100
100
100
100
100
100
100
100
100
100
100
100
100
100
100
100
100
100
100
100.95
100.96
100.983
101.007
101.015
101.01
100.985
100.944
100.893
100.647
100.005
100
100
100
100
100
100
100
100
100
100
100
100
100
100
100
100
100
100
100
100
100
100
100
100
100
100
100
100
100
100.952
100.961
100.983
101.006
101.015
101.01
100.987
100.95
100.908
100.727
100.073
100
100
100
100
100
100
100
100
100
100
100
100
100
100
100
100
100
100
100
100
100
100
100
100
100
100
100
100
100
100.953
100.962
100.983
101.005
101.014
101.01
100.989
100.954
100.916
100.804
100.238
100
100
100
100
100
100
100
100
100
100
100
100
100
100
100
100
100
100
100
100
100
100
100
100
100
100
100
100
100
100.954
100.962
100.983
101.004
101.013
101.01
100.991
100.957
100.917
100.847
100.443
100
100
100
100
100
100
100
100
100
100
100
100
100
100
100
100
100
100
100
100
100
100
100
100
100
100
100
100
100
100.954
100.963
100.983
101.004
101.013
101.01
100.993
100.96
100.919
100.87
100.573
99.9992
100
100
100
100
100
100
100
100
100
100
100
100
100
100
100
100
100
100
100
100
100
100
100
100
100
100
100
100
100.955
100.964
100.984
101.003
101.013
101.009
100.994
100.963
100.926
100.899
100.689
100.011
100
100
100
100
100
100
100
100
100
100
100
100
100
100
100
100
100
100
100
100
100
100
100
100
100
100
100
100
100.956
100.965
100.984
101.003
101.012
101.009
100.995
100.966
100.934
100.914
100.784
100.17
100
100
100
100
100
100
100
100
100
100
100
100
100
100
100
100
100
100
100
100
100
100
100
100
100
100
100
100
100.958
100.966
100.985
101.003
101.011
101.009
100.996
100.969
100.939
100.915
100.832
100.345
100
100
100
100
100
100
100
100
100
100
100
100
100
100
100
100
100
100
100
100
100
100
100
100
100
100
100
100
100.958
100.966
100.984
101.002
101.01
101.008
100.998
100.974
100.944
100.914
100.868
100.537
100
100
100
100
100
100
100
100
100
100
100
100
100
100
100
100
100
100
100
100
100
100
100
100
100
100
100
100
100.961
100.971
100.989
101.004
101.01
101.008
100.996
100.97
100.939
100.915
100.91
100.625
99.9448
100
100
100
100
100
100
100
100
100
100
100
100
100
100
100
100
100
100
100
100
100
100
100
100
100
100
100
100.809
100.904
100.956
100.987
101.004
101.008
101.004
100.986
100.955
100.924
100.923
100.859
100.425
100.019
100
100
100
100
100
100
100
100
100
100
100
100
100
100
100
100
100
100
100
100
100
100
100
100
100
100
100.573
100.778
100.88
100.942
100.981
101
101.002
100.997
100.977
100.943
100.925
100.919
100.791
100.296
100.008
100
100
100
100
100
100
100
100
100
100
100
100
100
100
100
100
100
100
100
100
100
100
100
100
100
100.282
100.61
100.781
100.872
100.932
100.974
100.992
100.994
100.987
100.965
100.931
100.931
100.912
100.693
100.148
100.002
100
100
100
100
100
100
100
100
100
100
100
100
100
100
100
100
100
100
100
100
100
100
100
100
100.233
100.51
100.686
100.788
100.869
100.925
100.966
100.982
100.982
100.974
100.948
100.939
100.927
100.898
100.57
100.061
100
100
100
100
100
100
100
100
100
100
100
100
100
100
100
100
100
100
100
100
100
100
100
100
100.258
100.448
100.602
100.715
100.803
100.87
100.923
100.956
100.97
100.968
100.958
100.948
100.935
100.925
100.836
100.394
100.016
100
100
100
100
100
100
100
100
100
100
100
100
100
100
100
100
100
100
100
100
100
100
100
100.24
100.381
100.514
100.642
100.731
100.816
100.871
100.921
100.945
100.955
100.953
100.948
100.935
100.932
100.92
100.719
100.181
100.003
100
100
100
100
100
100
100
100
100
100
100
100
100
100
100
100
100
100
100
100
100
100
100.254
100.331
100.433
100.562
100.655
100.752
100.823
100.876
100.914
100.934
100.941
100.94
100.932
100.932
100.938
100.898
100.543
100.051
100
100
100
100
100
100
100
100
100
100
100
100
100
100
100
100
100
100
100
100
100
100
100.308
100.308
100.386
100.515
100.609
100.679
100.775
100.829
100.881
100.905
100.923
100.929
100.925
100.927
100.936
100.943
100.839
100.342
100.011
100
100
100
100
100
100
100
100
100
100
100
100
100
100
100
100
100
100
100
100
100
100.382
100.312
100.349
100.474
100.58
100.642
100.725
100.79
100.84
100.873
100.901
100.913
100.911
100.914
100.926
100.94
100.94
100.73
100.157
100.002
100
100
100
100
100
100
100
100
100
100
100
100
100
100
100
100
100
100
100
100
100.422
100.32
100.31
100.414
100.541
100.623
100.669
100.749
100.798
100.844
100.876
100.892
100.896
100.9
100.909
100.929
100.936
100.901
100.532
100.038
100
100
100
100
100
100
100
100
100
100
100
100
100
100
100
100
100
100
100
100
100.442
100.328
100.308
100.37
100.477
100.59
100.638
100.71
100.766
100.811
100.846
100.876
100.881
100.881
100.889
100.91
100.927
100.919
100.778
100.252
100.004
100
100
100
100
100
100
100
100
100
100
100
100
100
100
100
100
100
100
100
100.456
100.343
100.315
100.364
100.407
100.542
100.619
100.663
100.735
100.776
100.819
100.859
100.86
100.863
100.874
100.889
100.914
100.923
100.875
100.542
100.048
100
100
100
100
100
100
100
100
100
100
100
100
100
100
100
100
100
100
100
100.459
100.358
100.324
100.364
100.391
100.483
100.589
100.635
100.706
100.751
100.792
100.832
100.841
100.851
100.859
100.868
100.893
100.921
100.921
100.758
100.244
100.005
100
100
100
100
100
100
100
100
100
100
100
100
100
100
100
100
100
100
100.454
100.363
100.339
100.363
100.392
100.439
100.555
100.62
100.666
100.724
100.766
100.802
100.827
100.837
100.84
100.851
100.873
100.907
100.925
100.905
100.574
100.06
100
100
100
100
100
100
100
100
100
100
100
100
100
100
100
100
100
100
100.441
100.368
100.356
100.359
100.385
100.432
100.515
100.598
100.638
100.698
100.743
100.781
100.811
100.817
100.825
100.838
100.852
100.881
100.918
100.92
100.819
100.32
100.009
100
100
100
100
100
100
100
100
100
100
100
100
100
100
100
100
100
100.432
100.375
100.363
100.352
100.377
100.439
100.474
100.568
100.625
100.664
100.716
100.762
100.788
100.799
100.812
100.822
100.83
100.858
100.901
100.915
100.893
100.626
100.084
100.001
100
100
100
100
100
100
100
100
100
100
100
100
100
100
100
100
100.432
100.386
100.363
100.347
100.374
100.438
100.461
100.534
100.607
100.638
100.689
100.74
100.762
100.784
100.798
100.803
100.817
100.842
100.878
100.903
100.896
100.791
100.318
100.008
100
100
100
100
100
100
100
100
100
100
100
100
100
100
100
100
100.439
100.399
100.363
100.34
100.369
100.429
100.461
100.496
100.581
100.628
100.665
100.714
100.746
100.769
100.78
100.79
100.806
100.825
100.849
100.885
100.894
100.848
100.544
100.052
100
100
100
100
100
100
100
100
100
100
100
100
100
100
100
100
100.451
100.412
100.367
100.338
100.357
100.414
100.455
100.48
100.55
100.612
100.652
100.696
100.732
100.751
100.766
100.78
100.794
100.804
100.828
100.868
100.892
100.876
100.709
100.208
100.003
100
100
100
100
100
100
100
100
100
100
100
100
100
100
100
100.453
100.424
100.38
100.34
100.348
100.394
100.442
100.48
100.517
100.588
100.638
100.677
100.716
100.736
100.754
100.768
100.777
100.789
100.815
100.847
100.882
100.886
100.81
100.438
100.026
100
100
100
100
100
100
100
100
100
100
100
100
100
100
100
100.45
100.432
100.395
100.349
100.345
100.373
100.427
100.478
100.503
100.56
100.616
100.658
100.691
100.72
100.739
100.752
100.761
100.78
100.802
100.824
100.861
100.884
100.858
100.653
100.149
100.002
100
100
100
100
100
100
100
100
100
100
100
100
100
100
100.443
100.433
100.405
100.365
100.348
100.365
100.407
100.466
100.503
100.536
100.59
100.641
100.674
100.702
100.721
100.737
100.753
100.77
100.784
100.806
100.844
100.877
100.873
100.765
100.358
100.014
100
100
100
100
100
100
100
100
100
100
100
100
100
100
100.43
100.432
100.412
100.386
100.361
100.367
100.388
100.451
100.499
100.53
100.579
100.628
100.663
100.688
100.709
100.728
100.743
100.756
100.766
100.793
100.827
100.865
100.872
100.829
100.557
100.079
100.001
100
100
100
100
100
100
100
100
100
100
100
100
100
100.421
100.428
100.418
100.402
100.383
100.374
100.385
100.43
100.487
100.526
100.57
100.613
100.651
100.677
100.699
100.717
100.732
100.737
100.755
100.78
100.806
100.841
100.865
100.852
100.705
100.238
100.005
100
100
100
100
100
100
100
100
100
100
100
100
100
100.42
100.422
100.42
100.409
100.398
100.379
100.386
100.408
100.467
100.514
100.552
100.594
100.629
100.66
100.685
100.703
100.713
100.726
100.745
100.766
100.785
100.819
100.851
100.85
100.783
100.444
100.033
100
100
100
100
100
100
100
100
100
100
100
100
100
100.422
100.421
100.419
100.41
100.403
100.383
100.385
100.397
100.443
100.497
100.533
100.572
100.603
100.638
100.664
100.685
100.703
100.718
100.735
100.748
100.773
100.807
100.838
100.843
100.806
100.593
100.114
100.001
100
100
100
100
100
100
100
100
100
100
100
100
100.429
100.422
100.417
100.41
100.403
100.388
100.387
100.397
100.427
100.482
100.525
100.563
100.597
100.628
100.655
100.678
100.696
100.709
100.721
100.734
100.763
100.793
100.824
100.836
100.811
100.673
100.254
100.006
100
100
100
100
100
100
100
100
100
100
100
100
100.436
100.425
100.413
100.408
100.403
100.392
100.392
100.404
100.424
100.471
100.519
100.558
100.591
100.621
100.65
100.671
100.686
100.698
100.704
100.726
100.752
100.774
100.803
100.829
100.815
100.723
100.403
100.029
100
100
100
100
100
100
100
100
100
100
100
100
100.439
100.427
100.412
100.404
100.4
100.392
100.398
100.41
100.423
100.459
100.509
100.547
100.58
100.611
100.64
100.66
100.673
100.682
100.697
100.717
100.737
100.759
100.79
100.817
100.819
100.762
100.522
100.095
100.001
100
100
100
100
100
100
100
100
100
100
100
100.438
100.427
100.412
100.404
100.399
100.392
100.399
100.41
100.419
100.442
100.486
100.525
100.559
100.59
100.618
100.64
100.657
100.675
100.69
100.707
100.722
100.752
100.783
100.807
100.818
100.793
100.634
100.22
100.006
100
100
100
100
100
100
100
100
100
100
100
100.436
100.426
100.414
100.406
100.401
100.395
100.396
100.408
100.419
100.437
100.47
100.507
100.54
100.575
100.605
100.629
100.651
100.668
100.682
100.694
100.713
100.742
100.772
100.797
100.815
100.806
100.718
100.387
100.026
100
100
100
100
100
100
100
100
100
100
100
100.43
100.427
100.418
100.412
100.405
100.399
100.392
100.405
100.422
100.441
100.47
100.504
100.537
100.571
100.6
100.624
100.645
100.659
100.672
100.681
100.704
100.729
100.755
100.782
100.807
100.804
100.748
100.529
100.094
100.001
100
100
100
100
100
100
100
100
100
100
100.427
100.428
100.424
100.42
100.411
100.403
100.393
100.401
100.422
100.443
100.469
100.5
100.532
100.565
100.593
100.617
100.636
100.649
100.657
100.673
100.693
100.714
100.734
100.761
100.792
100.797
100.759
100.594
100.198
100.004
100
100
100
100
100
100
100
100
100
100
100.426
100.429
100.426
100.423
100.416
100.406
100.396
100.397
100.416
100.438
100.461
100.489
100.52
100.552
100.579
100.602
100.62
100.633
100.649
100.665
100.682
100.697
100.725
100.754
100.777
100.787
100.76
100.632
100.292
100.014
100
100
100
100
100
100
100
100
100
100
100.427
100.43
100.427
100.423
100.417
100.412
100.402
100.396
100.407
100.429
100.447
100.47
100.498
100.531
100.559
100.585
100.607
100.626
100.642
100.657
100.668
100.688
100.72
100.748
100.768
100.776
100.76
100.673
100.39
100.038
100
100
100
100
100
100
100
100
100
100
100.429
100.429
100.426
100.421
100.417
100.417
100.408
100.398
100.405
100.421
100.441
100.46
100.488
100.522
100.553
100.579
100.602
100.62
100.634
100.647
100.659
100.683
100.711
100.736
100.756
100.766
100.758
100.695
100.488
100.096
100.001
100
100
100
100
100
100
100
100
100
100.434
100.427
100.421
100.417
100.417
100.419
100.415
100.404
100.406
100.418
100.439
100.46
100.486
100.518
100.549
100.575
100.596
100.612
100.626
100.635
100.653
100.674
100.696
100.716
100.736
100.754
100.754
100.708
100.555
100.195
100.005
100
100
100
100
100
100
100
100
100
100.439
100.427
100.416
100.411
100.416
100.42
100.424
100.413
100.408
100.417
100.434
100.456
100.48
100.512
100.542
100.567
100.587
100.601
100.613
100.628
100.645
100.662
100.679
100.705
100.729
100.743
100.752
100.718
100.593
100.29
100.015
100
100
100
100
100
100
100
100
100
100.443
100.428
100.415
100.407
100.412
100.421
100.426
100.421
100.41
100.414
100.425
100.445
100.468
100.499
100.528
100.551
100.57
100.588
100.607
100.622
100.636
100.648
100.67
100.702
100.727
100.74
100.75
100.732
100.634
100.377
100.043
100
100
100
100
100
100
100
100
100
100.445
100.432
100.415
100.407
100.41
100.42
100.426
100.425
100.414
100.411
100.417
100.431
100.452
100.481
100.512
100.539
100.563
100.584
100.601
100.614
100.626
100.639
100.666
100.696
100.722
100.738
100.747
100.739
100.671
100.456
100.095
100.001
100
100
100
100
100
100
100
100
100.444
100.435
100.419
100.409
100.41
100.419
100.426
100.426
100.417
100.411
100.416
100.426
100.449
100.478
100.508
100.536
100.559
100.579
100.594
100.608
100.616
100.635
100.659
100.686
100.71
100.729
100.742
100.738
100.691
100.53
100.175
100.004
100
100
100
100
100
100
100
100
100.441
100.436
100.424
100.414
100.412
100.417
100.424
100.426
100.418
100.412
100.416
100.425
100.448
100.476
100.504
100.532
100.553
100.572
100.586
100.596
100.61
100.628
100.649
100.672
100.694
100.714
100.73
100.732
100.695
100.571
100.268
100.013
100
100
100
100
100
100
100
100
100.435
100.435
100.428
100.419
100.416
100.417
100.422
100.425
100.419
100.413
100.416
100.422
100.443
100.471
100.497
100.523
100.544
100.561
100.574
100.588
100.604
100.62
100.636
100.656
100.685
100.708
100.717
100.723
100.694
100.589
100.34
100.033
100
100
100
100
100
100
100
100
100.432
100.434
100.428
100.421
100.418
100.418
100.42
100.423
100.42
100.413
100.412
100.416
100.434
100.459
100.483
100.509
100.529
100.549
100.567
100.582
100.595
100.61
100.624
100.651
100.68
100.7
100.707
100.712
100.692
100.607
100.39
100.066
100.001
100
100
100
100
100
100
100
100.432
100.431
100.428
100.421
100.418
100.419
100.42
100.421
100.42
100.412
100.41
100.414
100.426
100.448
100.471
100.499
100.523
100.544
100.561
100.574
100.589
100.599
100.62
100.646
100.671
100.686
100.694
100.7
100.689
100.622
100.444
100.115
100.002
100
100
100
100
100
100
100
100.432
100.429
100.426
100.421
100.417
100.419
100.42
100.421
100.421
100.413
100.411
100.414
100.426
100.447
100.468
100.494
100.518
100.538
100.555
100.568
100.579
100.595
100.615
100.636
100.656
100.667
100.677
100.689
100.684
100.634
100.499
100.19
100.006
100
100
100
100
100
100
100
100.433
100.428
100.422
100.418
100.416
100.419
100.422
100.423
100.423
100.415
100.411
100.415
100.426
100.444
100.464
100.489
100.512
100.531
100.547
100.559
100.573
100.591
100.607
100.623
100.638
100.663
100.676
100.678
100.681
100.643
100.526
100.269
100.017
100
100
100
100
100
100
100
100.435
100.428
100.419
100.413
100.413
100.418
100.423
100.425
100.424
100.417
100.41
100.414
100.423
100.439
100.457
100.481
100.503
100.52
100.537
100.553
100.569
100.583
100.596
100.609
100.634
100.664
100.677
100.677
100.68
100.65
100.545
100.318
100.037
100
100
100
100
100
100
100
100.435
100.427
100.417
100.411
100.411
100.416
100.423
100.426
100.423
100.417
100.408
100.411
100.418
100.43
100.445
100.468
100.491
100.512
100.531
100.548
100.562
100.576
100.584
100.604
100.634
100.662
100.676
100.677
100.68
100.659
100.57
100.364
100.064
100.001
100
100
100
100
100
100
100.433
100.427
100.417
100.41
100.41
100.414
100.421
100.425
100.423
100.417
100.407
100.409
100.416
100.426
100.44
100.463
100.487
100.508
100.526
100.542
100.556
100.565
100.579
100.603
100.631
100.657
100.669
100.675
100.678
100.664
100.592
100.425
100.113
100.002
100
100
100
100
100
100
100.431
100.426
100.417
100.411
100.41
100.412
100.419
100.423
100.422
100.417
100.408
100.409
100.417
100.427
100.44
100.461
100.483
100.503
100.521
100.536
100.546
100.559
100.577
100.599
100.624
100.646
100.661
100.667
100.671
100.663
100.607
100.465
100.183
100.007
100
100
100
100
100
100
100.426
100.424
100.418
100.414
100.412
100.411
100.415
100.419
100.421
100.418
100.41
100.409
100.417
100.426
100.438
100.457
100.477
100.497
100.514
100.527
100.54
100.556
100.573
100.593
100.613
100.637
100.658
100.662
100.663
100.659
100.616
100.487
100.236
100.015
100
100
100
100
100
100
100.422
100.423
100.419
100.415
100.412
100.411
100.412
100.416
100.419
100.42
100.414
100.41
100.415
100.422
100.432
100.449
100.468
100.487
100.504
100.521
100.536
100.55
100.566
100.582
100.603
100.632
100.652
100.655
100.655
100.655
100.618
100.509
100.279
100.027
100
100
100
100
100
100
100.419
100.421
100.419
100.415
100.412
100.411
100.41
100.412
100.417
100.42
100.417
100.411
100.414
100.417
100.423
100.439
100.456
100.479
100.499
100.516
100.53
100.544
100.557
100.574
100.599
100.623
100.639
100.641
100.643
100.646
100.617
100.532
100.331
100.05
100.001
100
100
100
100
100
100.418
100.419
100.418
100.414
100.41
100.41
100.41
100.411
100.416
100.42
100.418
100.412
100.413
100.415
100.42
100.437
100.453
100.476
100.494
100.51
100.524
100.536
100.549
100.571
100.593
100.612
100.62
100.622
100.627
100.634
100.614
100.543
100.375
100.088
100.001
100
100
100
100
100
100.417
100.417
100.417
100.412
100.409
100.409
100.409
100.41
100.414
100.419
100.419
100.413
100.413
100.415
100.42
100.436
100.452
100.473
100.49
100.505
100.519
100.528
100.548
100.569
100.586
100.601
100.608
100.62
100.617
100.622
100.611
100.546
100.398
100.124
100.003
100
100
100
100
100
100.416
100.416
100.415
100.411
100.408
100.408
100.409
100.41
100.414
100.419
100.419
100.414
100.413
100.415
100.42
100.436
100.451
100.47
100.486
100.503
100.514
100.527
100.549
100.567
100.581
100.59
100.607
100.621
100.616
100.615
100.608
100.547
100.408
100.147
100.004
100
100
100
100
100
100.412
100.414
100.412
100.409
100.407
100.408
100.409
100.41
100.414
100.419
100.42
100.414
100.413
100.415
100.42
100.435
100.449
100.467
100.483
100.5
100.508
100.528
100.548
100.562
100.576
100.585
100.608
100.622
100.618
100.615
100.608
100.551
100.422
100.167
100.007
100
100
100
100
100
100.405
100.411
100.41
100.407
100.406
100.408
100.409
100.41
100.414
100.419
100.421
100.415
100.413
100.415
100.419
100.433
100.445
100.463
100.48
100.493
100.508
100.528
100.545
100.557
100.57
100.584
100.611
100.622
100.62
100.616
100.61
100.559
100.445
100.197
100.01
100
100
100
100
100
100.395
100.405
100.409
100.405
100.404
100.407
100.409
100.409
100.413
100.419
100.421
100.416
100.412
100.413
100.416
100.429
100.44
100.459
100.475
100.489
100.508
100.527
100.54
100.551
100.562
100.583
100.61
100.622
100.619
100.615
100.614
100.568
100.459
100.229
100.016
100
100
100
100
100
100.384
100.396
100.406
100.404
100.403
100.406
100.408
100.409
100.413
100.418
100.421
100.417
100.412
100.41
100.413
100.424
100.435
100.453
100.469
100.488
100.507
100.523
100.534
100.545
100.557
100.584
100.609
100.619
100.615
100.612
100.616
100.58
100.474
100.258
100.024
100
100
100
100
100
100.373
100.383
100.402
100.403
100.403
100.405
100.408
100.409
100.413
100.417
100.42
100.418
100.412
100.41
100.412
100.42
100.429
100.447
100.466
100.487
100.504
100.517
100.529
100.538
100.557
100.583
100.605
100.615
100.613
100.611
100.615
100.59
100.497
100.296
100.038
100
100
100
100
100
100.365
100.368
100.395
100.402
100.403
100.403
100.407
100.41
100.412
100.415
100.418
100.418
100.414
100.41
100.412
100.419
100.427
100.445
100.464
100.483
100.498
100.512
100.523
100.537
100.558
100.58
100.6
100.61
100.611
100.609
100.611
100.591
100.509
100.329
100.06
100.001
100
100
100
100
100.358
100.349
100.386
100.401
100.404
100.402
100.406
100.41
100.411
100.413
100.417
100.419
100.415
100.411
100.412
100.419
100.426
100.443
100.46
100.477
100.493
100.505
100.519
100.537
100.555
100.574
100.593
100.606
100.608
100.606
100.606
100.589
100.516
100.356
100.09
100.002
100
100
100
100
100.356
100.328
100.373
100.398
100.404
100.401
100.405
100.408
100.41
100.413
100.417
100.421
100.418
100.411
100.412
100.418
100.423
100.438
100.454
100.471
100.486
100.501
100.518
100.534
100.549
100.567
100.589
100.603
100.604
100.599
100.597
100.584
100.522
100.386
100.126
100.004
100
100
100
100
100.349
100.31
100.358
100.393
100.403
100.401
100.403
100.405
100.408
100.413
100.418
100.421
100.418
100.411
100.41
100.414
100.416
100.43
100.447
100.466
100.484
100.5
100.514
100.526
100.541
100.563
100.586
100.595
100.593
100.586
100.584
100.577
100.526
100.411
100.17
100.008
100
100
100
100
100.336
100.296
100.341
100.382
100.401
100.401
100.401
100.404
100.408
100.414
100.419
100.42
100.418
100.41
100.409
100.412
100.413
100.428
100.444
100.464
100.481
100.495
100.506
100.517
100.535
100.558
100.574
100.577
100.574
100.568
100.571
100.57
100.53
100.428
100.216
100.016
100
100
100
100
100.32
100.287
100.326
100.365
100.393
100.4
100.4
100.403
100.407
100.414
100.418
100.419
100.418
100.411
100.41
100.413
100.414
100.427
100.442
100.46
100.474
100.483
100.496
100.513
100.531
100.546
100.552
100.559
100.567
100.565
100.563
100.563
100.534
100.448
100.26
100.032
100
100
100
100
100.311
100.284
100.311
100.345
100.379
100.397
100.401
100.403
100.407
100.413
100.417
100.419
100.419
100.414
100.411
100.413
100.414
100.426
100.437
100.451
100.463
100.477
100.494
100.51
100.523
100.53
100.541
100.557
100.568
100.566
100.56
100.561
100.543
100.471
100.309
100.059
100.001
100
100
100
100.312
100.285
100.299
100.322
100.362
100.389
100.401
100.404
100.407
100.411
100.415
100.418
100.418
100.417
100.413
100.411
100.412
100.421
100.43
100.444
100.459
100.476
100.491
100.504
100.512
100.519
100.537
100.556
100.567
100.565
100.558
100.558
100.546
100.485
100.349
100.103
100.003
100
100
100
100.318
100.294
100.291
100.299
100.341
100.377
100.397
100.404
100.407
100.41
100.413
100.416
100.418
100.419
100.415
100.411
100.411
100.416
100.423
100.439
100.456
100.473
100.486
100.493
100.501
100.514
100.535
100.555
100.564
100.563
100.554
100.553
100.544
100.494
100.379
100.153
100.007
100
100
100
100.324
100.298
100.286
100.286
100.324
100.361
100.389
100.401
100.406
100.409
100.412
100.415
100.418
100.421
100.418
100.411
100.411
100.416
100.42
100.435
100.452
100.464
100.475
100.483
100.493
100.51
100.531
100.549
100.557
100.556
100.547
100.542
100.538
100.499
100.407
100.209
100.018
100
100
100
100.327
100.295
100.28
100.279
100.31
100.343
100.377
100.395
100.404
100.409
100.412
100.416
100.42
100.423
100.421
100.413
100.412
100.416
100.419
100.431
100.444
100.454
100.462
100.473
100.487
100.504
100.522
100.536
100.54
100.538
100.53
100.526
100.527
100.501
100.426
100.267
100.044
100.001
100
100
100.325
100.293
100.277
100.275
100.298
100.325
100.36
100.387
100.402
100.409
100.413
100.417
100.42
100.423
100.422
100.417
100.414
100.416
100.416
100.424
100.432
100.442
100.451
100.464
100.478
100.493
100.506
100.517
100.524
100.524
100.519
100.513
100.515
100.501
100.441
100.31
100.086
100.002
100
100
100.32
100.292
100.278
100.279
100.288
100.304
100.342
100.375
100.397
100.408
100.413
100.417
100.42
100.422
100.422
100.418
100.413
100.413
100.409
100.414
100.421
100.431
100.441
100.453
100.466
100.478
100.488
100.502
100.514
100.518
100.516
100.508
100.507
100.5
100.454
100.35
100.141
100.007
100
100
100.314
100.293
100.282
100.281
100.28
100.289
100.326
100.359
100.388
100.405
100.412
100.416
100.419
100.421
100.421
100.419
100.412
100.406
100.402
100.405
100.41
100.42
100.431
100.44
100.451
100.461
100.474
100.491
100.505
100.511
100.51
100.502
100.499
100.496
100.461
100.375
100.203
100.023
100
100
100.306
100.293
100.286
100.282
100.276
100.281
100.309
100.34
100.373
100.397
100.409
100.414
100.418
100.42
100.42
100.419
100.411
100.401
100.396
100.398
100.4
100.408
100.417
100.425
100.434
100.447
100.463
100.481
100.495
100.5
100.499
100.49
100.485
100.485
100.46
100.393
100.256
100.051
100.001
100
100.3
100.291
100.285
100.281
100.275
100.282
100.298
100.317
100.352
100.381
100.402
100.411
100.416
100.418
100.419
100.418
100.412
100.399
100.392
100.39
100.385
100.392
100.399
100.408
100.419
100.434
100.452
100.469
100.482
100.488
100.487
100.48
100.472
100.471
100.457
100.405
100.297
100.103
100.004
100
100.295
100.287
100.282
100.278
100.275
100.28
100.285
100.297
100.332
100.361
100.387
100.404
100.412
100.415
100.417
100.416
100.411
100.398
100.386
100.38
100.373
100.375
100.381
100.391
100.404
100.42
100.436
100.454
100.469
100.476
100.477
100.471
100.461
100.458
100.451
100.411
100.327
100.159
100.014
100
100.293
100.282
100.278
100.276
100.275
100.276
100.278
100.287
100.312
100.337
100.369
100.392
100.406
100.411
100.412
100.412
100.407
100.393
100.378
100.371
100.364
100.361
100.365
100.376
100.388
100.403
100.42
100.439
100.457
100.467
100.467
100.463
100.451
100.445
100.441
100.41
100.345
100.212
100.038
100.001
100.296
100.281
100.277
100.276
100.276
100.276
100.279
100.287
100.3
100.316
100.346
100.373
100.394
100.404
100.405
100.404
100.399
100.387
100.37
100.361
100.352
100.344
100.35
100.357
100.37
100.386
100.406
100.428
100.446
100.455
100.456
100.452
100.439
100.429
100.426
100.406
100.354
100.255
100.078
100.003
100.303
100.285
100.278
100.277
100.277
100.278
100.28
100.285
100.289
100.298
100.325
100.351
100.374
100.39
100.396
100.395
100.389
100.378
100.362
100.347
100.337
100.329
100.332
100.336
100.351
100.37
100.392
100.415
100.434
100.441
100.442
100.437
100.425
100.411
100.408
100.397
100.356
100.28
100.13
100.011
100.317
100.296
100.286
100.282
100.281
100.281
100.282
100.284
100.288
100.296
100.311
100.326
100.35
100.371
100.381
100.382
100.376
100.364
100.349
100.333
100.32
100.314
100.311
100.318
100.334
100.354
100.378
100.401
100.418
100.424
100.424
100.42
100.408
100.392
100.387
100.384
100.354
100.295
100.176
100.029
100.33
100.306
100.296
100.291
100.287
100.286
100.286
100.286
100.289
100.296
100.302
100.309
100.331
100.349
100.363
100.367
100.362
100.349
100.333
100.317
100.302
100.295
100.289
100.299
100.318
100.341
100.366
100.387
100.401
100.405
100.405
100.401
100.389
100.373
100.365
100.365
100.347
100.304
100.212
100.059
100.352
100.323
100.312
100.307
100.303
100.299
100.296
100.293
100.292
100.293
100.292
100.293
100.303
100.312
100.327
100.334
100.334
100.328
100.317
100.307
100.298
100.289
100.287
100.292
100.304
100.325
100.346
100.362
100.37
100.372
100.37
100.365
100.353
100.337
100.327
100.329
100.326
100.297
100.24
100.123
)
;

boundaryField
{
    inlet
    {
        type            fixedValue;
        value           uniform 100;
    }
    outlet
    {
        type            inletOutlet;
        inletValue      uniform 100;
        value           nonuniform List<scalar> 
75
(
100.352
100.323
100.312
100.307
100.303
100.299
100.296
100.293
100.292
100.293
100.292
100.293
100.303
100.312
100.326
100.334
100.334
100.327
100.317
100.307
100.298
100.289
100.287
100.292
100.304
100.325
100.346
100.362
100.37
100.371
100.37
100.365
100.353
100.336
100.327
100.329
100.326
100.297
100.239
100.122
100.415
100.505
100.573
100.593
100.559
100.436
100.213
99.8379
99.4482
99.4732
99.4928
99.5107
99.5308
99.5528
99.5811
99.6073
99.6315
99.6627
99.692
99.7238
99.7574
99.7955
99.8352
99.8739
99.9129
99.9436
99.9624
99.973
99.9815
99.9904
99.9972
99.9997
100
100
100
)
;
    }
    airfoil
    {
        type            zeroGradient;
    }
    top
    {
        type            fixedValue;
        value           uniform 100;
    }
    bottom
    {
        type            fixedValue;
        value           uniform 100;
    }
    defaultFaces
    {
        type            empty;
    }
}


// ************************************************************************* //
