/*--------------------------------*- C++ -*----------------------------------*\
  =========                 |
  \\      /  F ield         | OpenFOAM: The Open Source CFD Toolbox
   \\    /   O peration     | Website:  https://openfoam.org
    \\  /    A nd           | Version:  7
     \\/     M anipulation  |
\*---------------------------------------------------------------------------*/
FoamFile
{
    version     2.0;
    format      ascii;
    class       volScalarField;
    location    "10";
    object      T;
}
// * * * * * * * * * * * * * * * * * * * * * * * * * * * * * * * * * * * * * //

dimensions      [0 0 0 1 0 0 0];

internalField   nonuniform List<scalar> 
12750
(
1.08114
1.25581
1.3107
1.35578
1.36594
1.37467
1.36713
1.35303
1.36103
1.36117
1.36218
1.35716
1.34503
1.33832
1.32804
1.31125
1.29108
1.27411
1.27073
1.26648
1.25414
1.23548
1.22148
1.21586
1.21371
1.20659
1.19532
1.18884
1.18963
1.18849
0.545243
0.573311
0.703979
0.890659
1.1163
1.28204
1.41625
1.50116
1.57475
1.58276
1.57324
1.53826
1.50952
1.48863
1.4608
1.41918
1.41151
1.41487
1.41021
1.39742
1.36932
1.33701
1.3184
1.30575
1.29377
1.28012
1.26553
1.25551
1.2486
1.23509
0.528501
0.519686
0.509421
0.498419
0.485351
0.510201
0.665524
0.942332
1.15578
1.33623
1.469
1.54847
1.59858
1.59185
1.56562
1.53989
1.54243
1.54048
1.52869
1.515
1.49056
1.45918
1.43995
1.42917
1.41781
1.40276
1.38325
1.36448
1.34703
1.32043
0.493082
0.487528
0.481675
0.477084
0.474064
0.471609
0.468958
0.466481
0.46256
0.510397
0.70073
1.05774
1.29848
1.45854
1.57796
1.61619
1.61716
1.60098
1.58131
1.5767
1.56936
1.5632
1.55498
1.54179
1.53087
1.51876
1.50326
1.48783
1.47208
1.44237
0.473634
0.471237
0.469253
0.467819
0.467401
0.467045
0.465613
0.462586
0.459927
0.45696
0.454789
0.453273
0.484675
0.719065
1.11876
1.41076
1.53175
1.58565
1.60168
1.60892
1.60794
1.60802
1.61405
1.60801
1.59698
1.59014
1.58753
1.58193
1.57147
1.54389
0.464558
0.463018
0.461844
0.461225
0.460792
0.459994
0.457984
0.45514
0.452372
0.451825
0.451325
0.450468
0.4491
0.448688
0.447773
0.631411
0.971588
1.33381
1.53534
1.5959
1.61551
1.61495
1.61947
1.61501
1.61259
1.61272
1.6151
1.6143
1.60941
1.59649
0.456498
0.455362
0.454477
0.453901
0.45317
0.451949
0.450279
0.448003
0.447334
0.448242
0.448776
0.448263
0.44767
0.447847
0.447521
0.446166
0.445269
0.54889
0.92292
1.24295
1.45494
1.53905
1.58212
1.59368
1.60275
1.60494
1.61149
1.61006
1.60803
1.60086
0.451722
0.451228
0.450483
0.449565
0.44877
0.448104
0.44711
0.446064
0.446161
0.447363
0.448209
0.447697
0.447271
0.447915
0.449559
0.452187
0.457469
0.464936
0.471537
0.522866
0.84211
1.19983
1.37193
1.4621
1.5243
1.53924
1.55245
1.55529
1.56481
1.57652
0.451697
0.451113
0.450132
0.449361
0.448719
0.448335
0.447688
0.447359
0.447991
0.450357
0.451597
0.449893
0.449307
0.451536
0.458656
0.466685
0.474214
0.479261
0.487198
0.495596
0.498959
0.556593
0.813761
1.10714
1.28938
1.37733
1.44938
1.46416
1.48565
1.50184
0.451131
0.451426
0.4527
0.454677
0.456475
0.456623
0.455891
0.455875
0.457232
0.461548
0.469754
0.47465
0.476579
0.477102
0.477171
0.480067
0.484448
0.487645
0.492541
0.502228
0.515122
0.520907
0.519818
0.562272
0.808403
1.07505
1.22305
1.31094
1.37945
1.3922
0.459601
0.462426
0.465325
0.467488
0.468179
0.468076
0.466389
0.465747
0.467439
0.473349
0.483299
0.493293
0.49802
0.499693
0.500223
0.50133
0.50395
0.506303
0.507503
0.510013
0.520654
0.533151
0.54157
0.541109
0.541582
0.601108
0.825995
1.08031
1.1835
1.27548
0.484671
0.485494
0.485611
0.486677
0.490053
0.493625
0.495099
0.495585
0.496856
0.499871
0.504989
0.511165
0.514645
0.517796
0.522921
0.528817
0.533688
0.537114
0.540057
0.541621
0.541414
0.545459
0.556928
0.56339
0.566778
0.569089
0.570923
0.669796
0.859203
1.15207
0.513044
0.514742
0.51768
0.520945
0.523641
0.525366
0.525581
0.525453
0.526443
0.52983
0.535768
0.540253
0.542243
0.54348
0.546502
0.550939
0.554674
0.558212
0.562791
0.569323
0.573649
0.574282
0.576051
0.582423
0.588723
0.59055
0.592335
0.594951
0.596503
0.890735
0.548473
0.549462
0.55021
0.550176
0.550113
0.550384
0.550357
0.550272
0.551854
0.556908
0.564643
0.56986
0.570341
0.570339
0.57119
0.572514
0.574927
0.578094
0.581983
0.588438
0.595803
0.597356
0.59769
0.599662
0.603358
0.607099
0.611522
0.616404
0.61763
0.625698
0.584233
0.584586
0.584759
0.585086
0.585596
0.587198
0.588757
0.588448
0.588215
0.589409
0.592319
0.594228
0.595582
0.597762
0.601372
0.604231
0.607177
0.608529
0.607512
0.607313
0.610922
0.616541
0.619781
0.621001
0.623341
0.627516
0.631898
0.635385
0.637817
0.640296
0.621986
0.62122
0.620748
0.620113
0.619982
0.621394
0.622796
0.622578
0.62264
0.624056
0.626952
0.63031
0.631205
0.631845
0.633481
0.636134
0.639142
0.641175
0.641633
0.642191
0.643265
0.645884
0.648967
0.65002
0.651022
0.652441
0.652608
0.6535
0.656375
0.660854
0.664051
0.662173
0.66132
0.660875
0.661184
0.663185
0.665258
0.665325
0.664665
0.664242
0.664303
0.665414
0.668109
0.669053
0.668696
0.667984
0.668257
0.6697
0.672364
0.674412
0.674512
0.674314
0.674601
0.675248
0.675785
0.676503
0.677615
0.678861
0.678894
0.679522
0.709736
0.706582
0.705316
0.70472
0.70553
0.707178
0.70808
0.708242
0.707095
0.704838
0.704259
0.704681
0.705428
0.705544
0.705371
0.704936
0.704504
0.703853
0.702346
0.700633
0.700842
0.701778
0.701816
0.701881
0.702146
0.702828
0.702912
0.702781
0.702779
0.702634
0.758064
0.754224
0.752893
0.753424
0.755756
0.755898
0.754973
0.75326
0.751006
0.750686
0.7507
0.749356
0.747195
0.746562
0.746292
0.745328
0.742954
0.742284
0.742085
0.741207
0.739767
0.738413
0.737094
0.735286
0.732864
0.730586
0.729265
0.727398
0.725013
0.72447
0.809642
0.805734
0.804461
0.806002
0.808602
0.808002
0.805633
0.801494
0.798647
0.798922
0.798637
0.795651
0.791946
0.790333
0.789288
0.787449
0.784543
0.781652
0.779433
0.777361
0.774636
0.771736
0.769219
0.766816
0.764136
0.761072
0.758798
0.757759
0.75627
0.751659
0.864314
0.860334
0.859713
0.86247
0.864461
0.863131
0.859274
0.852859
0.849832
0.850306
0.849413
0.844346
0.839209
0.83761
0.835807
0.832702
0.82867
0.824774
0.821416
0.818299
0.814898
0.8111
0.807218
0.80287
0.799535
0.796173
0.791759
0.787595
0.784662
0.7789
0.921857
0.918009
0.917861
0.921103
0.922678
0.920928
0.91561
0.906944
0.903595
0.904004
0.902472
0.895403
0.889281
0.887658
0.885347
0.88081
0.875212
0.870135
0.866016
0.861688
0.856927
0.851478
0.846567
0.841458
0.835979
0.83046
0.825542
0.819857
0.814311
0.806753
0.982814
0.977863
0.977404
0.980093
0.982199
0.980624
0.97466
0.964219
0.959426
0.959621
0.957793
0.949249
0.942253
0.940348
0.937522
0.931371
0.924653
0.918525
0.913415
0.908059
0.901739
0.895204
0.888677
0.882375
0.875498
0.868776
0.862315
0.85572
0.849804
0.83955
1.05086
1.04268
1.03957
1.04043
1.04308
1.04204
1.03587
1.0254
1.01765
1.01736
1.01566
1.00712
0.99813
0.99499
0.991431
0.984432
0.976514
0.96953
0.962993
0.956416
0.948649
0.940901
0.933168
0.925201
0.917154
0.908941
0.900771
0.892108
0.884536
0.872455
1.12446
1.11658
1.1092
1.10791
1.10776
1.10576
1.10053
1.09149
1.08173
1.08
1.0777
1.06955
1.0588
1.05288
1.0474
1.04001
1.03118
1.02273
1.01447
1.00628
0.997679
0.988212
0.979231
0.969942
0.960634
0.950938
0.941335
0.931659
0.922707
0.908361
1.17848
1.17516
1.17213
1.17031
1.16803
1.16485
1.1613
1.15641
1.1493
1.14478
1.14069
1.13367
1.12485
1.1171
1.10894
1.09997
1.0904
1.08024
1.07008
1.05963
1.04925
1.03833
1.02745
1.01673
1.0057
0.994793
0.983889
0.972499
0.962496
0.946148
1.18891
1.18886
1.18856
1.18788
1.18726
1.18689
1.18657
1.18595
1.18458
1.18319
1.18149
1.17867
1.17493
1.17068
1.16546
1.1588
1.15086
1.14163
1.13129
1.12
1.10763
1.09489
1.08156
1.06818
1.055
1.04156
1.02865
1.01558
1.00385
0.985182
1.17626
1.17905
1.18111
1.18183
1.18148
1.18065
1.18149
1.18261
1.18316
1.18323
1.18324
1.18329
1.18311
1.18259
1.18187
1.18099
1.17963
1.17751
1.17399
1.16867
1.16144
1.15213
1.14058
1.12702
1.11204
1.09623
1.08003
1.06358
1.04914
1.02678
1.11177
1.11533
1.1217
1.13138
1.13433
1.13546
1.13788
1.14231
1.14902
1.15603
1.15812
1.16105
1.16644
1.16943
1.17107
1.17328
1.17553
1.17635
1.17624
1.17587
1.17512
1.17382
1.17144
1.16753
1.16073
1.15055
1.13685
1.12007
1.10314
1.07541
1.02592
1.02809
1.03063
1.03425
1.03973
1.04423
1.04821
1.05297
1.05948
1.06813
1.07521
1.08289
1.09295
1.10316
1.11213
1.12159
1.13207
1.14151
1.14895
1.15652
1.16199
1.16523
1.1682
1.16815
1.16785
1.16684
1.16435
1.15931
1.15101
1.12851
1.00113
1.00131
1.00154
1.00182
1.00228
1.00288
1.00357
1.00438
1.0054
1.00703
1.00917
1.01172
1.01521
1.01995
1.02593
1.03323
1.04262
1.05404
1.06715
1.08118
1.09698
1.11137
1.12624
1.13843
1.1477
1.15492
1.15945
1.15913
1.15866
1.15456
1.00001
1.00001
1.00002
1.00002
1.00003
1.00004
1.00005
1.00007
1.00009
1.00013
1.0002
1.0003
1.00045
1.0007
1.0011
1.00174
1.00283
1.00453
1.00738
1.01163
1.01832
1.02787
1.04057
1.05722
1.07585
1.09515
1.11448
1.13045
1.14156
1.14908
1
1
1
1
1
1
1
1
1
1
1
1
1
1.00001
1.00001
1.00002
1.00004
1.00007
1.00015
1.0003
1.00063
1.00133
1.00274
1.00554
1.01075
1.01963
1.0334
1.05284
1.07367
1.1073
1
1
1
1
1
1
1
1
1
1
1
1
1
1
1
1
1
1
1
1
1.00001
1.00001
1.00004
1.0001
1.00029
1.00079
1.00204
1.00521
1.01094
1.03391
1
1
1
1
1
1
1
1
1
1
1
1
1
1
1
1
1
1
1
1
1
1
1
1
1
1.00001
1.00003
1.00011
1.00032
1.00291
0.559954
0.552465
0.536541
0.500416
0.477179
0.466632
0.458278
0.45237
0.451825
0.451308
0.45775
0.483947
0.51191
0.547674
0.583709
0.623255
0.666672
0.714095
0.764978
0.818499
0.874783
0.93368
0.995966
1.06241
1.13142
1.18101
1.18895
1.17325
1.10661
1.02266
1.00094
1.00001
1
1
1
0.559765
0.552519
0.532233
0.495937
0.475887
0.46579
0.458249
0.452486
0.451038
0.451851
0.460617
0.489891
0.516759
0.553377
0.590037
0.629669
0.673809
0.722244
0.774715
0.830854
0.889998
0.950929
1.0129
1.07646
1.14196
1.18511
1.18906
1.1694
1.09687
1.01669
1.00053
1
1
1
1
0.563913
0.556854
0.532164
0.495385
0.476978
0.465962
0.458868
0.452923
0.448702
0.449565
0.463516
0.491206
0.518489
0.554694
0.592243
0.631889
0.676882
0.725893
0.779034
0.836321
0.896515
0.957932
1.01972
1.0834
1.14908
1.1879
1.18924
1.16753
1.08619
1.01196
1.00031
1
1
1
1
0.568264
0.559656
0.531956
0.494845
0.477873
0.465973
0.458999
0.452404
0.446798
0.447275
0.46539
0.491003
0.520487
0.555273
0.59355
0.632671
0.678167
0.727683
0.781028
0.83892
0.899885
0.961764
1.02414
1.09023
1.15775
1.19035
1.18971
1.16277
1.07151
1.00813
1.00018
1
1
1
1
0.570501
0.561196
0.531904
0.494549
0.479062
0.467211
0.460236
0.451272
0.44634
0.447547
0.469355
0.491994
0.524458
0.559708
0.59766
0.638727
0.684596
0.73514
0.788383
0.844321
0.903944
0.96656
1.03258
1.10515
1.16867
1.19198
1.18929
1.14932
1.05914
1.00569
1.00011
1
1
1
1
0.571686
0.562401
0.531969
0.494987
0.480669
0.46891
0.46175
0.451082
0.44724
0.452113
0.477893
0.500833
0.534375
0.571089
0.611454
0.654837
0.702934
0.75558
0.810805
0.868018
0.927512
0.990305
1.05623
1.12291
1.17648
1.19274
1.1862
1.1402
1.04985
1.00391
1.00006
1
1
1
1
0.572097
0.563461
0.531901
0.495948
0.482665
0.46994
0.462406
0.451054
0.448599
0.45674
0.482828
0.508252
0.540576
0.577432
0.617875
0.661989
0.710888
0.764647
0.821774
0.881634
0.943682
1.00653
1.06927
1.13235
1.18158
1.19319
1.18332
1.13307
1.04027
1.00249
1.00003
1
1
1
1
0.572211
0.564208
0.53192
0.496938
0.48442
0.470478
0.462566
0.451198
0.44899
0.459413
0.485075
0.511733
0.54374
0.58103
0.621495
0.665982
0.715597
0.769585
0.827483
0.888487
0.950964
1.01361
1.07637
1.14038
1.18664
1.19356
1.18252
1.12341
1.03017
1.00151
1.00002
1
1
1
1
0.572699
0.564376
0.531654
0.497038
0.485164
0.470619
0.46234
0.451333
0.449433
0.461373
0.485265
0.5141
0.545799
0.583344
0.624666
0.668378
0.718632
0.772274
0.830056
0.891789
0.955
1.01834
1.08397
1.15153
1.19112
1.19398
1.18188
1.10783
1.02209
1.00091
1.00001
1
1
1
1
0.572998
0.563907
0.53002
0.496099
0.484995
0.469806
0.460968
0.451632
0.45018
0.464897
0.484135
0.516209
0.547811
0.587087
0.630633
0.676594
0.727473
0.782218
0.839575
0.899401
0.962978
1.03022
1.10203
1.16453
1.19385
1.19427
1.17251
1.09379
1.01606
1.00053
1.00001
1
1
1
1
0.572842
0.561877
0.528248
0.495526
0.483791
0.467748
0.458858
0.451894
0.450407
0.469432
0.486768
0.520847
0.557911
0.601753
0.6483
0.697023
0.750019
0.807026
0.866158
0.927454
0.991177
1.05651
1.12042
1.17334
1.19528
1.19362
1.16276
1.0811
1.01129
1.00031
1
1
1
1
1
0.571872
0.55961
0.527758
0.495493
0.482144
0.465493
0.456167
0.451902
0.450298
0.471854
0.494019
0.529013
0.565822
0.609678
0.656795
0.706104
0.759912
0.818307
0.87941
0.94271
1.00674
1.06932
1.13004
1.17978
1.19614
1.19153
1.15677
1.06879
1.0077
1.00017
1
1
1
1
1
0.570528
0.5588
0.528489
0.497325
0.480526
0.463423
0.45272
0.450715
0.451725
0.472449
0.498762
0.532931
0.569156
0.613309
0.660753
0.710601
0.765092
0.823989
0.886401
0.950579
1.01449
1.07702
1.13876
1.18611
1.19674
1.19125
1.15143
1.056
1.00496
1.00009
1
1
1
1
1
0.569171
0.558876
0.532775
0.501193
0.479394
0.461642
0.450371
0.449973
0.455888
0.471643
0.50362
0.536257
0.5735
0.615497
0.663088
0.712239
0.767338
0.826259
0.889353
0.95497
1.02031
1.0862
1.15144
1.19164
1.19721
1.19147
1.13892
1.04271
1.00291
1.00005
1
1
1
1
1
0.568614
0.561192
0.537811
0.504589
0.47884
0.460052
0.449419
0.451859
0.461884
0.473036
0.510518
0.54165
0.579596
0.621152
0.668992
0.721533
0.778847
0.839653
0.902742
0.968213
1.03733
1.10722
1.16543
1.19511
1.19738
1.18557
1.12071
1.03119
1.00172
1.00002
1
1
1
1
1
0.56917
0.565216
0.540796
0.506352
0.478182
0.458429
0.449391
0.452938
0.466254
0.483646
0.521336
0.558474
0.597394
0.644338
0.694478
0.748782
0.807721
0.869625
0.933695
0.999329
1.06442
1.12532
1.17456
1.19687
1.19695
1.17681
1.10754
1.02359
1.00106
1.00001
1
1
1
1
1
0.572187
0.569949
0.541943
0.506769
0.475797
0.456553
0.449614
0.453419
0.46945
0.495485
0.53139
0.570719
0.609397
0.656226
0.707094
0.761138
0.820423
0.883482
0.948402
1.01377
1.07657
1.13522
1.18148
1.19805
1.19586
1.17166
1.09572
1.01683
1.00059
1.00001
1
1
1
1
1
0.579072
0.574587
0.542303
0.506557
0.472808
0.454633
0.449914
0.455682
0.471975
0.500801
0.534381
0.574233
0.613636
0.660256
0.712422
0.767
0.826755
0.890863
0.956968
1.02248
1.08548
1.14522
1.18841
1.19902
1.19599
1.16829
1.0806
1.01075
1.00029
1
1
1
1
1
1
0.586851
0.576848
0.542235
0.504521
0.470487
0.45396
0.451569
0.457824
0.472135
0.50201
0.535527
0.573744
0.615012
0.660557
0.714039
0.769407
0.829718
0.894677
0.962439
1.03059
1.09826
1.15937
1.19415
1.19972
1.19651
1.15864
1.06299
1.00651
1.00015
1
1
1
1
1
1
0.589821
0.576506
0.539724
0.502313
0.469371
0.454297
0.452792
0.458175
0.471091
0.501781
0.534765
0.572734
0.615078
0.665616
0.721975
0.783431
0.848816
0.916365
0.985003
1.05533
1.12202
1.17247
1.19742
1.20001
1.1932
1.1396
1.04778
1.00397
1.00007
1
1
1
1
1
1
0.589615
0.572349
0.536786
0.500563
0.469192
0.455601
0.451944
0.456925
0.474364
0.50523
0.542777
0.587959
0.636218
0.694045
0.754029
0.817105
0.882402
0.949335
1.01704
1.08158
1.13818
1.18065
1.19892
1.1997
1.18532
1.1265
1.03705
1.00242
1.00004
1
1
1
1
1
1
0.589249
0.569703
0.536089
0.50006
0.469695
0.456836
0.451364
0.454011
0.483906
0.52117
0.563479
0.609703
0.656124
0.710707
0.769601
0.83173
0.897201
0.964288
1.03105
1.09347
1.14817
1.18717
1.19975
1.19826
1.18023
1.11516
1.02711
1.00134
1.00002
1
1
1
1
1
1
0.588869
0.569539
0.536936
0.500287
0.469833
0.457027
0.453295
0.458795
0.494059
0.531104
0.570593
0.618171
0.662771
0.717004
0.777035
0.83921
0.905429
0.974017
1.04157
1.1045
1.15948
1.19321
1.20027
1.19814
1.17735
1.09892
1.01749
1.00065
1.00001
1
1
1
1
1
1
0.583065
0.56933
0.538044
0.499743
0.467515
0.454902
0.454539
0.465959
0.501694
0.534873
0.573926
0.620841
0.667632
0.719332
0.780767
0.843825
0.911502
0.983041
1.05477
1.1221
1.17333
1.19733
1.20064
1.19872
1.16936
1.07785
1.01065
1.00032
1
1
1
1
1
1
1
0.579694
0.568452
0.538875
0.494146
0.46058
0.450928
0.454389
0.467745
0.503752
0.536155
0.579123
0.622992
0.674312
0.732707
0.798712
0.86978
0.94313
1.01601
1.08552
1.14444
1.18329
1.19929
1.20077
1.19579
1.14963
1.06029
1.00659
1.00016
1
1
1
1
1
1
1
0.579998
0.5701
0.535907
0.485922
0.45608
0.448628
0.454036
0.469849
0.503459
0.541348
0.592704
0.650098
0.706058
0.770711
0.838826
0.907385
0.976685
1.04501
1.1071
1.15733
1.18941
1.20028
1.20047
1.18834
1.13609
1.04699
1.00388
1.00007
1
1
1
1
1
1
1
0.586255
0.570721
0.528703
0.480618
0.455626
0.448596
0.456286
0.482785
0.520745
0.567514
0.618446
0.673368
0.727415
0.789506
0.855728
0.923661
0.992569
1.05948
1.11947
1.16716
1.19451
1.20095
1.19947
1.18364
1.1249
1.03433
1.00212
1.00003
1
1
1
1
1
1
1
0.595936
0.571248
0.520617
0.477661
0.460742
0.454563
0.462803
0.496745
0.5333
0.580133
0.6255
0.680712
0.734846
0.797828
0.86572
0.934504
1.00492
1.07328
1.13405
1.17861
1.19846
1.20143
1.19976
1.18164
1.1083
1.02211
1.00101
1.00001
1
1
1
1
1
1
1
0.60434
0.570994
0.516696
0.476947
0.465036
0.461556
0.468032
0.501992
0.535746
0.582072
0.628845
0.681395
0.738814
0.801895
0.873646
0.947718
1.02316
1.09585
1.15467
1.18853
1.20042
1.20191
1.20025
1.17439
1.08448
1.01301
1.00045
1.00001
1
1
1
1
1
1
1
0.608841
0.571166
0.518505
0.479357
0.465127
0.462965
0.469161
0.501629
0.539637
0.580611
0.633466
0.687766
0.751188
0.829077
0.909488
0.988375
1.06178
1.12531
1.17044
1.1941
1.20111
1.20199
1.19716
1.15293
1.06462
1.00782
1.00021
1
1
1
1
1
1
1
1
0.609177
0.571315
0.529872
0.484398
0.46017
0.457103
0.468697
0.498448
0.544969
0.598041
0.657715
0.734238
0.803562
0.87657
0.950643
1.02058
1.08634
1.1417
1.17976
1.19746
1.20135
1.20077
1.18896
1.13795
1.04984
1.00449
1.00009
1
1
1
1
1
1
1
1
0.603077
0.571746
0.538217
0.484929
0.453541
0.446655
0.467761
0.510602
0.57072
0.635092
0.699199
0.765479
0.829294
0.89881
0.969639
1.03852
1.1028
1.1549
1.18814
1.19984
1.20137
1.19911
1.18319
1.12558
1.03545
1.0023
1.00004
1
1
1
1
1
1
1
1
0.597685
0.572327
0.538554
0.482368
0.451333
0.446432
0.487304
0.543588
0.59642
0.655755
0.712588
0.776887
0.842002
0.912798
0.98545
1.05652
1.12218
1.17074
1.19522
1.20109
1.20136
1.19926
1.1803
1.10679
1.0216
1.00101
1.00001
1
1
1
1
1
1
1
1
0.596941
0.575269
0.533188
0.473163
0.454325
0.459871
0.509687
0.558687
0.602399
0.659355
0.718675
0.781718
0.851718
0.929486
1.01062
1.08742
1.14811
1.18426
1.19889
1.20142
1.20138
1.19979
1.17079
1.07957
1.0118
1.00041
1
1
1
1
1
1
1
1
1
0.60137
0.581963
0.525648
0.464942
0.457668
0.480142
0.518604
0.559622
0.606549
0.656374
0.723638
0.804916
0.889277
0.975437
1.05444
1.11961
1.16659
1.1917
1.20037
1.20144
1.20156
1.19467
1.14639
1.05821
1.00661
1.00017
1
1
1
1
1
1
1
1
1
0.612599
0.585551
0.519874
0.461627
0.458275
0.487755
0.524967
0.55933
0.614785
0.688011
0.772569
0.862008
0.939349
1.01435
1.0828
1.139
1.1782
1.1964
1.20108
1.20111
1.19992
1.18517
1.12999
1.04316
1.00351
1.00007
1
1
1
1
1
1
1
1
1
0.621676
0.581589
0.507189
0.458446
0.461815
0.493373
0.530642
0.590517
0.663435
0.742049
0.819963
0.895597
0.966954
1.03852
1.1043
1.15643
1.18839
1.19959
1.20137
1.20114
1.1984
1.17902
1.11557
1.02835
1.0016
1.00002
1
1
1
1
1
1
1
1
1
0.62491
0.575645
0.501601
0.457473
0.476994
0.511441
0.562052
0.62937
0.696429
0.769337
0.842791
0.917627
0.991167
1.06469
1.13064
1.17519
1.1955
1.20122
1.20181
1.20171
1.19925
1.17505
1.09159
1.0151
1.0006
1.00001
1
1
1
1
1
1
1
1
1
0.62451
0.573599
0.507451
0.467838
0.485161
0.534721
0.582971
0.647677
0.711504
0.784215
0.864437
0.946411
1.02764
1.10217
1.15829
1.18817
1.19884
1.20199
1.20228
1.202
1.1982
1.15753
1.06204
1.00722
1.00021
1
1
1
1
1
1
1
1
1
1
0.618066
0.567645
0.510331
0.47226
0.486255
0.541221
0.590204
0.653732
0.728766
0.811977
0.906075
0.998004
1.07352
1.13434
1.17561
1.19495
1.20055
1.20232
1.2021
1.20134
1.18719
1.12816
1.04165
1.00361
1.00008
1
1
1
1
1
1
1
1
1
1
0.61633
0.556514
0.498483
0.470803
0.483281
0.533554
0.599761
0.673624
0.774153
0.87505
0.96438
1.04144
1.10519
1.15556
1.18728
1.19893
1.20155
1.20231
1.20103
1.19772
1.17563
1.10966
1.02794
1.00164
1.00003
1
1
1
1
1
1
1
1
1
1
0.631363
0.54636
0.474613
0.452534
0.487086
0.546095
0.644147
0.747892
0.837842
0.922843
1.00211
1.07294
1.13189
1.17413
1.19613
1.2009
1.20186
1.20211
1.20062
1.19439
1.16717
1.08987
1.01515
1.0006
1.00001
1
1
1
1
1
1
1
1
1
1
0.650287
0.538254
0.454474
0.439954
0.501703
0.614638
0.711786
0.794872
0.875225
0.957887
1.03746
1.1081
1.16018
1.18864
1.20081
1.20159
1.20176
1.2018
1.20133
1.19416
1.15501
1.05935
1.00636
1.00018
1
1
1
1
1
1
1
1
1
1
1
0.652663
0.519715
0.443103
0.446301
0.56473
0.667813
0.743015
0.82429
0.912938
1.0033
1.08437
1.14577
1.18111
1.19606
1.20257
1.20176
1.20156
1.20138
1.20139
1.19069
1.12319
1.03364
1.00249
1.00005
1
1
1
1
1
1
1
1
1
1
1
0.642917
0.498875
0.437778
0.501583
0.616884
0.694484
0.772637
0.868763
0.971134
1.06153
1.12868
1.17143
1.19237
1.19927
1.20308
1.20173
1.20164
1.20075
1.19794
1.16976
1.09321
1.01949
1.00099
1.00002
1
1
1
1
1
1
1
1
1
1
1
0.635309
0.490373
0.451008
0.56262
0.633525
0.715558
0.831157
0.945796
1.03725
1.10865
1.15855
1.1875
1.19828
1.2005
1.20325
1.20161
1.20199
1.20005
1.19092
1.15302
1.07138
1.01019
1.00034
1
1
1
1
1
1
1
1
1
1
1
1
0.62528
0.482882
0.47199
0.589911
0.67426
0.790787
0.91804
1.01213
1.08699
1.14438
1.18066
1.19751
1.20057
1.2008
1.20332
1.20144
1.20221
1.20077
1.18629
1.13655
1.04575
1.0039
1.00009
1
1
1
1
1
1
1
1
1
1
1
1
0.595451
0.475882
0.522642
0.613315
0.745294
0.890756
0.988745
1.06653
1.13037
1.17382
1.19514
1.20184
1.20095
1.20068
1.20347
1.20124
1.20203
1.2012
1.18266
1.10476
1.02113
1.00113
1.00002
1
1
1
1
1
1
1
1
1
1
1
1
0.578355
0.509242
0.576779
0.706577
0.85707
0.96535
1.0494
1.11965
1.16751
1.19229
1.20149
1.20278
1.20095
1.20049
1.20367
1.20143
1.20033
1.19582
1.15723
1.0663
1.00888
1.00031
1
1
1
1
1
1
1
1
1
1
1
1
1
0.417664
0.516136
0.649697
0.817248
0.943694
1.03561
1.11223
1.1625
1.18971
1.20054
1.20345
1.20288
1.20038
1.20043
1.20407
1.20177
1.1984
1.18258
1.1258
1.0413
1.00376
1.00009
1
1
1
1
1
1
1
1
1
1
1
1
1
0.262777
0.545363
0.766927
0.920296
1.02663
1.10892
1.16024
1.18767
1.1999
1.20332
1.20373
1.2025
1.2002
1.20044
1.20435
1.20176
1.19738
1.17152
1.1007
1.02223
1.00117
1.00002
1
1
1
1
1
1
1
1
1
1
1
1
1
0.315281
0.668266
0.88861
1.01931
1.10695
1.16093
1.18808
1.19916
1.20311
1.2038
1.20368
1.20196
1.20011
1.20101
1.20447
1.20045
1.19705
1.15756
1.06426
1.00738
1.00023
1
1
1
1
1
1
1
1
1
1
1
1
1
1
0.286771
0.764294
0.992284
1.10885
1.16596
1.1904
1.19997
1.20244
1.20348
1.20375
1.20347
1.20159
1.20007
1.2016
1.20439
1.19808
1.18355
1.11879
1.02908
1.00181
1.00004
1
1
1
1
1
1
1
1
1
1
1
1
1
1
0.58604
0.931217
1.10975
1.17232
1.19434
1.20145
1.20291
1.20281
1.20306
1.20357
1.20335
1.20147
1.20006
1.20207
1.20352
1.19356
1.1608
1.07811
1.01197
1.00043
1.00001
1
1
1
1
1
1
1
1
1
1
1
1
1
1
0.952436
1.12253
1.18332
1.19882
1.20295
1.20339
1.20305
1.20247
1.20293
1.20365
1.20331
1.20116
1.20001
1.20241
1.20303
1.18591
1.1368
1.04507
1.00344
1.00005
1
1
1
1
1
1
1
1
1
1
1
1
1
1
1
1.20277
1.20344
1.20403
1.20425
1.20414
1.20329
1.20256
1.20234
1.20317
1.204
1.20312
1.20087
1.19981
1.20255
1.20121
1.17449
1.101
1.01308
0.999838
0.999984
1
1
1
1
1
1
1
1
1
1
1
1
1
1
1
1.20273
1.20326
1.20391
1.20423
1.20422
1.20343
1.20269
1.20226
1.20298
1.20416
1.20363
1.2016
1.19884
1.20014
1.20031
1.17446
1.08756
1.013
1.00041
1
1
1
1
1
1
1
1
1
1
1
1
1
1
1
1
1.20299
1.2033
1.20399
1.20439
1.20433
1.20372
1.20292
1.20249
1.20281
1.20391
1.20366
1.20218
1.19817
1.19796
1.19748
1.15907
1.06343
1.00523
1.00007
1
1
1
1
1
1
1
1
1
1
1
1
1
1
1
1
1.20313
1.20327
1.20387
1.20436
1.20443
1.20418
1.20352
1.20289
1.20252
1.20309
1.20326
1.20289
1.19811
1.19532
1.19478
1.14581
1.04603
1.00267
1.00003
1
1
1
1
1
1
1
1
1
1
1
1
1
1
1
1
1.20318
1.20318
1.2035
1.20404
1.20449
1.20448
1.20415
1.20321
1.20225
1.20194
1.2028
1.20339
1.20023
1.19469
1.19126
1.12594
1.02967
1.00114
1.00001
1
1
1
1
1
1
1
1
1
1
1
1
1
1
1
1
1.20311
1.20303
1.20311
1.20349
1.20425
1.20459
1.20457
1.20358
1.20201
1.2011
1.20242
1.20407
1.20229
1.19461
1.18352
1.10306
1.0173
1.00048
1
1
1
1
1
1
1
1
1
1
1
1
1
1
1
1
1
1.20315
1.20297
1.20283
1.20306
1.20386
1.20462
1.20471
1.20385
1.20188
1.20068
1.20211
1.20495
1.20346
1.19286
1.16756
1.08107
1.00932
1.00018
1
1
1
1
1
1
1
1
1
1
1
1
1
1
1
1
1
1.20332
1.20298
1.20275
1.20286
1.20355
1.2045
1.20468
1.20392
1.20184
1.20046
1.20165
1.20522
1.20369
1.19114
1.15521
1.06169
1.00476
1.00007
1
1
1
1
1
1
1
1
1
1
1
1
1
1
1
1
1
1.20352
1.20311
1.20281
1.2028
1.2033
1.2042
1.20448
1.20392
1.20182
1.20037
1.20089
1.20461
1.20339
1.18955
1.14086
1.04191
1.0022
1.00002
1
1
1
1
1
1
1
1
1
1
1
1
1
1
1
1
1
1.2037
1.2035
1.20319
1.20297
1.20323
1.20383
1.20422
1.204
1.20218
1.20051
1.20038
1.20288
1.20147
1.18094
1.12003
1.02483
1.00088
1.00001
1
1
1
1
1
1
1
1
1
1
1
1
1
1
1
1
1
1.20376
1.20381
1.2037
1.20347
1.20351
1.20357
1.20388
1.20409
1.20315
1.20113
1.20025
1.20205
1.20024
1.17252
1.09707
1.01439
1.00035
1
1
1
1
1
1
1
1
1
1
1
1
1
1
1
1
1
1
1.20369
1.20391
1.20407
1.20408
1.20374
1.20343
1.20329
1.2042
1.20395
1.20269
1.20007
1.20065
1.19968
1.16499
1.07392
1.00729
1.00012
1
1
1
1
1
1
1
1
1
1
1
1
1
1
1
1
1
1
1.20336
1.20386
1.20423
1.2045
1.2039
1.20316
1.20289
1.20384
1.20434
1.20425
1.19997
1.19749
1.19581
1.15034
1.0499
1.00319
1.00004
1
1
1
1
1
1
1
1
1
1
1
1
1
1
1
1
1
1
1.20271
1.20349
1.20426
1.20463
1.20406
1.20307
1.20265
1.20347
1.20457
1.20498
1.20094
1.19401
1.18903
1.12955
1.03274
1.0014
1.00001
1
1
1
1
1
1
1
1
1
1
1
1
1
1
1
1
1
1
1.20226
1.20296
1.20399
1.20458
1.20419
1.20313
1.20251
1.203
1.20452
1.20517
1.20226
1.19304
1.18333
1.10913
1.01917
1.00054
1
1
1
1
1
1
1
1
1
1
1
1
1
1
1
1
1
1
1
1.20215
1.20257
1.20355
1.20437
1.2043
1.20337
1.20241
1.20216
1.20362
1.20496
1.20293
1.19278
1.17427
1.08088
1.00905
1.00018
1
1
1
1
1
1
1
1
1
1
1
1
1
1
1
1
1
1
1
1.20217
1.20244
1.2032
1.20407
1.20425
1.2038
1.2024
1.20164
1.20242
1.20465
1.20282
1.18947
1.15353
1.05695
1.00429
1.00006
1
1
1
1
1
1
1
1
1
1
1
1
1
1
1
1
1
1
1
1.20265
1.20258
1.20306
1.20376
1.20429
1.20442
1.20316
1.20142
1.20124
1.20436
1.20284
1.18711
1.13562
1.03789
1.00177
1.00002
1
1
1
1
1
1
1
1
1
1
1
1
1
1
1
1
1
1
1
1.20371
1.20326
1.20305
1.20355
1.20442
1.20488
1.20409
1.20121
1.20009
1.2028
1.20262
1.18544
1.11256
1.02044
1.00061
1
1
1
1
1
1
1
1
1
1
1
1
1
1
1
1
1
1
1
1
1.20443
1.20372
1.20322
1.20331
1.20431
1.20515
1.20484
1.20194
1.19923
1.19996
1.19972
1.17056
1.08566
1.01039
1.00021
1
1
1
1
1
1
1
1
1
1
1
1
1
1
1
1
1
1
1
1
1.20464
1.20392
1.20329
1.20313
1.20401
1.20522
1.20519
1.20338
1.19936
1.19895
1.19745
1.15587
1.06204
1.00481
1.00007
1
1
1
1
1
1
1
1
1
1
1
1
1
1
1
1
1
1
1
1
1.20455
1.20395
1.20331
1.20309
1.20351
1.20481
1.20525
1.20485
1.20125
1.1987
1.19633
1.13751
1.03723
1.00177
1.00002
1
1
1
1
1
1
1
1
1
1
1
1
1
1
1
1
1
1
1
1
1.20351
1.20352
1.20329
1.20321
1.203
1.20361
1.20495
1.20564
1.20301
1.19642
1.18584
1.10887
1.01971
1.00061
1
1
1
1
1
1
1
1
1
1
1
1
1
1
1
1
1
1
1
1
1
1.20222
1.20285
1.20326
1.20345
1.20278
1.20252
1.2039
1.20591
1.20403
1.1936
1.17017
1.08445
1.01006
1.00019
1
1
1
1
1
1
1
1
1
1
1
1
1
1
1
1
1
1
1
1
1
1.20163
1.20251
1.20341
1.20368
1.20272
1.20186
1.20265
1.20596
1.20428
1.19247
1.15577
1.05773
1.00396
1.00005
1
1
1
1
1
1
1
1
1
1
1
1
1
1
1
1
1
1
1
1
1
1.20148
1.20234
1.20376
1.20444
1.20332
1.20149
1.20131
1.20418
1.20357
1.18968
1.13312
1.03255
1.0014
1.00001
1
1
1
1
1
1
1
1
1
1
1
1
1
1
1
1
1
1
1
1
1
1.20158
1.20226
1.20399
1.20505
1.20441
1.20172
1.20081
1.203
1.20195
1.17756
1.10527
1.01754
1.00047
1
1
1
1
1
1
1
1
1
1
1
1
1
1
1
1
1
1
1
1
1
1
1.20235
1.20257
1.20409
1.20518
1.2051
1.203
1.20103
1.20294
1.20171
1.16702
1.07695
1.00762
1.00013
1
1
1
1
1
1
1
1
1
1
1
1
1
1
1
1
1
1
1
1
1
1
1.20315
1.20303
1.20402
1.20516
1.20545
1.20478
1.20207
1.20241
1.2006
1.1481
1.04543
1.00263
1.00003
1
1
1
1
1
1
1
1
1
1
1
1
1
1
1
1
1
1
1
1
1
1
1.20364
1.20323
1.20346
1.20424
1.20547
1.20673
1.20369
1.19807
1.18934
1.11823
1.02484
1.00087
1.00001
1
1
1
1
1
1
1
1
1
1
1
1
1
1
1
1
1
1
1
1
1
1
1.20378
1.20321
1.2025
1.20235
1.20461
1.20735
1.20589
1.19616
1.17599
1.09144
1.01156
1.00024
1
1
1
1
1
1
1
1
1
1
1
1
1
1
1
1
1
1
1
1
1
1
1
1.2034
1.20268
1.20181
1.201
1.2027
1.20725
1.20676
1.19645
1.15977
1.05741
1.00395
1.00005
1
1
1
1
1
1
1
1
1
1
1
1
1
1
1
1
1
1
1
1
1
1
1
1.20295
1.20242
1.20164
1.20036
1.20111
1.20557
1.20638
1.1908
1.13201
1.03145
1.0013
1.00001
1
1
1
1
1
1
1
1
1
1
1
1
1
1
1
1
1
1
1
1
1
1
1
1.20233
1.2022
1.20181
1.20061
1.20077
1.20472
1.20526
1.17939
1.10192
1.01512
1.00036
1
1
1
1
1
1
1
1
1
1
1
1
1
1
1
1
1
1
1
1
1
1
1
1
1.20178
1.2018
1.20241
1.20273
1.20098
1.20513
1.20589
1.16612
1.06596
1.00523
1.00008
1
1
1
1
1
1
1
1
1
1
1
1
1
1
1
1
1
1
1
1
1
1
1
1
1.20177
1.20162
1.20331
1.20504
1.203
1.20431
1.20172
1.1364
1.03384
1.00151
1.00002
1
1
1
1
1
1
1
1
1
1
1
1
1
1
1
1
1
1
1
1
1
1
1
1
1.20209
1.20152
1.20354
1.20777
1.20733
1.20084
1.18642
1.10255
1.01597
1.0004
1
1
1
1
1
1
1
1
1
1
1
1
1
1
1
1
1
1
1
1
1
1
1
1
1
1.20223
1.20137
1.20206
1.20938
1.21191
1.20038
1.16737
1.06785
1.00541
1.00008
1
1
1
1
1
1
1
1
1
1
1
1
1
1
1
1
1
1
1
1
1
1
1
1
1
1.20142
1.20067
1.20046
1.21035
1.21298
1.19993
1.13794
1.03269
1.00138
1.00001
1
1
1
1
1
1
1
1
1
1
1
1
1
1
1
1
1
1
1
1
1
1
1
1
1
1.20034
1.2003
1.19947
1.20948
1.21269
1.18412
1.09838
1.01361
1.00032
1
1
1
1
1
1
1
1
1
1
1
1
1
1
1
1
1
1
1
1
1
1
1
1
1
1
1.1991
1.20123
1.20172
1.20815
1.21024
1.16408
1.06164
1.0043
1.00006
1
1
1
1
1
1
1
1
1
1
1
1
1
1
1
1
1
1
1
1
1
1
1
1
1
1
1.19729
1.20281
1.20652
1.20722
1.20534
1.13268
1.02712
1.00098
1.00001
1
1
1
1
1
1
1
1
1
1
1
1
1
1
1
1
1
1
1
1
1
1
1
1
1
1
1.19591
1.20457
1.21246
1.20393
1.18453
1.08607
1.00911
1.00018
1
1
1
1
1
1
1
1
1
1
1
1
1
1
1
1
1
1
1
1
1
1
1
1
1
1
1
1.19577
1.20827
1.21663
1.20046
1.1538
1.04611
1.00257
1.00003
1
1
1
1
1
1
1
1
1
1
1
1
1
1
1
1
1
1
1
1
1
1
1
1
1
1
1
1.20083
1.21335
1.21892
1.19368
1.11363
1.01726
1.00046
1
1
1
1
1
1
1
1
1
1
1
1
1
1
1
1
1
1
1
1
1
1
1
1
1
1
1
1
1.20782
1.215
1.21947
1.17456
1.06125
1.00437
1.00007
1
1
1
1
1
1
1
1
1
1
1
1
1
1
1
1
1
1
1
1
1
1
1
1
1
1
1
1
1.21388
1.21097
1.21028
1.12689
1.02497
1.00089
1.00001
1
1
1
1
1
1
1
1
1
1
1
1
1
1
1
1
1
1
1
1
1
1
1
1
1
1
1
1
1.23379
1.19844
1.18184
1.07726
1.00758
1.00014
1
1
1
1
1
1
1
1
1
1
1
1
1
1
1
1
1
1
1
1
1
1
1
1
1
1
1
1
1
1.25167
1.18444
1.13705
1.03259
1.00154
1.00002
1
1
1
1
1
1
1
1
1
1
1
1
1
1
1
1
1
1
1
1
1
1
1
1
1
1
1
1
1
1.25887
1.16486
1.08066
1.00996
1.00027
1
1
1
1
1
1
1
1
1
1
1
1
1
1
1
1
1
1
1
1
1
1
1
1
1
1
1
1
1
1
1.25177
1.1307
1.04162
1.00282
1.00005
1
1
1
1
1
1
1
1
1
1
1
1
1
1
1
1
1
1
1
1
1
1
1
1
1
1
1
1
1
1
1.22454
1.09312
1.01562
1.00055
1.00001
1
1
1
1
1
1
1
1
1
1
1
1
1
1
1
1
1
1
1
1
1
1
1
1
1
1
1
1
1
1
1.18203
1.05347
1.00469
1.00009
1
1
1
1
1
1
1
1
1
1
1
1
1
1
1
1
1
1
1
1
1
1
1
1
1
1
1
1
1
1
1
1.12151
1.02277
1.0009
1.00001
1
1
1
1
1
1
1
1
1
1
1
1
1
1
1
1
1
1
1
1
1
1
1
1
1
1
1
1
1
1
1
1.05122
1.00437
1.00007
1
1
1
1
1
1
1
1
1
1
1
1
1
1
1
1
1
1
1
1
1
1
1
1
1
1
1
1
1
1
1
1
1
1
1
1
1
1
1
1
1
1
1
1
1
1
1
1
1
1
1
1
1
1
1
1
1
1
1
1
1
1
1
1
1
1
1
1
1
1
1
1
1
1
1
1
1
1
1
1
1
1
1
1
1
1
1
1
1
1
1
1
1
1
1
1
1
1
1
1
1
1
1
1
1
1
1
1
1
1
1
1
1
1
1
1
1
1
1
1
1
1
1
1
1
1
1
1
1
1
1
1
1
1
1
1
1
1
1
1
1
1
1
1
1
1
1
1
1
1
1
1
1
1
1
1
1
1
1
1
1
1
1
1
1
1
1
1
1
1
1
1
1
1
1
1
1
1
1
1
1
1
1
1
1
1
1
1
1
1
1
1
1
1
1
1
1
1
1
1
1
1
1
1
1
1
1
1
1
1
1
1
1
1
1
1
1
1
1
1
1
1
1
1
1
1
1
1
1
1
1
1
1
1
1
1
1
1
1
1
1
1
1
1
1
1
1
1
1
1
1
1
1
1
1
1
1
1
1
1
1
1
1
1
1
1
1
1
1
1
1
1
1
1
1
1
1
1
1
1
1
1
1
1
1
1
1
1
1
1
1
1
1
1
1
1
1
1
1
1
1
1
1
1
1
1
1
1
1
1
1
1
1
1
1
1
1
1
1
1
1
1
1
1
1
1
1
1
1
1
1
1
1
1
1
1
1
1
1
1
1
1
1
1
1
1
1
1
1
1
1
1
1
1
1
1
1
1
1
1
1
1
1
1
1
1
1
1
1
1
1
1
1
1
1
1
1
1
1
1
1
1
1
1
1
1
1
1
1
1
1
1
1
1
1
1
1
1
1
1
1
1
1
1
1
1
1
1
1
1
1
1
1
1
1
1
1
1
1
1
1
1
1
1
1
1
1
1
1
1
1
1
1
1
1
1
1
1
1
1
1
1
1
1
1
1
1
1
1
1
1
1
1
1
1
1
1
1
1
1
1
1
1
1
1
1
1
1
1
1
1
1
1
1
1
1
1
1
1
1
1
1
1
1
1
1
1
1
1
1
1
1
1
1
1
1
1
1
1
1
1
1
1
1
1
1
1
1
1
1
1
1
1
1
1
1
1
1
1
1
1
1
1
1
1
1
1
1
1
1
1
1
1
1
1
1
1
1
1
1
1
1
1
1
1
1
1
1
1
1
1
1
1
1
1
1
1
1
1
1
1
1
1
1
1
1
1
1
1
1
1
1
1
1
1
1
1
1
1
1
1
1
1
1
1
1
1
1
1
1
1
1
1
1
1
1
1
1
1
1
1
1
1
1
1
1
1
1
1
1
1
1
1
1
1
1
1
1
1
1
1
1
1
1
1
1
1
1
1
1
1
1
1
1
1
1
1
1
1
1
1
1
1
1
1
1
1
1
1
1
1
1
1
1
1
1
1
1
1
1
1
1
1
1
1
1
1
1
1
1
1
1
1
1
1
1
1
1
1
1
1
1
1
1
1
1
1
1
1
1
1
1
1
1
1
1
1
1
1
1
1
1
1
1
1
1
1
1
1
1
1
1
1
1
1
1
1
1
1
1
1
1
1
1
1
1
1
1
1
1
1
1
1
1
1
1
1
1
1
1
1
1
1
1
1
1
1
1
1
1
1
1
1
1
1
1
1
1
1
1
1
1
1
1
1
1
1
1
1
1
1
1
1
1
1
1
1
1
1
1
1
1
1
1
1
1
1
1
1
1
1
1
1
1
1
1
1
1
1
1
1
1
1
1
1
1
1
1
1
1
1
1
1
1
1
1
1
1
1
1
1
1
1
1
1
1
1
1
1
1
1
1
1
1
1
1
1
1
1
1
1
1
1
1
1
1
1
1
1
1
1
1
1
1
1
1
1
1
1
1
1
1
1
1
1
1
1
1
1
1
1
1
1
1
1
1
1
1
1
1
1
1
1
1
1
1
1
1
1
1
1
1
1
1
1
1
1
1
1
1
1
1
1
1
1
1
1
1
1
1
1
1
1
1
1
1
1
1
1
1
1
1
1
1
1
1
1
1
1
1
1
1
1
1
1
1
1
1
1
1
1
1
1
1
1
1
1
1
1
1
1
1
1
1
1
1
1
1
1
1
1
1
1
1
1
1
1
1
1
1
1
1
1
1
1
1
1
1
1
1
1
1
1
1
1
1
1
1
1
1
1
1
1
1
1
1
1
1
1
1
1
1
1
1
1
1
1
1
1
1
1
1
1
1
1
1
1
1
1
1
1
1
1
1
1
1
1
1
1
1
1
1
1
1
1
1
1
1
1
1
1
1
1
1
1
1
1
1
1
1
1
1
1
1
1
1
1
1
1
1
1
1
1
1
1
1
1
1
1
1
1
1
1
1
1
1
1
1
1
1
1
1
1
1
1
1
1
1
1
1
1
1
1
1
1
1
1
1
1
1
1
1
1
1
1
1
1
1
1
1
1
1
1
1
1
1
1
1
1
1
1
1
1
1
1
1
1
1
1
1
1
1
1
1
1
1
1
1
1
1
1
1
1
1
1
1
1
1
1
1
1
1
1
1
1
1
1
1
1
1
1
1
1
1
1
1
1
1
1
1
1
1
1
1
1
1
1
1
1
1
1
1
1
1
1
1
1
1
1
1
1
1
1
1
1
1
1
1
1
1
1
1
1
1
1
1
1
1
1
1
1
1
1
1
1
1
1
1
1
1
1
1
1
1
1
1
1
1
1
1
1
1
1
1
1
1
1
1
1
1
1
1
1
1
1
1
1
1
1
1
1
1
1
1
1
1
1
1
1
1
1
1
1
1
1
1
1
1
1
1
1
1
1
1
1
1
1
1
1
1
1
1
1
1
1
1
1
1
1
1
1
1
1
1
1
1
1
1
1
1
1
1
1
1
1
1
1
1
1
1
1
1
1
1
1
1
1
1
1
1
1
1
1
1
1
1
1
1
1
1
1
1
1
1
1
1
1
1
1
1
1
1
1
1
1
1
1
1
1
1
1
1
1
1
1
1
1
1
1
1
1
1
1
1
1
1
1
1
1
1
1
1
1
1
1
1
1
1
1
1
1
1
1
1
1
1
1
1
1
1
1
1
1
1
1
1
1
1
1
1
1
1
1
1
1
1
1
1
1
1
1
1
1
1
1
1
1
1
1
1
1
1
1
1
1
1
1
1
1
1
1
1
1
1
1
1
1
1
1
1
1
1
1
1
1
1
1
1
1
1
1
1
1
1
1
1
1
1
1
1
1
1
1
1
1
1
1
1
1
1
1
1
1
1
1
1
1
1
1
1
1
1
1
1
1
1
1
1
1
1
1
1
1
1
1
1
1
1
1
1
1
1
1
1
1
1
1
1
1
1
1
1
1
1
1
1
1
1
1
1
1
1
1
1
1
1
1
1
1
1
1
1
1
1
1
1
1
1
1
1
1
1
1
1
1
1
1
1
1
1
1
1
1
1
1
1
1
1
1
1
1
1
1
1
1
1
1
1
1
1
1
1
1
1
1
1
1
1
1
1
1
1
1
1
1
1
1
1
1
1
1
1
1
1
1
1
1
1
1
1
1
1
1
1
1
1
1
1
1
1
1
1
1
1
1
1
1
1
1
1
1
1
1
1
1
1
1
1
1
1
1
1
1
1
1
1
1
1
1
1
1
1
1
1
1
1
1
1
1
1
1
1
1
1
1
1
1
1
1
1
1
1
1
1
1
1
1
1
1
1
1
1
1
1
1
1
1
1
1
1
1
1
1
1
1
1
1
1
1
1
1
1
1
1
1
1
1
1
1
1
1
1
1
1
1
1
1
1
1
1
1
1
1
1
1
1
1
1
1
1
1
1
1
1
1
1
1
1
1
1
1
1
1
1
1
1
1
1
1
1
1
1
1
1
1
1
1
1
1
1
1
1
1
1
1
1
1
1
1
1
1
1
1
1
1
1
1
1
1
1
1
1
1
1
1
1
1
1
1
1
1
1
1
1
1
1
1
1
1
1
1
1
1
1
1
1
1
1
1
1
1
1
1
1
1
1
1
1
1
1
1
1
1
1
1
1
1
1
1
1
1
1
1
1
1
1
1
1
1
1
1
1
1
1
1
1
1
1
1
1
1
1
1
1
1
1
1
1
1
1
1
1
1
1
1
1
1
1
1
1
1
1
1
1
1
1
1
1
1
1
1
1
1
1
1
1
1
1
1
1
1
1
1
1
1
1
1
1
1
1
1
1
1
1
1
1
1
1
1
1
1
1
1
1
1
1
1
1
1
1
1
1
1
1
1
1
1
1
1
1
1
1
1
1
1
1
1
1
1
1
1
1
1
1
1
1
1
1
1
1
1
1
1
1
1
1
1
1
1
1
1
1
1
1
1
1
1
1
1
1
1
1
1
1
1
1
1
1
1
1
1
1
1
1
1
1
1
1
1
1
1
1
1
1
1
1
1
1
1
1
1
1
1
1
1
1
1
1
1
1
1
1
1
1
1
1
1
1
1
1
1
1
1
1
1
1
1
1
1
1
1
1
1
1
1
1
1
1
1
1
1
1
1
1
1
1
1
1
1
1
1
1
1
1
1
1
1
1
1
1
1
1
1
1
1
1
1
1
1
1
1
1
1
1
1
1
1
1
1
1
1
1
1
1
1
1
1
1
1
1
1
1
1
1
1
1
1
1
1
1
1
1
1
1
1
1
1
1
1
1
1
1
1
1
1
1
1
1
1
1
1
1
1
1
1
1
1
1
1
1
1
1
1
1
1
1
1
1
1
1
1
1
1
1
1
1
1
1
1
1
1
1
1
1
1
1
1
1
1
1
1
1
1
1
1
1
1
1
1
1
1
1
1
1
1
1
1
1
1
1
1
1
1
1
1
1
1
1
1
1
1
1
1
1
1
1
1
1
1
1
1
1
1
1
1
1
1
1
1
1
1
1
1
1
1
1
1
1
1
1
1
1
1
1
1
1
1
1
1
1
1
1
1
1
1
1
1
1
1
1
1
1
1
1
1
1
1
1
1
1
1
1
1
1
1
1
1
1
1
1
1
1
1
1
1
1
1
1
1
1
1
1
1
1
1
1
1
1
1
1
1
1
1
1
1
1
1
1
1
1
1
1
1.10865
1
1
1
1
1
1
1
1
1
1
1
1
1
1
1
1
1
1
1
1
1
1
1
1
1
1
1
1
1
1
1
1
1
1
1
1
1
1
1
1.28311
0.99973
1
1
1
1
1
1
1
1
1
1
1
1
1
1
1
1
1
1
1
1
1
1
1
1
1
1
1
1
1
1
1
1
1
1
1
1
1
1
1.46274
1.02763
1
1
1
1
1
1
1
1
1
1
1
1
1
1
1
1
1
1
1
1
1
1
1
1
1
1
1
1
1
1
1
1
1
1
1
1
1
1
1.65621
1.11723
1
1
1
1
1
1
1
1
1
1
1
1
1
1
1
1
1
1
1
1
1
1
1
1
1
1
1
1
1
1
1
1
1
1
1
1
1
1
1.83475
1.32053
0.999707
1
1
1
1
1
1
1
1
1
1
1
1
1
1
1
1
1
1
1
1
1
1
1
1
1
1
1
1
1
1
1
1
1
1
1
1
1
1.98252
1.53943
1.02166
1
1
1
1
1
1
1
1
1
1
1
1
1
1
1
1
1
1
1
1
1
1
1
1
1
1
1
1
1
1
1
1
1
1
1
1
1
2.10848
1.84292
1.35426
0.999774
1
1
1
1
1
1
1
1
1
1
1
1
1
1
1
1
1
1
1
1
1
1
1
1
1
1
1
1
1
1
1
1
1
1
1
1
2.06656
1.90753
1.87594
1.19579
0.99984
1
1
1
1
1
1
1
1
1
1
1
1
1
1
1
1
1
1
1
1
1
1
1
1
1
1
1
1
1
1
1
1
1
1
1
1.96405
1.89579
2.04333
1.72446
1.04712
1
1
1
1
1
1
1
1
1
1
1
1
1
1
1
1
1
1
1
1
1
1
1
1
1
1
1
1
1
1
1
1
1
1
1
1.89222
1.8927
2.01992
2.02495
1.43141
0.999645
1
1
1
1
1
1
1
1
1
1
1
1
1
1
1
1
1
1
1
1
1
1
1
1
1
1
1
1
1
1
1
1
1
1
1.85705
1.8858
1.98579
2.02012
1.81749
1.11675
0.999906
1
1
1
1
1
1
1
1
1
1
1
1
1
1
1
1
1
1
1
1
1
1
1
1
1
1
1
1
1
1
1
1
1
1.84499
1.88191
1.9562
1.98346
1.97924
1.46307
1.00035
1
1
1
1
1
1
1
1
1
1
1
1
1
1
1
1
1
1
1
1
1
1
1
1
1
1
1
1
1
1
1
1
1
1.8435
1.8744
1.92516
1.96791
2.01747
1.78468
1.11875
0.999997
1
1
1
1
1
1
1
1
1
1
1
1
1
1
1
1
1
1
1
1
1
1
1
1
1
1
1
1
1
1
1
1
1.84396
1.87019
1.90808
1.96406
2.01058
1.94386
1.42617
1.00003
1
1
1
1
1
1
1
1
1
1
1
1
1
1
1
1
1
1
1
1
1
1
1
1
1
1
1
1
1
1
1
1
1.847
1.87167
1.90888
1.96095
1.99853
1.96747
1.71888
1.08363
1
1
1
1
1
1
1
1
1
1
1
1
1
1
1
1
1
1
1
1
1
1
1
1
1
1
1
1
1
1
1
1
1.8515
1.87471
1.91235
1.9547
1.9791
1.96049
1.85652
1.33361
0.999681
1
1
1
1
1
1
1
1
1
1
1
1
1
1
1
1
1
1
1
1
1
1
1
1
1
1
1
1
1
1
1
1.85724
1.8784
1.91495
1.95379
1.96886
1.9593
1.91764
1.58784
1.0319
1
1
1
1
1
1
1
1
1
1
1
1
1
1
1
1
1
1
1
1
1
1
1
1
1
1
1
1
1
1
1
1.86363
1.88253
1.91665
1.95417
1.96451
1.96072
1.95001
1.81178
1.23092
0.999763
1
1
1
1
1
1
1
1
1
1
1
1
1
1
1
1
1
1
1
1
1
1
1
1
1
1
1
1
1
1
1.86999
1.88643
1.91777
1.95448
1.96579
1.96345
1.95242
1.87833
1.49428
1.0094
1
1
1
1
1
1
1
1
1
1
1
1
1
1
1
1
1
1
1
1
1
1
1
1
1
1
1
1
1
1
1.87493
1.8896
1.91805
1.95488
1.96907
1.96581
1.95134
1.90116
1.67757
1.09751
1
1
1
1
1
1
1
1
1
1
1
1
1
1
1
1
1
1
1
1
1
1
1
1
1
1
1
1
1
1
1.8785
1.89162
1.9183
1.95534
1.97208
1.96654
1.95072
1.91643
1.83652
1.34573
0.999648
1
1
1
1
1
1
1
1
1
1
1
1
1
1
1
1
1
1
1
1
1
1
1
1
1
1
1
1
1
1.88082
1.89219
1.91947
1.95559
1.97306
1.96763
1.95285
1.93089
1.88748
1.59914
1.03974
1
1
1
1
1
1
1
1
1
1
1
1
1
1
1
1
1
1
1
1
1
1
1
1
1
1
1
1
1
1.88324
1.89269
1.92083
1.95529
1.97246
1.9695
1.95849
1.94194
1.90753
1.74668
1.18613
0.999808
1
1
1
1
1
1
1
1
1
1
1
1
1
1
1
1
1
1
1
1
1
1
1
1
1
1
1
1
1.8851
1.89316
1.92164
1.95459
1.9714
1.97133
1.96396
1.946
1.91592
1.86292
1.44825
1.0043
1
1
1
1
1
1
1
1
1
1
1
1
1
1
1
1
1
1
1
1
1
1
1
1
1
1
1
1
1.88551
1.89351
1.92176
1.95344
1.97042
1.97156
1.96507
1.94434
1.91953
1.89973
1.67739
1.09071
1
1
1
1
1
1
1
1
1
1
1
1
1
1
1
1
1
1
1
1
1
1
1
1
1
1
1
1
1.8856
1.89382
1.92152
1.95174
1.96876
1.97093
1.96456
1.94501
1.92517
1.90644
1.79735
1.28581
0.999703
1
1
1
1
1
1
1
1
1
1
1
1
1
1
1
1
1
1
1
1
1
1
1
1
1
1
1
1.88551
1.89412
1.9212
1.95009
1.96694
1.96993
1.96445
1.94734
1.93022
1.91434
1.89183
1.55604
1.02102
1
1
1
1
1
1
1
1
1
1
1
1
1
1
1
1
1
1
1
1
1
1
1
1
1
1
1
1.8854
1.89441
1.92043
1.94867
1.96538
1.96883
1.96446
1.95053
1.9305
1.91586
1.91791
1.75519
1.16983
0.999829
1
1
1
1
1
1
1
1
1
1
1
1
1
1
1
1
1
1
1
1
1
1
1
1
1
1
1.88547
1.89476
1.91943
1.94737
1.96365
1.96762
1.96394
1.95113
1.93082
1.91575
1.91611
1.8362
1.38959
1.00135
1
1
1
1
1
1
1
1
1
1
1
1
1
1
1
1
1
1
1
1
1
1
1
1
1
1
1.8857
1.89544
1.91879
1.94655
1.96224
1.96631
1.96291
1.95102
1.9314
1.91604
1.9132
1.90623
1.64522
1.05382
1
1
1
1
1
1
1
1
1
1
1
1
1
1
1
1
1
1
1
1
1
1
1
1
1
1
1.88623
1.89646
1.91872
1.946
1.96113
1.96494
1.96166
1.95023
1.93158
1.91711
1.91551
1.92605
1.81436
1.25942
0.999716
1
1
1
1
1
1
1
1
1
1
1
1
1
1
1
1
1
1
1
1
1
1
1
1
1
1.88696
1.89751
1.91888
1.94529
1.96018
1.96367
1.96048
1.94954
1.93214
1.91811
1.91478
1.926
1.86809
1.48599
1.00946
1
1
1
1
1
1
1
1
1
1
1
1
1
1
1
1
1
1
1
1
1
1
1
1
1
1.8879
1.89844
1.91917
1.94438
1.95928
1.96306
1.95993
1.94978
1.93316
1.91891
1.91287
1.91903
1.90708
1.70844
1.10133
0.999904
1
1
1
1
1
1
1
1
1
1
1
1
1
1
1
1
1
1
1
1
1
1
1
1
1.88919
1.8993
1.91951
1.94362
1.95862
1.96283
1.95968
1.95046
1.93445
1.91978
1.91164
1.91909
1.92653
1.85458
1.34393
1.00022
1
1
1
1
1
1
1
1
1
1
1
1
1
1
1
1
1
1
1
1
1
1
1
1
1.89044
1.89986
1.91969
1.94303
1.95824
1.96279
1.95958
1.95077
1.93557
1.9208
1.91191
1.91785
1.92854
1.88692
1.56812
1.02671
1
1
1
1
1
1
1
1
1
1
1
1
1
1
1
1
1
1
1
1
1
1
1
1
1.89148
1.9
1.91961
1.9424
1.95801
1.9628
1.95957
1.95073
1.93646
1.92175
1.91318
1.91688
1.92616
1.90771
1.75151
1.1541
0.999821
1
1
1
1
1
1
1
1
1
1
1
1
1
1
1
1
1
1
1
1
1
1
1
1.8923
1.89993
1.91936
1.94172
1.95779
1.96271
1.9596
1.95053
1.93719
1.9224
1.91471
1.91541
1.92322
1.91992
1.8807
1.4129
1.00295
1
1
1
1
1
1
1
1
1
1
1
1
1
1
1
1
1
1
1
1
1
1
1
1.89305
1.89975
1.91882
1.94104
1.95749
1.96248
1.9596
1.95024
1.9376
1.92315
1.91561
1.91401
1.9224
1.92762
1.90072
1.63291
1.05434
1
1
1
1
1
1
1
1
1
1
1
1
1
1
1
1
1
1
1
1
1
1
1
1.89389
1.89963
1.91808
1.94039
1.9571
1.96214
1.95953
1.94996
1.93785
1.9241
1.91655
1.91405
1.92176
1.92795
1.91143
1.78173
1.20997
0.999756
1
1
1
1
1
1
1
1
1
1
1
1
1
1
1
1
1
1
1
1
1
1
1.895
1.89979
1.91745
1.93978
1.95656
1.96175
1.95934
1.9498
1.93807
1.92523
1.91765
1.91455
1.92096
1.92697
1.91539
1.89381
1.46541
1.00719
1
1
1
1
1
1
1
1
1
1
1
1
1
1
1
1
1
1
1
1
1
1
1.89621
1.9003
1.91701
1.93916
1.95585
1.96121
1.95906
1.94988
1.93841
1.92627
1.91847
1.91492
1.91931
1.92481
1.92066
1.91814
1.68551
1.08505
1
1
1
1
1
1
1
1
1
1
1
1
1
1
1
1
1
1
1
1
1
1
1.89744
1.90096
1.91666
1.93858
1.955
1.96044
1.95882
1.95024
1.93895
1.92719
1.91916
1.91524
1.91765
1.92396
1.92402
1.9165
1.80328
1.26621
0.999903
1
1
1
1
1
1
1
1
1
1
1
1
1
1
1
1
1
1
1
1
1
1.89864
1.90179
1.91645
1.93815
1.95416
1.95953
1.95878
1.95086
1.93954
1.92799
1.91979
1.9158
1.91737
1.92404
1.926
1.91793
1.89404
1.50067
1.01277
1
1
1
1
1
1
1
1
1
1
1
1
1
1
1
1
1
1
1
1
1
1.89967
1.90286
1.91642
1.9378
1.95328
1.95874
1.95875
1.95168
1.9401
1.92864
1.9204
1.91658
1.91763
1.92367
1.92606
1.92063
1.92898
1.7227
1.11096
0.999876
1
1
1
1
1
1
1
1
1
1
1
1
1
1
1
1
1
1
1
1
1.9004
1.90398
1.91651
1.93743
1.95246
1.95808
1.95858
1.95238
1.94057
1.92897
1.92083
1.91762
1.91782
1.92265
1.92515
1.92119
1.92788
1.82567
1.31789
1.00071
1
1
1
1
1
1
1
1
1
1
1
1
1
1
1
1
1
1
1
1
1.90075
1.90483
1.91656
1.93692
1.95163
1.95743
1.95818
1.95275
1.941
1.92907
1.92114
1.91859
1.918
1.92166
1.92528
1.92178
1.92172
1.88784
1.52948
1.02059
1
1
1
1
1
1
1
1
1
1
1
1
1
1
1
1
1
1
1
1
1.90073
1.90532
1.91662
1.93627
1.95078
1.9567
1.95759
1.95278
1.94127
1.92918
1.92165
1.91922
1.91836
1.92121
1.92554
1.92359
1.92176
1.92743
1.74042
1.13173
0.999839
1
1
1
1
1
1
1
1
1
1
1
1
1
1
1
1
1
1
1
1.90031
1.90552
1.91681
1.93557
1.9499
1.95599
1.9568
1.95265
1.94144
1.92937
1.92217
1.91971
1.91879
1.92095
1.92531
1.92513
1.92327
1.93389
1.84838
1.35714
1.00195
1
1
1
1
1
1
1
1
1
1
1
1
1
1
1
1
1
1
1
1.8996
1.90553
1.91718
1.93513
1.94909
1.95543
1.95597
1.95253
1.94174
1.9297
1.92262
1.92002
1.91912
1.92059
1.92443
1.92514
1.92278
1.93045
1.8886
1.55895
1.02987
1
1
1
1
1
1
1
1
1
1
1
1
1
1
1
1
1
1
1
1.89917
1.90546
1.91766
1.9349
1.94851
1.95493
1.95541
1.9524
1.9422
1.93023
1.92309
1.92022
1.91927
1.92017
1.92346
1.9252
1.92223
1.92439
1.91925
1.74823
1.14958
0.999855
1
1
1
1
1
1
1
1
1
1
1
1
1
1
1
1
1
1
1.89911
1.90556
1.91818
1.93481
1.94821
1.95461
1.95504
1.95227
1.94283
1.93093
1.92358
1.92037
1.91944
1.92
1.92299
1.92547
1.923
1.92416
1.93217
1.86331
1.38396
1.00345
0.999996
1
1
1
1
1
1
1
1
1
1
1
1
1
1
1
1
1
1.89935
1.90582
1.91871
1.93472
1.94799
1.95442
1.95483
1.95221
1.94357
1.93172
1.92392
1.92038
1.91969
1.92004
1.92279
1.92571
1.92456
1.92458
1.93351
1.8951
1.58237
1.03818
1
1
1
1
1
1
1
1
1
1
1
1
1
1
1
1
1
1
1.90011
1.90627
1.91921
1.93459
1.94777
1.95428
1.95477
1.9522
1.94424
1.9324
1.92405
1.92029
1.91988
1.92024
1.92256
1.92556
1.92509
1.92416
1.93034
1.91398
1.75785
1.16627
0.999931
1
1
1
1
1
1
1
1
1
1
1
1
1
1
1
1
1
1.90096
1.90636
1.91921
1.934
1.94726
1.95413
1.95483
1.95214
1.9449
1.9333
1.92423
1.92027
1.92001
1.92034
1.9221
1.92483
1.92526
1.92378
1.9268
1.92536
1.87293
1.40977
1.00833
1
1
1
1
1
1
1
1
1
1
1
1
1
1
1
1
1
1.90317
1.90924
1.92317
1.93741
1.94945
1.95494
1.95488
1.95178
1.9439
1.93199
1.92338
1.92001
1.91999
1.92044
1.9221
1.92475
1.9255
1.92389
1.92679
1.93085
1.89358
1.57201
1.014
0.999436
0.999996
1
1
1
1
1
1
1
1
1
1
1
1
1
1
1
1.55507
1.75591
1.83847
1.88915
1.92201
1.94189
1.95036
1.95013
1.94635
1.93814
1.92804
1.92159
1.92025
1.92049
1.92133
1.9236
1.9258
1.92482
1.92553
1.93094
1.91428
1.82443
1.29626
1.00954
1.00004
1
1
1
1
1
1
1
1
1
1
1
1
1
1
1
1.17321
1.53595
1.69583
1.78913
1.84835
1.89637
1.92295
1.93654
1.94024
1.93648
1.92955
1.92334
1.92058
1.9206
1.92099
1.92261
1.92527
1.92615
1.9249
1.92904
1.92499
1.89905
1.65818
1.12111
1.00207
1.00001
1
1
1
1
1
1
1
1
1
1
1
1
1
1
0.92961
1.34048
1.53133
1.65854
1.75264
1.81463
1.86873
1.89879
1.91764
1.92497
1.92366
1.92035
1.91862
1.91944
1.92063
1.92178
1.92405
1.92615
1.92497
1.92591
1.9301
1.92727
1.84471
1.38812
1.02378
1.00016
1
1
1
1
1
1
1
1
1
1
1
1
1
1
0.906717
1.2361
1.39828
1.51888
1.64318
1.72214
1.79217
1.84279
1.87414
1.89677
1.90612
1.90904
1.91091
1.91402
1.91751
1.92025
1.92247
1.92537
1.92521
1.92425
1.93155
1.93942
1.909
1.70646
1.16741
1.00379
1.00002
1
1
1
1
1
1
1
1
1
1
1
1
1
0.91919
1.14064
1.29486
1.41549
1.52251
1.63414
1.70183
1.77436
1.82139
1.85171
1.87451
1.88724
1.8938
1.90176
1.90853
1.91516
1.91968
1.92349
1.92542
1.92407
1.93081
1.94199
1.93138
1.86075
1.43645
1.03392
1.00027
1
1
1
1
1
1
1
1
1
1
1
1
1
0.92315
1.03009
1.18334
1.33668
1.43185
1.54743
1.631
1.69373
1.75913
1.80212
1.83211
1.85385
1.86939
1.88007
1.89265
1.90342
1.91245
1.91924
1.92377
1.92386
1.92873
1.94159
1.93806
1.91706
1.73585
1.19511
1.00489
1.00002
1
1
1
1
1
1
1
1
1
1
1
1
0.99093
1.01304
1.07105
1.23761
1.36164
1.45384
1.56252
1.627
1.69023
1.74909
1.78658
1.81343
1.83761
1.8523
1.86991
1.88412
1.89917
1.90959
1.91822
1.92241
1.92598
1.93883
1.93641
1.93646
1.87589
1.46142
1.03961
1.00033
1
1
1
1
1
1
1
1
1
1
1
1
1.0756
1.02098
1.02338
1.1351
1.29036
1.37984
1.48949
1.57377
1.62614
1.68888
1.73967
1.77408
1.79731
1.82318
1.83894
1.86122
1.87817
1.89477
1.90714
1.91634
1.92309
1.9338
1.93179
1.94008
1.91722
1.73149
1.19458
1.00466
1.00002
1
1
1
1
1
1
1
1
1
1
1
1.10908
1.01394
0.998478
1.08621
1.21549
1.32434
1.40057
1.50928
1.5798
1.62897
1.68719
1.73352
1.75968
1.78863
1.80882
1.83305
1.85349
1.87462
1.89011
1.90566
1.91763
1.92795
1.9234
1.93646
1.93414
1.88397
1.46408
1.03932
1.00033
1
1
1
1
1
1
1
1
1
1
1
1.12822
0.999689
0.969693
1.06238
1.16147
1.27361
1.34422
1.43811
1.5277
1.58542
1.63388
1.68595
1.72694
1.74788
1.78026
1.79918
1.82864
1.84855
1.87071
1.88946
1.90686
1.92143
1.91327
1.92748
1.93765
1.91588
1.70003
1.16788
1.00341
1.00001
1
1
1
1
1
1
1
1
1
1
1.13458
0.999619
0.939688
1.02049
1.11019
1.22598
1.31677
1.36808
1.46426
1.54379
1.59302
1.63683
1.68878
1.71599
1.7469
1.77089
1.79892
1.82363
1.84723
1.86883
1.89231
1.91088
1.90505
1.91603
1.93352
1.92424
1.87714
1.44318
1.03119
1.00021
1
1
1
1
1
1
1
1
1
1
1.13927
1.00153
0.939203
0.99453
1.05837
1.17108
1.28098
1.34162
1.40299
1.49159
1.55758
1.59875
1.64302
1.68664
1.70796
1.74462
1.76544
1.79923
1.8204
1.84807
1.87292
1.89422
1.89667
1.90546
1.92379
1.92749
1.91171
1.66034
1.13799
1.00236
1.00001
1
1
1
1
1
1
1
1
1
1.14172
1.01118
0.950923
0.989478
1.03036
1.10839
1.23477
1.3209
1.36639
1.43252
1.51353
1.56916
1.60097
1.65238
1.6801
1.71339
1.73993
1.76984
1.79684
1.82481
1.84999
1.87558
1.88455
1.89572
1.91199
1.92739
1.9172
1.82946
1.3573
1.01727
1.00009
1
1
1
1
1
1
1
1
1
1.13623
1.02404
0.970962
0.985178
1.01871
1.07666
1.17435
1.28265
1.34582
1.3921
1.46215
1.53302
1.57495
1.61083
1.65382
1.67655
1.71571
1.73782
1.77384
1.79953
1.82932
1.85377
1.86886
1.88403
1.90029
1.91968
1.9171
1.90765
1.62547
1.10035
1.00123
1
1
1
1
1
1
1
1
1
1.13112
1.03817
0.986496
0.97339
1.0037
1.06813
1.11697
1.23045
1.31762
1.37246
1.41538
1.48805
1.54849
1.57547
1.62419
1.65162
1.68656
1.71459
1.74626
1.77703
1.80796
1.82853
1.85008
1.87087
1.88587
1.90723
1.91745
1.91485
1.76575
1.27101
1.0091
1.00004
1
1
1
1
1
1
1
1
1.13435
1.05594
0.995593
0.960206
0.983375
1.05642
1.10493
1.17147
1.2721
1.34824
1.39448
1.4405
1.51225
1.55491
1.58659
1.62839
1.65211
1.69221
1.71631
1.75566
1.78411
1.80723
1.82808
1.85325
1.87002
1.89286
1.91257
1.9094
1.86996
1.51093
1.04986
1.00039
1
1
1
1
1
1
1
1
1.13526
1.06716
0.99749
0.958377
0.963301
1.03648
1.09985
1.13911
1.21728
1.31145
1.37583
1.41175
1.4697
1.52991
1.55572
1.6025
1.62955
1.6652
1.69464
1.73092
1.76261
1.78797
1.80367
1.8326
1.85418
1.87567
1.89887
1.90499
1.90567
1.71971
1.189
1.00394
1.00001
1
1
1
1
1
1
1
1.1286
1.07215
1.00249
0.960339
0.958741
1.01376
1.08393
1.13698
1.18406
1.26142
1.34588
1.39731
1.43061
1.49756
1.53838
1.56806
1.60852
1.63332
1.67428
1.70315
1.74325
1.76588
1.78568
1.81218
1.83554
1.85673
1.88266
1.89889
1.90432
1.80841
1.37631
1.02117
1.00011
1
1
1
1
1
1
1
1.11463
1.0771
1.01149
0.966176
0.959451
0.995897
1.06409
1.13181
1.17609
1.22278
1.30614
1.3761
1.41304
1.45943
1.51575
1.54035
1.58514
1.61256
1.65004
1.68179
1.72173
1.7447
1.76983
1.79155
1.81668
1.83875
1.86529
1.88641
1.89592
1.86929
1.59404
1.09019
1.00098
1
1
1
1
1
1
1
1.1065
1.08045
1.02066
0.974564
0.962681
0.983669
1.0376
1.11452
1.16797
1.21154
1.26087
1.34371
1.39959
1.42743
1.4878
1.52528
1.55325
1.59307
1.62119
1.66332
1.69503
1.72675
1.75023
1.77074
1.80057
1.82333
1.8473
1.87096
1.88682
1.88764
1.75425
1.25528
1.00769
1.00003
1
1
1
1
1
1
1.10612
1.08013
1.02619
0.984657
0.969403
0.981682
1.00457
1.08356
1.15066
1.20269
1.23971
1.30468
1.37645
1.41444
1.45305
1.50479
1.52809
1.57183
1.60166
1.64215
1.67095
1.70836
1.73068
1.75343
1.7843
1.80926
1.8297
1.85513
1.87483
1.88684
1.8131
1.43081
1.03232
1.0002
1
1
1
1
1
1
1.10518
1.07904
1.02994
0.993671
0.980162
0.984027
0.994419
1.0446
1.12283
1.18785
1.23393
1.26885
1.34414
1.40075
1.42538
1.47993
1.51451
1.5425
1.58347
1.61628
1.65448
1.68552
1.713
1.74124
1.76443
1.79388
1.81444
1.8403
1.86035
1.8798
1.85576
1.62932
1.11929
1.00161
1
1
1
1
1
1
1.1034
1.07669
1.03198
1.00065
0.990228
0.984892
0.992657
1.02439
1.08827
1.16349
1.22249
1.25794
1.30665
1.37714
1.41465
1.44761
1.49579
1.51984
1.56426
1.59667
1.63679
1.65825
1.69433
1.72786
1.74524
1.77803
1.80178
1.82568
1.84592
1.868
1.86569
1.74498
1.27588
1.00951
1.00003
1
1
1
1
1
1.10469
1.07583
1.03345
1.00414
0.992463
0.983228
0.99244
1.0257
1.06015
1.1278
1.20179
1.25196
1.28204
1.34708
1.40105
1.42338
1.47342
1.50726
1.53767
1.57898
1.6141
1.64261
1.67244
1.7092
1.7335
1.76009
1.78863
1.8098
1.83307
1.85298
1.86455
1.79405
1.43667
1.03601
1.00024
1
1
1
1
1
1.10643
1.07664
1.03503
1.005
0.991978
0.982332
0.993151
1.02746
1.0558
1.09843
1.17286
1.23801
1.27601
1.31322
1.37873
1.41418
1.44342
1.49008
1.51711
1.56116
1.59244
1.62946
1.64931
1.68721
1.72022
1.74021
1.77394
1.7949
1.82063
1.83852
1.85867
1.83477
1.61884
1.11934
1.00165
1
1
1
1
1
1.10632
1.07871
1.03839
1.0055
0.990705
0.982545
0.993036
1.02451
1.05368
1.08943
1.13776
1.21514
1.2685
1.29662
1.35095
1.40095
1.42248
1.46973
1.50505
1.53743
1.57432
1.61108
1.6364
1.66443
1.70123
1.72682
1.7567
1.78199
1.8064
1.82459
1.84802
1.8438
1.71011
1.2596
1.00825
1.00003
1
1
1
1
1.10356
1.07928
1.04245
1.00761
0.991079
0.981654
0.991612
1.01739
1.04695
1.08547
1.12077
1.18537
1.25222
1.29131
1.32054
1.38022
1.41407
1.4421
1.48911
1.51773
1.55773
1.5868
1.62348
1.6469
1.68262
1.71395
1.73696
1.76883
1.79021
1.8116
1.83377
1.84271
1.76502
1.40891
1.03119
1.00018
1
1
1
1
1.09685
1.0781
1.04605
1.01112
0.992596
0.981844
0.989373
1.00848
1.03712
1.08009
1.11817
1.15603
1.22784
1.28155
1.30833
1.35376
1.40106
1.42457
1.47037
1.50545
1.53801
1.56652
1.60711
1.63605
1.66686
1.69701
1.72271
1.75382
1.77592
1.80042
1.81908
1.83702
1.80851
1.54722
1.09013
1.00108
1
1
1
1
1.09052
1.07623
1.04919
1.01568
0.996114
0.984434
0.987031
0.999475
1.02495
1.07087
1.11361
1.14747
1.19726
1.26311
1.30258
1.3268
1.38198
1.41649
1.44513
1.49044
1.51714
1.55226
1.58554
1.62432
1.65016
1.67876
1.70973
1.7378
1.76464
1.78894
1.80513
1.82638
1.82046
1.67699
1.20611
1.00513
1.00002
1
1
1
1.08863
1.07601
1.05058
1.02176
1.00304
0.98979
0.987491
0.994426
1.00995
1.05482
1.1035
1.14483
1.1761
1.23739
1.29098
1.31813
1.35692
1.40373
1.42994
1.4737
1.50337
1.53824
1.56584
1.60943
1.63343
1.666
1.69486
1.72403
1.75304
1.77577
1.79458
1.81376
1.81933
1.73706
1.35704
1.02018
1.0001
1
1
1
1.08859
1.07643
1.05066
1.02657
1.0092
0.996944
0.990263
0.994431
1.00287
1.03437
1.08791
1.1377
1.17165
1.20856
1.27199
1.31247
1.33505
1.386
1.42103
1.45068
1.48942
1.5184
1.55175
1.59221
1.61916
1.65418
1.68163
1.71046
1.74004
1.76205
1.7852
1.80101
1.81218
1.76409
1.48067
1.05945
1.0005
1
1
1
1.08934
1.0766
1.05017
1.027
1.01104
1.00383
0.996247
0.995179
1.00303
1.02508
1.06614
1.12401
1.16715
1.19657
1.24693
1.30032
1.32903
1.36216
1.40814
1.43498
1.47538
1.50025
1.53868
1.57234
1.60736
1.63875
1.67002
1.69575
1.72722
1.75048
1.77448
1.78909
1.80412
1.78165
1.58121
1.13428
1.00229
1.00001
1
1
1.09112
1.07626
1.04823
1.02685
1.01186
1.00803
1.00144
0.99575
1.00337
1.02418
1.04542
1.10414
1.15717
1.19375
1.2235
1.28193
1.32273
1.34552
1.39115
1.42393
1.45677
1.48867
1.52263
1.55606
1.59555
1.61953
1.65733
1.6839
1.71448
1.74025
1.76105
1.77988
1.79706
1.7912
1.68003
1.25111
1.00873
1.00003
1
1
1.09275
1.07563
1.04527
1.02595
1.01201
1.00889
1.00329
0.996386
1.00331
1.02302
1.042
1.08018
1.14137
1.18796
1.21725
1.25749
1.30968
1.34008
1.36888
1.41103
1.43832
1.47683
1.50501
1.54132
1.58205
1.60832
1.64329
1.67315
1.69927
1.72953
1.7468
1.77053
1.78677
1.79029
1.72339
1.39002
1.02906
1.00017
1
1
1.09342
1.07562
1.0439
1.02496
1.01187
1.00927
1.0042
0.997284
1.00343
1.02104
1.04125
1.06888
1.1206
1.1762
1.21421
1.2395
1.29087
1.33214
1.35606
1.39618
1.42506
1.46344
1.49504
1.52549
1.56617
1.60082
1.62399
1.66021
1.68465
1.71799
1.73785
1.75921
1.77518
1.78671
1.74399
1.49759
1.07505
1.00076
1
1
1.09329
1.07611
1.04391
1.02508
1.01195
1.00933
1.00474
0.99797
1.00326
1.01761
1.03778
1.06876
1.09976
1.15833
1.20639
1.2359
1.26716
1.31805
1.34985
1.37626
1.41206
1.44299
1.4837
1.5133
1.54627
1.58837
1.60949
1.64682
1.67453
1.70382
1.73027
1.74452
1.76561
1.78203
1.75532
1.57215
1.14821
1.00292
1.00001
1
1.09251
1.07676
1.04466
1.02572
1.01305
1.00983
1.00475
0.9984
1.00256
1.01312
1.03229
1.06699
1.09415
1.13551
1.1924
1.23169
1.25547
1.29866
1.34042
1.36486
1.40016
1.42578
1.46958
1.50492
1.52783
1.57277
1.60298
1.63012
1.66433
1.6876
1.72042
1.73447
1.75589
1.77367
1.76384
1.65453
1.25161
1.00958
1.00004
1
1.09122
1.07687
1.04609
1.02672
1.01499
1.01107
1.00568
0.999564
1.00059
1.00879
1.02513
1.06115
1.09229
1.12129
1.1724
1.22179
1.25283
1.27814
1.3263
1.35735
1.38411
1.41586
1.45023
1.49352
1.52049
1.55673
1.59345
1.61523
1.653
1.67823
1.70733
1.72856
1.74264
1.76218
1.76372
1.69905
1.37586
1.02871
1.00018
1
1.08979
1.07633
1.04708
1.02739
1.01755
1.01316
1.00786
1.00211
1.0004
1.00643
1.01717
1.05105
1.08676
1.11866
1.1516
1.20626
1.24708
1.27165
1.30678
1.34694
1.37186
1.40676
1.43246
1.47885
1.51457
1.53885
1.57831
1.60745
1.63874
1.66979
1.6939
1.72091
1.73182
1.75107
1.76137
1.7174
1.47833
1.07082
1.00071
1
1.08846
1.07431
1.04772
1.02736
1.01881
1.01553
1.01114
1.00652
1.00179
1.00517
1.01153
1.03724
1.0777
1.11567
1.14482
1.18524
1.23544
1.26844
1.29016
1.33383
1.36274
1.39372
1.42439
1.4593
1.50332
1.52685
1.56195
1.59879
1.62328
1.6587
1.68448
1.70976
1.72565
1.73854
1.7559
1.72656
1.54116
1.13407
1.00247
1.00001
1.08726
1.07247
1.04813
1.02701
1.01879
1.01622
1.01549
1.01189
1.00512
1.00382
1.00944
1.03005
1.06546
1.10866
1.14232
1.17068
1.21859
1.2608
1.28573
1.31514
1.35198
1.3791
1.41647
1.44319
1.49038
1.51965
1.55057
1.587
1.61445
1.64638
1.67466
1.69681
1.71841
1.72825
1.74943
1.73378
1.61212
1.22016
1.0074
1.00003
1.08692
1.07222
1.04798
1.02604
1.01843
1.01602
1.01714
1.01643
1.00919
1.004
1.00974
1.02914
1.05026
1.09706
1.13698
1.16763
1.19887
1.24786
1.28133
1.30043
1.34059
1.36915
1.40523
1.4362
1.47486
1.51026
1.54027
1.57075
1.60557
1.63419
1.66358
1.68842
1.70831
1.72261
1.74131
1.73697
1.663
1.3264
1.02059
1.00011
1.08736
1.07257
1.04777
1.02466
1.01714
1.01519
1.01749
1.01969
1.01175
1.0047
1.01035
1.02842
1.0458
1.08068
1.12714
1.1641
1.19157
1.2298
1.27223
1.29585
1.32365
1.3587
1.38999
1.42854
1.45691
1.49859
1.52784
1.5581
1.59418
1.62253
1.65285
1.68074
1.69743
1.71607
1.72984
1.73541
1.68194
1.42739
1.05139
1.00044
1.08834
1.07388
1.04793
1.02439
1.01603
1.01428
1.01719
1.02067
1.01282
1.00567
1.01053
1.02607
1.04408
1.06949
1.11297
1.15651
1.18938
1.21536
1.25859
1.29034
1.30886
1.34852
1.3795
1.41864
1.44756
1.48769
1.51481
1.54944
1.57992
1.61073
1.6426
1.67005
1.68993
1.70682
1.71787
1.73173
1.69527
1.48953
1.09782
1.00135
1.08842
1.07568
1.04877
1.0248
1.01606
1.01418
1.0168
1.02095
1.0139
1.00639
1.01055
1.02208
1.04033
1.06811
1.09658
1.14412
1.18404
1.21153
1.24089
1.28086
1.30354
1.33381
1.36958
1.40462
1.43918
1.47537
1.50554
1.53988
1.56881
1.60005
1.63249
1.65738
1.68281
1.69462
1.71034
1.72778
1.70251
1.55382
1.16766
1.00412
1.08745
1.07622
1.05078
1.02623
1.01676
1.01466
1.01707
1.0209
1.0148
1.00701
1.01035
1.01891
1.03527
1.06594
1.09154
1.12799
1.1739
1.20762
1.23023
1.26702
1.29743
1.31811
1.3601
1.39384
1.42933
1.45993
1.49696
1.52555
1.56005
1.59085
1.62129
1.64876
1.67378
1.68688
1.70306
1.72022
1.70943
1.61412
1.25279
1.01112
1.08526
1.07589
1.05242
1.02811
1.01819
1.01577
1.01789
1.02094
1.01572
1.00788
1.01067
1.01727
1.02868
1.06056
1.08981
1.11862
1.15936
1.19972
1.22556
1.24978
1.28856
1.31336
1.34811
1.38427
1.418
1.44709
1.4875
1.51422
1.55032
1.58234
1.60871
1.64123
1.66252
1.68162
1.69261
1.71062
1.70951
1.63803
1.34468
1.0266
1.08292
1.07485
1.05268
1.02909
1.01917
1.01733
1.01936
1.02108
1.01689
1.01
1.01108
1.01703
1.02388
1.05085
1.08493
1.11638
1.1463
1.18719
1.21957
1.24058
1.27618
1.30851
1.33294
1.37423
1.40827
1.43807
1.47734
1.5084
1.53733
1.57306
1.60028
1.63177
1.6541
1.67491
1.68382
1.70202
1.70808
1.65568
1.42354
1.05769
1.08164
1.07318
1.05254
1.02951
1.01926
1.01821
1.02084
1.02166
1.01864
1.01328
1.01162
1.01602
1.02185
1.04303
1.07739
1.11283
1.14128
1.17209
1.21003
1.23555
1.26032
1.30071
1.32778
1.36188
1.39898
1.43076
1.4633
1.50053
1.52532
1.5628
1.59403
1.61956
1.64753
1.66516
1.67878
1.6919
1.70447
1.66944
1.47816
1.10147
1.08135
1.07158
1.05167
1.02953
1.01926
1.01835
1.02112
1.02276
1.02084
1.01695
1.01267
1.0131
1.01981
1.04114
1.06612
1.10555
1.13724
1.16292
1.1966
1.22932
1.25265
1.29012
1.32358
1.34722
1.38799
1.42354
1.44816
1.4905
1.51954
1.54946
1.58554
1.61108
1.64017
1.65667
1.67312
1.68139
1.70007
1.67953
1.54335
1.16568
1.08133
1.07079
1.05039
1.02887
1.01875
1.01816
1.02094
1.02312
1.02288
1.02024
1.01383
1.01291
1.0188
1.04028
1.05917
1.09385
1.13041
1.15855
1.1835
1.22034
1.24807
1.27479
1.31577
1.34239
1.37338
1.41437
1.44237
1.47894
1.51317
1.53668
1.57526
1.60337
1.62927
1.65115
1.6645
1.6758
1.69371
1.68361
1.58867
1.24758
1.08157
1.07067
1.04969
1.02826
1.01796
1.01719
1.02004
1.02291
1.02409
1.02243
1.01476
1.0127
1.01772
1.03817
1.05737
1.08209
1.12024
1.15325
1.1778
1.20712
1.24224
1.26734
1.30441
1.33784
1.36067
1.40402
1.43851
1.46357
1.50409
1.5313
1.56304
1.5944
1.61835
1.64505
1.65529
1.67051
1.68463
1.68239
1.60865
1.32043
1.08189
1.07095
1.04942
1.02833
1.01798
1.01654
1.01878
1.02201
1.02436
1.02457
1.01626
1.01258
1.01681
1.03245
1.05381
1.07905
1.10639
1.14475
1.17386
1.19724
1.23321
1.26262
1.28938
1.3295
1.35654
1.38994
1.43052
1.4548
1.49322
1.52603
1.54964
1.58549
1.61164
1.63613
1.65038
1.66252
1.67566
1.67955
1.62955
1.3873
1.0815
1.07122
1.04954
1.02878
1.01854
1.01672
1.01832
1.02068
1.02408
1.02569
1.01838
1.01307
1.01683
1.02858
1.04807
1.0769
1.1001
1.13305
1.16771
1.19297
1.21985
1.25579
1.28213
1.31753
1.35169
1.37682
1.42041
1.45001
1.47865
1.51753
1.54319
1.57619
1.60467
1.62497
1.64524
1.65216
1.66826
1.67722
1.64619
1.45563
1.07928
1.07128
1.05074
1.03067
1.02026
1.0176
1.01841
1.01984
1.02374
1.02626
1.02029
1.01357
1.01761
1.0274
1.04051
1.07117
1.09726
1.12245
1.15813
1.18785
1.21115
1.24593
1.27622
1.30491
1.34405
1.37214
1.40962
1.44276
1.46774
1.5072
1.53774
1.5638
1.59537
1.61805
1.63767
1.64618
1.6605
1.67427
1.65223
1.50626
1.0939
1.06991
1.04951
1.03056
1.02111
1.01858
1.01875
1.01981
1.02399
1.02684
1.02031
1.01345
1.01858
1.02734
1.03614
1.06687
1.09596
1.11974
1.15109
1.18401
1.20793
1.23742
1.27177
1.29808
1.33872
1.37034
1.40133
1.43627
1.46358
1.49959
1.53308
1.55702
1.58748
1.61429
1.6315
1.64266
1.65502
1.67102
1.65464
1.53083
1.10984
1.06807
1.04826
1.03043
1.02153
1.01939
1.01924
1.01994
1.02453
1.02722
1.02007
1.0132
1.01894
1.02712
1.03416
1.06329
1.09412
1.11878
1.1455
1.18069
1.20653
1.23169
1.26812
1.29558
1.33393
1.36766
1.39385
1.43118
1.46186
1.49272
1.529
1.55592
1.58351
1.61108
1.62903
1.64008
1.65218
1.66815
1.65777
1.54504
1.12195
1.06628
1.04664
1.03012
1.0217
1.01981
1.01981
1.02042
1.02514
1.02742
1.02005
1.01325
1.01917
1.02673
1.03391
1.06018
1.09094
1.11764
1.14138
1.1771
1.20543
1.2267
1.26449
1.29471
1.32621
1.364
1.38836
1.42753
1.45945
1.48431
1.52379
1.55346
1.58169
1.60727
1.62625
1.63772
1.64827
1.66437
1.6583
1.56874
1.13605
1.0646
1.04484
1.02955
1.02162
1.01979
1.01999
1.02098
1.02546
1.02766
1.02026
1.01341
1.01916
1.02679
1.03461
1.05786
1.08719
1.11624
1.13874
1.17102
1.20272
1.2241
1.25973
1.29267
1.32253
1.36036
1.38749
1.42393
1.45552
1.48171
1.51846
1.54917
1.57863
1.60369
1.62113
1.63481
1.64242
1.66145
1.65729
1.58926
1.14344
1.06351
1.0429
1.0288
1.02138
1.0197
1.02008
1.02167
1.02595
1.02817
1.02113
1.01404
1.01872
1.02648
1.03582
1.05564
1.08403
1.11343
1.13667
1.16378
1.19824
1.22416
1.25373
1.2882
1.31855
1.35661
1.38472
1.41893
1.44948
1.47834
1.51434
1.54558
1.57301
1.59951
1.61686
1.63127
1.63817
1.65827
1.65372
1.6028
1.15159
1.06239
1.04083
1.02785
1.02102
1.01959
1.02023
1.02243
1.02694
1.02884
1.02259
1.01581
1.01831
1.02472
1.03565
1.05499
1.0809
1.10936
1.13416
1.15966
1.19331
1.223
1.24918
1.28323
1.31344
1.3516
1.37995
1.41318
1.4452
1.474
1.50908
1.54114
1.56761
1.59409
1.6142
1.62721
1.63494
1.65332
1.651
1.61907
1.1563
1.06235
1.03853
1.02658
1.02051
1.0194
1.02042
1.0233
1.02767
1.02917
1.02416
1.01799
1.01872
1.02361
1.03385
1.05546
1.07557
1.10516
1.1309
1.15567
1.18931
1.21971
1.24391
1.27937
1.31024
1.34569
1.37601
1.4077
1.44061
1.47
1.50103
1.53506
1.56247
1.58811
1.61028
1.62303
1.63086
1.6493
1.64823
1.63613
1.15618
1.06256
1.03628
1.02485
1.01962
1.01899
1.02072
1.0241
1.02787
1.0293
1.02553
1.01918
1.02094
1.02344
1.03236
1.05547
1.07088
1.10128
1.12748
1.15199
1.18414
1.2158
1.24056
1.27436
1.30596
1.33879
1.37072
1.40058
1.43344
1.46551
1.49274
1.52903
1.55712
1.58268
1.60539
1.61764
1.62603
1.64444
1.64371
1.64556
1.15904
1.06424
1.03489
1.02304
1.01863
1.01846
1.02072
1.02449
1.02803
1.02952
1.02674
1.02067
1.02189
1.02287
1.03161
1.05338
1.0687
1.09516
1.12376
1.14853
1.17564
1.21131
1.23874
1.26524
1.3006
1.33037
1.36512
1.3905
1.42607
1.46067
1.48724
1.52289
1.55178
1.57629
1.60008
1.61224
1.62214
1.63833
1.63875
1.65347
1.16344
1.06706
1.03304
1.02189
1.01852
1.01837
1.02059
1.02439
1.02808
1.02992
1.02822
1.02258
1.02167
1.02206
1.03059
1.04931
1.06517
1.08826
1.11925
1.14548
1.16835
1.20491
1.23603
1.25991
1.29501
1.32361
1.35946
1.38518
1.41972
1.45352
1.48351
1.5127
1.54428
1.57034
1.59174
1.60802
1.61684
1.63314
1.63179
1.66678
1.16609
1.07022
1.03291
1.02182
1.01868
1.01879
1.02108
1.02417
1.02812
1.03009
1.02945
1.02489
1.02147
1.02127
1.02787
1.04422
1.06137
1.08603
1.11309
1.14264
1.16692
1.1946
1.23193
1.25852
1.28684
1.31812
1.35096
1.38098
1.41315
1.44452
1.47871
1.5049
1.53658
1.56414
1.58389
1.60285
1.60973
1.62693
1.62442
1.67878
1.16995
1.07478
1.03431
1.02195
1.01943
1.0199
1.02209
1.02453
1.02833
1.03035
1.03091
1.02708
1.02163
1.01994
1.02384
1.03858
1.05799
1.0841
1.10776
1.13763
1.16531
1.18912
1.22352
1.25524
1.28058
1.31231
1.3431
1.37532
1.40231
1.43667
1.47027
1.49895
1.52943
1.55488
1.57887
1.59493
1.60555
1.62077
1.61944
1.68144
1.17889
1.08368
1.0386
1.02338
1.02115
1.02193
1.02374
1.02566
1.02864
1.03079
1.03231
1.0287
1.02211
1.01964
1.02278
1.03651
1.05285
1.07942
1.10348
1.13114
1.16046
1.1864
1.21337
1.24781
1.27518
1.30245
1.33428
1.36969
1.39593
1.42914
1.4599
1.49174
1.51963
1.54767
1.57199
1.58871
1.60034
1.61596
1.61123
1.68341
1.19056
1.09454
1.04548
1.02551
1.02237
1.02337
1.02536
1.02695
1.0292
1.03136
1.03298
1.02945
1.02238
1.01987
1.02273
1.03534
1.04924
1.07286
1.09743
1.12575
1.1536
1.18107
1.20706
1.23695
1.26884
1.29692
1.32575
1.36052
1.39176
1.41841
1.45095
1.48449
1.5116
1.54101
1.56341
1.58252
1.5931
1.61064
1.60352
1.68689
1.19883
1.1069
1.05627
1.0285
1.02267
1.02401
1.02616
1.0278
1.02989
1.03198
1.03351
1.03005
1.02255
1.02035
1.02289
1.03254
1.04572
1.06969
1.09085
1.11846
1.1475
1.1744
1.20071
1.22814
1.25994
1.29115
1.31988
1.34924
1.38478
1.41194
1.44208
1.4737
1.50484
1.53157
1.55557
1.57439
1.58596
1.60439
1.5973
1.68676
1.20113
1.11472
1.06656
1.03277
1.02317
1.02405
1.02667
1.02845
1.03071
1.03294
1.03428
1.03096
1.02317
1.02049
1.02262
1.02899
1.04049
1.06585
1.08667
1.11147
1.13918
1.16771
1.19417
1.22113
1.24982
1.28223
1.31269
1.34214
1.37334
1.40477
1.43376
1.46306
1.49528
1.52202
1.54652
1.56534
1.57839
1.59786
1.58761
1.68477
1.19809
1.12209
1.08071
1.0417
1.0249
1.02401
1.02686
1.02907
1.03185
1.03452
1.03563
1.0325
1.02451
1.02039
1.02163
1.02608
1.03614
1.05987
1.08143
1.10648
1.13083
1.15904
1.18698
1.21466
1.24255
1.27212
1.30343
1.33443
1.36316
1.39449
1.42421
1.45452
1.48352
1.51216
1.53601
1.5558
1.56976
1.59083
1.57885
1.68079
1.19596
1.13292
1.09645
1.05418
1.02935
1.02523
1.02752
1.02989
1.03307
1.03575
1.03659
1.03392
1.02625
1.02006
1.01967
1.02242
1.03276
1.05485
1.07446
1.10058
1.12427
1.15016
1.17857
1.20681
1.23555
1.26448
1.2945
1.32462
1.35404
1.38358
1.41348
1.44404
1.47279
1.50089
1.52537
1.54573
1.56098
1.58363
1.56946
1.67523
1.19237
1.1407
1.10984
1.07335
1.03988
1.02813
1.02911
1.03113
1.03385
1.03585
1.03644
1.03453
1.02778
1.02005
1.01901
1.01962
1.02928
1.04984
1.06806
1.09423
1.11809
1.14294
1.16946
1.19766
1.22672
1.25585
1.28499
1.31424
1.3435
1.37252
1.40236
1.43191
1.46191
1.48971
1.51466
1.53539
1.55166
1.57577
1.55914
1.66847
1.18947
1.1501
1.12032
1.09173
1.05519
1.03311
1.03102
1.0324
1.0345
1.03564
1.03591
1.03446
1.02887
1.02051
1.01895
1.01808
1.02543
1.04468
1.06257
1.0881
1.11095
1.13546
1.161
1.18814
1.21663
1.24573
1.27408
1.30299
1.33196
1.36093
1.39036
1.42003
1.44997
1.47829
1.50327
1.52441
1.54177
1.56726
1.54755
1.66009
1.18344
1.1497
1.12458
1.1056
1.07884
1.04318
1.03359
1.03346
1.03461
1.03514
1.03499
1.03433
1.02994
1.0212
1.0187
1.01701
1.02339
1.03967
1.05676
1.08129
1.10312
1.12781
1.15255
1.17885
1.20662
1.23492
1.26264
1.29105
1.31988
1.34898
1.37812
1.40769
1.43724
1.46567
1.4908
1.51241
1.53093
1.5576
1.53504
1.65023
1.17275
1.14753
1.12811
1.12026
1.10063
1.06043
1.0385
1.03429
1.03449
1.03439
1.03454
1.03469
1.0314
1.02225
1.01775
1.01555
1.02177
1.03412
1.05034
1.07443
1.09484
1.11958
1.14449
1.17003
1.19637
1.22371
1.25112
1.27901
1.30752
1.33632
1.3654
1.39454
1.42366
1.45193
1.47724
1.49952
1.51951
1.54725
1.521
1.63899
1.16426
1.14303
1.13298
1.12978
1.11917
1.08514
1.04864
1.0358
1.03414
1.03409
1.03446
1.03465
1.03188
1.02349
1.01684
1.01536
1.01979
1.0285
1.044
1.06705
1.08657
1.11152
1.13542
1.16043
1.18641
1.21263
1.23959
1.26739
1.29533
1.32347
1.35201
1.3808
1.40955
1.43763
1.4631
1.48604
1.50745
1.53584
1.5061
1.62686
1.16025
1.13892
1.1358
1.13359
1.1315
1.11
1.07114
1.04143
1.03444
1.0335
1.03407
1.03429
1.03148
1.02459
1.01716
1.01623
1.0187
1.02289
1.03742
1.05918
1.07845
1.10252
1.12524
1.15034
1.17573
1.2018
1.22843
1.25567
1.28295
1.3105
1.33829
1.36667
1.3952
1.42311
1.44849
1.47205
1.49491
1.52378
1.49132
1.61369
1.16001
1.13588
1.13434
1.13433
1.13454
1.13307
1.10193
1.05525
1.03667
1.03346
1.03311
1.03312
1.03105
1.02643
1.01887
1.01797
1.01742
1.01761
1.03131
1.05046
1.06885
1.09326
1.11519
1.13952
1.16494
1.19083
1.21689
1.24355
1.27014
1.29705
1.32424
1.35222
1.38038
1.40795
1.43325
1.45739
1.48167
1.51036
1.47346
1.5997
1.16215
1.13773
1.13272
1.13364
1.13594
1.14002
1.12235
1.08469
1.04678
1.0344
1.0331
1.03263
1.03151
1.02874
1.02205
1.01754
1.01501
1.01349
1.02628
1.04068
1.05984
1.0839
1.10467
1.12956
1.15377
1.17886
1.20472
1.23053
1.25649
1.283
1.30966
1.33708
1.36484
1.39188
1.41705
1.44184
1.46778
1.49642
1.45666
1.58503
1.1636
1.14273
1.13488
1.13397
1.13757
1.1414
1.14076
1.11937
1.0701
1.04091
1.03393
1.03315
1.0334
1.03086
1.02432
1.01669
1.01306
1.01157
1.02216
1.03265
1.051
1.07388
1.09474
1.11905
1.14226
1.16687
1.19188
1.21719
1.24257
1.26855
1.29468
1.3214
1.34863
1.3752
1.4003
1.42594
1.45316
1.48082
1.43837
1.56989
1.16247
1.14587
1.13875
1.13586
1.13771
1.13933
1.14018
1.13652
1.10938
1.06506
1.03926
1.03397
1.03371
1.0308
1.02528
1.01739
1.01315
1.01248
1.01854
1.02411
1.04269
1.06404
1.08365
1.10774
1.1301
1.15399
1.17821
1.2029
1.2277
1.25291
1.27861
1.30477
1.33135
1.35756
1.38266
1.40902
1.43782
1.46429
1.41761
1.55379
1.16256
1.14784
1.14164
1.13867
1.13908
1.14067
1.14343
1.14678
1.1336
1.09612
1.05568
1.03642
1.03311
1.02995
1.02583
1.01947
1.01357
1.01243
1.01344
1.0183
1.03738
1.05357
1.07404
1.09772
1.11879
1.14256
1.1659
1.18984
1.21413
1.23865
1.26387
1.28945
1.31539
1.34123
1.36633
1.39338
1.4233
1.44846
1.40065
1.53937
1.16536
1.15375
1.14898
1.14733
1.14714
1.14752
1.1488
1.15018
1.14684
1.13299
1.10691
1.06563
1.04095
1.03056
1.02678
1.02204
1.01495
1.01036
1.00825
1.01212
1.02617
1.03774
1.05856
1.07979
1.10001
1.12317
1.14508
1.16819
1.19144
1.21516
1.23936
1.264
1.28898
1.31417
1.33927
1.36736
1.39858
1.42063
1.36861
1.51426
)
;

boundaryField
{
    inlet
    {
        type            fixedValue;
        value           uniform 1;
    }
    outlet
    {
        type            inletOutlet;
        inletValue      uniform 1;
        value           nonuniform List<scalar> 
75
(
1.16534
1.15374
1.14898
1.14734
1.14715
1.14752
1.14878
1.15015
1.14686
1.13298
1.10692
1.06563
1.04095
1.03056
1.02677
1.02204
1.01494
1.01036
1.00824
1.01211
1.02617
1.03774
1.05855
1.07978
1.1
1.12316
1.14508
1.16818
1.19143
1.21516
1.23936
1.264
1.28898
1.31416
1.33926
1.36735
1.39857
1.42061
1.3686
1.51425
1.18848
1.23513
1.32042
1.44233
1.54388
1.59648
1.60086
1.57652
1.50179
1.39217
1.27547
1.15207
0.89073
0.625687
0.640257
0.660864
0.67952
0.702637
0.72449
0.751634
0.778903
0.806762
0.839544
0.872458
0.908361
0.946148
0.985182
1.02678
1.07541
1.12851
1.15457
1.14908
1.1073
1.03391
1.00291
)
;
    }
    airfoil
    {
        type            zeroGradient;
    }
    top
    {
        type            fixedValue;
        value           uniform 1;
    }
    bottom
    {
        type            fixedValue;
        value           uniform 1;
    }
    defaultFaces
    {
        type            empty;
    }
}


// ************************************************************************* //
