/*--------------------------------*- C++ -*----------------------------------*\
  =========                 |
  \\      /  F ield         | OpenFOAM: The Open Source CFD Toolbox
   \\    /   O peration     | Website:  https://openfoam.org
    \\  /    A nd           | Version:  7
     \\/     M anipulation  |
\*---------------------------------------------------------------------------*/
FoamFile
{
    version     2.0;
    format      ascii;
    class       volScalarField;
    location    "3.6";
    object      rho;
}
// * * * * * * * * * * * * * * * * * * * * * * * * * * * * * * * * * * * * * //

dimensions      [1 -3 0 0 0 0 0];

internalField   nonuniform List<scalar> 
11200
(
0.227394
0.324752
0.421462
0.509032
0.582957
0.633459
0.681049
0.699171
0.722753
0.739692
0.74844
0.761628
0.784021
0.819978
0.814036
0.805712
0.807024
0.810553
0.817993
0.817506
0.820287
0.817011
0.816037
0.814137
0.815991
0.823545
0.822286
0.813389
0.805797
0.808138
0.144234
0.147773
0.164708
0.20187
0.261975
0.347323
0.437247
0.529943
0.610088
0.678685
0.736712
0.76617
0.77981
0.772301
0.747998
0.71997
0.731204
0.751771
0.774528
0.77479
0.765041
0.752976
0.753427
0.757409
0.763553
0.768102
0.768782
0.761947
0.760156
0.768853
0.15332
0.156495
0.161009
0.163551
0.166553
0.168333
0.176914
0.208877
0.262159
0.348436
0.469163
0.583031
0.652989
0.698691
0.710918
0.720304
0.735936
0.740693
0.751005
0.751624
0.740055
0.734485
0.734542
0.732831
0.73621
0.741127
0.745303
0.742805
0.740668
0.750058
0.164494
0.168131
0.171211
0.173963
0.176057
0.178145
0.179627
0.179393
0.179529
0.180105
0.187172
0.228263
0.309053
0.431992
0.567079
0.665319
0.713634
0.741579
0.744328
0.739439
0.723081
0.729019
0.73041
0.725843
0.727845
0.732
0.73664
0.73934
0.737075
0.746614
0.177439
0.178701
0.179345
0.179587
0.180072
0.181623
0.182259
0.182279
0.182405
0.183134
0.184206
0.184222
0.183575
0.181748
0.212326
0.296284
0.433471
0.576429
0.670694
0.706787
0.715807
0.747247
0.742655
0.737327
0.737573
0.73718
0.745624
0.747149
0.744308
0.754946
0.182425
0.181895
0.181324
0.180811
0.181029
0.182408
0.182968
0.182952
0.183022
0.183354
0.183362
0.183163
0.182396
0.181067
0.180589
0.18115
0.181964
0.218642
0.331159
0.507675
0.649128
0.723625
0.743162
0.752949
0.753489
0.750226
0.767172
0.757253
0.757904
0.777824
0.181696
0.18067
0.179572
0.178632
0.178708
0.17995
0.181841
0.182669
0.183133
0.183094
0.182186
0.181539
0.182653
0.182903
0.182351
0.184121
0.1855
0.185804
0.186358
0.203737
0.289898
0.440352
0.617827
0.727153
0.757913
0.782926
0.828001
0.80272
0.813252
0.826759
0.177664
0.176367
0.175451
0.175423
0.176192
0.178473
0.180878
0.182325
0.183159
0.183142
0.181674
0.180872
0.182315
0.185665
0.189694
0.196109
0.20287
0.204146
0.205123
0.206529
0.207131
0.208365
0.257401
0.396951
0.594021
0.738381
0.804624
0.831485
0.87639
0.891471
0.174412
0.174234
0.174171
0.17432
0.175402
0.178126
0.181483
0.184595
0.185551
0.184418
0.181327
0.180352
0.181946
0.188357
0.199831
0.210451
0.218747
0.22195
0.224862
0.22683
0.230269
0.234055
0.235352
0.237045
0.261591
0.362609
0.523393
0.72918
0.840145
0.901437
0.181561
0.181562
0.181262
0.180964
0.181368
0.18219
0.183571
0.18791
0.19485
0.195751
0.192884
0.191844
0.19357
0.202362
0.216463
0.223937
0.229322
0.234652
0.241042
0.2499
0.259228
0.266872
0.269406
0.267107
0.267261
0.273441
0.280984
0.351621
0.476069
0.77804
0.196389
0.196094
0.196272
0.196873
0.198263
0.201131
0.206675
0.214373
0.224452
0.230468
0.230797
0.230958
0.233327
0.24059
0.24642
0.245079
0.245312
0.251061
0.260879
0.269849
0.276786
0.283431
0.291516
0.298005
0.296844
0.295057
0.301648
0.309345
0.314231
0.436927
0.213934
0.216085
0.218322
0.220977
0.224875
0.229414
0.235055
0.240865
0.248308
0.256237
0.257349
0.257982
0.260793
0.268256
0.277082
0.28108
0.283086
0.285051
0.28805
0.291786
0.295041
0.299256
0.307684
0.318643
0.325646
0.327696
0.327213
0.330037
0.338081
0.345551
0.256148
0.258292
0.260459
0.262871
0.26497
0.265037
0.266704
0.271489
0.279162
0.286748
0.287871
0.286272
0.28601
0.290548
0.302779
0.313752
0.319288
0.32242
0.3244
0.324446
0.324734
0.325738
0.329396
0.33765
0.346533
0.352032
0.355671
0.358591
0.359798
0.367455
0.297081
0.299716
0.303561
0.30658
0.308357
0.3099
0.313755
0.318841
0.324995
0.332408
0.333282
0.33072
0.330741
0.334958
0.341634
0.344915
0.346848
0.350839
0.356772
0.362417
0.36535
0.36609
0.365429
0.366878
0.371471
0.37554
0.381537
0.38793
0.389467
0.392067
0.349943
0.3531
0.358188
0.362636
0.362978
0.360922
0.360031
0.361333
0.365091
0.371595
0.378654
0.381234
0.381882
0.384032
0.38625
0.386264
0.386673
0.388987
0.393938
0.399056
0.403354
0.407437
0.408345
0.407826
0.4084
0.411618
0.4151
0.418692
0.422943
0.427386
0.406851
0.409199
0.413388
0.419803
0.424417
0.425811
0.423853
0.420007
0.419457
0.421008
0.427555
0.430097
0.430855
0.43296
0.436816
0.443349
0.446951
0.447288
0.447262
0.446486
0.445901
0.446981
0.451175
0.453819
0.453556
0.453043
0.453112
0.45491
0.456959
0.458796
0.480931
0.481873
0.485568
0.4919
0.498388
0.500606
0.499545
0.493573
0.49035
0.491472
0.496641
0.501945
0.502748
0.50224
0.501322
0.500056
0.500045
0.500846
0.501675
0.50048
0.496909
0.493876
0.493237
0.493369
0.493387
0.492898
0.493077
0.493082
0.492481
0.49117
0.570487
0.570786
0.572255
0.576056
0.58167
0.583959
0.584046
0.578855
0.569387
0.566964
0.5697
0.574431
0.574057
0.571386
0.569498
0.568191
0.566197
0.563122
0.55997
0.557181
0.555167
0.553696
0.551339
0.547633
0.54597
0.544901
0.543328
0.540998
0.538467
0.535117
0.675767
0.673781
0.673605
0.677925
0.683216
0.683427
0.681964
0.675883
0.66542
0.663998
0.666713
0.665521
0.659994
0.657053
0.656131
0.653835
0.647946
0.642006
0.638167
0.63385
0.628152
0.623774
0.621193
0.616734
0.610197
0.603519
0.598028
0.592514
0.587919
0.580509
0.799354
0.794125
0.793921
0.800141
0.804461
0.802926
0.797955
0.787431
0.775769
0.775107
0.776575
0.773321
0.762018
0.755016
0.752847
0.748736
0.739674
0.729472
0.721764
0.715004
0.707517
0.697793
0.688692
0.68217
0.674234
0.666847
0.659977
0.654232
0.650255
0.640284
0.946542
0.935683
0.933808
0.938582
0.947519
0.946475
0.936643
0.91818
0.903875
0.902905
0.904056
0.899467
0.882452
0.870335
0.865542
0.859256
0.847555
0.833832
0.822581
0.811418
0.801377
0.79169
0.780144
0.770033
0.75961
0.748278
0.737045
0.725605
0.714946
0.696247
1.11596
1.10155
1.09771
1.1017
1.1127
1.11127
1.0976
1.07324
1.05248
1.05092
1.05185
1.04378
1.0192
1.00404
0.997545
0.987992
0.971389
0.95302
0.9377
0.923973
0.908919
0.893762
0.879276
0.863388
0.847882
0.831109
0.816654
0.801078
0.786214
0.763566
1.30555
1.28918
1.28561
1.29104
1.30143
1.29759
1.27756
1.24735
1.22266
1.22146
1.22085
1.20517
1.1721
1.15681
1.14913
1.13475
1.11209
1.08924
1.06891
1.05077
1.03226
1.0116
0.991951
0.971759
0.951414
0.930994
0.909953
0.890199
0.873285
0.843662
1.51835
1.50269
1.50082
1.50957
1.51368
1.50208
1.47415
1.44095
1.4135
1.41252
1.4086
1.38284
1.34389
1.32887
1.318
1.29705
1.26836
1.23979
1.21568
1.19283
1.16915
1.14336
1.11666
1.09214
1.06587
1.03971
1.01436
0.988038
0.965426
0.927801
1.77388
1.75537
1.75394
1.75263
1.74567
1.72861
1.70611
1.67101
1.63642
1.6308
1.62006
1.58723
1.54333
1.52332
1.50542
1.47664
1.44196
1.40878
1.37753
1.34907
1.31945
1.28753
1.25544
1.22412
1.1935
1.16083
1.13017
1.0992
1.07128
1.02596
2.02188
2.00725
1.99321
1.98562
1.97736
1.96344
1.94576
1.92486
1.89818
1.87786
1.85854
1.82634
1.78728
1.75661
1.72489
1.68722
1.64689
1.6065
1.56684
1.52822
1.49004
1.45039
1.41158
1.37283
1.33466
1.29705
1.25956
1.22187
1.18945
1.13496
2.06944
2.06806
2.06722
2.06674
2.06603
2.06401
2.06026
2.05515
2.04802
2.03949
2.03102
2.01802
1.99853
1.97652
1.95014
1.91717
1.88035
1.83935
1.79507
1.74857
1.6999
1.65122
1.60129
1.55232
1.504
1.45574
1.40994
1.3634
1.32283
1.25698
2.0158
2.01379
2.01689
2.02625
2.03614
2.04246
2.04513
2.045
2.04404
2.04256
2.03992
2.03742
2.03525
2.03223
2.02708
2.01828
2.00473
1.98817
1.96855
1.94321
1.91013
1.86973
1.82409
1.77251
1.71678
1.65931
1.60051
1.541
1.48911
1.4044
1.78142
1.78823
1.79847
1.81315
1.82988
1.84927
1.87875
1.90467
1.90784
1.91667
1.94284
1.96711
1.97162
1.97945
1.99378
1.99695
1.99461
1.99019
1.98532
1.97812
1.9676
1.9545
1.93814
1.91837
1.8913
1.85596
1.81077
1.75566
1.69906
1.59674
1.48343
1.49066
1.49798
1.509
1.51978
1.53208
1.55102
1.57338
1.59263
1.61188
1.63954
1.67486
1.70576
1.73644
1.77289
1.80877
1.84031
1.87217
1.8969
1.91308
1.92466
1.93391
1.93234
1.92445
1.91404
1.90322
1.88915
1.86854
1.84511
1.77992
1.40386
1.40457
1.4053
1.40628
1.40754
1.40903
1.4112
1.41424
1.41832
1.42293
1.42886
1.4376
1.44953
1.46361
1.48222
1.50615
1.53587
1.57061
1.61146
1.65493
1.6999
1.74466
1.7854
1.81857
1.8425
1.85749
1.86591
1.86249
1.85275
1.82667
1.40005
1.40006
1.40007
1.40009
1.40011
1.40014
1.40018
1.40024
1.40035
1.40049
1.40069
1.40101
1.40157
1.40239
1.40374
1.40588
1.40942
1.41487
1.4235
1.43635
1.45475
1.48027
1.51297
1.55354
1.59943
1.64674
1.6939
1.73475
1.76546
1.78337
1.40001
1.40001
1.40001
1.40001
1.40001
1.40001
1.40001
1.40001
1.40001
1.40001
1.40001
1.40001
1.40002
1.40003
1.40004
1.40008
1.40014
1.40026
1.40052
1.40102
1.40202
1.40395
1.40757
1.41399
1.42486
1.4417
1.46634
1.49967
1.53716
1.60112
1.40001
1.40001
1.40001
1.40001
1.40001
1.40001
1.40001
1.40001
1.40001
1.40001
1.40001
1.40001
1.40001
1.40001
1.40001
1.40001
1.40001
1.40001
1.40001
1.40001
1.40002
1.40005
1.40011
1.40027
1.40063
1.40147
1.40326
1.40705
1.41321
1.43471
1.40001
1.40001
1.40001
1.40001
1.40001
1.40001
1.40001
1.40001
1.40001
1.40001
1.40001
1.40001
1.40001
1.40001
1.40001
1.40001
1.40001
1.40001
1.40001
1.40001
1.40001
1.40001
1.40001
1.40001
1.40001
1.40002
1.40004
1.40012
1.40028
1.40144
0.142107
0.143247
0.149719
0.16007
0.174769
0.182953
0.183049
0.179486
0.175224
0.181256
0.198029
0.212422
0.254412
0.295305
0.347792
0.405832
0.481727
0.576208
0.690108
0.822837
0.977938
1.15305
1.34784
1.56641
1.82306
2.03702
2.07133
2.01939
1.76108
1.47
1.40302
1.40004
1.40001
1.40001
1.40001
0.142685
0.144104
0.150025
0.160632
0.175619
0.184179
0.18407
0.180014
0.177182
0.182829
0.203082
0.22005
0.262515
0.306247
0.361237
0.428846
0.514468
0.613589
0.729203
0.864095
1.02191
1.20258
1.40556
1.63363
1.88213
2.05937
2.07262
2.00142
1.69911
1.44712
1.40159
1.40002
1.40001
1.40001
1.40001
0.144122
0.143902
0.147715
0.159738
0.174422
0.184555
0.184316
0.180413
0.178371
0.18219
0.20468
0.226734
0.268091
0.317694
0.377534
0.449355
0.532531
0.62867
0.743941
0.87975
1.04006
1.22586
1.43432
1.66621
1.91592
2.07025
2.07204
1.95699
1.64973
1.43403
1.40097
1.40001
1.40001
1.40001
1.40001
0.14554
0.1445
0.147328
0.159859
0.173644
0.184513
0.184191
0.179977
0.178646
0.182017
0.207004
0.237281
0.278591
0.329151
0.389532
0.457413
0.539544
0.636725
0.753591
0.892454
1.05362
1.24339
1.45771
1.69739
1.95094
2.07908
2.06748
1.92722
1.61535
1.4244
1.40057
1.40001
1.40001
1.40001
1.40001
0.146139
0.14424
0.147572
0.1601
0.173394
0.184036
0.183665
0.178996
0.178934
0.187616
0.211474
0.245085
0.283989
0.332747
0.393225
0.460675
0.543071
0.644979
0.76415
0.910365
1.08099
1.2756
1.49462
1.7448
1.9961
2.08743
2.06659
1.90743
1.58009
1.41583
1.4003
1.40001
1.40001
1.40001
1.40001
0.145353
0.143022
0.148919
0.161739
0.173494
0.182846
0.182653
0.17859
0.180648
0.193761
0.212719
0.247372
0.285978
0.333077
0.395197
0.464411
0.554926
0.673163
0.812465
0.971289
1.15379
1.35587
1.57999
1.8245
2.0375
2.0927
2.06827
1.87501
1.5346
1.40937
1.40016
1.40001
1.40001
1.40001
1.40001
0.143014
0.142315
0.153285
0.164783
0.174263
0.180126
0.179934
0.177243
0.181752
0.195891
0.212516
0.247036
0.286492
0.333403
0.400914
0.489847
0.599139
0.719552
0.856634
1.01481
1.19707
1.40273
1.63045
1.87147
2.05905
2.09414
2.05108
1.80274
1.49885
1.40583
1.40009
1.40001
1.40001
1.40001
1.40001
0.140508
0.142563
0.156843
0.166108
0.174845
0.17762
0.176072
0.175182
0.181816
0.195803
0.211515
0.245519
0.287518
0.354271
0.433865
0.524162
0.623595
0.73918
0.875744
1.03504
1.22102
1.43158
1.66285
1.90627
2.07465
2.09342
2.01832
1.75552
1.47651
1.40366
1.40005
1.40001
1.40001
1.40001
1.40001
0.13972
0.144069
0.157348
0.166019
0.174938
0.175819
0.17261
0.173624
0.181237
0.194728
0.215611
0.25339
0.308492
0.379848
0.453519
0.53572
0.632872
0.750196
0.890193
1.05232
1.24119
1.45802
1.69936
1.95176
2.09099
2.09128
1.99891
1.71928
1.45569
1.40205
1.40003
1.40001
1.40001
1.40001
1.40001
0.139877
0.145865
0.156524
0.165358
0.17436
0.174096
0.170265
0.172832
0.181079
0.19678
0.229768
0.273714
0.326932
0.389383
0.458573
0.539772
0.639759
0.764039
0.914658
1.09363
1.29727
1.52393
1.77285
2.00896
2.1031
2.09404
1.98654
1.66937
1.43575
1.40106
1.40002
1.40001
1.40001
1.40001
1.40001
0.141193
0.146991
0.154628
0.164682
0.173353
0.172724
0.169474
0.173377
0.182605
0.203891
0.242481
0.284334
0.331654
0.390498
0.461976
0.546735
0.667151
0.81725
0.984315
1.17271
1.38101
1.60863
1.84597
2.04678
2.10944
2.09608
1.95052
1.60542
1.42247
1.40056
1.40001
1.40001
1.40001
1.40001
1.40001
0.143278
0.147408
0.153608
0.165383
0.173239
0.17262
0.17055
0.176738
0.185083
0.208676
0.246757
0.287083
0.333793
0.389767
0.475114
0.59081
0.722212
0.865506
1.02845
1.21481
1.42394
1.65191
1.88619
2.06935
2.11179
2.08416
1.88032
1.56045
1.41458
1.4003
1.40001
1.40001
1.40001
1.40001
1.40001
0.144866
0.147278
0.153434
0.167485
0.173966
0.173511
0.17311
0.177607
0.185491
0.210402
0.246724
0.287642
0.338659
0.412004
0.518883
0.628606
0.746986
0.886391
1.05077
1.24068
1.45627
1.69067
1.92867
2.09033
2.11203
2.0585
1.83726
1.52666
1.40888
1.40015
1.40001
1.40001
1.40001
1.40001
1.40001
0.145369
0.145645
0.153699
0.169293
0.173846
0.17333
0.17401
0.176459
0.18256
0.211686
0.244241
0.290696
0.361429
0.450915
0.542326
0.64183
0.75937
0.901122
1.07251
1.27065
1.49845
1.74861
1.98743
2.10797
2.11045
2.04144
1.79884
1.49209
1.40496
1.40007
1.40001
1.40001
1.40001
1.40001
1.40001
0.143542
0.14307
0.154243
0.171031
0.173759
0.172892
0.173556
0.175167
0.180447
0.2167
0.25377
0.315202
0.383395
0.461987
0.54847
0.648513
0.775831
0.93834
1.13118
1.35478
1.59386
1.83704
2.04068
2.11785
2.1122
2.03195
1.74004
1.46127
1.40262
1.40004
1.40001
1.40001
1.40001
1.40001
1.40001
0.139001
0.140924
0.154685
0.172334
0.174937
0.173277
0.171486
0.174837
0.18254
0.226369
0.273678
0.331391
0.388945
0.462674
0.553449
0.675258
0.838045
1.02217
1.21907
1.43509
1.6664
1.89318
2.07152
2.12308
2.11421
2.00057
1.66687
1.43949
1.40134
1.40002
1.40001
1.40001
1.40001
1.40001
1.40001
0.135412
0.140013
0.154452
0.172654
0.176243
0.174097
0.170102
0.173292
0.192502
0.235895
0.279296
0.334339
0.392506
0.463935
0.588589
0.742612
0.899516
1.07034
1.26274
1.47821
1.71009
1.93465
2.09487
2.12537
2.10426
1.92956
1.61131
1.42524
1.40067
1.40001
1.40001
1.40001
1.40001
1.40001
1.40001
0.134264
0.14008
0.15149
0.169289
0.176412
0.174615
0.169815
0.17255
0.200846
0.240136
0.281745
0.334393
0.405592
0.507506
0.647799
0.780701
0.925983
1.09627
1.29552
1.51902
1.76184
1.98786
2.11464
2.12501
2.07987
1.88324
1.56583
1.41516
1.40033
1.40001
1.40001
1.40001
1.40001
1.40001
1.40001
0.13452
0.140459
0.146878
0.165087
0.17528
0.174875
0.171526
0.175355
0.208521
0.242046
0.291294
0.351515
0.443444
0.561161
0.674193
0.797017
0.946531
1.1273
1.34705
1.59314
1.84507
2.04549
2.12622
2.12208
2.06017
1.84122
1.52114
1.40853
1.40015
1.40001
1.40001
1.40001
1.40001
1.40001
1.40001
0.137397
0.140772
0.144007
0.163399
0.174537
0.175266
0.174084
0.179472
0.218167
0.247706
0.312666
0.395535
0.482598
0.579836
0.685149
0.81617
0.996549
1.2178
1.45591
1.69774
1.92164
2.08307
2.13113
2.12296
2.04944
1.78023
1.48214
1.40444
1.40007
1.40001
1.40001
1.40001
1.40001
1.40001
1.40001
0.142453
0.143002
0.143352
0.163167
0.174621
0.174674
0.175325
0.182769
0.227967
0.272817
0.339592
0.417835
0.493736
0.584767
0.706789
0.891946
1.09354
1.30667
1.53194
1.76032
1.96863
2.10777
2.13479
2.12602
2.02763
1.70254
1.45214
1.40214
1.40003
1.40001
1.40001
1.40001
1.40001
1.40001
1.40001
0.145915
0.144651
0.146421
0.166656
0.176357
0.174443
0.175697
0.18975
0.237178
0.290068
0.349024
0.419903
0.498146
0.597703
0.782278
0.964274
1.1493
1.35569
1.58248
1.814
2.01652
2.12571
2.13717
2.11898
1.9545
1.63641
1.43192
1.40101
1.40002
1.40001
1.40001
1.40001
1.40001
1.40001
1.40001
0.146905
0.144747
0.155604
0.172398
0.1768
0.174612
0.175724
0.197848
0.241052
0.294073
0.351661
0.413868
0.509705
0.670843
0.841744
1.00211
1.18611
1.4018
1.647
1.89028
2.06826
2.13525
2.13632
2.09173
1.89762
1.58032
1.41858
1.40047
1.40001
1.40001
1.40001
1.40001
1.40001
1.40001
1.40001
0.145523
0.143695
0.16286
0.17329
0.174366
0.169521
0.173325
0.202951
0.243274
0.292862
0.356845
0.433762
0.573406
0.730867
0.872759
1.03311
1.24349
1.49375
1.75322
1.97322
2.10279
2.13944
2.12929
2.06468
1.8485
1.53063
1.41027
1.4002
1.40001
1.40001
1.40001
1.40001
1.40001
1.40001
1.40001
0.140571
0.14253
0.16493
0.171361
0.164788
0.160911
0.167785
0.204468
0.246531
0.297633
0.371911
0.505174
0.639039
0.761515
0.903267
1.11463
1.36053
1.61025
1.84146
2.02612
2.12362
2.14152
2.12583
2.04629
1.78522
1.48738
1.40511
1.40009
1.40001
1.40001
1.40001
1.40001
1.40001
1.40001
1.40001
0.137594
0.142996
0.164388
0.166399
0.158284
0.157341
0.167307
0.209925
0.259591
0.33564
0.432587
0.554679
0.66088
0.787006
0.993468
1.22263
1.45012
1.68233
1.89957
2.06713
2.13836
2.1432
2.12965
2.02573
1.70175
1.45253
1.40224
1.40003
1.40001
1.40001
1.40001
1.40001
1.40001
1.40001
1.40001
0.137098
0.145324
0.163915
0.164274
0.156537
0.157061
0.180955
0.234543
0.29546
0.376094
0.465159
0.567494
0.676736
0.854093
1.0846
1.29158
1.51257
1.74945
1.9653
2.10581
2.1452
2.14499
2.12392
1.9491
1.62522
1.4296
1.40096
1.40002
1.40001
1.40001
1.40001
1.40001
1.40001
1.40001
1.40001
0.138707
0.148909
0.164343
0.163243
0.156322
0.159459
0.204346
0.254825
0.313598
0.3922
0.475825
0.570672
0.726142
0.951596
1.14712
1.35047
1.5935
1.84606
2.03731
2.12973
2.14662
2.1427
2.08707
1.87412
1.56174
1.41598
1.4004
1.40001
1.40001
1.40001
1.40001
1.40001
1.40001
1.40001
1.40001
0.142879
0.150211
0.161793
0.161557
0.15682
0.167896
0.220567
0.261078
0.319478
0.395054
0.487293
0.618868
0.83765
1.02059
1.20459
1.45398
1.72036
1.94417
2.0845
2.14053
2.14618
2.13157
2.05028
1.81429
1.51206
1.40825
1.40016
1.40001
1.40001
1.40001
1.40001
1.40001
1.40001
1.40001
1.40001
0.144534
0.146997
0.155374
0.159707
0.158429
0.175773
0.225736
0.260332
0.3235
0.404595
0.537198
0.740053
0.912449
1.07814
1.31879
1.5842
1.82266
2.00847
2.11404
2.14594
2.14487
2.12057
2.02233
1.74618
1.4702
1.40371
1.40006
1.40001
1.40001
1.40001
1.40001
1.40001
1.40001
1.40001
1.40001
0.140444
0.138383
0.151126
0.157957
0.162465
0.180659
0.225641
0.268696
0.359398
0.480523
0.6353
0.802537
0.957017
1.16783
1.43973
1.68223
1.8993
2.0612
2.13582
2.14846
2.14726
2.12302
1.99352
1.65731
1.43799
1.40142
1.40002
1.40001
1.40001
1.40001
1.40001
1.40001
1.40001
1.40001
1.40001
0.129829
0.131578
0.149298
0.156041
0.167682
0.190641
0.232227
0.316749
0.419748
0.541748
0.682049
0.832982
1.0197
1.291
1.54009
1.77312
1.98008
2.10666
2.14775
2.15052
2.14774
2.11904
1.90781
1.57522
1.41867
1.40053
1.40001
1.40001
1.40001
1.40001
1.40001
1.40001
1.40001
1.40001
1.40001
0.124937
0.130584
0.14922
0.154065
0.170481
0.202249
0.257707
0.348649
0.447264
0.57425
0.71689
0.887835
1.15563
1.40484
1.64469
1.88393
2.05357
2.13306
2.15161
2.15152
2.1418
2.06161
1.80604
1.51239
1.4087
1.40019
1.40001
1.40001
1.40001
1.40001
1.40001
1.40001
1.40001
1.40001
1.40001
0.125519
0.137679
0.154083
0.151317
0.165475
0.205203
0.267424
0.362612
0.469009
0.605949
0.781742
1.0403
1.28981
1.51917
1.77575
1.98183
2.10045
2.14565
2.15227
2.14957
2.12495
2.00315
1.72948
1.47
1.40393
1.40007
1.40001
1.40001
1.40001
1.40001
1.40001
1.40001
1.40001
1.40001
1.40001
0.12902
0.145956
0.156997
0.151715
0.157036
0.201996
0.273868
0.379011
0.516082
0.693285
0.92657
1.1808
1.40131
1.65084
1.88845
2.04909
2.1291
2.15145
2.15197
2.14393
2.10444
1.95979
1.65401
1.43782
1.40149
1.40002
1.40001
1.40001
1.40001
1.40001
1.40001
1.40001
1.40001
1.40001
1.40001
0.132752
0.148218
0.155235
0.150905
0.155096
0.213591
0.313931
0.44437
0.619018
0.818838
1.05073
1.27605
1.51752
1.77621
1.97991
2.0973
2.14474
2.15382
2.15209
2.14337
2.09507
1.90399
1.56501
1.41681
1.40047
1.40001
1.40001
1.40001
1.40001
1.40001
1.40001
1.40001
1.40001
1.40001
1.40001
0.138557
0.148557
0.145936
0.139915
0.16431
0.274784
0.402715
0.535181
0.704655
0.914397
1.14337
1.38883
1.66836
1.89406
2.05809
2.12803
2.15056
2.15464
2.15369
2.14655
2.07993
1.78843
1.49277
1.40652
1.40014
1.40001
1.40001
1.40001
1.40001
1.40001
1.40001
1.40001
1.40001
1.40001
1.40001
0.1453
0.142978
0.138589
0.133223
0.208147
0.332983
0.453457
0.596873
0.783548
1.01615
1.27647
1.57386
1.8182
1.99918
2.11201
2.14317
2.15218
2.15474
2.15392
2.13406
1.98513
1.6753
1.44942
1.40238
1.40004
1.40001
1.40001
1.40001
1.40001
1.40001
1.40001
1.40001
1.40001
1.40001
1.40001
0.145005
0.130283
0.133723
0.142282
0.259869
0.36472
0.476606
0.663221
0.906398
1.1819
1.48095
1.74585
1.94286
2.07231
2.14045
2.14969
2.15319
2.15343
2.14798
2.09392
1.89943
1.59596
1.425
1.40085
1.40002
1.40001
1.40001
1.40001
1.40001
1.40001
1.40001
1.40001
1.40001
1.40001
1.40001
0.141483
0.116259
0.130199
0.181804
0.29604
0.389337
0.546297
0.805161
1.09232
1.38316
1.65892
1.87816
2.03469
2.11373
2.1534
2.1524
2.15462
2.15114
2.13348
2.0571
1.82856
1.52421
1.4103
1.40025
1.40001
1.40001
1.40001
1.40001
1.40001
1.40001
1.40001
1.40001
1.40001
1.40001
1.40001
0.137172
0.107429
0.144494
0.224716
0.31919
0.444242
0.722346
0.998228
1.27569
1.55887
1.8049
1.99313
2.09695
2.13522
2.15773
2.15384
2.15578
2.1533
2.12512
2.02208
1.72442
1.46051
1.40332
1.40006
1.40001
1.40001
1.40001
1.40001
1.40001
1.40001
1.40001
1.40001
1.40001
1.40001
1.40001
0.133207
0.104729
0.159026
0.250708
0.364232
0.615858
0.901947
1.17459
1.46379
1.73943
1.951
2.08268
2.13122
2.14362
2.15951
2.15356
2.15576
2.15525
2.12645
1.93884
1.59216
1.42394
1.40089
1.40002
1.40001
1.40001
1.40001
1.40001
1.40001
1.40001
1.40001
1.40001
1.40001
1.40001
1.40001
0.126553
0.104247
0.158998
0.290717
0.492661
0.799668
1.07491
1.38634
1.6854
1.91895
2.06286
2.13067
2.14334
2.14609
2.16035
2.15106
2.15345
2.15045
2.07468
1.79288
1.50527
1.40894
1.40023
1.40001
1.40001
1.40001
1.40001
1.40001
1.40001
1.40001
1.40001
1.40001
1.40001
1.40001
1.40001
0.0982852
0.132812
0.185004
0.383199
0.686732
0.996938
1.32738
1.64033
1.88587
2.04287
2.12061
2.14886
2.14593
2.14666
2.16134
2.1492
2.1482
2.12526
1.97915
1.68461
1.45556
1.40296
1.40006
1.40001
1.40001
1.40001
1.40001
1.40001
1.40001
1.40001
1.40001
1.40001
1.40001
1.40001
1.40001
0.0612539
0.143471
0.284842
0.565275
0.921884
1.26631
1.60808
1.8621
2.02602
2.11102
2.14673
2.15264
2.14634
2.14674
2.16294
2.14822
2.14243
2.09053
1.90319
1.59148
1.42264
1.40078
1.40002
1.40001
1.40001
1.40001
1.40001
1.40001
1.40001
1.40001
1.40001
1.40001
1.40001
1.40001
1.40001
0.0282186
0.136511
0.447995
0.843673
1.23175
1.59475
1.853
2.01968
2.1074
2.14301
2.15526
2.15301
2.14492
2.14671
2.16482
2.14897
2.14405
2.06118
1.79776
1.49174
1.40646
1.40016
1.40001
1.40001
1.40001
1.40001
1.40001
1.40001
1.40001
1.40001
1.40001
1.40001
1.40001
1.40001
1.40001
0.0237626
0.245433
0.744932
1.20391
1.58721
1.86309
2.02709
2.10871
2.14164
2.15329
2.15623
2.15117
2.14461
2.14755
2.16628
2.15327
2.1396
1.99505
1.63132
1.43122
1.40135
1.40003
1.40001
1.40001
1.40001
1.40001
1.40001
1.40001
1.40001
1.40001
1.40001
1.40001
1.40001
1.40001
1.40001
0.16163
0.631678
1.15614
1.59639
1.89315
2.04731
2.116
2.14172
2.15107
2.15561
2.15556
2.1489
2.14458
2.15078
2.16715
2.15343
2.08174
1.81782
1.51091
1.40932
1.40024
1.40001
1.40001
1.40001
1.40001
1.40001
1.40001
1.40001
1.40001
1.40001
1.40001
1.40001
1.40001
1.40001
1.40001
0.507425
1.0772
1.63745
1.94679
2.08162
2.13084
2.14435
2.14863
2.15235
2.15584
2.15503
2.14781
2.14582
2.15488
2.16503
2.12687
1.99634
1.68111
1.44817
1.40213
1.40004
1.40001
1.40001
1.40001
1.40001
1.40001
1.40001
1.40001
1.40001
1.40001
1.40001
1.40001
1.40001
1.40001
1.40001
1.20932
1.71437
2.01218
2.11589
2.14423
2.14927
2.14851
2.14887
2.15202
2.15593
2.1548
2.14835
2.14714
2.15815
2.15841
2.08675
1.89775
1.55084
1.41191
1.4002
1.40001
1.40001
1.40001
1.40001
1.40001
1.40001
1.40001
1.40001
1.40001
1.40001
1.40001
1.40001
1.40001
1.40001
1.40001
2.14971
2.15116
2.15307
2.15418
2.1531
2.15016
2.1474
2.14781
2.15244
2.15743
2.15586
2.15046
2.14789
2.15916
2.14982
2.03736
1.73846
1.43709
1.3995
1.39994
1.4
1.40001
1.40001
1.40001
1.40001
1.40001
1.40001
1.40001
1.40001
1.40001
1.40001
1.40001
1.40001
1.40001
1.40001
2.14744
2.14998
2.15264
2.15437
2.15378
2.15089
2.14665
2.14614
2.15003
2.15874
2.16007
2.15543
2.14441
2.14819
2.14882
2.02728
1.67681
1.44107
1.40138
1.40002
1.40001
1.40001
1.40001
1.40001
1.40001
1.40001
1.40001
1.40001
1.40001
1.40001
1.40001
1.40001
1.40001
1.40001
1.40001
2.14662
2.14831
2.15155
2.15405
2.1538
2.15149
2.14696
2.1459
2.14849
2.15817
2.16092
2.16034
2.14237
2.13652
2.1285
1.94947
1.59301
1.41457
1.40021
1.40001
1.40001
1.40001
1.40001
1.40001
1.40001
1.40001
1.40001
1.40001
1.40001
1.40001
1.40001
1.40001
1.40001
1.40001
1.40001
2.14671
2.1478
2.15012
2.15223
2.15294
2.15173
2.1477
2.14597
2.14752
2.15568
2.16114
2.16291
2.14312
2.1227
2.11329
1.89746
1.52994
1.40676
1.40008
1.40001
1.40001
1.40001
1.40001
1.40001
1.40001
1.40001
1.40001
1.40001
1.40001
1.40001
1.40001
1.40001
1.40001
1.40001
1.40001
2.14752
2.14781
2.14915
2.15002
2.15135
2.15175
2.14975
2.14751
2.14732
2.15187
2.15976
2.16379
2.15073
2.11996
2.09605
1.80695
1.475
1.40267
1.40003
1.40001
1.40001
1.40001
1.40001
1.40001
1.40001
1.40001
1.40001
1.40001
1.40001
1.40001
1.40001
1.40001
1.40001
1.40001
1.40001
2.15114
2.14967
2.14882
2.14855
2.14961
2.15171
2.1528
2.15078
2.1478
2.14765
2.15502
2.16314
2.15553
2.12093
2.05501
1.70608
1.4416
1.40102
1.40001
1.40001
1.40001
1.40001
1.40001
1.40001
1.40001
1.40001
1.40001
1.40001
1.40001
1.40001
1.40001
1.40001
1.40001
1.40001
1.40001
2.1549
2.1522
2.14924
2.14781
2.14811
2.15182
2.15499
2.15471
2.14912
2.14513
2.15046
2.16311
2.15767
2.10981
1.9799
1.62114
1.41967
1.40033
1.40001
1.40001
1.40001
1.40001
1.40001
1.40001
1.40001
1.40001
1.40001
1.40001
1.40001
1.40001
1.40001
1.40001
1.40001
1.40001
1.40001
2.15658
2.15372
2.15018
2.14752
2.14717
2.15119
2.15616
2.15707
2.15155
2.14361
2.14592
2.1633
2.15845
2.09849
1.90919
1.5497
1.40882
1.40011
1.40001
1.40001
1.40001
1.40001
1.40001
1.40001
1.40001
1.40001
1.40001
1.40001
1.40001
1.40001
1.40001
1.40001
1.40001
1.40001
1.40001
2.15691
2.15437
2.15108
2.14777
2.14677
2.15005
2.15629
2.1578
2.15371
2.14262
2.142
2.15842
2.15815
2.09319
1.82967
1.48959
1.40354
1.40004
1.40001
1.40001
1.40001
1.40001
1.40001
1.40001
1.40001
1.40001
1.40001
1.40001
1.40001
1.40001
1.40001
1.40001
1.40001
1.40001
1.40001
2.1558
2.15428
2.15148
2.1483
2.14706
2.14872
2.15467
2.15779
2.15558
2.14369
2.13894
2.15071
2.14876
2.04262
1.73222
1.44687
1.40125
1.40001
1.40001
1.40001
1.40001
1.40001
1.40001
1.40001
1.40001
1.40001
1.40001
1.40001
1.40001
1.40001
1.40001
1.40001
1.40001
1.40001
1.40001
2.15128
2.15207
2.15121
2.14996
2.14783
2.14772
2.15101
2.15593
2.15659
2.14813
2.1394
2.14732
2.13963
1.98284
1.64225
1.42347
1.40043
1.40001
1.40001
1.40001
1.40001
1.40001
1.40001
1.40001
1.40001
1.40001
1.40001
1.40001
1.40001
1.40001
1.40001
1.40001
1.40001
1.40001
1.40001
2.14732
2.14964
2.15101
2.15159
2.14913
2.14744
2.14666
2.15181
2.1561
2.15479
2.14516
2.14527
2.13552
1.92349
1.55823
1.4099
1.40013
1.40001
1.40001
1.40001
1.40001
1.40001
1.40001
1.40001
1.40001
1.40001
1.40001
1.40001
1.40001
1.40001
1.40001
1.40001
1.40001
1.40001
1.40001
2.14573
2.14848
2.15118
2.15306
2.15125
2.14729
2.14454
2.14677
2.15475
2.1616
2.15231
2.13322
2.10172
1.82922
1.4881
1.40359
1.40004
1.40001
1.40001
1.40001
1.40001
1.40001
1.40001
1.40001
1.40001
1.40001
1.40001
1.40001
1.40001
1.40001
1.40001
1.40001
1.40001
1.40001
1.40001
2.14554
2.14818
2.15122
2.15409
2.1531
2.14862
2.14385
2.14369
2.15287
2.16451
2.15774
2.11906
2.04354
1.73249
1.44853
1.4013
1.40001
1.40001
1.40001
1.40001
1.40001
1.40001
1.40001
1.40001
1.40001
1.40001
1.40001
1.40001
1.40001
1.40001
1.40001
1.40001
1.40001
1.40001
1.40001
2.14768
2.14877
2.15136
2.1543
2.15417
2.15136
2.14377
2.14185
2.14967
2.16557
2.15953
2.11192
1.99441
1.6426
1.42267
1.4004
1.40001
1.40001
1.40001
1.40001
1.40001
1.40001
1.40001
1.40001
1.40001
1.40001
1.40001
1.40001
1.40001
1.40001
1.40001
1.40001
1.40001
1.40001
1.40001
2.15268
2.15099
2.15147
2.15332
2.15421
2.15323
2.14612
2.1414
2.14642
2.16296
2.15757
2.10293
1.92247
1.54636
1.40873
1.40011
1.40001
1.40001
1.40001
1.40001
1.40001
1.40001
1.40001
1.40001
1.40001
1.40001
1.40001
1.40001
1.40001
1.40001
1.40001
1.40001
1.40001
1.40001
1.40001
2.15617
2.15298
2.15118
2.15148
2.15375
2.15393
2.14865
2.14345
2.14556
2.15966
2.15137
2.06328
1.81621
1.48438
1.40331
1.40003
1.40001
1.40001
1.40001
1.40001
1.40001
1.40001
1.40001
1.40001
1.40001
1.40001
1.40001
1.40001
1.40001
1.40001
1.40001
1.40001
1.40001
1.40001
1.40001
2.15766
2.15375
2.15042
2.14835
2.15128
2.15402
2.1524
2.14746
2.14606
2.15945
2.1503
2.02957
1.71641
1.44229
1.40103
1.40001
1.40001
1.40001
1.40001
1.40001
1.40001
1.40001
1.40001
1.40001
1.40001
1.40001
1.40001
1.40001
1.40001
1.40001
1.40001
1.40001
1.40001
1.40001
1.40001
2.15782
2.15385
2.14908
2.14595
2.14696
2.152
2.15457
2.15253
2.1442
2.14882
2.14656
1.98157
1.60527
1.4167
1.40028
1.40001
1.40001
1.40001
1.40001
1.40001
1.40001
1.40001
1.40001
1.40001
1.40001
1.40001
1.40001
1.40001
1.40001
1.40001
1.40001
1.40001
1.40001
1.40001
1.40001
2.15497
2.15243
2.14837
2.14515
2.14377
2.14877
2.15487
2.15872
2.14274
2.12911
2.11222
1.87796
1.52317
1.40645
1.40008
1.40001
1.40001
1.40001
1.40001
1.40001
1.40001
1.40001
1.40001
1.40001
1.40001
1.40001
1.40001
1.40001
1.40001
1.40001
1.40001
1.40001
1.40001
1.40001
1.40001
2.15022
2.15066
2.14834
2.14527
2.14218
2.14441
2.15341
2.1616
2.15272
2.11954
2.07284
1.78551
1.46683
1.40213
1.40002
1.40001
1.40001
1.40001
1.40001
1.40001
1.40001
1.40001
1.40001
1.40001
1.40001
1.40001
1.40001
1.40001
1.40001
1.40001
1.40001
1.40001
1.40001
1.40001
1.40001
2.14684
2.14961
2.14957
2.14791
2.14202
2.14108
2.14929
2.16182
2.15742
2.11799
2.02889
1.66616
1.42759
1.40057
1.40001
1.40001
1.40001
1.40001
1.40001
1.40001
1.40001
1.40001
1.40001
1.40001
1.40001
1.40001
1.40001
1.40001
1.40001
1.40001
1.40001
1.40001
1.40001
1.40001
1.40001
2.14493
2.14933
2.15295
2.15289
2.14549
2.14015
2.14586
2.16052
2.15579
2.1
1.93487
1.562
1.41088
1.40015
1.40001
1.40001
1.40001
1.40001
1.40001
1.40001
1.40001
1.40001
1.40001
1.40001
1.40001
1.40001
1.40001
1.40001
1.40001
1.40001
1.40001
1.40001
1.40001
1.40001
1.40001
2.14449
2.14919
2.15447
2.15563
2.15019
2.14226
2.14459
2.15937
2.15344
2.06941
1.82982
1.49107
1.40361
1.40004
1.40001
1.40001
1.40001
1.40001
1.40001
1.40001
1.40001
1.40001
1.40001
1.40001
1.40001
1.40001
1.40001
1.40001
1.40001
1.40001
1.40001
1.40001
1.40001
1.40001
1.40001
2.14593
2.14998
2.155
2.15654
2.1539
2.14525
2.14357
2.15765
2.15507
2.04549
1.70774
1.43836
1.40093
1.40001
1.40001
1.40001
1.40001
1.40001
1.40001
1.40001
1.40001
1.40001
1.40001
1.40001
1.40001
1.40001
1.40001
1.40001
1.40001
1.40001
1.40001
1.40001
1.40001
1.40001
1.40001
2.14959
2.15121
2.155
2.15692
2.15599
2.15097
2.13912
2.14287
2.14402
1.96175
1.58813
1.41439
1.40023
1.40001
1.40001
1.40001
1.40001
1.40001
1.40001
1.40001
1.40001
1.40001
1.40001
1.40001
1.40001
1.40001
1.40001
1.40001
1.40001
1.40001
1.40001
1.40001
1.40001
1.40001
1.40001
2.15261
2.15165
2.15107
2.15259
2.15554
2.15854
2.14239
2.12801
2.10728
1.85458
1.50655
1.4048
1.40005
1.40001
1.40001
1.40001
1.40001
1.40001
1.40001
1.40001
1.40001
1.40001
1.40001
1.40001
1.40001
1.40001
1.40001
1.40001
1.40001
1.40001
1.40001
1.40001
1.40001
1.40001
1.40001
2.15458
2.15075
2.14503
2.14245
2.15017
2.16127
2.15621
2.12481
2.06606
1.73765
1.44538
1.4012
1.40001
1.40001
1.40001
1.40001
1.40001
1.40001
1.40001
1.40001
1.40001
1.40001
1.40001
1.40001
1.40001
1.40001
1.40001
1.40001
1.40001
1.40001
1.40001
1.40001
1.40001
1.40001
1.40001
2.15571
2.14943
2.14093
2.13579
2.14088
2.16031
2.16164
2.12374
1.98806
1.59975
1.41585
1.40026
1.40001
1.40001
1.40001
1.40001
1.40001
1.40001
1.40001
1.40001
1.40001
1.40001
1.40001
1.40001
1.40001
1.40001
1.40001
1.40001
1.40001
1.40001
1.40001
1.40001
1.40001
1.40001
1.40001
2.15549
2.14862
2.14
2.13356
2.13627
2.15729
2.16021
2.08965
1.86597
1.5105
1.40518
1.40006
1.40001
1.40001
1.40001
1.40001
1.40001
1.40001
1.40001
1.40001
1.40001
1.40001
1.40001
1.40001
1.40001
1.40001
1.40001
1.40001
1.40001
1.40001
1.40001
1.40001
1.40001
1.40001
1.40001
2.15245
2.14778
2.14119
2.13723
2.13604
2.157
2.16114
2.05402
1.73896
1.44674
1.40121
1.40001
1.40001
1.40001
1.40001
1.40001
1.40001
1.40001
1.40001
1.40001
1.40001
1.40001
1.40001
1.40001
1.40001
1.40001
1.40001
1.40001
1.40001
1.40001
1.40001
1.40001
1.40001
1.40001
1.40001
2.14964
2.14683
2.14653
2.14496
2.13628
2.15283
2.16103
1.9854
1.59299
1.41458
1.40024
1.40001
1.40001
1.40001
1.40001
1.40001
1.40001
1.40001
1.40001
1.40001
1.40001
1.40001
1.40001
1.40001
1.40001
1.40001
1.40001
1.40001
1.40001
1.40001
1.40001
1.40001
1.40001
1.40001
1.40001
2.14834
2.14604
2.15026
2.15684
2.14893
2.14366
2.12096
1.83926
1.49622
1.40413
1.40005
1.40001
1.40001
1.40001
1.40001
1.40001
1.40001
1.40001
1.40001
1.40001
1.40001
1.40001
1.40001
1.40001
1.40001
1.40001
1.40001
1.40001
1.40001
1.40001
1.40001
1.40001
1.40001
1.40001
1.40001
2.14695
2.14438
2.15052
2.16867
2.17567
2.13879
2.05283
1.70777
1.43818
1.4009
1.40001
1.40001
1.40001
1.40001
1.40001
1.40001
1.40001
1.40001
1.40001
1.40001
1.40001
1.40001
1.40001
1.40001
1.40001
1.40001
1.40001
1.40001
1.40001
1.40001
1.40001
1.40001
1.40001
1.40001
1.40001
2.14331
2.14087
2.14245
2.17739
2.18466
2.13931
1.95409
1.5626
1.41014
1.40015
1.40001
1.40001
1.40001
1.40001
1.40001
1.40001
1.40001
1.40001
1.40001
1.40001
1.40001
1.40001
1.40001
1.40001
1.40001
1.40001
1.40001
1.40001
1.40001
1.40001
1.40001
1.40001
1.40001
1.40001
1.40001
2.13807
2.13884
2.13814
2.17854
2.18572
2.09769
1.7959
1.46956
1.40244
1.40003
1.40001
1.40001
1.40001
1.40001
1.40001
1.40001
1.40001
1.40001
1.40001
1.40001
1.40001
1.40001
1.40001
1.40001
1.40001
1.40001
1.40001
1.40001
1.40001
1.40001
1.40001
1.40001
1.40001
1.40001
1.40001
2.13311
2.14085
2.14077
2.17358
2.17775
2.00993
1.64632
1.42307
1.40045
1.40001
1.40001
1.40001
1.40001
1.40001
1.40001
1.40001
1.40001
1.40001
1.40001
1.40001
1.40001
1.40001
1.40001
1.40001
1.40001
1.40001
1.40001
1.40001
1.40001
1.40001
1.40001
1.40001
1.40001
1.40001
1.40001
2.12854
2.1505
2.16046
2.17009
2.1613
1.89305
1.51307
1.40531
1.40007
1.40001
1.40001
1.40001
1.40001
1.40001
1.40001
1.40001
1.40001
1.40001
1.40001
1.40001
1.40001
1.40001
1.40001
1.40001
1.40001
1.40001
1.40001
1.40001
1.40001
1.40001
1.40001
1.40001
1.40001
1.40001
1.40001
2.12417
2.15993
2.18951
2.16031
2.08326
1.70971
1.43617
1.40093
1.40001
1.40001
1.40001
1.40001
1.40001
1.40001
1.40001
1.40001
1.40001
1.40001
1.40001
1.40001
1.40001
1.40001
1.40001
1.40001
1.40001
1.40001
1.40001
1.40001
1.40001
1.40001
1.40001
1.40001
1.40001
1.40001
1.40001
2.12409
2.17552
2.20651
2.14103
1.94358
1.55618
1.40982
1.40014
1.40001
1.40001
1.40001
1.40001
1.40001
1.40001
1.40001
1.40001
1.40001
1.40001
1.40001
1.40001
1.40001
1.40001
1.40001
1.40001
1.40001
1.40001
1.40001
1.40001
1.40001
1.40001
1.40001
1.40001
1.40001
1.40001
1.40001
2.14731
2.1992
2.21472
2.09687
1.77659
1.45589
1.40173
1.40002
1.40001
1.40001
1.40001
1.40001
1.40001
1.40001
1.40001
1.40001
1.40001
1.40001
1.40001
1.40001
1.40001
1.40001
1.40001
1.40001
1.40001
1.40001
1.40001
1.40001
1.40001
1.40001
1.40001
1.40001
1.40001
1.40001
1.40001
2.18619
2.20981
2.21442
1.99633
1.583
1.4129
1.40022
1.40001
1.40001
1.40001
1.40001
1.40001
1.40001
1.40001
1.40001
1.40001
1.40001
1.40001
1.40001
1.40001
1.40001
1.40001
1.40001
1.40001
1.40001
1.40001
1.40001
1.40001
1.40001
1.40001
1.40001
1.40001
1.40001
1.40001
1.40001
2.22171
2.20615
2.15479
1.78398
1.46236
1.40224
1.40003
1.40001
1.40001
1.40001
1.40001
1.40001
1.40001
1.40001
1.40001
1.40001
1.40001
1.40001
1.40001
1.40001
1.40001
1.40001
1.40001
1.40001
1.40001
1.40001
1.40001
1.40001
1.40001
1.40001
1.40001
1.40001
1.40001
1.40001
1.40001
2.30729
2.14177
2.01578
1.59979
1.41659
1.40031
1.40001
1.40001
1.40001
1.40001
1.40001
1.40001
1.40001
1.40001
1.40001
1.40001
1.40001
1.40001
1.40001
1.40001
1.40001
1.40001
1.40001
1.40001
1.40001
1.40001
1.40001
1.40001
1.40001
1.40001
1.40001
1.40001
1.40001
1.40001
1.40001
2.38402
2.08602
1.80247
1.46885
1.40278
1.40004
1.40001
1.40001
1.40001
1.40001
1.40001
1.40001
1.40001
1.40001
1.40001
1.40001
1.40001
1.40001
1.40001
1.40001
1.40001
1.40001
1.40001
1.40001
1.40001
1.40001
1.40001
1.40001
1.40001
1.40001
1.40001
1.40001
1.40001
1.40001
1.40001
2.4061
1.96477
1.59384
1.41696
1.4004
1.40001
1.40001
1.40001
1.40001
1.40001
1.40001
1.40001
1.40001
1.40001
1.40001
1.40001
1.40001
1.40001
1.40001
1.40001
1.40001
1.40001
1.40001
1.40001
1.40001
1.40001
1.40001
1.40001
1.40001
1.40001
1.40001
1.40001
1.40001
1.40001
1.40001
2.30269
1.77567
1.48026
1.40391
1.40006
1.40001
1.40001
1.40001
1.40001
1.40001
1.40001
1.40001
1.40001
1.40001
1.40001
1.40001
1.40001
1.40001
1.40001
1.40001
1.40001
1.40001
1.40001
1.40001
1.40001
1.40001
1.40001
1.40001
1.40001
1.40001
1.40001
1.40001
1.40001
1.40001
1.40001
2.13522
1.61788
1.42245
1.40058
1.40001
1.40001
1.40001
1.40001
1.40001
1.40001
1.40001
1.40001
1.40001
1.40001
1.40001
1.40001
1.40001
1.40001
1.40001
1.40001
1.40001
1.40001
1.40001
1.40001
1.40001
1.40001
1.40001
1.40001
1.40001
1.40001
1.40001
1.40001
1.40001
1.40001
1.40001
1.89429
1.48586
1.40437
1.40006
1.40001
1.40001
1.40001
1.40001
1.40001
1.40001
1.40001
1.40001
1.40001
1.40001
1.40001
1.40001
1.40001
1.40001
1.40001
1.40001
1.40001
1.40001
1.40001
1.40001
1.40001
1.40001
1.40001
1.40001
1.40001
1.40001
1.40001
1.40001
1.40001
1.40001
1.40001
1.59581
1.41786
1.40032
1.40001
1.40001
1.40001
1.40001
1.40001
1.40001
1.40001
1.40001
1.40001
1.40001
1.40001
1.40001
1.40001
1.40001
1.40001
1.40001
1.40001
1.40001
1.40001
1.40001
1.40001
1.40001
1.40001
1.40001
1.40001
1.40001
1.40001
1.40001
1.40001
1.40001
1.40001
1.40001
1.40001
1.40001
1.40001
1.40001
1.40001
1.40001
1.40001
1.40001
1.40001
1.40001
1.40001
1.40001
1.40001
1.40001
1.40001
1.40001
1.40001
1.40001
1.40001
1.40001
1.40001
1.40001
1.40001
1.40001
1.40001
1.40001
1.40001
1.40001
1.40001
1.40001
1.40001
1.40001
1.40001
1.40001
1.40001
1.40001
1.40001
1.40001
1.40001
1.40001
1.40001
1.40001
1.40001
1.40001
1.40001
1.40001
1.40001
1.40001
1.40001
1.40001
1.40001
1.40001
1.40001
1.40001
1.40001
1.40001
1.40001
1.40001
1.40001
1.40001
1.40001
1.40001
1.40001
1.40001
1.40001
1.40001
1.40001
1.40001
1.40001
1.40001
1.40001
1.40001
1.40001
1.40001
1.40001
1.40001
1.40001
1.40001
1.40001
1.40001
1.40001
1.40001
1.40001
1.40001
1.40001
1.40001
1.40001
1.40001
1.40001
1.40001
1.40001
1.40001
1.40001
1.40001
1.40001
1.40001
1.40001
1.40001
1.40001
1.40001
1.40001
1.40001
1.40001
1.40001
1.40001
1.40001
1.40001
1.40001
1.40001
1.40001
1.40001
1.40001
1.40001
1.40001
1.40001
1.40001
1.40001
1.40001
1.40001
1.40001
1.40001
1.40001
1.40001
1.40001
1.40001
1.40001
1.40001
1.40001
1.40001
1.40001
1.40001
1.40001
1.40001
1.40001
1.40001
1.40001
1.40001
1.40001
1.40001
1.40001
1.40001
1.40001
1.40001
1.40001
1.40001
1.40001
1.40001
1.40001
1.40001
1.40001
1.40001
1.40001
1.40001
1.40001
1.40001
1.40001
1.40001
1.40001
1.40001
1.40001
1.40001
1.40001
1.40001
1.40001
1.40001
1.40001
1.40001
1.40001
1.40001
1.40001
1.40001
1.40001
1.40001
1.40001
1.40001
1.40001
1.40001
1.40001
1.40001
1.40001
1.40001
1.40001
1.40001
1.40001
1.40001
1.40001
1.40001
1.40001
1.40001
1.40001
1.40001
1.40001
1.40001
1.40001
1.40001
1.40001
1.40001
1.40001
1.40001
1.40001
1.40001
1.40001
1.40001
1.40001
1.40001
1.40001
1.40001
1.40001
1.40001
1.40001
1.40001
1.40001
1.40001
1.40001
1.40001
1.40001
1.40001
1.40001
1.40001
1.40001
1.40001
1.40001
1.40001
1.40001
1.40001
1.40001
1.40001
1.40001
1.40001
1.40001
1.40001
1.40001
1.40001
1.40001
1.40001
1.40001
1.40001
1.40001
1.40001
1.40001
1.40001
1.40001
1.40001
1.40001
1.40001
1.40001
1.40001
1.40001
1.40001
1.40001
1.40001
1.40001
1.40001
1.40001
1.40001
1.40001
1.40001
1.40001
1.40001
1.40001
1.40001
1.40001
1.40001
1.40001
1.40001
1.40001
1.40001
1.40001
1.40001
1.40001
1.40001
1.40001
1.40001
1.40001
1.40001
1.40001
1.40001
1.40001
1.40001
1.40001
1.40001
1.40001
1.40001
1.40001
1.40001
1.40001
1.40001
1.40001
1.40001
1.40001
1.40001
1.40001
1.40001
1.40001
1.40001
1.40001
1.40001
1.40001
1.40001
1.40001
1.40001
1.40001
1.40001
1.40001
1.40001
1.40001
1.40001
1.40001
1.40001
1.40001
1.40001
1.40001
1.40001
1.40001
1.40001
1.40001
1.40001
1.40001
1.40001
1.40001
1.40001
1.40001
1.40001
1.40001
1.40001
1.40001
1.40001
1.40001
1.40001
1.40001
1.40001
1.40001
1.40001
1.40001
1.40001
1.40001
1.40001
1.40001
1.40001
1.40001
1.40001
1.40001
1.40001
1.40001
1.40001
1.40001
1.40001
1.40001
1.40001
1.40001
1.40001
1.40001
1.40001
1.40001
1.40001
1.40001
1.40001
1.40001
1.40001
1.40001
1.40001
1.40001
1.40001
1.40001
1.40001
1.40001
1.40001
1.40001
1.40001
1.40001
1.40001
1.40001
1.40001
1.40001
1.40001
1.40001
1.40001
1.40001
1.40001
1.40001
1.40001
1.40001
1.40001
1.40001
1.40001
1.40001
1.40001
1.40001
1.40001
1.40001
1.40001
1.40001
1.40001
1.40001
1.40001
1.40001
1.40001
1.40001
1.40001
1.40001
1.40001
1.40001
1.40001
1.40001
1.40001
1.40001
1.40001
1.40001
1.40001
1.40001
1.40001
1.40001
1.40001
1.40001
1.40001
1.40001
1.40001
1.40001
1.40001
1.40001
1.40001
1.40001
1.40001
1.40001
1.40001
1.40001
1.40001
1.40001
1.40001
1.40001
1.40001
1.40001
1.40001
1.40001
1.40001
1.40001
1.40001
1.40001
1.40001
1.40001
1.40001
1.40001
1.40001
1.40001
1.40001
1.40001
1.40001
1.40001
1.40001
1.40001
1.40001
1.40001
1.40001
1.40001
1.40001
1.40001
1.40001
1.40001
1.40001
1.40001
1.40001
1.40001
1.40001
1.40001
1.40001
1.40001
1.40001
1.40001
1.40001
1.40001
1.40001
1.40001
1.40001
1.40001
1.40001
1.40001
1.40001
1.40001
1.40001
1.40001
1.40001
1.40001
1.40001
1.40001
1.40001
1.40001
1.40001
1.40001
1.40001
1.40001
1.40001
1.40001
1.40001
1.40001
1.40001
1.40001
1.40001
1.40001
1.40001
1.40001
1.40001
1.40001
1.40001
1.40001
1.40001
1.40001
1.40001
1.40001
1.40001
1.40001
1.40001
1.40001
1.40001
1.40001
1.40001
1.40001
1.40001
1.40001
1.40001
1.40001
1.40001
1.40001
1.40001
1.40001
1.40001
1.40001
1.40001
1.40001
1.40001
1.40001
1.40001
1.40001
1.40001
1.40001
1.40001
1.40001
1.40001
1.40001
1.40001
1.40001
1.40001
1.40001
1.40001
1.40001
1.40001
1.40001
1.40001
1.40001
1.40001
1.40001
1.40001
1.40001
1.40001
1.40001
1.40001
1.40001
1.40001
1.40001
1.40001
1.40001
1.40001
1.40001
1.40001
1.40001
1.40001
1.40001
1.40001
1.40001
1.40001
1.40001
1.40001
1.40001
1.40001
1.40001
1.40001
1.40001
1.40001
1.40001
1.40001
1.40001
1.40001
1.40001
1.40001
1.40001
1.40001
1.40001
1.40001
1.40001
1.40001
1.40001
1.40001
1.40001
1.40001
1.40001
1.40001
1.40001
1.40001
1.40001
1.40001
1.40001
1.40001
1.40001
1.40001
1.40001
1.40001
1.40001
1.40001
1.40001
1.40001
1.40001
1.40001
1.40001
1.40001
1.40001
1.40001
1.40001
1.40001
1.40001
1.40001
1.40001
1.40001
1.40001
1.40001
1.40001
1.40001
1.40001
1.40001
1.40001
1.40001
1.40001
1.40001
1.40001
1.40001
1.40001
1.40001
1.40001
1.40001
1.40001
1.40001
1.40001
1.40001
1.40001
1.40001
1.40001
1.40001
1.40001
1.40001
1.40001
1.40001
1.40001
1.40001
1.40001
1.40001
1.40001
1.40001
1.40001
1.40001
1.40001
1.40001
1.40001
1.40001
1.40001
1.40001
1.40001
1.40001
1.40001
1.40001
1.40001
1.40001
1.40001
1.40001
1.40001
1.40001
1.40001
1.40001
1.40001
1.40001
1.40001
1.40001
1.40001
1.40001
1.40001
1.40001
1.40001
1.40001
1.40001
1.40001
1.40001
1.40001
1.40001
1.40001
1.40001
1.40001
1.40001
1.40001
1.40001
1.40001
1.40001
1.40001
1.40001
1.40001
1.40001
1.40001
1.40001
1.40001
1.40001
1.40001
1.40001
1.40001
1.40001
1.40001
1.40001
1.40001
1.40001
1.40001
1.40001
1.40001
1.40001
1.40001
1.40001
1.40001
1.40001
1.40001
1.40001
1.40001
1.40001
1.40001
1.40001
1.40001
1.40001
1.40001
1.40001
1.40001
1.40001
1.40001
1.40001
1.40001
1.40001
1.40001
1.40001
1.40001
1.40001
1.40001
1.40001
1.40001
1.40001
1.40001
1.40001
1.40001
1.40001
1.40001
1.40001
1.40001
1.40001
1.40001
1.40001
1.40001
1.40001
1.40001
1.40001
1.40001
1.40001
1.40001
1.40001
1.40001
1.40001
1.40001
1.40001
1.40001
1.40001
1.40001
1.40001
1.40001
1.40001
1.40001
1.40001
1.40001
1.40001
1.40001
1.40001
1.40001
1.40001
1.40001
1.40001
1.40001
1.40001
1.40001
1.40001
1.40001
1.40001
1.40001
1.40001
1.40001
1.40001
1.40001
1.40001
1.40001
1.40001
1.40001
1.40001
1.40001
1.40001
1.40001
1.40001
1.40001
1.40001
1.40001
1.40001
1.40001
1.40001
1.40001
1.40001
1.40001
1.40001
1.40001
1.40001
1.40001
1.40001
1.40001
1.40001
1.40001
1.40001
1.40001
1.40001
1.40001
1.40001
1.40001
1.40001
1.40001
1.40001
1.40001
1.40001
1.40001
1.40001
1.40001
1.40001
1.40001
1.40001
1.40001
1.40001
1.40001
1.40001
1.40001
1.40001
1.40001
1.40001
1.40001
1.40001
1.40001
1.40001
1.40001
1.40001
1.40001
1.40001
1.40001
1.40001
1.40001
1.40001
1.40001
1.40001
1.40001
1.40001
1.40001
1.40001
1.40001
1.40001
1.40001
1.40001
1.40001
1.40001
1.40001
1.40001
1.40001
1.40001
1.40001
1.40001
1.40001
1.40001
1.40001
1.40001
1.40001
1.40001
1.40001
1.40001
1.40001
1.40001
1.40001
1.40001
1.40001
1.40001
1.40001
1.40001
1.40001
1.40001
1.40001
1.40001
1.40001
1.40001
1.40001
1.40001
1.40001
1.40001
1.40001
1.40001
1.40001
1.40001
1.40001
1.40001
1.40001
1.40001
1.40001
1.40001
1.40001
1.40001
1.40001
1.40001
1.40001
1.40001
1.40001
1.40001
1.40001
1.40001
1.40001
1.40001
1.40001
1.40001
1.40001
1.40001
1.40001
1.40001
1.40001
1.40001
1.40001
1.40001
1.40001
1.40001
1.40001
1.40001
1.40001
1.40001
1.40001
1.40001
1.40001
1.40001
1.40001
1.40001
1.40001
1.40001
1.40001
1.40001
1.40001
1.40001
1.40001
1.40001
1.40001
1.40001
1.40001
1.40001
1.40001
1.40001
1.40001
1.40001
1.40001
1.40001
1.40001
1.40001
1.40001
1.40001
1.40001
1.40001
1.40001
1.40001
1.40001
1.40001
1.40001
1.40001
1.40001
1.40001
1.40001
1.40001
1.40001
1.40001
1.40001
1.40001
1.40001
1.40001
1.40001
1.40001
1.40001
1.40001
1.40001
1.40001
1.40001
1.40001
1.40001
1.40001
1.40001
1.40001
1.40001
1.40001
1.40001
1.40001
1.40001
1.40001
1.40001
1.40001
1.40001
1.40001
1.40001
1.40001
1.40001
1.40001
1.40001
1.40001
1.40001
1.40001
1.40001
1.40001
1.40001
1.40001
1.40001
1.40001
1.40001
1.40001
1.40001
1.40001
1.40001
1.40001
1.40001
1.40001
1.40001
1.40001
1.40001
1.40001
1.40001
1.40001
1.40001
1.40001
1.40001
1.40001
1.40001
1.40001
1.40001
1.40001
1.40001
1.40001
1.40001
1.40001
1.40001
1.40001
1.40001
1.40001
1.40001
1.40001
1.40001
1.40001
1.40001
1.40001
1.40001
1.40001
1.40001
1.40001
1.40001
1.40001
1.40001
1.40001
1.40001
1.40001
1.40001
1.40001
1.40001
1.40001
1.40001
1.40001
1.40001
1.40001
1.40001
1.40001
1.40001
1.40001
1.40001
1.40001
1.40001
1.40001
1.40001
1.40001
1.40001
1.40001
1.40001
1.40001
1.40001
1.40001
1.40001
1.40001
1.40001
1.40001
1.40001
1.40001
1.40001
1.40001
1.40001
1.40001
1.40001
1.40001
1.40001
1.40001
1.40001
1.40001
1.40001
1.40001
1.40001
1.40001
1.40001
1.40001
1.40001
1.40001
1.40001
1.40001
1.40001
1.40001
1.40001
1.40001
1.40001
1.40001
1.40001
1.40001
1.40001
1.40001
1.40001
1.40001
1.40001
1.40001
1.40001
1.40001
1.40001
1.40001
1.40001
1.40001
1.40001
1.40001
1.40001
1.40001
1.40001
1.40001
1.40001
1.40001
1.40001
1.40001
1.40001
1.40001
1.40001
1.40001
1.40001
1.40001
1.40001
1.40001
1.40001
1.40001
1.40001
1.40001
1.40001
1.40001
1.40001
1.40001
1.40001
1.40001
1.40001
1.40001
1.40001
1.40001
1.40001
1.40001
1.40001
1.40001
1.40001
1.40001
1.40001
1.40001
1.40001
1.40001
1.40001
1.40001
1.40001
1.40001
1.40001
1.40001
1.40001
1.40001
1.40001
1.40001
1.40001
1.40001
1.40001
1.40001
1.40001
1.40001
1.40001
1.40001
1.40001
1.40001
1.40001
1.40001
1.40001
1.40001
1.40001
1.40001
1.40001
1.40001
1.40001
1.40001
1.40001
1.40001
1.40001
1.40001
1.40001
1.40001
1.40001
1.40001
1.40001
1.40001
1.40001
1.40001
1.40001
1.40001
1.40001
1.40001
1.40001
1.40001
1.40001
1.40001
1.40001
1.40001
1.40001
1.40001
1.40001
1.40001
1.40001
1.40001
1.40001
1.40001
1.40001
1.40001
1.40001
1.40001
1.40001
1.40001
1.40001
1.40001
1.40001
1.40001
1.40001
1.40001
1.40001
1.40001
1.40001
1.40001
1.40001
1.40001
1.40001
1.40001
1.40001
1.40001
1.40001
1.40001
1.40001
1.40001
1.40001
1.40001
1.40001
1.40001
1.40001
1.40001
1.40001
1.40001
1.40001
1.40001
1.40001
1.40001
1.40001
1.40001
1.40001
1.40001
1.40001
1.40001
1.40001
1.40001
1.40001
1.40001
1.40001
1.40001
1.40001
1.40001
1.40001
1.40001
1.40001
1.40001
1.40001
1.40001
1.40001
1.40001
1.40001
1.40001
1.40001
1.40001
1.40001
1.40001
1.40001
1.40001
1.40001
1.40001
1.40001
1.40001
1.40001
1.40001
1.40001
1.40001
1.40001
1.40001
1.40001
1.40001
1.40001
1.40001
1.40001
1.40001
1.40001
1.40001
1.40001
1.40001
1.40001
1.40001
1.40001
1.40001
1.40001
1.40001
1.40001
1.40001
1.40001
1.40001
1.40001
1.40001
1.40001
1.40001
1.40001
1.40001
1.40001
1.40001
1.40001
1.40001
1.40001
1.40001
1.40001
1.40001
1.40001
1.40001
1.40001
1.40001
1.40001
1.40001
1.40001
1.40001
1.40001
1.40001
1.40001
1.40001
1.40001
1.40001
1.40001
1.40001
1.40001
1.40001
1.40001
1.40001
1.40001
1.40001
1.40001
1.40001
1.40001
1.40001
1.40001
1.40001
1.40001
1.40001
1.40001
1.40001
1.40001
1.40001
1.40001
1.40001
1.40001
1.40001
1.40001
1.40001
1.40001
1.40001
1.40001
1.40001
1.40001
1.40001
1.40001
1.40001
1.40001
1.40001
1.40001
1.40001
1.40001
1.40001
1.40001
1.40001
1.40001
1.40001
1.40001
1.40001
1.40001
1.40001
1.40001
1.40001
1.40001
1.40001
1.40001
1.40001
1.40001
1.40001
1.40001
1.40001
1.40001
1.40001
1.40001
1.40001
1.40001
1.40001
1.40001
1.40001
1.40001
1.40001
1.40001
1.40001
1.40001
1.40001
1.40001
1.40001
1.40001
1.40001
1.40001
1.40001
1.40001
1.40001
1.40001
1.40001
1.40001
1.40001
1.40001
1.40001
1.40001
1.40001
1.40001
1.40001
1.40001
1.40001
1.40001
1.40001
1.40001
1.40001
1.40001
1.40001
1.40001
1.40001
1.40001
1.40001
1.40001
1.40001
1.40001
1.40001
1.40001
1.40001
1.40001
1.40001
1.40001
1.40001
1.40001
1.40001
1.40001
1.40001
1.40001
1.40001
1.40001
1.40001
1.40001
1.40001
1.40001
1.40001
1.40001
1.40001
1.40001
1.40001
1.40001
1.40001
1.40001
1.40001
1.40001
1.40001
1.40001
1.40001
1.40001
1.40001
1.40001
1.40001
1.40001
1.40001
1.40001
1.40001
1.40001
1.40001
1.40001
1.40001
1.40001
1.40001
1.40001
1.40001
1.40001
1.40001
1.40001
1.40001
1.40001
1.40001
1.40001
1.40001
1.40001
1.40001
1.40001
1.40001
1.40001
1.40001
1.40001
1.40001
1.40001
1.40001
1.40001
1.40001
1.40001
1.40001
1.40001
1.40001
1.40001
1.40001
1.40001
1.40001
1.40001
1.40001
1.40001
1.40001
1.40001
1.40001
1.40001
1.40001
1.40001
1.40001
1.40001
1.40001
1.40001
1.40001
1.40001
1.40001
1.40001
1.40001
1.40001
1.40001
1.40001
1.40001
1.40001
1.40001
1.40001
1.40001
1.40001
1.40001
1.40001
1.40001
1.40001
1.40001
1.40001
1.40001
1.40001
1.40001
1.40001
1.40001
1.40001
1.40001
1.40001
1.40001
1.40001
1.40001
1.40001
1.40001
1.40001
1.40001
1.40001
1.40001
1.40001
1.40001
1.40001
1.40001
1.40001
1.40001
1.40001
1.40001
1.40001
1.40001
1.40001
1.40001
1.40001
1.40001
1.40001
1.40001
1.40001
1.40001
1.40001
1.40001
1.40001
1.40001
1.40001
1.40001
1.40001
1.40001
1.40001
1.40001
1.40001
1.40001
1.40001
1.40001
1.40001
1.40001
1.40001
1.40001
1.40001
1.40001
1.40001
1.40001
1.40001
1.40001
1.40001
1.40001
1.40001
1.40001
1.40001
1.40001
1.40001
1.40001
1.40001
1.40001
1.40001
1.40001
1.40001
1.40001
1.40001
1.40001
1.40001
1.40001
1.40001
1.40001
1.40001
1.40001
1.40001
1.40001
1.40001
1.40001
1.40001
1.40001
1.40001
1.40001
1.40001
1.40001
1.40001
1.40001
1.40001
1.40001
1.40001
1.40001
1.40001
1.40001
1.40001
1.40001
1.40001
1.40001
1.40001
1.40001
1.40001
1.40001
1.40001
1.40001
1.40001
1.40001
1.40001
1.40001
1.40001
1.40001
1.40001
1.40001
1.40001
1.40001
1.40001
1.40001
1.40001
1.40001
1.40001
1.40001
1.40001
1.40001
1.40001
1.40001
1.40001
1.40001
1.40001
1.40001
1.40001
1.40001
1.40001
1.40001
1.40001
1.40001
1.40001
1.40001
1.40001
1.40001
1.40001
1.40001
1.40001
1.40001
1.40001
1.40001
1.40001
1.40001
1.40001
1.40001
1.40001
1.40001
1.40001
1.40001
1.40001
1.40001
1.40001
1.40001
1.40001
1.40001
1.40001
1.40001
1.40001
1.40001
1.40001
1.40001
1.40001
1.40001
1.40001
1.40001
1.40001
1.40001
1.40001
1.40001
1.40001
1.40001
1.40001
1.40001
1.40001
1.40001
1.40001
1.40001
1.40001
1.40001
1.40001
1.40001
1.40001
1.40001
1.40001
1.40001
1.40001
1.40001
1.40001
1.40001
1.40001
1.40001
1.40001
1.40001
1.40001
1.40001
1.40001
1.40001
1.40001
1.40001
1.40001
1.40001
1.40001
1.40001
1.40001
1.40001
1.40001
1.40001
1.40001
1.40001
1.40001
1.40001
1.40001
1.40001
1.40001
1.40001
1.40001
1.40001
1.40001
1.40001
1.40001
1.40001
1.40001
1.40001
1.40001
1.40001
1.40001
1.40001
1.40001
1.40001
1.40001
1.40001
1.40001
1.40001
1.40001
1.40001
1.40001
1.40001
1.40001
1.40001
1.40001
1.40001
1.40001
1.40001
1.40001
1.40001
1.40001
1.40001
1.40001
1.40001
1.40001
1.40001
1.40001
1.40001
1.40001
1.40001
1.40001
1.40001
1.40001
1.40001
1.40001
1.40001
1.40001
1.40001
1.40001
1.40001
1.40001
1.40001
1.40001
1.40001
1.40001
1.40001
1.40001
1.40001
1.40001
1.40001
1.40001
1.40001
1.40001
1.40001
1.40001
1.40001
1.40001
1.40001
1.40001
1.40001
1.40001
1.40001
1.40001
1.40001
1.40001
1.40001
1.40001
1.40001
1.40001
1.40001
1.40001
1.40001
1.40001
1.40001
1.40001
1.40001
1.40001
1.40001
1.40001
1.40001
1.40001
1.40001
1.40001
1.40001
1.40001
1.40001
1.40001
1.40001
1.40001
1.40001
1.40001
1.40001
1.40001
1.40001
1.40001
1.40001
1.40001
1.40001
1.40001
1.40001
1.40001
1.40001
1.40001
1.40001
1.40001
1.40001
1.40001
1.40001
1.40001
1.40001
1.40001
1.40001
1.40001
1.40001
1.40001
1.40001
1.40001
1.40001
1.40001
1.40001
1.40001
1.40001
1.40001
1.40001
1.40001
1.40001
1.40001
1.40001
1.40001
1.40001
1.40001
1.40001
1.40001
1.40001
1.40001
1.40001
1.40001
1.40001
1.40001
1.40001
1.40001
1.40001
1.40001
1.40001
1.40001
1.40001
1.40001
1.40001
1.40001
1.40001
1.40001
1.40001
1.40001
1.40001
1.40001
1.40001
1.40001
1.40001
1.40001
1.40001
1.40001
1.40001
1.40001
1.40001
1.40001
1.40001
1.40001
1.40001
1.40001
1.40001
1.40001
1.40001
1.40001
1.40001
1.40001
1.40001
1.40001
1.40001
1.40001
1.40001
1.40001
1.40001
1.40001
1.40001
1.40001
1.40001
1.40001
1.40001
1.40001
1.40001
1.40001
1.40001
1.40001
1.40001
1.40001
1.40001
1.40001
1.40001
1.40001
1.40001
1.40001
1.40001
1.40001
1.40001
1.40001
1.40001
1.40001
1.40001
1.40001
1.40001
1.40001
1.40001
1.40001
1.40001
1.40001
1.40001
1.40001
1.40001
1.40001
1.40001
1.40001
1.40001
1.40001
1.40001
1.40001
1.40001
1.40001
1.40001
1.40001
1.40001
1.40001
1.40001
1.40001
1.40001
1.40001
1.40001
1.40001
1.40001
1.40001
1.40001
1.40001
1.40001
1.40001
1.40001
1.40001
1.40001
1.40001
1.40001
1.40001
1.40001
1.40001
1.40001
1.40001
1.40001
1.40001
1.40001
1.40001
1.40001
1.40001
1.40001
1.40001
1.40001
1.40001
1.40001
1.40001
1.40001
1.40001
1.40001
1.40001
1.40001
1.40001
1.40001
1.40001
1.40001
1.40001
1.40001
1.40001
1.40001
1.40001
1.40001
1.40001
1.40001
1.40001
1.40001
1.40001
1.40001
1.40001
1.40001
2.01573
1.39946
1.40001
1.40001
1.40001
1.40001
1.40001
1.40001
1.40001
1.40001
1.40001
1.40001
1.40001
1.40001
1.40001
1.40001
1.40001
1.40001
1.40001
1.40001
1.40001
1.40001
1.40001
1.40001
1.40001
1.40001
1.40001
1.40001
1.40001
1.40001
1.40001
1.40001
1.40001
1.40001
1.40001
3.21629
1.44323
1.40001
1.40001
1.40001
1.40001
1.40001
1.40001
1.40001
1.40001
1.40001
1.40001
1.40001
1.40001
1.40001
1.40001
1.40001
1.40001
1.40001
1.40001
1.40001
1.40001
1.40001
1.40001
1.40001
1.40001
1.40001
1.40001
1.40001
1.40001
1.40001
1.40001
1.40001
1.40001
1.40001
4.49933
1.77284
1.39968
1.40001
1.40001
1.40001
1.40001
1.40001
1.40001
1.40001
1.40001
1.40001
1.40001
1.40001
1.40001
1.40001
1.40001
1.40001
1.40001
1.40001
1.40001
1.40001
1.40001
1.40001
1.40001
1.40001
1.40001
1.40001
1.40001
1.40001
1.40001
1.40001
1.40001
1.40001
1.40001
5.98856
3.2207
1.48759
1.39997
1.40001
1.40001
1.40001
1.40001
1.40001
1.40001
1.40001
1.40001
1.40001
1.40001
1.40001
1.40001
1.40001
1.40001
1.40001
1.40001
1.40001
1.40001
1.40001
1.40001
1.40001
1.40001
1.40001
1.40001
1.40001
1.40001
1.40001
1.40001
1.40001
1.40001
1.40001
5.98343
4.72332
2.98895
1.47918
1.39996
1.40001
1.40001
1.40001
1.40001
1.40001
1.40001
1.40001
1.40001
1.40001
1.40001
1.40001
1.40001
1.40001
1.40001
1.40001
1.40001
1.40001
1.40001
1.40001
1.40001
1.40001
1.40001
1.40001
1.40001
1.40001
1.40001
1.40001
1.40001
1.40001
1.40001
5.15959
4.53544
4.44109
2.81298
1.45856
1.40001
1.40001
1.40001
1.40001
1.40001
1.40001
1.40001
1.40001
1.40001
1.40001
1.40001
1.40001
1.40001
1.40001
1.40001
1.40001
1.40001
1.40001
1.40001
1.40001
1.40001
1.40001
1.40001
1.40001
1.40001
1.40001
1.40001
1.40001
1.40001
1.40001
4.5272
4.39895
4.61435
4.21065
2.29281
1.39929
1.40001
1.40001
1.40001
1.40001
1.40001
1.40001
1.40001
1.40001
1.40001
1.40001
1.40001
1.40001
1.40001
1.40001
1.40001
1.40001
1.40001
1.40001
1.40001
1.40001
1.40001
1.40001
1.40001
1.40001
1.40001
1.40001
1.40001
1.40001
1.40001
4.29387
4.339
4.48138
4.28139
3.64734
1.80242
1.39962
1.40001
1.40001
1.40001
1.40001
1.40001
1.40001
1.40001
1.40001
1.40001
1.40001
1.40001
1.40001
1.40001
1.40001
1.40001
1.40001
1.40001
1.40001
1.40001
1.40001
1.40001
1.40001
1.40001
1.40001
1.40001
1.40001
1.40001
1.40001
4.2931
4.28528
4.22075
4.14396
4.17006
3.01407
1.50247
1.40001
1.40001
1.40001
1.40001
1.40001
1.40001
1.40001
1.40001
1.40001
1.40001
1.40001
1.40001
1.40001
1.40001
1.40001
1.40001
1.40001
1.40001
1.40001
1.40001
1.40001
1.40001
1.40001
1.40001
1.40001
1.40001
1.40001
1.40001
4.27021
4.25539
4.16557
4.15069
4.20341
3.82547
2.09113
1.39935
1.40001
1.40001
1.40001
1.40001
1.40001
1.40001
1.40001
1.40001
1.40001
1.40001
1.40001
1.40001
1.40001
1.40001
1.40001
1.40001
1.40001
1.40001
1.40001
1.40001
1.40001
1.40001
1.40001
1.40001
1.40001
1.40001
1.40001
4.27374
4.26346
4.20178
4.15616
4.17973
4.1444
3.28026
1.57605
1.3998
1.40001
1.40001
1.40001
1.40001
1.40001
1.40001
1.40001
1.40001
1.40001
1.40001
1.40001
1.40001
1.40001
1.40001
1.40001
1.40001
1.40001
1.40001
1.40001
1.40001
1.40001
1.40001
1.40001
1.40001
1.40001
1.40001
4.28712
4.28109
4.22469
4.16467
4.13706
4.12813
3.93595
2.34007
1.40352
1.40001
1.40001
1.40001
1.40001
1.40001
1.40001
1.40001
1.40001
1.40001
1.40001
1.40001
1.40001
1.40001
1.40001
1.40001
1.40001
1.40001
1.40001
1.40001
1.40001
1.40001
1.40001
1.40001
1.40001
1.40001
1.40001
4.31063
4.30084
4.23402
4.16685
4.11199
4.11344
4.07609
3.25705
1.58955
1.39984
1.40001
1.40001
1.40001
1.40001
1.40001
1.40001
1.40001
1.40001
1.40001
1.40001
1.40001
1.40001
1.40001
1.40001
1.40001
1.40001
1.40001
1.40001
1.40001
1.40001
1.40001
1.40001
1.40001
1.40001
1.40001
4.33489
4.31741
4.23562
4.1733
4.13034
4.1344
4.19005
3.99985
2.25671
1.39996
1.40001
1.40001
1.40001
1.40001
1.40001
1.40001
1.40001
1.40001
1.40001
1.40001
1.40001
1.40001
1.40001
1.40001
1.40001
1.40001
1.40001
1.40001
1.40001
1.40001
1.40001
1.40001
1.40001
1.40001
1.40001
4.35099
4.32247
4.23604
4.18606
4.15031
4.16099
4.20338
4.2283
3.31985
1.57872
1.40001
1.40001
1.40001
1.40001
1.40001
1.40001
1.40001
1.40001
1.40001
1.40001
1.40001
1.40001
1.40001
1.40001
1.40001
1.40001
1.40001
1.40001
1.40001
1.40001
1.40001
1.40001
1.40001
1.40001
1.40001
4.35064
4.31778
4.24118
4.19857
4.17202
4.18356
4.18323
4.20653
3.87587
2.16264
1.39919
1.40001
1.40001
1.40001
1.40001
1.40001
1.40001
1.40001
1.40001
1.40001
1.40001
1.40001
1.40001
1.40001
1.40001
1.40001
1.40001
1.40001
1.40001
1.40001
1.40001
1.40001
1.40001
1.40001
1.40001
4.34381
4.30867
4.24731
4.2029
4.18467
4.18638
4.18052
4.20772
4.21129
3.12202
1.50721
1.40001
1.40001
1.40001
1.40001
1.40001
1.40001
1.40001
1.40001
1.40001
1.40001
1.40001
1.40001
1.40001
1.40001
1.40001
1.40001
1.40001
1.40001
1.40001
1.40001
1.40001
1.40001
1.40001
1.40001
4.33041
4.2994
4.25293
4.20691
4.18844
4.18829
4.18657
4.22789
4.29733
3.92661
2.03571
1.39927
1.40001
1.40001
1.40001
1.40001
1.40001
1.40001
1.40001
1.40001
1.40001
1.40001
1.40001
1.40001
1.40001
1.40001
1.40001
1.40001
1.40001
1.40001
1.40001
1.40001
1.40001
1.40001
1.40001
4.31628
4.29094
4.25283
4.20752
4.18955
4.19025
4.1901
4.23146
4.2985
4.12419
2.88733
1.4656
1.40001
1.40001
1.40001
1.40001
1.40001
1.40001
1.40001
1.40001
1.40001
1.40001
1.40001
1.40001
1.40001
1.40001
1.40001
1.40001
1.40001
1.40001
1.40001
1.40001
1.40001
1.40001
1.40001
4.30669
4.2859
4.24993
4.20498
4.18758
4.19058
4.19336
4.23058
4.28381
4.21689
3.69501
1.80788
1.39952
1.40001
1.40001
1.40001
1.40001
1.40001
1.40001
1.40001
1.40001
1.40001
1.40001
1.40001
1.40001
1.40001
1.40001
1.40001
1.40001
1.40001
1.40001
1.40001
1.40001
1.40001
1.40001
4.30642
4.28546
4.24596
4.20368
4.18826
4.18895
4.19119
4.22679
4.27469
4.26813
4.20491
2.637
1.42624
1.40001
1.40001
1.40001
1.40001
1.40001
1.40001
1.40001
1.40001
1.40001
1.40001
1.40001
1.40001
1.40001
1.40001
1.40001
1.40001
1.40001
1.40001
1.40001
1.40001
1.40001
1.40001
4.30887
4.2878
4.24451
4.20536
4.19064
4.18758
4.18789
4.21677
4.26342
4.28276
4.23092
3.47862
1.67182
1.39969
1.40001
1.40001
1.40001
1.40001
1.40001
1.40001
1.40001
1.40001
1.40001
1.40001
1.40001
1.40001
1.40001
1.40001
1.40001
1.40001
1.40001
1.40001
1.40001
1.40001
1.40001
4.3105
4.29246
4.24511
4.20993
4.19408
4.18653
4.18625
4.21049
4.25472
4.28335
4.2319
3.97044
2.25503
1.40344
1.40001
1.40001
1.40001
1.40001
1.40001
1.40001
1.40001
1.40001
1.40001
1.40001
1.40001
1.40001
1.40001
1.40001
1.40001
1.40001
1.40001
1.40001
1.40001
1.40001
1.40001
4.31057
4.29519
4.24863
4.21522
4.19749
4.18672
4.18655
4.20897
4.2503
4.27099
4.24827
4.26737
3.15696
1.51524
1.40001
1.40001
1.40001
1.40001
1.40001
1.40001
1.40001
1.40001
1.40001
1.40001
1.40001
1.40001
1.40001
1.40001
1.40001
1.40001
1.40001
1.40001
1.40001
1.40001
1.40001
4.30925
4.29581
4.25309
4.21957
4.19961
4.18799
4.18901
4.21018
4.24934
4.26292
4.25822
4.30428
3.83794
1.95935
1.39932
1.40001
1.40001
1.40001
1.40001
1.40001
1.40001
1.40001
1.40001
1.40001
1.40001
1.40001
1.40001
1.40001
1.40001
1.40001
1.40001
1.40001
1.40001
1.40001
1.40001
4.30777
4.29355
4.25511
4.22159
4.20099
4.19084
4.19348
4.21394
4.25018
4.25917
4.24801
4.27794
4.07533
2.6711
1.4355
1.40001
1.40001
1.40001
1.40001
1.40001
1.40001
1.40001
1.40001
1.40001
1.40001
1.40001
1.40001
1.40001
1.40001
1.40001
1.40001
1.40001
1.40001
1.40001
1.40001
4.3069
4.28902
4.25516
4.22259
4.20227
4.19363
4.19641
4.21763
4.25041
4.25941
4.23898
4.25144
4.24081
3.48266
1.65211
1.39969
1.40001
1.40001
1.40001
1.40001
1.40001
1.40001
1.40001
1.40001
1.40001
1.40001
1.40001
1.40001
1.40001
1.40001
1.40001
1.40001
1.40001
1.40001
1.40001
4.3053
4.28505
4.25393
4.2231
4.2026
4.19493
4.19828
4.2192
4.25073
4.26207
4.24349
4.2544
4.30094
4.02786
2.24266
1.40369
1.40001
1.40001
1.40001
1.40001
1.40001
1.40001
1.40001
1.40001
1.40001
1.40001
1.40001
1.40001
1.40001
1.40001
1.40001
1.40001
1.40001
1.40001
1.40001
4.30151
4.28232
4.25183
4.22304
4.2026
4.19557
4.19966
4.21947
4.25125
4.26331
4.25156
4.25997
4.30312
4.14009
2.98609
1.49084
1.4
1.40001
1.40001
1.40001
1.40001
1.40001
1.40001
1.40001
1.40001
1.40001
1.40001
1.40001
1.40001
1.40001
1.40001
1.40001
1.40001
1.40001
1.40001
4.29488
4.28105
4.25082
4.22352
4.20315
4.19657
4.20071
4.21829
4.24949
4.26161
4.25602
4.26051
4.29021
4.21075
3.66736
1.79351
1.3995
1.40001
1.40001
1.40001
1.40001
1.40001
1.40001
1.40001
1.40001
1.40001
1.40001
1.40001
1.40001
1.40001
1.40001
1.40001
1.40001
1.40001
1.40001
4.28756
4.28048
4.25111
4.22434
4.20415
4.19788
4.20181
4.21659
4.24591
4.25732
4.25697
4.26016
4.27587
4.24585
4.1361
2.47823
1.41532
1.40001
1.40001
1.40001
1.40001
1.40001
1.40001
1.40001
1.40001
1.40001
1.40001
1.40001
1.40001
1.40001
1.40001
1.40001
1.40001
1.40001
1.40001
4.28461
4.2802
4.25189
4.22498
4.20567
4.19934
4.20341
4.2163
4.24358
4.25536
4.25857
4.25821
4.2746
4.275
4.18286
3.18941
1.5525
1.40001
1.40001
1.40001
1.40001
1.40001
1.40001
1.40001
1.40001
1.40001
1.40001
1.40001
1.40001
1.40001
1.40001
1.40001
1.40001
1.40001
1.40001
4.28514
4.27998
4.25311
4.22594
4.20742
4.20047
4.20471
4.21665
4.24217
4.25518
4.26008
4.25795
4.27268
4.28138
4.21941
3.75575
1.9091
1.39934
1.40001
1.40001
1.40001
1.40001
1.40001
1.40001
1.40001
1.40001
1.40001
1.40001
1.40001
1.40001
1.40001
1.40001
1.40001
1.40001
1.40001
4.28698
4.28034
4.25464
4.22783
4.20934
4.20126
4.2048
4.21613
4.24045
4.25512
4.26199
4.25996
4.27129
4.27726
4.22805
4.18123
2.64831
1.42861
1.40001
1.40001
1.40001
1.40001
1.40001
1.40001
1.40001
1.40001
1.40001
1.40001
1.40001
1.40001
1.40001
1.40001
1.40001
1.40001
1.40001
4.28929
4.281
4.2562
4.23056
4.21121
4.20182
4.2041
4.2146
4.23811
4.25425
4.26089
4.25893
4.26701
4.26544
4.23038
4.24924
3.30653
1.59729
1.39987
1.40001
1.40001
1.40001
1.40001
1.40001
1.40001
1.40001
1.40001
1.40001
1.40001
1.40001
1.40001
1.40001
1.40001
1.40001
1.40001
4.28987
4.28201
4.25724
4.23294
4.21243
4.20217
4.20289
4.21193
4.23512
4.25191
4.25745
4.25428
4.26079
4.26064
4.23143
4.22653
3.76659
1.9653
1.40001
1.40001
1.40001
1.40001
1.40001
1.40001
1.40001
1.40001
1.40001
1.40001
1.40001
1.40001
1.40001
1.40001
1.40001
1.40001
1.40001
4.2888
4.28226
4.25766
4.23367
4.21305
4.20223
4.20188
4.20862
4.23164
4.24859
4.25316
4.24907
4.25353
4.25554
4.23131
4.21233
4.14915
2.68972
1.43514
1.40001
1.40001
1.40001
1.40001
1.40001
1.40001
1.40001
1.40001
1.40001
1.40001
1.40001
1.40001
1.40001
1.40001
1.40001
1.40001
4.28535
4.2812
4.25727
4.23233
4.21181
4.20196
4.20111
4.20596
4.22762
4.24378
4.2478
4.24319
4.24499
4.24793
4.22514
4.20003
4.24272
3.31684
1.60426
1.39981
1.40001
1.40001
1.40001
1.40001
1.40001
1.40001
1.40001
1.40001
1.40001
1.40001
1.40001
1.40001
1.40001
1.40001
1.40001
4.28196
4.27731
4.25552
4.2294
4.20887
4.20075
4.19919
4.20244
4.22183
4.2368
4.24033
4.23494
4.23478
4.23782
4.21787
4.18744
4.22759
3.70496
1.94394
1.40032
1.40001
1.40001
1.40001
1.40001
1.40001
1.40001
1.40001
1.40001
1.40001
1.40001
1.40001
1.40001
1.40001
1.40001
1.40001
4.27876
4.27157
4.25177
4.22594
4.20552
4.19711
4.19425
4.19694
4.21399
4.22735
4.23029
4.22427
4.2228
4.227
4.21264
4.17657
4.18209
4.07049
2.56721
1.42648
1.4
1.40001
1.40001
1.40001
1.40001
1.40001
1.40001
1.40001
1.40001
1.40001
1.40001
1.40001
1.40001
1.40001
1.40001
4.27415
4.26532
4.24603
4.22145
4.20035
4.19075
4.18673
4.18903
4.20377
4.21547
4.21843
4.21268
4.20937
4.21446
4.20558
4.16664
4.15715
4.18993
3.22982
1.56301
1.4
1.40001
1.40001
1.40001
1.40001
1.40001
1.40001
1.40001
1.40001
1.40001
1.40001
1.40001
1.40001
1.40001
1.40001
4.26732
4.25774
4.23849
4.21487
4.19308
4.18266
4.17734
4.17892
4.19149
4.20217
4.20597
4.20078
4.19522
4.20054
4.19577
4.16153
4.13719
4.18489
3.57153
1.84599
1.40001
1.40001
1.40001
1.40001
1.40001
1.40001
1.40001
1.40001
1.40001
1.40001
1.40001
1.40001
1.40001
1.40001
1.40001
4.2583
4.24843
4.22951
4.20628
4.18428
4.1731
4.16653
4.16735
4.17797
4.18827
4.19275
4.18855
4.18108
4.18566
4.1851
4.15864
4.12259
4.13982
3.89901
2.30289
1.41128
1.4
1.40001
1.40001
1.40001
1.40001
1.40001
1.40001
1.40001
1.40001
1.40001
1.40001
1.40001
1.40001
1.40001
4.24747
4.23754
4.21939
4.19584
4.17408
4.16213
4.1547
4.15469
4.16383
4.17444
4.17997
4.17566
4.1666
4.16922
4.17291
4.15606
4.11273
4.11598
4.11534
2.96972
1.48805
1.40001
1.40001
1.40001
1.40001
1.40001
1.40001
1.40001
1.40001
1.40001
1.40001
1.40001
1.40001
1.40001
1.40001
4.23521
4.22532
4.20812
4.18401
4.16256
4.15002
4.142
4.14129
4.15016
4.16104
4.16689
4.16189
4.15122
4.15018
4.15905
4.14889
4.11112
4.09866
4.14092
3.40019
1.69413
1.39979
1.40001
1.40001
1.40001
1.40001
1.40001
1.40001
1.40001
1.40001
1.40001
1.40001
1.40001
1.40001
1.40001
4.22225
4.21228
4.19598
4.17133
4.15014
4.13709
4.12859
4.12771
4.13683
4.14833
4.15429
4.14953
4.13634
4.12959
4.14179
4.13926
4.11499
4.0872
4.10943
3.66719
2.00745
1.40242
1.4
1.40001
1.40001
1.40001
1.40001
1.40001
1.40001
1.40001
1.40001
1.40001
1.40001
1.40001
1.40001
4.20835
4.19867
4.18347
4.15883
4.13788
4.12435
4.1154
4.11473
4.12401
4.13602
4.14245
4.13811
4.12328
4.11156
4.1201
4.12778
4.11545
4.07918
4.06718
3.96414
2.51228
1.42682
1.40001
1.40001
1.40001
1.40001
1.40001
1.40001
1.40001
1.40001
1.40001
1.40001
1.40001
1.40001
1.40001
4.19551
4.1857
4.17079
4.14582
4.12452
4.1109
4.10238
4.10228
4.11117
4.12431
4.13197
4.128
4.11353
4.09865
4.09734
4.11201
4.10453
4.07309
4.05133
4.05113
3.06429
1.53005
1.39987
1.4
1.40001
1.40001
1.40001
1.40001
1.40001
1.40001
1.40001
1.40001
1.40001
1.40001
1.40001
4.18221
4.17313
4.15984
4.13529
4.1135
4.09922
4.09007
4.08896
4.0966
4.11076
4.11945
4.11616
4.1054
4.08971
4.0802
4.09247
4.09189
4.06706
4.04202
4.05325
3.3707
1.74208
1.40115
1.4
1.40001
1.40001
1.40001
1.40001
1.40001
1.40001
1.40001
1.40001
1.40001
1.40001
1.40001
4.16641
4.15486
4.13948
4.11602
4.09785
4.0871
4.0806
4.07927
4.08822
4.10318
4.11016
4.10593
4.09613
4.0791
4.06764
4.07355
4.07879
4.0627
4.04106
4.05637
3.70143
1.97411
1.38162
1.39983
1.4
1.40001
1.40001
1.40001
1.40001
1.40001
1.40001
1.40001
1.40001
1.40001
1.40001
2.08742
3.02405
3.47903
3.73855
3.88182
3.96289
4.00805
4.03419
4.05407
4.0734
4.09207
4.09823
4.0925
4.08056
4.06402
4.05663
4.06268
4.05994
4.04756
4.04126
3.97635
2.72682
1.50972
1.40117
1.40001
1.40001
1.40001
1.40001
1.40001
1.40001
1.40001
1.40001
1.40001
1.40001
1.40001
0.803008
1.93165
2.58993
3.03926
3.34918
3.58499
3.74419
3.85941
3.93488
3.99435
4.03784
4.06754
4.07921
4.07519
4.06399
4.05113
4.04681
4.05208
4.04052
4.03059
4.00875
3.34934
1.8243
1.41336
1.40009
1.40001
1.40001
1.40001
1.40001
1.40001
1.40001
1.40001
1.40001
1.40001
1.40001
0.359706
1.18126
1.81113
2.3423
2.7608
3.05224
3.32868
3.5292
3.69172
3.81399
3.91011
3.98418
4.03001
4.05218
4.05398
4.04411
4.0364
4.03741
4.02943
4.02865
4.02767
3.87969
2.48999
1.49067
1.40111
1.40001
1.40001
1.40001
1.40001
1.40001
1.40001
1.40001
1.40001
1.40001
1.40001
0.37475
0.879125
1.27906
1.73258
2.21374
2.57203
2.85774
3.11302
3.36113
3.53239
3.69939
3.81892
3.91687
3.98576
4.01771
4.02727
4.02408
4.01999
4.01726
4.02577
4.0315
4.00331
3.10993
1.72658
1.40959
1.40006
1.40001
1.40001
1.40001
1.40001
1.40001
1.40001
1.40001
1.40001
1.40001
0.465153
0.776306
1.00388
1.31566
1.68536
2.13336
2.45001
2.73773
2.97263
3.22924
3.414
3.58997
3.74218
3.85159
3.936
3.98079
4.00083
4.00267
4.00235
4.0155
4.04083
4.01927
3.54596
2.12729
1.44295
1.40042
1.40001
1.40001
1.40001
1.40001
1.40001
1.40001
1.40001
1.40001
1.40001
0.575723
0.687157
0.822728
1.131
1.36889
1.71401
2.0697
2.38922
2.63435
2.91014
3.12064
3.34082
3.50782
3.67029
3.80073
3.8852
3.94617
3.97394
3.98498
3.99725
4.04033
4.02096
3.90881
2.79647
1.57256
1.40291
1.40002
1.40001
1.40001
1.40001
1.40001
1.40001
1.40001
1.40001
1.40001
0.654603
0.617824
0.660334
0.980037
1.22636
1.42944
1.73927
2.04751
2.35428
2.56868
2.84338
3.06228
3.25974
3.46479
3.60951
3.75359
3.84519
3.91517
3.95455
3.97777
4.02813
4.01583
3.97861
3.24335
1.84863
1.41676
1.40012
1.40001
1.40001
1.40001
1.40001
1.40001
1.40001
1.40001
1.40001
0.687161
0.614902
0.614301
0.810931
1.08499
1.30654
1.52224
1.76972
2.08714
2.32033
2.57932
2.79036
3.03785
3.22606
3.4165
3.58548
3.71101
3.81939
3.89433
3.94798
4.00402
4.0125
3.95959
3.61668
2.27087
1.46251
1.40065
1.40001
1.40001
1.40001
1.40001
1.40001
1.40001
1.40001
1.40001
0.700585
0.63209
0.628277
0.715315
0.903015
1.18061
1.37534
1.57567
1.83297
2.11817
2.3287
2.5737
2.80892
2.99945
3.23241
3.38356
3.56499
3.68398
3.80304
3.89495
3.96644
4.00331
3.93713
3.88347
2.88575
1.61146
1.40396
1.40002
1.40001
1.40001
1.40001
1.40001
1.40001
1.40001
1.40001
0.711081
0.669685
0.682197
0.718417
0.75282
0.995811
1.22638
1.4247
1.61285
1.91022
2.12109
2.37251
2.57167
2.8148
3.01758
3.21104
3.38652
3.54168
3.6839
3.80871
3.91368
3.97714
3.92129
3.91442
3.26587
1.87317
1.41829
1.40013
1.40001
1.40001
1.40001
1.40001
1.40001
1.40001
1.40001
0.715067
0.712497
0.741057
0.732112
0.732649
0.833443
1.07776
1.30856
1.47745
1.69528
1.94297
2.15628
2.37673
2.62919
2.80595
3.05426
3.20352
3.40072
3.53645
3.70088
3.83697
3.93341
3.913
3.90152
3.57624
2.25093
1.45876
1.40058
1.40001
1.40001
1.40001
1.40001
1.40001
1.40001
1.40001
0.702799
0.720216
0.755061
0.73023
0.729484
0.805278
0.942212
1.18595
1.39035
1.53922
1.79142
1.98921
2.22328
2.42844
2.6522
2.86722
3.0622
3.2312
3.3997
3.57794
3.72941
3.86051
3.90519
3.88751
3.82148
2.81763
1.5855
1.40305
1.40002
1.40001
1.40001
1.40001
1.40001
1.40001
1.40001
0.68407
0.716643
0.752275
0.728004
0.725203
0.802805
0.861347
1.03193
1.28354
1.44522
1.64319
1.84948
2.07424
2.2616
2.51029
2.6684
2.91846
3.07024
3.2746
3.43882
3.62027
3.758
3.85918
3.87998
3.85302
3.15006
1.79987
1.41294
1.40008
1.40001
1.40001
1.40001
1.40001
1.40001
1.40001
0.668015
0.703421
0.743521
0.730438
0.730199
0.795071
0.842627
0.918595
1.12775
1.34921
1.49504
1.71375
1.90762
2.12697
2.34407
2.54109
2.74261
2.94344
3.12351
3.31145
3.50837
3.63241
3.7856
3.87159
3.84729
3.43794
2.11052
1.44021
1.40034
1.40001
1.40001
1.40001
1.40001
1.40001
1.40001
0.666579
0.689086
0.729856
0.729464
0.74063
0.779589
0.824336
0.907921
1.00664
1.2404
1.40377
1.58619
1.76981
1.9983
2.17984
2.42985
2.57671
2.81793
2.97013
3.19448
3.37162
3.52548
3.69313
3.83403
3.82934
3.71273
2.5777
1.5184
1.40149
1.40001
1.40001
1.40001
1.40001
1.40001
1.40001
0.67237
0.685933
0.723264
0.73255
0.741405
0.758336
0.797626
0.901299
0.977334
1.14656
1.33385
1.48821
1.6711
1.86105
2.05772
2.29796
2.48187
2.66585
2.85927
3.06118
3.2407
3.42485
3.57409
3.75779
3.81539
3.7684
2.90474
1.6683
1.40603
1.40003
1.40001
1.40001
1.40001
1.40001
1.40001
0.688703
0.690619
0.723471
0.737974
0.737158
0.736459
0.756291
0.864379
0.947454
1.05481
1.2601
1.41241
1.59049
1.75248
1.95373
2.12811
2.37777
2.52566
2.75829
2.92838
3.13747
3.30184
3.45934
3.6664
3.79224
3.75834
3.25467
1.89435
1.41928
1.40013
1.40001
1.40001
1.40001
1.40001
1.40001
0.701718
0.706021
0.731071
0.743482
0.737071
0.721544
0.727034
0.80186
0.90174
0.987605
1.15242
1.32412
1.48916
1.66198
1.84772
2.00421
2.24861
2.43545
2.62969
2.82677
3.02787
3.17675
3.37296
3.56543
3.74489
3.73468
3.52672
2.24548
1.45513
1.40048
1.40001
1.40001
1.40001
1.40001
1.40001
0.700622
0.711062
0.736741
0.750822
0.74251
0.720476
0.723951
0.76551
0.858133
0.960377
1.05521
1.23273
1.38933
1.5712
1.74443
1.93651
2.09212
2.33856
2.49589
2.73176
2.89571
3.08161
3.27895
3.44645
3.66569
3.7211
3.57668
2.59664
1.54073
1.40193
1.40001
1.40001
1.40001
1.40001
1.40001
0.690524
0.707857
0.736239
0.758957
0.75211
0.725347
0.725558
0.751373
0.822749
0.941404
1.03326
1.17303
1.32116
1.48703
1.65624
1.86342
2.00884
2.22976
2.41283
2.61895
2.78602
2.99031
3.15891
3.35067
3.57957
3.70861
3.62908
2.85536
1.66681
1.4063
1.40003
1.40001
1.40001
1.40001
1.40001
0.66872
0.69621
0.73208
0.762521
0.758668
0.739049
0.731557
0.747487
0.779733
0.902246
1.00572
1.11962
1.26612
1.41487
1.57489
1.7628
1.94677
2.09691
2.33212
2.50035
2.70691
2.87806
3.04859
3.27227
3.47551
3.67168
3.65055
3.20407
1.8766
1.41724
1.40011
1.40001
1.40001
1.40001
1.40001
0.655219
0.679071
0.722095
0.75962
0.760401
0.754488
0.744563
0.746407
0.751411
0.830481
0.952048
1.05556
1.20316
1.34126
1.49648
1.63897
1.86037
2.01366
2.24
2.41901
2.62285
2.76374
2.97455
3.17697
3.36028
3.60273
3.65248
3.40084
2.19291
1.44987
1.4004
1.40001
1.40001
1.40001
1.40001
0.655843
0.67164
0.708735
0.751083
0.761418
0.761434
0.757345
0.749528
0.750826
0.788303
0.89154
1.00538
1.13026
1.27731
1.42655
1.57739
1.75955
1.95131
2.11782
2.33986
2.51428
2.68508
2.89762
3.05772
3.27697
3.51773
3.63355
3.45309
2.43353
1.50956
1.40139
1.40001
1.40001
1.40001
1.40001
0.665421
0.672623
0.700888
0.737542
0.758457
0.762087
0.760836
0.75322
0.754792
0.789597
0.866881
0.977001
1.09006
1.22866
1.37064
1.52894
1.68002
1.88837
2.03952
2.25709
2.40843
2.61307
2.79677
2.97496
3.19806
3.42428
3.59061
3.50625
2.69952
1.59997
1.40374
1.40002
1.40001
1.40001
1.40001
0.682712
0.68192
0.699154
0.727503
0.750056
0.7584
0.758345
0.749604
0.751339
0.787746
0.845134
0.950267
1.05645
1.18343
1.31645
1.47456
1.61333
1.79968
1.9866
2.15417
2.33652
2.52992
2.69513
2.91887
3.0943
3.3064
3.53595
3.52715
3.0388
1.77766
1.4108
1.40006
1.40001
1.40001
1.40001
0.688714
0.690408
0.699278
0.723809
0.745155
0.749491
0.748771
0.739462
0.741424
0.774719
0.812657
0.908081
1.01837
1.12688
1.25709
1.39823
1.55146
1.70078
1.92321
2.07969
2.27195
2.42391
2.62558
2.85008
3.00012
3.22401
3.47304
3.52404
3.1546
1.9709
1.42797
1.40019
1.40001
1.40001
1.40001
0.685187
0.690133
0.701279
0.722124
0.744308
0.746831
0.742944
0.732884
0.736846
0.762447
0.788775
0.852948
0.966469
1.07638
1.20152
1.34054
1.5021
1.64377
1.84172
2.02112
2.19689
2.34359
2.56207
2.75157
2.94263
3.16066
3.40689
3.50758
3.25115
2.17369
1.45651
1.40052
1.40001
1.40001
1.40001
0.672945
0.685273
0.701656
0.722949
0.746141
0.748854
0.743856
0.733517
0.738496
0.761126
0.78527
0.841797
0.931096
1.04184
1.16143
1.2948
1.45098
1.60669
1.74549
1.95666
2.10356
2.28572
2.48836
2.65713
2.88635
3.07295
3.3254
3.47263
3.37114
2.47863
1.51811
1.40147
1.40001
1.40001
1.40001
0.65612
0.675223
0.701429
0.725625
0.750403
0.7549
0.748366
0.736288
0.739291
0.756011
0.778181
0.835409
0.905477
1.00879
1.12388
1.25181
1.39152
1.56303
1.69879
1.88596
2.0364
2.22625
2.39626
2.60273
2.81706
2.97468
3.2285
3.43284
3.4039
2.67165
1.60983
1.40415
1.40002
1.40001
1.40001
0.650892
0.666266
0.700225
0.725765
0.749711
0.75688
0.753009
0.740234
0.736765
0.743918
0.759309
0.817199
0.878666
0.973495
1.08469
1.20469
1.32131
1.4896
1.66164
1.80423
1.98303
2.15137
2.32743
2.55024
2.72428
2.9184
3.1564
3.39342
3.39432
2.83551
1.72082
1.40923
1.40005
1.40001
1.40001
0.65277
0.664513
0.698348
0.724008
0.744626
0.75415
0.752084
0.743052
0.734501
0.731731
0.7386
0.785085
0.850269
0.933432
1.04167
1.16143
1.28727
1.42638
1.61557
1.75729
1.93258
2.07042
2.27459
2.4828
2.65126
2.86691
3.08379
3.34224
3.37113
3.06281
1.9109
1.42126
1.40013
1.40001
1.40001
0.661566
0.666459
0.696705
0.719377
0.734886
0.747449
0.749247
0.746452
0.735442
0.72961
0.736081
0.774947
0.833432
0.913542
1.01327
1.12891
1.25688
1.38489
1.5499
1.71295
1.86822
2.01928
2.22056
2.39137
2.60414
2.7962
2.97917
3.27076
3.3536
3.1396
2.08582
1.44528
1.40036
1.40001
1.40001
0.672965
0.674367
0.694766
0.714104
0.724467
0.738786
0.747165
0.746696
0.738907
0.731039
0.737505
0.769934
0.81825
0.895979
0.98679
1.09478
1.22168
1.35794
1.49001
1.66523
1.7971
1.97249
2.15231
2.32803
2.55434
2.70803
2.90265
3.18733
3.33704
3.17454
2.25
1.47965
1.40089
1.40001
1.40001
0.676183
0.679431
0.692649
0.71114
0.720642
0.732991
0.744892
0.745491
0.740665
0.73041
0.736342
0.760203
0.79798
0.873414
0.959164
1.05983
1.17283
1.31269
1.44662
1.6085
1.74963
1.92349
2.08137
2.28518
2.48817
2.65344
2.86088
3.1171
3.31097
3.23098
2.49219
1.54071
1.40208
1.40001
1.40001
0.674757
0.678942
0.689807
0.709428
0.720195
0.731507
0.74154
0.742893
0.739556
0.728815
0.732906
0.747922
0.770563
0.837496
0.925383
1.02399
1.13203
1.26439
1.40791
1.54391
1.7047
1.85696
2.0337
2.23831
2.40423
2.61467
2.80285
3.04459
3.27577
3.25427
2.64133
1.6283
1.40493
1.40003
1.40001
0.667326
0.675204
0.68683
0.708617
0.720779
0.731178
0.73905
0.739877
0.737918
0.729589
0.733577
0.746436
0.759923
0.81363
0.900287
1.00027
1.11143
1.23374
1.3743
1.50301
1.66358
1.79657
1.98823
2.17423
2.3514
2.56831
2.71986
2.95643
3.23518
3.24751
2.76382
1.72485
1.41016
1.40006
1.40001
0.656225
0.668783
0.686493
0.709526
0.723775
0.731194
0.737158
0.737811
0.736028
0.729794
0.734602
0.743853
0.753933
0.804669
0.879453
0.976072
1.08677
1.20704
1.34217
1.47057
1.60996
1.75845
1.94253
2.09975
2.31205
2.50385
2.66944
2.89505
3.18199
3.23523
2.9345
1.86568
1.41972
1.40013
1.40001
0.652971
0.663834
0.686887
0.711259
0.726184
0.730168
0.734639
0.735895
0.733161
0.729661
0.732417
0.736665
0.745803
0.794718
0.859325
0.950512
1.05578
1.17582
1.29615
1.43811
1.55641
1.7208
1.88211
2.05716
2.26898
2.4316
2.63423
2.84285
3.12187
3.21008
2.99093
2.02227
1.43842
1.4003
1.40001
0.654136
0.662487
0.687292
0.711176
0.725633
0.727972
0.731372
0.733856
0.73159
0.729425
0.727432
0.726254
0.73327
0.779024
0.834009
0.916335
1.0118
1.12968
1.24935
1.39241
1.52259
1.68189
1.8326
2.0215
2.20733
2.38725
2.5868
2.76746
3.05361
3.1887
3.02867
2.14575
1.46465
1.40066
1.40001
0.659782
0.663529
0.686436
0.709465
0.722921
0.7246
0.72785
0.732013
0.731194
0.729547
0.724853
0.722105
0.726957
0.769901
0.821464
0.896648
0.991339
1.10472
1.22234
1.34604
1.48945
1.6272
1.79789
1.98285
2.13968
2.35044
2.51655
2.68951
2.97899
3.16683
3.08638
2.31178
1.50311
1.40136
1.40001
0.667441
0.667286
0.68435
0.705459
0.717996
0.720907
0.72521
0.730562
0.73107
0.730163
0.724776
0.721339
0.726714
0.765176
0.812533
0.885701
0.977874
1.08398
1.20141
1.31503
1.45996
1.58786
1.76137
1.92601
2.10158
2.30954
2.45729
2.65197
2.91493
3.13753
3.09754
2.48102
1.56481
1.40288
1.40002
0.669717
0.669643
0.681932
0.700635
0.714689
0.719662
0.723316
0.728809
0.730752
0.731189
0.724059
0.718357
0.724009
0.756545
0.799402
0.870506
0.960035
1.06142
1.17622
1.28716
1.41634
1.55814
1.72394
1.87165
2.06707
2.25004
2.42383
2.61293
2.8569
3.1049
3.0961
2.57076
1.63467
1.40573
1.40003
0.667647
0.669981
0.68009
0.697747
0.714227
0.719741
0.722323
0.726913
0.729891
0.730788
0.721398
0.713084
0.717615
0.740983
0.777308
0.846524
0.930763
1.0309
1.13071
1.25676
1.3702
1.52557
1.67294
1.83955
2.02946
2.18196
2.3869
2.55043
2.78183
3.06986
3.08984
2.67914
1.71622
1.41028
1.40006
0.661069
0.66786
0.679358
0.697059
0.714791
0.720983
0.722056
0.72489
0.728273
0.72909
0.719222
0.712014
0.715214
0.731264
0.754225
0.819074
0.900721
0.999826
1.09787
1.21889
1.34245
1.49223
1.63565
1.80787
1.97398
2.14703
2.34065
2.48739
2.7166
3.02359
3.07874
2.80948
1.83074
1.41846
1.40012
0.652351
0.663941
0.679751
0.697435
0.71746
0.722028
0.721464
0.722589
0.725722
0.726656
0.71916
0.712549
0.715542
0.731373
0.751589
0.813336
0.88974
0.983956
1.07982
1.18692
1.31727
1.44593
1.6058
1.77446
1.9221
2.11937
2.27935
2.45775
2.67493
2.97084
3.06071
2.842
1.94187
1.43201
1.40024
0.649011
0.661021
0.680756
0.699345
0.719535
0.721381
0.720194
0.720308
0.723059
0.72453
0.718978
0.712615
0.716328
0.730577
0.748752
0.807062
0.878322
0.966726
1.06471
1.16569
1.29677
1.4177
1.57506
1.72396
1.89131
2.08624
2.24154
2.42655
2.62631
2.91415
3.03925
2.87162
2.04248
1.45035
1.40048
0.648949
0.66003
0.680803
0.699635
0.718826
0.720152
0.718402
0.718916
0.721759
0.722101
0.717459
0.710985
0.715003
0.724755
0.740229
0.794932
0.862447
0.946641
1.04564
1.14597
1.26557
1.39575
1.54463
1.6822
1.86076
2.03078
2.20854
2.38038
2.55175
2.85161
3.01884
2.92717
2.16855
1.4765
1.40091
0.650992
0.65975
0.679367
0.698381
0.715664
0.718543
0.717446
0.718276
0.720832
0.7191
0.714712
0.70999
0.713406
0.717176
0.727108
0.773752
0.83449
0.916057
1.00741
1.12163
1.23266
1.37013
1.50249
1.65639
1.82934
1.97443
2.17027
2.31752
2.49931
2.7932
2.99608
2.94131
2.29232
1.51416
1.40173
0.655531
0.660344
0.67658
0.695683
0.710354
0.716486
0.71716
0.717937
0.719675
0.71683
0.714142
0.710204
0.713587
0.716043
0.72279
0.765347
0.817088
0.896937
0.982231
1.09344
1.20904
1.34324
1.47327
1.62939
1.78395
1.95024
2.13096
2.28299
2.47162
2.73966
2.96966
2.94102
2.38281
1.55999
1.40311
0.657402
0.659963
0.672363
0.690808
0.704913
0.715117
0.717274
0.717798
0.71811
0.71526
0.714149
0.711339
0.714347
0.715272
0.721319
0.762716
0.809604
0.88647
0.969033
1.06893
1.18547
1.30572
1.44694
1.60078
1.74029
1.92395
2.0882
2.25558
2.43527
2.68567
2.93871
2.93569
2.46349
1.61551
1.40554
0.654344
0.660787
0.672851
0.690948
0.704909
0.715183
0.717742
0.717476
0.716648
0.714137
0.714149
0.712802
0.714241
0.714107
0.720785
0.761961
0.806794
0.882071
0.963505
1.05796
1.17281
1.28139
1.42981
1.58217
1.72464
1.90435
2.06196
2.2336
2.40554
2.64542
2.91659
2.9302
2.51876
1.65675
1.40764
0.658314
0.662015
0.673212
0.691105
0.705005
0.715493
0.717785
0.717148
0.715747
0.713509
0.71403
0.713631
0.7139
0.712644
0.719751
0.760289
0.804593
0.878695
0.959919
1.05188
1.16869
1.2779
1.41939
1.56415
1.71678
1.89038
2.04812
2.21719
2.37794
2.61045
2.90017
2.92702
2.56899
1.68461
1.40929
0.667713
0.664117
0.673447
0.691489
0.705379
0.716212
0.717515
0.716766
0.714868
0.71264
0.713664
0.713935
0.712884
0.710159
0.717546
0.757154
0.800581
0.872637
0.95453
1.04501
1.16385
1.27751
1.40918
1.53491
1.70498
1.87323
2.02421
2.19832
2.33979
2.58971
2.88727
2.92219
2.62857
1.71772
1.41142
0.681883
0.668482
0.674167
0.691802
0.706238
0.717098
0.717026
0.716098
0.713622
0.711273
0.713032
0.713584
0.710722
0.706034
0.712842
0.75123
0.793283
0.864136
0.94817
1.03803
1.15086
1.27099
1.40047
1.52533
1.69176
1.85251
1.99579
2.17734
2.32741
2.57742
2.87355
2.91267
2.63636
1.75692
1.41447
0.698831
0.675943
0.676463
0.692194
0.707037
0.717021
0.716388
0.7147
0.711705
0.710156
0.712135
0.712678
0.707999
0.70221
0.707801
0.742347
0.783743
0.853847
0.939536
1.03095
1.13604
1.25662
1.38879
1.52055
1.67808
1.8268
1.98678
2.15004
2.31551
2.55444
2.84989
2.90241
2.64788
1.80155
1.41875
0.714821
0.689658
0.68106
0.692962
0.707915
0.716267
0.715534
0.712588
0.709505
0.709429
0.711392
0.711952
0.706097
0.70146
0.707259
0.737107
0.774867
0.84133
0.924217
1.02006
1.1235
1.24249
1.36874
1.5118
1.66345
1.79784
1.97627
2.13169
2.30039
2.52408
2.82255
2.89567
2.67592
1.8467
1.4243
0.736933
0.710583
0.685314
0.694972
0.708763
0.714871
0.714254
0.709636
0.707156
0.708413
0.711062
0.711801
0.705844
0.701865
0.70791
0.736368
0.769979
0.833037
0.908466
1.0044
1.1114
1.23221
1.34967
1.49901
1.6484
1.78582
1.9618
2.11957
2.28484
2.49617
2.79701
2.8866
2.69238
1.89165
1.43132
0.756369
0.733187
0.693398
0.699642
0.708777
0.713105
0.712013
0.707
0.70658
0.707868
0.711098
0.712015
0.706581
0.703841
0.710983
0.737532
0.76572
0.827887
0.897731
0.997156
1.10401
1.22392
1.34255
1.4816
1.62817
1.78006
1.94462
2.0951
2.26059
2.46293
2.76601
2.87337
2.71522
1.94776
1.44044
0.780194
0.758247
0.709796
0.701685
0.708258
0.711001
0.709365
0.706417
0.706649
0.707984
0.711343
0.712397
0.707753
0.705619
0.715898
0.739191
0.765327
0.828658
0.896485
0.994251
1.09626
1.20817
1.33354
1.4653
1.59633
1.76274
1.92037
2.06756
2.23077
2.42405
2.73243
2.86219
2.73653
2.00841
1.45289
0.796096
0.780907
0.734365
0.70437
0.706974
0.708545
0.708392
0.70641
0.706966
0.708097
0.711103
0.712121
0.707387
0.704954
0.715921
0.737745
0.763643
0.827977
0.895996
0.988074
1.08726
1.19244
1.31518
1.45141
1.58097
1.73635
1.88917
2.0434
2.20498
2.39515
2.69725
2.84857
2.75701
2.07387
1.46909
0.795403
0.800689
0.765299
0.71124
0.704586
0.706851
0.70815
0.706514
0.706939
0.707816
0.709781
0.709983
0.703752
0.70067
0.711541
0.72871
0.753498
0.818882
0.887845
0.976788
1.07726
1.18232
1.29751
1.42628
1.56766
1.71624
1.85546
2.02141
2.1749
2.36699
2.66203
2.83129
2.76625
2.14138
1.49151
0.801146
0.818764
0.789347
0.721518
0.703936
0.706259
0.70804
0.706671
0.706308
0.706687
0.707783
0.706792
0.701261
0.698654
0.707034
0.718118
0.740462
0.802347
0.870361
0.959894
1.06221
1.16817
1.28181
1.405
1.54684
1.68538
1.83468
2.00014
2.14099
2.33171
2.61853
2.80868
2.76406
2.20863
1.5201
0.821622
0.841495
0.814062
0.73793
0.704679
0.706298
0.707578
0.70693
0.706024
0.705919
0.70647
0.705373
0.701707
0.699311
0.706149
0.714455
0.73354
0.791161
0.852726
0.93979
1.04273
1.15035
1.2602
1.3875
1.52536
1.65747
1.81293
1.96558
2.11488
2.29308
2.57157
2.78126
2.76306
2.27459
1.55705
0.861774
0.869036
0.838943
0.758738
0.708237
0.705875
0.706764
0.706911
0.705856
0.705255
0.705836
0.704843
0.70195
0.699691
0.706241
0.713636
0.733073
0.790931
0.849429
0.933979
1.02869
1.13269
1.24299
1.36841
1.49404
1.63576
1.78391
1.92484
2.08427
2.24906
2.51906
2.75828
2.76127
2.34297
1.60262
0.896542
0.908982
0.875711
0.792281
0.719547
0.704435
0.705147
0.705648
0.704568
0.70381
0.704701
0.703667
0.701003
0.698326
0.703754
0.708858
0.729924
0.789059
0.846204
0.928775
1.01765
1.1166
1.2257
1.3451
1.46904
1.60819
1.74143
1.89045
2.04048
2.20786
2.46695
2.73371
2.75224
2.40726
1.66254
0.919875
0.953649
0.921622
0.832758
0.739285
0.705149
0.702416
0.702748
0.702445
0.70149
0.701902
0.700474
0.697721
0.693834
0.695871
0.697519
0.716484
0.776469
0.834435
0.916251
1.00209
1.09812
1.20522
1.32101
1.44688
1.57812
1.71101
1.85849
2.00111
2.16604
2.41231
2.6968
2.732
2.45736
1.73443
0.906941
0.985192
0.964817
0.892187
0.781052
0.710781
0.701656
0.701008
0.700254
0.698762
0.698248
0.696741
0.694545
0.690935
0.690618
0.689143
0.709586
0.762682
0.817665
0.899263
0.983867
1.07806
1.18123
1.29751
1.41933
1.54531
1.68192
1.82195
1.96894
2.12716
2.35916
2.65032
2.70801
2.49847
1.81985
0.885674
0.978288
0.986185
0.958189
0.841028
0.728674
0.702184
0.699551
0.697859
0.695466
0.694237
0.69348
0.69234
0.689089
0.688287
0.686138
0.70787
0.757234
0.806174
0.885105
0.966958
1.05965
1.15862
1.27331
1.39089
1.51478
1.64848
1.78614
1.93058
2.08213
2.30361
2.60351
2.6892
2.52716
1.91733
0.867507
0.959101
1.00102
0.985704
0.901459
0.774196
0.708054
0.69734
0.693722
0.690706
0.689743
0.689606
0.689126
0.6859
0.685035
0.683636
0.705433
0.751305
0.797388
0.87268
0.949257
1.03957
1.13588
1.24677
1.36087
1.48258
1.61089
1.74777
1.88904
2.0367
2.24215
2.54751
2.66565
2.55436
2.02797
0.872128
0.943903
1.00169
0.996447
0.959726
0.843984
0.724086
0.694252
0.689485
0.685845
0.684599
0.684531
0.683991
0.680756
0.680111
0.680889
0.704212
0.74218
0.786257
0.860579
0.932492
1.02008
1.11365
1.22011
1.33032
1.44821
1.57109
1.70192
1.83951
1.98644
2.18444
2.48776
2.63715
2.56259
2.1507
0.8837
0.936288
0.992719
0.999258
0.990086
0.908441
0.772336
0.698261
0.684168
0.680712
0.679449
0.679044
0.678071
0.675225
0.674465
0.676105
0.700182
0.731077
0.772049
0.845207
0.914564
1.00022
1.09014
1.19227
1.29797
1.41173
1.53046
1.6572
1.79287
1.93559
2.12085
2.41695
2.60106
2.56147
2.28046
0.891293
0.936842
0.979487
1.00132
0.999441
0.968995
0.842783
0.716217
0.680942
0.675709
0.674089
0.673409
0.672712
0.670825
0.669801
0.673785
0.694533
0.720376
0.75858
0.82886
0.89502
0.980155
1.06575
1.16323
1.26466
1.37361
1.48825
1.61139
1.74533
1.88822
2.06449
2.34427
2.55892
2.54946
2.4152
0.888962
0.939367
0.96799
0.993982
0.992188
0.971808
0.906569
0.773956
0.687452
0.667599
0.666532
0.666261
0.666431
0.665724
0.666794
0.672506
0.688849
0.708817
0.746595
0.814691
0.875392
0.958917
1.04055
1.1332
1.2315
1.33628
1.44821
1.56794
1.69735
1.83476
2.00321
2.2724
2.51914
2.53341
2.54911
0.880246
0.934691
0.953512
0.971878
0.976964
0.968542
0.948878
0.845305
0.716192
0.664267
0.658998
0.659074
0.659646
0.66035
0.663296
0.67007
0.683823
0.698472
0.735659
0.799617
0.855034
0.936143
1.01455
1.10118
1.19606
1.29699
1.40404
1.52024
1.64771
1.78393
1.94186
2.19278
2.46523
2.51864
2.67422
0.872422
0.924703
0.941916
0.950995
0.959837
0.959763
0.956833
0.908047
0.775935
0.673807
0.650324
0.651225
0.652795
0.655882
0.659821
0.66591
0.676571
0.687867
0.725502
0.783977
0.835464
0.913629
0.987733
1.07111
1.16137
1.25812
1.36023
1.47081
1.59387
1.72935
1.88575
2.12114
2.40582
2.50911
2.78717
0.873952
0.918594
0.933802
0.940223
0.944375
0.946433
0.944704
0.916778
0.856736
0.715219
0.649457
0.643382
0.646071
0.650384
0.654678
0.65906
0.666092
0.677283
0.713858
0.763991
0.814171
0.891214
0.959234
1.03923
1.1269
1.21826
1.31689
1.42384
1.5434
1.67359
1.82254
2.04272
2.33749
2.50809
2.88101
0.870971
0.910409
0.934647
0.941733
0.940872
0.938449
0.93121
0.926549
0.915563
0.788412
0.66795
0.632891
0.638666
0.643548
0.647656
0.650162
0.655594
0.667763
0.700323
0.746805
0.794097
0.868351
0.930948
1.00712
1.09153
1.17714
1.27097
1.3738
1.49054
1.62096
1.76497
1.9673
2.2611
2.49727
2.96171
0.863696
0.906393
0.941417
0.946612
0.944528
0.936624
0.924734
0.918761
0.915286
0.863429
0.732876
0.639361
0.627405
0.634569
0.638407
0.638611
0.642938
0.657142
0.689248
0.728223
0.772933
0.844268
0.902174
0.976238
1.05453
1.13618
1.22648
1.32413
1.43586
1.56356
1.70568
1.89615
2.18621
2.49221
3.01843
0.861223
0.905088
0.943873
0.950738
0.948493
0.938064
0.927169
0.919961
0.922845
0.908854
0.807264
0.672506
0.621655
0.618146
0.624978
0.625952
0.633862
0.650127
0.675329
0.708657
0.752947
0.820823
0.876215
0.947776
1.02109
1.10016
1.18615
1.28064
1.38939
1.51322
1.65068
1.83019
2.11702
2.48107
3.07948
0.863412
0.91217
0.948616
0.963132
0.962655
0.956309
0.947109
0.939974
0.9397
0.930641
0.89024
0.801396
0.673021
0.617586
0.608864
0.608996
0.619808
0.633059
0.64914
0.678588
0.723967
0.780684
0.833346
0.900875
0.966468
1.04113
1.12028
1.20964
1.31418
1.4347
1.56699
1.73148
2.00997
2.4361
3.07355
)
;

boundaryField
{
    inlet
    {
        type            calculated;
        value           uniform 1.40001;
    }
    outlet
    {
        type            calculated;
        value           nonuniform List<scalar> 
70
(
0.863301
0.912066
0.948598
0.963178
0.962712
0.956351
0.947145
0.940021
0.939799
0.930747
0.890355
0.801542
0.673165
0.617704
0.608977
0.60911
0.61992
0.633126
0.64919
0.678639
0.723988
0.780707
0.833354
0.900876
0.966462
1.04112
1.12027
1.20962
1.31418
1.43474
1.56705
1.73153
2.01005
2.43672
3.07492
0.808017
0.768758
0.750013
0.74658
0.754912
0.777791
0.826747
0.891466
0.901483
0.778103
0.436998
0.345538
0.367439
0.392107
0.427415
0.458795
0.491174
0.535128
0.580528
0.640293
0.696253
0.763574
0.843672
0.927811
1.02597
1.13498
1.25699
1.4044
1.59672
1.77995
1.82674
1.78348
1.60125
1.43476
1.40144
)
;
    }
    airfoil
    {
        type            calculated;
        value           nonuniform List<scalar> 
200
(
0.142107
0.142685
0.144122
0.14554
0.146139
0.145353
0.143014
0.140508
0.13972
0.139877
0.141193
0.143278
0.144866
0.145369
0.143542
0.139001
0.135412
0.134264
0.13452
0.137397
0.142453
0.145915
0.146905
0.145523
0.140571
0.137594
0.137098
0.138707
0.142879
0.144534
0.140444
0.129829
0.124937
0.125519
0.12902
0.132752
0.138557
0.1453
0.145005
0.141483
0.137172
0.133207
0.126553
0.0982852
0.0612539
0.0282186
0.0237626
0.16163
0.507425
1.20932
2.14971
2.14744
2.14662
2.14671
2.14752
2.15114
2.1549
2.15658
2.15691
2.1558
2.15128
2.14732
2.14573
2.14554
2.14768
2.15268
2.15617
2.15766
2.15782
2.15497
2.15022
2.14684
2.14493
2.14449
2.14593
2.14959
2.15261
2.15458
2.15571
2.15549
2.15245
2.14964
2.14834
2.14695
2.14331
2.13807
2.13311
2.12854
2.12417
2.12409
2.14731
2.18619
2.22171
2.30729
2.38402
2.4061
2.30269
2.13522
1.89429
1.59581
2.01573
3.21629
4.49933
5.98856
5.98343
5.15959
4.5272
4.29387
4.2931
4.27021
4.27374
4.28712
4.31063
4.33489
4.35099
4.35064
4.34381
4.33041
4.31628
4.30669
4.30642
4.30887
4.3105
4.31057
4.30925
4.30777
4.3069
4.3053
4.30151
4.29488
4.28756
4.28461
4.28514
4.28698
4.28929
4.28987
4.2888
4.28535
4.28196
4.27876
4.27415
4.26732
4.2583
4.24747
4.23521
4.22225
4.20835
4.19551
4.18221
4.16641
2.08742
0.803008
0.359706
0.37475
0.465153
0.575723
0.654603
0.687161
0.700585
0.711081
0.715067
0.702799
0.68407
0.668015
0.666579
0.67237
0.688703
0.701718
0.700622
0.690524
0.66872
0.655219
0.655843
0.665421
0.682712
0.688714
0.685187
0.672945
0.65612
0.650892
0.65277
0.661566
0.672965
0.676183
0.674757
0.667326
0.656225
0.652971
0.654136
0.659782
0.667441
0.669717
0.667647
0.661069
0.652351
0.649011
0.648949
0.650992
0.655531
0.657402
)
;
    }
    top
    {
        type            symmetryPlane;
    }
    bottom
    {
        type            symmetryPlane;
    }
    defaultFaces
    {
        type            empty;
    }
}


// ************************************************************************* //
