/*--------------------------------*- C++ -*----------------------------------*\
  =========                 |
  \\      /  F ield         | OpenFOAM: The Open Source CFD Toolbox
   \\    /   O peration     | Website:  https://openfoam.org
    \\  /    A nd           | Version:  7
     \\/     M anipulation  |
\*---------------------------------------------------------------------------*/
FoamFile
{
    version     2.0;
    format      ascii;
    class       volScalarField;
    location    "1.1";
    object      p;
}
// * * * * * * * * * * * * * * * * * * * * * * * * * * * * * * * * * * * * * //

dimensions      [1 -1 -2 0 0 0 0];

internalField   nonuniform List<scalar> 
11200
(
0.293381
0.46128
0.632019
0.782572
0.917611
1.04404
1.12597
1.20702
1.26255
1.23449
1.21915
1.16812
1.06632
1.00492
0.958594
0.939104
0.919878
0.891042
0.856149
0.819534
0.798875
0.795784
0.799434
0.807783
0.813975
0.818381
0.82621
0.831822
0.839497
0.854212
0.132889
0.139108
0.159038
0.211415
0.305919
0.410821
0.540987
0.701018
0.817707
0.938838
1.08864
1.17776
1.13387
1.05546
0.959034
0.935159
0.912506
0.880529
0.847462
0.808186
0.788696
0.782435
0.797506
0.813531
0.818618
0.817608
0.821273
0.82852
0.84171
0.85298
0.13617
0.139297
0.141661
0.142989
0.1449
0.146819
0.147544
0.162356
0.203637
0.287359
0.428491
0.721438
1.08449
1.15005
1.08072
0.981217
0.902671
0.851948
0.822223
0.796386
0.777593
0.773194
0.792814
0.813998
0.824143
0.826895
0.832686
0.843895
0.839673
0.842177
0.132775
0.136424
0.139557
0.142539
0.145923
0.149003
0.150569
0.150617
0.149738
0.149408
0.150431
0.178371
0.424281
0.953295
1.18273
1.10384
0.922325
0.817059
0.795171
0.784506
0.782939
0.794806
0.809764
0.818982
0.821263
0.813625
0.819574
0.829271
0.833716
0.845692
0.131329
0.138197
0.144114
0.147074
0.148394
0.150444
0.151298
0.14968
0.148954
0.149565
0.152073
0.156109
0.159948
0.289215
0.720377
0.991403
0.917153
0.807227
0.759687
0.744805
0.755707
0.775892
0.782731
0.7854
0.794021
0.813984
0.828067
0.841246
0.838167
0.842269
0.140476
0.146179
0.150016
0.150267
0.149651
0.15038
0.150371
0.148808
0.148629
0.149865
0.152998
0.158097
0.158975
0.154838
0.181383
0.355923
0.595082
0.727795
0.738687
0.747687
0.77305
0.786234
0.786432
0.790289
0.796223
0.805929
0.816645
0.835123
0.829039
0.836323
0.150578
0.151558
0.151754
0.15143
0.148977
0.147464
0.14765
0.147685
0.148316
0.150853
0.155242
0.157479
0.157097
0.155089
0.1494
0.129986
0.153536
0.280535
0.473541
0.608486
0.670621
0.716858
0.7598
0.800064
0.818748
0.823768
0.825062
0.829216
0.817192
0.827235
0.1487
0.148989
0.1491
0.148783
0.146541
0.144351
0.144154
0.145712
0.148154
0.152688
0.156748
0.157419
0.156698
0.153864
0.148109
0.142276
0.129665
0.11359
0.137457
0.227752
0.367719
0.522013
0.642037
0.71838
0.759447
0.783925
0.797843
0.806873
0.799427
0.809748
0.133219
0.136646
0.139599
0.142403
0.143076
0.14289
0.143352
0.145467
0.151553
0.158387
0.159445
0.158947
0.157102
0.155053
0.15459
0.154656
0.152294
0.14103
0.134157
0.135683
0.14371
0.190079
0.291903
0.430491
0.57184
0.681476
0.739782
0.764884
0.768608
0.787558
0.119096
0.126735
0.133436
0.140666
0.142312
0.143236
0.146806
0.153247
0.163989
0.170623
0.170563
0.168312
0.167927
0.170865
0.173316
0.174356
0.17408
0.164885
0.152362
0.153569
0.15971
0.171907
0.188181
0.212529
0.271265
0.38009
0.505843
0.61943
0.689701
0.755192
0.116719
0.126546
0.137006
0.144975
0.151171
0.156009
0.160452
0.164868
0.17073
0.17808
0.181547
0.182801
0.183892
0.186464
0.190358
0.192216
0.191855
0.184311
0.169349
0.166902
0.17295
0.184953
0.203359
0.225838
0.251409
0.283234
0.333963
0.417342
0.517843
0.671006
0.124637
0.133826
0.144031
0.151968
0.157711
0.162526
0.165431
0.168118
0.172671
0.178969
0.187075
0.190472
0.191795
0.194858
0.202333
0.209395
0.211785
0.210085
0.197441
0.19197
0.197038
0.211525
0.231605
0.255224
0.283456
0.315563
0.350398
0.405022
0.471732
0.63553
0.133762
0.143798
0.155518
0.169754
0.17996
0.185138
0.189734
0.196295
0.203593
0.213804
0.22226
0.223754
0.225949
0.230749
0.240403
0.248891
0.251117
0.249537
0.235637
0.227855
0.231835
0.243738
0.265759
0.294355
0.325664
0.360469
0.398015
0.439754
0.490762
0.640438
0.158511
0.169445
0.182482
0.197009
0.210071
0.217681
0.222226
0.226993
0.232845
0.240592
0.251677
0.255557
0.258154
0.26285
0.272069
0.281018
0.28359
0.282628
0.268785
0.254994
0.257274
0.268132
0.288812
0.318046
0.352036
0.391669
0.440834
0.500671
0.560915
0.702122
0.185348
0.192868
0.202075
0.213133
0.227864
0.240281
0.245987
0.249736
0.254451
0.261688
0.27391
0.278408
0.280768
0.285407
0.295651
0.308591
0.31323
0.314304
0.305624
0.292036
0.294387
0.307394
0.332178
0.365414
0.405387
0.451738
0.504154
0.565634
0.632246
0.777642
0.220804
0.226131
0.234285
0.246356
0.263158
0.281574
0.292967
0.298851
0.304238
0.311138
0.323875
0.330117
0.333446
0.338765
0.349498
0.362998
0.368119
0.368923
0.359846
0.345049
0.346564
0.358026
0.384334
0.423903
0.469239
0.5194
0.578447
0.650372
0.730672
0.869539
0.268943
0.272949
0.278636
0.286367
0.298409
0.315553
0.330519
0.338655
0.344619
0.350856
0.362116
0.370338
0.375166
0.381312
0.393041
0.408756
0.415053
0.416584
0.409221
0.394529
0.396368
0.410211
0.439498
0.48206
0.533459
0.592616
0.661594
0.743734
0.834763
0.945103
0.330738
0.333397
0.33835
0.344862
0.352518
0.36238
0.375211
0.389188
0.399764
0.408273
0.418923
0.428269
0.435242
0.442981
0.455943
0.472296
0.478859
0.480444
0.473268
0.462121
0.465682
0.481873
0.516139
0.56677
0.6263
0.692493
0.767846
0.852121
0.931595
0.987226
0.408588
0.410515
0.412896
0.41576
0.420386
0.428135
0.438878
0.451001
0.462111
0.473297
0.486617
0.498104
0.506344
0.515512
0.530907
0.546873
0.552162
0.553187
0.544874
0.538598
0.545218
0.56668
0.607918
0.666043
0.732947
0.80497
0.879519
0.945854
0.986096
0.99884
0.508476
0.51115
0.513894
0.516211
0.518789
0.522443
0.528457
0.537454
0.549397
0.562459
0.575826
0.588214
0.598186
0.60967
0.626662
0.637344
0.640748
0.63973
0.630694
0.631774
0.643965
0.672951
0.722861
0.78683
0.85372
0.916
0.964939
0.991501
0.999076
0.999969
0.662787
0.664257
0.665743
0.666993
0.668793
0.67115
0.673725
0.677201
0.682987
0.690748
0.700927
0.712841
0.722276
0.731251
0.739368
0.7438
0.744802
0.737755
0.734116
0.741603
0.761122
0.798091
0.851058
0.906877
0.952951
0.982929
0.996342
0.999627
0.999984
1
0.894994
0.894008
0.892728
0.888369
0.883468
0.881991
0.880185
0.876288
0.872297
0.868749
0.865546
0.864288
0.864239
0.864302
0.863311
0.85962
0.849845
0.843382
0.847801
0.860081
0.883105
0.917633
0.954167
0.98078
0.99437
0.998997
0.999907
0.999996
1
1
1.07299
1.06817
1.06423
1.05884
1.05203
1.04633
1.04107
1.03508
1.02823
1.01949
1.00763
0.994351
0.981814
0.970408
0.959845
0.948331
0.938592
0.938849
0.943889
0.953995
0.96902
0.984719
0.994887
0.998868
0.999839
0.999986
0.999999
1
1
1
1.09583
1.08998
1.08394
1.0782
1.07199
1.06537
1.05891
1.05162
1.04425
1.03839
1.03266
1.02538
1.01666
1.00796
0.999179
0.99118
0.987834
0.988343
0.990324
0.993567
0.997046
0.999187
0.999866
0.999985
0.999999
1
1
1
1
1
1.0707
1.06621
1.0613
1.05595
1.05068
1.0453
1.03952
1.03395
1.02841
1.0226
1.01691
1.01183
1.00746
1.00387
1.00145
0.999657
0.999161
0.999219
0.999431
0.999719
0.999924
0.99999
0.999999
1
1
1
1
1
1
1
1.02017
1.01871
1.0171
1.01535
1.01345
1.0115
1.00961
1.00784
1.00617
1.00456
1.00311
1.00194
1.0011
1.00052
1.00015
1
0.999982
0.999983
0.999989
0.999996
0.999999
1
1
1
1
1
1
1
1
1
1.00136
1.00123
1.0011
1.00096
1.00081
1.00067
1.00053
1.0004
1.00029
1.0002
1.00012
1.00007
1.00003
1.00001
1
1
1
1
1
1
1
1
1
1
1
1
1
1
1
1
1.00002
1.00002
1.00001
1.00001
1.00001
1.00001
1.00001
1
1
1
1
1
1
1
1
1
1
1
1
1
1
1
1
1
1
1
1
1
1
1
1
1
1
1
1
1
1
1
1
1
1
1
1
1
1
1
1
1
1
1
1
1
1
1
1
1
1
1
1
1
1
1
1
1
1
1
1
1
1
1
1
1
1
1
1
1
1
1
1
1
1
1
1
1
1
1
1
1
1
1
1
1
1
1
1
1
1
1
1
1
1
1
1
1
1
1
1
1
1
1
1
1
1
1
1
1
1
1
1
1
1
1
1
1
1
1
1
1
1
1
1
1
1
1
1
1
1
1
1
1
1
1
1
1
1
1
1
1
1
1
1
1
1
1
1
1
1
1
1
1
1
1
1
1
1
1
1
1
1
1
1
1
1
1
1
1
1
1
1
1
1
1
1
1
1
1
1
1
1
1
1
1
1
1
1
1
1
1
1
1
1
1
1
1
1
1
1
1
1
1
1
1
1
1
1
1
1
1
1
1
1
1
1
1
1
1
1
1
1
1
1
1
1
1
1
1
1
1
1
1
0.137107
0.127946
0.130119
0.126301
0.122344
0.129355
0.145015
0.144459
0.119905
0.105566
0.102668
0.109602
0.121134
0.144595
0.174612
0.214229
0.26497
0.328787
0.406348
0.506038
0.662813
0.901467
1.08288
1.10432
1.07702
1.02178
1.00152
1.00003
1
1
1
1
1
1
1
0.129828
0.120936
0.119427
0.115859
0.112842
0.118777
0.134323
0.121132
0.0920272
0.0863413
0.0851766
0.0932399
0.110764
0.134839
0.167892
0.213332
0.268651
0.334978
0.412681
0.519648
0.698532
0.948583
1.10572
1.11668
1.08197
1.02107
1.00126
1.00002
1
1
1
1
1
1
1
0.121204
0.109952
0.108044
0.106155
0.106632
0.106877
0.107138
0.089936
0.0710361
0.0683214
0.0742145
0.0834851
0.104702
0.130336
0.164681
0.210328
0.268886
0.3352
0.413977
0.533489
0.728883
0.979809
1.1229
1.13006
1.08641
1.02053
1.00111
1.00001
1
1
1
1
1
1
1
0.112368
0.105017
0.100374
0.0956607
0.097301
0.09487
0.0858202
0.0726369
0.0576593
0.0572271
0.0680242
0.0797412
0.102767
0.129945
0.166067
0.210677
0.267462
0.333984
0.421464
0.563495
0.76197
1.01225
1.14113
1.14315
1.0893
1.01929
1.00093
1.00001
1
1
1
1
1
1
1
0.107967
0.101571
0.0953903
0.089789
0.0868862
0.0814536
0.0735886
0.0602582
0.0513155
0.0527886
0.0647064
0.0779041
0.101916
0.130115
0.166265
0.210271
0.265551
0.337483
0.451746
0.58984
0.7915
1.04711
1.15927
1.1561
1.09099
1.01769
1.00075
1.00001
1
1
1
1
1
1
1
0.10438
0.100604
0.0937109
0.0888166
0.0843024
0.0742994
0.0640831
0.0515054
0.0484619
0.0513718
0.0635291
0.076967
0.0995261
0.127886
0.163855
0.209461
0.271669
0.367924
0.475687
0.611285
0.826057
1.08457
1.1778
1.16893
1.09168
1.01575
1.00058
1.00001
1
1
1
1
1
1
1
0.100662
0.0979649
0.0926532
0.0892741
0.0834717
0.0701276
0.0548513
0.0478436
0.0474388
0.0519273
0.0641576
0.0785301
0.0993351
0.127206
0.164706
0.220748
0.300054
0.388311
0.48893
0.63218
0.867161
1.12139
1.19778
1.18092
1.09003
1.01349
1.00043
1
1
1
1
1
1
1
1
0.0982684
0.0961799
0.0919339
0.0855439
0.0740644
0.0597749
0.0494058
0.047304
0.0471899
0.0539708
0.0660474
0.0834577
0.105126
0.13523
0.179921
0.241158
0.313223
0.395431
0.498859
0.662898
0.914746
1.15923
1.21781
1.19147
1.08638
1.01126
1.00031
1
1
1
1
1
1
1
1
0.0965485
0.0931352
0.0855292
0.0741998
0.0607401
0.0517517
0.0478842
0.0471011
0.0476421
0.0561149
0.0683599
0.0884643
0.112127
0.145449
0.190136
0.247043
0.316988
0.401712
0.522651
0.704974
0.96418
1.19629
1.23789
1.20086
1.08134
1.00898
1.00021
1
1
1
1
1
1
1
1
0.0885407
0.079898
0.0675449
0.0583565
0.0539399
0.0501865
0.047231
0.0466102
0.0487061
0.0580564
0.0707722
0.0919847
0.116815
0.150426
0.194088
0.250165
0.320992
0.421773
0.56336
0.746661
1.01421
1.23118
1.25863
1.20712
1.0741
1.00687
1.00014
1
1
1
1
1
1
1
1
0.0678807
0.0587984
0.0542282
0.0538308
0.0528484
0.0496
0.0464672
0.0460275
0.0495817
0.0587227
0.0721711
0.0935078
0.119946
0.154095
0.198519
0.256463
0.344407
0.464989
0.598358
0.788399
1.0689
1.26372
1.27789
1.20909
1.06524
1.00506
1.00009
1
1
1
1
1
1
1
1
0.0549968
0.0516271
0.0521473
0.0541412
0.0527201
0.0493718
0.0457069
0.0456531
0.0498557
0.0581233
0.0731187
0.0937131
0.122509
0.158384
0.208412
0.284435
0.385059
0.493426
0.628824
0.83784
1.1269
1.29301
1.29541
1.20399
1.0549
1.00354
1.00005
1
1
1
1
1
1
1
1
0.0488437
0.0492213
0.0518634
0.0552236
0.0526292
0.0492353
0.0453306
0.0456388
0.0505852
0.0574474
0.0752712
0.0954169
0.128421
0.172666
0.235159
0.313911
0.404247
0.513156
0.662599
0.894985
1.18749
1.32102
1.31119
1.19611
1.04493
1.00237
1.00003
1
1
1
1
1
1
1
1
0.0461094
0.0485262
0.0515804
0.0552727
0.0524709
0.0491135
0.0453014
0.0469777
0.0544266
0.0598986
0.0823907
0.108814
0.142936
0.18925
0.249617
0.325287
0.417512
0.536114
0.707507
0.958958
1.24947
1.34917
1.32677
1.18488
1.03542
1.00151
1.00002
1
1
1
1
1
1
1
1
0.0460637
0.0485583
0.0507517
0.0542099
0.052178
0.0488222
0.045276
0.0478176
0.057849
0.0679192
0.091911
0.117603
0.150832
0.196478
0.256148
0.334706
0.436346
0.575665
0.761025
1.02711
1.30743
1.37735
1.33869
1.17016
1.02661
1.00091
1.00001
1
1
1
1
1
1
1
1
0.0467388
0.0490625
0.0503119
0.0528989
0.0504658
0.0470685
0.0446189
0.0478993
0.0597567
0.0730417
0.0959848
0.121593
0.155827
0.202815
0.265478
0.352299
0.476092
0.624284
0.81643
1.09845
1.35853
1.40371
1.34328
1.14963
1.01892
1.00053
1
1
1
1
1
1
1
1
1
0.0485991
0.0502313
0.0503428
0.0521059
0.0481425
0.0443348
0.043212
0.047881
0.0602862
0.0751207
0.0975752
0.124296
0.161322
0.21181
0.287447
0.395353
0.520241
0.668291
0.873935
1.17332
1.40277
1.42601
1.33991
1.12646
1.01294
1.00029
1
1
1
1
1
1
1
1
1
0.05139
0.0516087
0.0503914
0.051762
0.0471906
0.0431111
0.0423101
0.0481528
0.0596674
0.0762741
0.0985702
0.128629
0.173339
0.237723
0.326044
0.427979
0.551322
0.709756
0.938204
1.2508
1.44317
1.44465
1.32907
1.10349
1.00831
1.00015
1
1
1
1
1
1
1
1
1
0.0530256
0.0525732
0.050822
0.0520538
0.0471728
0.0429281
0.0421159
0.0486712
0.0592694
0.0784654
0.106175
0.145502
0.195911
0.260998
0.344717
0.448781
0.582141
0.760119
1.01436
1.32969
1.47779
1.45945
1.30649
1.08025
1.00514
1.00008
1
1
1
1
1
1
1
1
1
0.0533226
0.052788
0.0524813
0.0534685
0.0482489
0.0434484
0.0423146
0.049143
0.0632248
0.0844528
0.115712
0.1563
0.205744
0.270784
0.357176
0.474367
0.627969
0.824729
1.09875
1.40434
1.50546
1.47069
1.27951
1.06009
1.00299
1.00004
1
1
1
1
1
1
1
1
1
0.0525653
0.052513
0.0541814
0.0545934
0.0491431
0.0450928
0.044725
0.0503942
0.0668193
0.087022
0.1179
0.159215
0.210587
0.280659
0.378806
0.519493
0.688545
0.900253
1.18974
1.46792
1.52763
1.47654
1.24726
1.04202
1.00164
1.00002
1
1
1
1
1
1
1
1
1
0.0504461
0.0522405
0.0550391
0.0548674
0.0493452
0.046143
0.0476896
0.0527931
0.0691491
0.088528
0.119046
0.160291
0.215922
0.303583
0.430944
0.580932
0.752013
0.976646
1.28124
1.52203
1.54825
1.46312
1.20578
1.028
1.00086
1.00001
1
1
1
1
1
1
1
1
1
0.0496104
0.0523263
0.055023
0.0536422
0.0482356
0.0462372
0.0489183
0.0549011
0.0743736
0.0953473
0.126302
0.171005
0.250073
0.359883
0.4863
0.63016
0.81222
1.05757
1.37341
1.56783
1.56918
1.44284
1.16758
1.01795
1.00043
1
1
1
1
1
1
1
1
1
1
0.0500201
0.0531892
0.0539306
0.0491874
0.0446085
0.0445779
0.049483
0.0587344
0.0834229
0.112445
0.1529
0.212905
0.295272
0.395265
0.518562
0.674997
0.879133
1.14964
1.46157
1.60319
1.58533
1.41777
1.12909
1.01051
1.0002
1
1
1
1
1
1
1
1
1
1
0.052284
0.0541319
0.0527947
0.0460359
0.0426441
0.0432465
0.0510686
0.0669041
0.094047
0.128325
0.175195
0.234861
0.31253
0.414742
0.552409
0.733268
0.960423
1.2519
1.54193
1.62845
1.59052
1.37334
1.0928
1.00588
1.00009
1
1
1
1
1
1
1
1
1
1
0.0553222
0.0541636
0.0514558
0.045306
0.0428576
0.0445859
0.054458
0.0736162
0.0993572
0.133387
0.181291
0.241539
0.322323
0.439908
0.607208
0.812415
1.05685
1.3588
1.60683
1.64485
1.57927
1.32094
1.06516
1.00316
1.00004
1
1
1
1
1
1
1
1
1
1
0.0565876
0.0528915
0.0503842
0.0457311
0.0454467
0.0492405
0.0557271
0.0757474
0.0997373
0.132495
0.179956
0.243762
0.343425
0.501679
0.688042
0.901939
1.15905
1.46175
1.65255
1.65672
1.55977
1.27037
1.04253
1.00159
1.00002
1
1
1
1
1
1
1
1
1
1
0.0566367
0.050951
0.0507313
0.0462487
0.0460872
0.0503015
0.055305
0.0761784
0.0978278
0.129555
0.179968
0.272588
0.41763
0.578297
0.764515
0.990308
1.26474
1.55396
1.6808
1.66857
1.52753
1.21067
1.02569
1.00074
1.00001
1
1
1
1
1
1
1
1
1
1
0.0548294
0.0501218
0.052053
0.0454845
0.0442884
0.049984
0.0548081
0.0774582
0.102988
0.14795
0.229196
0.344184
0.475815
0.632393
0.835922
1.08328
1.37479
1.62962
1.69962
1.67347
1.47698
1.15834
1.01507
1.00034
1
1
1
1
1
1
1
1
1
1
1
0.050635
0.0500684
0.0527791
0.0426854
0.0389607
0.0483387
0.0599534
0.0878751
0.129456
0.193614
0.279088
0.380929
0.510906
0.691163
0.922386
1.18836
1.48253
1.68664
1.71359
1.65876
1.42326
1.11528
1.00827
1.00015
1
1
1
1
1
1
1
1
1
1
1
0.0489181
0.0506827
0.0516591
0.041137
0.0375258
0.0491126
0.0712505
0.107401
0.156614
0.21758
0.298433
0.405048
0.560281
0.780782
1.02731
1.30543
1.57905
1.72133
1.72393
1.64344
1.36552
1.07782
1.0042
1.00006
1
1
1
1
1
1
1
1
1
1
1
0.0492539
0.0530776
0.0508063
0.0407149
0.0380153
0.0561181
0.0846095
0.12114
0.166498
0.224579
0.311464
0.450797
0.661441
0.890898
1.14429
1.41804
1.6522
1.73459
1.72887
1.61639
1.29536
1.04954
1.00203
1.00002
1
1
1
1
1
1
1
1
1
1
1
0.0537268
0.0574304
0.0493558
0.0407672
0.0416902
0.0603281
0.0891535
0.124654
0.168442
0.230709
0.362087
0.562468
0.770919
0.999633
1.26397
1.52091
1.70115
1.73892
1.72162
1.55545
1.22698
1.02934
1.00092
1.00001
1
1
1
1
1
1
1
1
1
1
1
0.0619269
0.0586875
0.0457712
0.0378675
0.0439996
0.0605604
0.0868632
0.124321
0.175768
0.297203
0.47669
0.660861
0.862671
1.11533
1.38357
1.61117
1.73044
1.74059
1.69456
1.49466
1.17148
1.01731
1.00042
1
1
1
1
1
1
1
1
1
1
1
1
0.0652536
0.0569746
0.0391497
0.0335314
0.0448665
0.0632988
0.0884579
0.141382
0.249941
0.39341
0.553556
0.732472
0.970938
1.24935
1.50067
1.67795
1.74269
1.74094
1.67527
1.43707
1.12121
1.00915
1.00017
1
1
1
1
1
1
1
1
1
1
1
1
0.0655348
0.0511293
0.0345355
0.0309905
0.0458914
0.0733768
0.12602
0.210524
0.318135
0.449416
0.611953
0.834897
1.12296
1.38763
1.59721
1.71573
1.74293
1.74044
1.64774
1.35411
1.07577
1.00422
1.00006
1
1
1
1
1
1
1
1
1
1
1
1
0.060556
0.0431852
0.033202
0.0325691
0.0587942
0.0982866
0.168159
0.250581
0.355593
0.500023
0.717642
1.00667
1.27932
1.51011
1.66404
1.73136
1.73565
1.71241
1.57224
1.26993
1.04544
1.00192
1.00002
1
1
1
1
1
1
1
1
1
1
1
1
0.0527336
0.037361
0.0351333
0.0461377
0.0833075
0.123239
0.188121
0.273457
0.399444
0.615249
0.905451
1.17274
1.41732
1.60646
1.70717
1.73567
1.72912
1.68576
1.51477
1.20799
1.02686
1.00085
1.00001
1
1
1
1
1
1
1
1
1
1
1
1
0.0489873
0.0366198
0.0431751
0.0614097
0.0938391
0.132688
0.199319
0.319422
0.527641
0.808359
1.07488
1.31825
1.53761
1.67466
1.73047
1.7388
1.72763
1.6682
1.45993
1.14662
1.01372
1.00032
1
1
1
1
1
1
1
1
1
1
1
1
1
0.0480983
0.037086
0.0504236
0.0676732
0.0913814
0.143002
0.255205
0.459434
0.710424
0.972663
1.22388
1.46261
1.62909
1.71279
1.7372
1.74027
1.73312
1.64919
1.37116
1.08621
1.00552
1.0001
1
1
1
1
1
1
1
1
1
1
1
1
1
0.0481912
0.0366063
0.0499926
0.0683785
0.0891625
0.200927
0.39641
0.618166
0.865659
1.12953
1.39269
1.5845
1.68642
1.72636
1.73372
1.73374
1.71316
1.57182
1.27249
1.04865
1.00229
1.00003
1
1
1
1
1
1
1
1
1
1
1
1
1
0.0490824
0.0311807
0.0419217
0.0684745
0.160116
0.332707
0.53019
0.764978
1.03948
1.32738
1.54852
1.66149
1.71595
1.72822
1.72609
1.71798
1.67136
1.4991
1.20056
1.02626
1.00087
1.00001
1
1
1
1
1
1
1
1
1
1
1
1
1
0.0431262
0.0278764
0.0414103
0.0966857
0.26822
0.448632
0.67358
0.966236
1.27067
1.5113
1.64719
1.69824
1.72944
1.72504
1.72302
1.70701
1.64355
1.43455
1.13242
1.01181
1.00028
1
1
1
1
1
1
1
1
1
1
1
1
1
1
0.0218292
0.0310681
0.0738404
0.195907
0.375791
0.598084
0.906582
1.22519
1.478
1.63024
1.69453
1.7131
1.73476
1.72491
1.72583
1.70819
1.613
1.33572
1.07297
1.00447
1.00008
1
1
1
1
1
1
1
1
1
1
1
1
1
1
0.0131599
0.0313328
0.129676
0.300007
0.520766
0.856463
1.19095
1.45206
1.61698
1.692
1.71091
1.71994
1.73748
1.72198
1.72333
1.70103
1.53937
1.22711
1.03388
1.00137
1.00002
1
1
1
1
1
1
1
1
1
1
1
1
1
1
0.00949589
0.0629721
0.213353
0.471985
0.824514
1.1685
1.43755
1.60989
1.69293
1.7131
1.71553
1.72465
1.73681
1.71045
1.70326
1.64086
1.4329
1.14143
1.01407
1.00038
1
1
1
1
1
1
1
1
1
1
1
1
1
1
1
0.0111767
0.130676
0.401719
0.783032
1.16628
1.44267
1.61658
1.6964
1.71967
1.717
1.71832
1.72891
1.73277
1.69439
1.68145
1.59263
1.34362
1.07989
1.00519
1.0001
1
1
1
1
1
1
1
1
1
1
1
1
1
1
1
0.0277628
0.264373
0.753786
1.19114
1.46981
1.6319
1.70551
1.72614
1.7246
1.71731
1.72137
1.73127
1.72802
1.68092
1.66805
1.544
1.24075
1.03604
1.00143
1.00002
1
1
1
1
1
1
1
1
1
1
1
1
1
1
1
0.193226
0.67777
1.20929
1.51676
1.65999
1.71447
1.73014
1.73029
1.72602
1.71647
1.72356
1.73043
1.72565
1.67323
1.65336
1.44484
1.13095
1.01107
1.00026
1
1
1
1
1
1
1
1
1
1
1
1
1
1
1
1
0.75259
1.27574
1.58999
1.69521
1.72509
1.73248
1.73268
1.72912
1.7208
1.71481
1.72532
1.72845
1.71826
1.66342
1.5938
1.30888
1.05522
1.00246
1.00003
1
1
1
1
1
1
1
1
1
1
1
1
1
1
1
1
1.73194
1.73102
1.73324
1.7334
1.73376
1.7336
1.73136
1.72417
1.71574
1.71655
1.72601
1.72415
1.70407
1.63475
1.52493
1.19322
1.01154
0.999832
0.999989
1
1
1
1
1
1
1
1
1
1
1
1
1
1
1
1
1.73515
1.73216
1.73228
1.7307
1.7316
1.73261
1.73187
1.72775
1.71774
1.71307
1.72231
1.72577
1.71157
1.64299
1.53705
1.20902
1.02027
1.00036
1
1
1
1
1
1
1
1
1
1
1
1
1
1
1
1
1
1.73701
1.73294
1.73122
1.72872
1.73101
1.73346
1.73295
1.72922
1.71886
1.71287
1.71915
1.72592
1.71202
1.63459
1.49257
1.16112
1.01174
1.00016
1
1
1
1
1
1
1
1
1
1
1
1
1
1
1
1
1
1.73861
1.73423
1.73159
1.72729
1.73059
1.73426
1.73509
1.73213
1.72141
1.71385
1.71481
1.7265
1.71283
1.62952
1.46233
1.1343
1.00828
1.0001
1
1
1
1
1
1
1
1
1
1
1
1
1
1
1
1
1
1.74084
1.73599
1.73292
1.72857
1.7311
1.73527
1.73705
1.73484
1.72557
1.71575
1.71053
1.72658
1.71238
1.62091
1.42513
1.10582
1.00528
1.00005
1
1
1
1
1
1
1
1
1
1
1
1
1
1
1
1
1
1.74296
1.73819
1.73464
1.73005
1.73186
1.73598
1.73863
1.73683
1.72953
1.71644
1.70849
1.72555
1.71122
1.61095
1.38536
1.08064
1.00324
1.00003
1
1
1
1
1
1
1
1
1
1
1
1
1
1
1
1
1
1.74495
1.74056
1.73692
1.73211
1.73299
1.73658
1.7394
1.73783
1.73204
1.71816
1.70764
1.72412
1.70959
1.59942
1.34115
1.05855
1.00186
1.00001
1
1
1
1
1
1
1
1
1
1
1
1
1
1
1
1
1
1.74625
1.74266
1.73949
1.73508
1.73494
1.73683
1.73981
1.73952
1.73439
1.72028
1.70753
1.72164
1.70818
1.58306
1.29287
1.04035
1.00101
1.00001
1
1
1
1
1
1
1
1
1
1
1
1
1
1
1
1
1
1.74766
1.74505
1.74371
1.74134
1.73931
1.73818
1.73998
1.74162
1.73776
1.72452
1.70909
1.71839
1.70573
1.5591
1.24301
1.02606
1.00051
1
1
1
1
1
1
1
1
1
1
1
1
1
1
1
1
1
1
1.74955
1.74918
1.74973
1.74847
1.74598
1.74241
1.74049
1.74436
1.74191
1.73224
1.71249
1.714
1.70431
1.52749
1.19068
1.0157
1.00024
1
1
1
1
1
1
1
1
1
1
1
1
1
1
1
1
1
1
1.75256
1.75343
1.7545
1.75431
1.75202
1.74673
1.74215
1.74718
1.74867
1.74313
1.72305
1.70828
1.69773
1.48394
1.14259
1.00873
1.00011
1
1
1
1
1
1
1
1
1
1
1
1
1
1
1
1
1
1
1.75698
1.75724
1.75884
1.75924
1.75722
1.75079
1.74626
1.74957
1.75566
1.75161
1.73531
1.70552
1.68522
1.43322
1.0989
1.00444
1.00004
1
1
1
1
1
1
1
1
1
1
1
1
1
1
1
1
1
1
1.7605
1.76108
1.76268
1.76335
1.76175
1.75535
1.75111
1.75082
1.76106
1.75951
1.74792
1.70704
1.66461
1.36885
1.06341
1.00204
1.00002
1
1
1
1
1
1
1
1
1
1
1
1
1
1
1
1
1
1
1.76497
1.76514
1.76705
1.76744
1.76597
1.76074
1.75696
1.75668
1.76835
1.77087
1.7614
1.71066
1.63767
1.29428
1.03638
1.00083
1.00001
1
1
1
1
1
1
1
1
1
1
1
1
1
1
1
1
1
1
1.77354
1.77112
1.77388
1.77393
1.77257
1.76954
1.76567
1.76634
1.77694
1.78548
1.77645
1.71728
1.59497
1.21475
1.01828
1.0003
1
1
1
1
1
1
1
1
1
1
1
1
1
1
1
1
1
1
1
1.78664
1.78315
1.78379
1.78345
1.78312
1.78235
1.77838
1.77622
1.78398
1.79851
1.79012
1.72186
1.524
1.1418
1.00799
1.00009
1
1
1
1
1
1
1
1
1
1
1
1
1
1
1
1
1
1
1
1.80358
1.79765
1.79482
1.79343
1.79638
1.79827
1.79622
1.78896
1.78889
1.80423
1.80183
1.72207
1.43248
1.08309
1.00303
1.00003
1
1
1
1
1
1
1
1
1
1
1
1
1
1
1
1
1
1
1
1.8196
1.813
1.80708
1.80387
1.80993
1.81543
1.81528
1.80393
1.79411
1.80567
1.81049
1.69887
1.33049
1.042
1.001
1.00001
1
1
1
1
1
1
1
1
1
1
1
1
1
1
1
1
1
1
1
1.83297
1.82656
1.82005
1.81735
1.82194
1.83016
1.83121
1.82226
1.80377
1.80786
1.81305
1.63062
1.22766
1.01845
1.00029
1
1
1
1
1
1
1
1
1
1
1
1
1
1
1
1
1
1
1
1
1.84216
1.83786
1.832
1.82984
1.83059
1.8394
1.84319
1.84072
1.81667
1.80649
1.80131
1.54241
1.13677
1.00694
1.00008
1
1
1
1
1
1
1
1
1
1
1
1
1
1
1
1
1
1
1
1
1.84667
1.84396
1.84019
1.83908
1.83745
1.84306
1.8504
1.85459
1.83763
1.80644
1.77621
1.41336
1.06826
1.00217
1.00002
1
1
1
1
1
1
1
1
1
1
1
1
1
1
1
1
1
1
1
1
1.84692
1.84613
1.84471
1.84489
1.84309
1.84407
1.85261
1.8619
1.85362
1.80878
1.69739
1.27909
1.02921
1.00059
1
1
1
1
1
1
1
1
1
1
1
1
1
1
1
1
1
1
1
1
1
1.8462
1.84625
1.84714
1.84896
1.84712
1.84308
1.84899
1.86463
1.85861
1.79354
1.58421
1.17393
1.01077
1.00014
1
1
1
1
1
1
1
1
1
1
1
1
1
1
1
1
1
1
1
1
1
1.84608
1.84581
1.84852
1.85218
1.84989
1.84155
1.83945
1.85828
1.85929
1.78137
1.46481
1.09113
1.00344
1.00003
1
1
1
1
1
1
1
1
1
1
1
1
1
1
1
1
1
1
1
1
1
1.84702
1.84589
1.84902
1.85379
1.85198
1.84064
1.82902
1.83846
1.84752
1.72143
1.33034
1.03953
1.00092
1.00001
1
1
1
1
1
1
1
1
1
1
1
1
1
1
1
1
1
1
1
1
1
1.84862
1.84707
1.84925
1.85318
1.85307
1.84646
1.82568
1.82758
1.82495
1.62128
1.21244
1.01559
1.00023
1
1
1
1
1
1
1
1
1
1
1
1
1
1
1
1
1
1
1
1
1
1
1.85014
1.84789
1.84879
1.85204
1.85342
1.85503
1.83543
1.82473
1.81371
1.5102
1.11094
1.0048
1.00005
1
1
1
1
1
1
1
1
1
1
1
1
1
1
1
1
1
1
1
1
1
1
1.85079
1.8483
1.84771
1.84891
1.85345
1.86155
1.85179
1.81975
1.75744
1.34716
1.04561
1.0012
1.00001
1
1
1
1
1
1
1
1
1
1
1
1
1
1
1
1
1
1
1
1
1
1
1.85002
1.84774
1.84381
1.8429
1.84986
1.8651
1.86183
1.80183
1.63439
1.21952
1.01756
1.00028
1
1
1
1
1
1
1
1
1
1
1
1
1
1
1
1
1
1
1
1
1
1
1
1.84917
1.84655
1.84064
1.83844
1.84199
1.8661
1.8654
1.78625
1.51267
1.11634
1.00505
1.00005
1
1
1
1
1
1
1
1
1
1
1
1
1
1
1
1
1
1
1
1
1
1
1
1.84738
1.84439
1.83997
1.83722
1.83102
1.8523
1.86635
1.75784
1.35533
1.04513
1.00117
1.00001
1
1
1
1
1
1
1
1
1
1
1
1
1
1
1
1
1
1
1
1
1
1
1
1.84377
1.84192
1.84395
1.842
1.82787
1.83786
1.84369
1.6304
1.21207
1.0159
1.00025
1
1
1
1
1
1
1
1
1
1
1
1
1
1
1
1
1
1
1
1
1
1
1
1
1.84158
1.83948
1.84677
1.85363
1.84151
1.82978
1.81738
1.50426
1.10485
1.00427
1.00004
1
1
1
1
1
1
1
1
1
1
1
1
1
1
1
1
1
1
1
1
1
1
1
1
1.8415
1.83855
1.84409
1.86448
1.87169
1.82667
1.75681
1.32464
1.03617
1.00085
1.00001
1
1
1
1
1
1
1
1
1
1
1
1
1
1
1
1
1
1
1
1
1
1
1
1
1.84255
1.83899
1.83898
1.87974
1.88596
1.81295
1.60625
1.17463
1.01141
1.00016
1
1
1
1
1
1
1
1
1
1
1
1
1
1
1
1
1
1
1
1
1
1
1
1
1
1.84058
1.83781
1.83639
1.88726
1.89254
1.77332
1.44507
1.07676
1.00256
1.00002
1
1
1
1
1
1
1
1
1
1
1
1
1
1
1
1
1
1
1
1
1
1
1
1
1
1.82946
1.83973
1.8435
1.88763
1.89846
1.71728
1.25485
1.02178
1.00041
1
1
1
1
1
1
1
1
1
1
1
1
1
1
1
1
1
1
1
1
1
1
1
1
1
1
1.81967
1.84542
1.86409
1.87555
1.85828
1.52595
1.1187
1.0056
1.00006
1
1
1
1
1
1
1
1
1
1
1
1
1
1
1
1
1
1
1
1
1
1
1
1
1
1
1.81673
1.86071
1.89854
1.86084
1.75125
1.3458
1.04185
1.00101
1.00001
1
1
1
1
1
1
1
1
1
1
1
1
1
1
1
1
1
1
1
1
1
1
1
1
1
1
1.81604
1.87561
1.91327
1.86072
1.61272
1.15996
1.00897
1.00013
1
1
1
1
1
1
1
1
1
1
1
1
1
1
1
1
1
1
1
1
1
1
1
1
1
1
1
1.82795
1.89323
1.91837
1.78837
1.39978
1.0567
1.00172
1.00001
1
1
1
1
1
1
1
1
1
1
1
1
1
1
1
1
1
1
1
1
1
1
1
1
1
1
1
1.88067
1.91374
1.9127
1.64838
1.20716
1.01445
1.00023
1
1
1
1
1
1
1
1
1
1
1
1
1
1
1
1
1
1
1
1
1
1
1
1
1
1
1
1
1.94451
1.91994
1.86732
1.43119
1.06452
1.00224
1.00002
1
1
1
1
1
1
1
1
1
1
1
1
1
1
1
1
1
1
1
1
1
1
1
1
1
1
1
1
2.04915
1.83178
1.68017
1.20378
1.0159
1.00029
1
1
1
1
1
1
1
1
1
1
1
1
1
1
1
1
1
1
1
1
1
1
1
1
1
1
1
1
1
2.13457
1.746
1.43497
1.07525
1.003
1.00004
1
1
1
1
1
1
1
1
1
1
1
1
1
1
1
1
1
1
1
1
1
1
1
1
1
1
1
1
1
2.1651
1.61779
1.20222
1.01671
1.00039
1
1
1
1
1
1
1
1
1
1
1
1
1
1
1
1
1
1
1
1
1
1
1
1
1
1
1
1
1
1
2.02968
1.40067
1.08267
1.00398
1.00006
1
1
1
1
1
1
1
1
1
1
1
1
1
1
1
1
1
1
1
1
1
1
1
1
1
1
1
1
1
1
1.81808
1.23128
1.02316
1.00058
1.00001
1
1
1
1
1
1
1
1
1
1
1
1
1
1
1
1
1
1
1
1
1
1
1
1
1
1
1
1
1
1
1.53514
1.08881
1.00437
1.00006
1
1
1
1
1
1
1
1
1
1
1
1
1
1
1
1
1
1
1
1
1
1
1
1
1
1
1
1
1
1
1
1.20195
1.01826
1.00032
1
1
1
1
1
1
1
1
1
1
1
1
1
1
1
1
1
1
1
1
1
1
1
1
1
1
1
1
1
1
1
1
1
1
1
1
1
1
1
1
1
1
1
1
1
1
1
1
1
1
1
1
1
1
1
1
1
1
1
1
1
1
1
1
1
1
1
1
1
1
1
1
1
1
1
1
1
1
1
1
1
1
1
1
1
1
1
1
1
1
1
1
1
1
1
1
1
1
1
1
1
1
1
1
1
1
1
1
1
1
1
1
1
1
1
1
1
1
1
1
1
1
1
1
1
1
1
1
1
1
1
1
1
1
1
1
1
1
1
1
1
1
1
1
1
1
1
1
1
1
1
1
1
1
1
1
1
1
1
1
1
1
1
1
1
1
1
1
1
1
1
1
1
1
1
1
1
1
1
1
1
1
1
1
1
1
1
1
1
1
1
1
1
1
1
1
1
1
1
1
1
1
1
1
1
1
1
1
1
1
1
1
1
1
1
1
1
1
1
1
1
1
1
1
1
1
1
1
1
1
1
1
1
1
1
1
1
1
1
1
1
1
1
1
1
1
1
1
1
1
1
1
1
1
1
1
1
1
1
1
1
1
1
1
1
1
1
1
1
1
1
1
1
1
1
1
1
1
1
1
1
1
1
1
1
1
1
1
1
1
1
1
1
1
1
1
1
1
1
1
1
1
1
1
1
1
1
1
1
1
1
1
1
1
1
1
1
1
1
1
1
1
1
1
1
1
1
1
1
1
1
1
1
1
1
1
1
1
1
1
1
1
1
1
1
1
1
1
1
1
1
1
1
1
1
1
1
1
1
1
1
1
1
1
1
1
1
1
1
1
1
1
1
1
1
1
1
1
1
1
1
1
1
1
1
1
1
1
1
1
1
1
1
1
1
1
1
1
1
1
1
1
1
1
1
1
1
1
1
1
1
1
1
1
1
1
1
1
1
1
1
1
1
1
1
1
1
1
1
1
1
1
1
1
1
1
1
1
1
1
1
1
1
1
1
1
1
1
1
1
1
1
1
1
1
1
1
1
1
1
1
1
1
1
1
1
1
1
1
1
1
1
1
1
1
1
1
1
1
1
1
1
1
1
1
1
1
1
1
1
1
1
1
1
1
1
1
1
1
1
1
1
1
1
1
1
1
1
1
1
1
1
1
1
1
1
1
1
1
1
1
1
1
1
1
1
1
1
1
1
1
1
1
1
1
1
1
1
1
1
1
1
1
1
1
1
1
1
1
1
1
1
1
1
1
1
1
1
1
1
1
1
1
1
1
1
1
1
1
1
1
1
1
1
1
1
1
1
1
1
1
1
1
1
1
1
1
1
1
1
1
1
1
1
1
1
1
1
1
1
1
1
1
1
1
1
1
1
1
1
1
1
1
1
1
1
1
1
1
1
1
1
1
1
1
1
1
1
1
1
1
1
1
1
1
1
1
1
1
1
1
1
1
1
1
1
1
1
1
1
1
1
1
1
1
1
1
1
1
1
1
1
1
1
1
1
1
1
1
1
1
1
1
1
1
1
1
1
1
1
1
1
1
1
1
1
1
1
1
1
1
1
1
1
1
1
1
1
1
1
1
1
1
1
1
1
1
1
1
1
1
1
1
1
1
1
1
1
1
1
1
1
1
1
1
1
1
1
1
1
1
1
1
1
1
1
1
1
1
1
1
1
1
1
1
1
1
1
1
1
1
1
1
1
1
1
1
1
1
1
1
1
1
1
1
1
1
1
1
1
1
1
1
1
1
1
1
1
1
1
1
1
1
1
1
1
1
1
1
1
1
1
1
1
1
1
1
1
1
1
1
1
1
1
1
1
1
1
1
1
1
1
1
1
1
1
1
1
1
1
1
1
1
1
1
1
1
1
1
1
1
1
1
1
1
1
1
1
1
1
1
1
1
1
1
1
1
1
1
1
1
1
1
1
1
1
1
1
1
1
1
1
1
1
1
1
1
1
1
1
1
1
1
1
1
1
1
1
1
1
1
1
1
1
1
1
1
1
1
1
1
1
1
1
1
1
1
1
1
1
1
1
1
1
1
1
1
1
1
1
1
1
1
1
1
1
1
1
1
1
1
1
1
1
1
1
1
1
1
1
1
1
1
1
1
1
1
1
1
1
1
1
1
1
1
1
1
1
1
1
1
1
1
1
1
1
1
1
1
1
1
1
1
1
1
1
1
1
1
1
1
1
1
1
1
1
1
1
1
1
1
1
1
1
1
1
1
1
1
1
1
1
1
1
1
1
1
1
1
1
1
1
1
1
1
1
1
1
1
1
1
1
1
1
1
1
1
1
1
1
1
1
1
1
1
1
1
1
1
1
1
1
1
1
1
1
1
1
1
1
1
1
1
1
1
1
1
1
1
1
1
1
1
1
1
1
1
1
1
1
1
1
1
1
1
1
1
1
1
1
1
1
1
1
1
1
1
1
1
1
1
1
1
1
1
1
1
1
1
1
1
1
1
1
1
1
1
1
1
1
1
1
1
1
1
1
1
1
1
1
1
1
1
1
1
1
1
1
1
1
1
1
1
1
1
1
1
1
1
1
1
1
1
1
1
1
1
1
1
1
1
1
1
1
1
1
1
1
1
1
1
1
1
1
1
1
1
1
1
1
1
1
1
1
1
1
1
1
1
1
1
1
1
1
1
1
1
1
1
1
1
1
1
1
1
1
1
1
1
1
1
1
1
1
1
1
1
1
1
1
1
1
1
1
1
1
1
1
1
1
1
1
1
1
1
1
1
1
1
1
1
1
1
1
1
1
1
1
1
1
1
1
1
1
1
1
1
1
1
1
1
1
1
1
1
1
1
1
1
1
1
1
1
1
1
1
1
1
1
1
1
1
1
1
1
1
1
1
1
1
1
1
1
1
1
1
1
1
1
1
1
1
1
1
1
1
1
1
1
1
1
1
1
1
1
1
1
1
1
1
1
1
1
1
1
1
1
1
1
1
1
1
1
1
1
1
1
1
1
1
1
1
1
1
1
1
1
1
1
1
1
1
1
1
1
1
1
1
1
1
1
1
1
1
1
1
1
1
1
1
1
1
1
1
1
1
1
1
1
1
1
1
1
1
1
1
1
1
1
1
1
1
1
1
1
1
1
1
1
1
1
1
1
1
1
1
1
1
1
1
1
1
1
1
1
1
1
1
1
1
1
1
1
1
1
1
1
1
1
1
1
1
1
1
1
1
1
1
1
1
1
1
1
1
1
1
1
1
1
1
1
1
1
1
1
1
1
1
1
1
1
1
1
1
1
1
1
1
1
1
1
1
1
1
1
1
1
1
1
1
1
1
1
1
1
1
1
1
1
1
1
1
1
1
1
1
1
1
1
1
1
1
1
1
1
1
1
1
1
1
1
1
1
1
1
1
1
1
1
1
1
1
1
1
1
1
1
1
1
1
1
1
1
1
1
1
1
1
1
1
1
1
1
1
1
1
1
1
1
1
1
1
1
1
1
1
1
1
1
1
1
1
1
1
1
1
1
1
1
1
1
1
1
1
1
1
1
1
1
1
1
1
1
1
1
1
1
1
1
1
1
1
1
1
1
1
1
1
1
1
1
1
1
1
1
1
1
1
1
1
1
1
1
1
1
1
1
1
1
1
1
1
1
1
1
1
1
1
1
1
1
1
1
1
1
1
1
1
1
1
1
1
1
1
1
1
1
1
1
1
1
1
1
1
1
1
1
1
1
1
1
1
1
1
1
1
1
1
1
1
1
1
1
1
1
1
1
1
1
1
1
1
1
1
1
1
1
1
1
1
1
1
1
1
1
1
1
1
1
1
1
1
1
1
1
1
1
1
1
1
1
1
1
1
1
1
1
1
1
1
1
1
1
1
1
1
1
1
1
1
1
1
1
1
1
1
1
1
1
1
1
1
1
1
1
1
1
1
1
1
1
1
1
1
1
1
1
1
1
1
1
1
1
1
1
1
1
1
1
1
1
1
1
1
1
1
1
1
1
1
1
1
1
1
1
1
1
1
1
1
1
1
1
1
1
1
1
1
1
1
1
1
1
1
1
1
1
1
1
1
1
1
1
1
1
1
1
1
1
1
1
1
1
1
1
1
1
1
1
1
1
1
1
1
1
1
1
1
1
1
1
1
1
1
1
1
1
1
1
1
1
1
1
1
1
1
1
1
1
1
1
1
1
1
1
1
1
1
1
1
1
1
1
1
1
1
1
1
1
1
1
1
1
1
1
1
1
1
1
1
1
1
1
1
1
1
1
1
1
1
1
1
1
1
1
1
1
1
1
1
1
1
1
1
1
1
1
1
1
1
1
1
1
1
1
1
1
1
1
1
1
1
1
1
1
1
1
1
1
1
1
1
1
1
1
1
1
1
1
1
1
1
1
1
1
1
1
1
1
1
1
1
1
1
1
1
1
1
1
1
1
1
1
1
1
1
1
1
1
1
1
1
1
1
1
1
1
1
1
1
1
1
1
1
1
1
1
1
1
1
1
1
1
1
1
1
1
1
1
1
1
1
1
1
1
1
1
1
1
1
1
1
1
1
1
1
1
1
1
1
1
1
1
1
1
1
1
1
1
1
1
1
1
1
1
1
1
1
1
1
1
1
1
1
1
1
1
1
1
1
1
1
1
1
1
1
1
1
1
1
1
1
1
1
1
1
1
1
1
1
1
1
1
1
1
1
1
1
1
1
1
1
1
1
1
1
1
1
1
1
1
1
1
1
1
1
1
1
1
1
1
1
1
1
1
1
1
1
1
1
1
1
1
1
1
1
1
1
1
1
1
1
1
1
1
1
1
1
1
1
1
1
1
1
1
1
1
1
1
1
1
1
1.67691
0.999472
1
1
1
1
1
1
1
1
1
1
1
1
1
1
1
1
1
1
1
1
1
1
1
1
1
1
1
1
1
1
1
1
1
3.30189
1.05251
1
1
1
1
1
1
1
1
1
1
1
1
1
1
1
1
1
1
1
1
1
1
1
1
1
1
1
1
1
1
1
1
1
5.55552
1.49135
0.999617
1
1
1
1
1
1
1
1
1
1
1
1
1
1
1
1
1
1
1
1
1
1
1
1
1
1
1
1
1
1
1
1
8.44806
3.64179
1.11161
0.999954
1
1
1
1
1
1
1
1
1
1
1
1
1
1
1
1
1
1
1
1
1
1
1
1
1
1
1
1
1
1
1
8.875
6.35476
3.47133
1.10581
0.99994
1
1
1
1
1
1
1
1
1
1
1
1
1
1
1
1
1
1
1
1
1
1
1
1
1
1
1
1
1
1
7.27207
6.19797
6.49569
3.32481
1.07162
0.999973
1
1
1
1
1
1
1
1
1
1
1
1
1
1
1
1
1
1
1
1
1
1
1
1
1
1
1
1
1
6.18191
6.04618
6.56703
5.9529
2.46898
0.999971
1
1
1
1
1
1
1
1
1
1
1
1
1
1
1
1
1
1
1
1
1
1
1
1
1
1
1
1
1
5.77357
5.88881
6.25659
5.97589
4.74579
1.57505
0.999531
1
1
1
1
1
1
1
1
1
1
1
1
1
1
1
1
1
1
1
1
1
1
1
1
1
1
1
1
5.73021
5.80214
5.80108
5.82025
5.98496
3.45827
1.11175
1
1
1
1
1
1
1
1
1
1
1
1
1
1
1
1
1
1
1
1
1
1
1
1
1
1
1
1
5.71515
5.76908
5.73667
5.80569
6.02358
5.41606
2.12645
0.99912
1
1
1
1
1
1
1
1
1
1
1
1
1
1
1
1
1
1
1
1
1
1
1
1
1
1
1
5.72782
5.77644
5.78177
5.82518
5.93248
5.62051
3.92887
1.25153
1
1
1
1
1
1
1
1
1
1
1
1
1
1
1
1
1
1
1
1
1
1
1
1
1
1
1
5.75252
5.78099
5.78963
5.79707
5.74904
5.64086
5.21221
2.24167
0.999782
1
1
1
1
1
1
1
1
1
1
1
1
1
1
1
1
1
1
1
1
1
1
1
1
1
1
5.77879
5.78042
5.76697
5.75114
5.65677
5.60323
5.67263
4.0017
1.24014
1
1
1
1
1
1
1
1
1
1
1
1
1
1
1
1
1
1
1
1
1
1
1
1
1
1
5.77229
5.75909
5.71617
5.68162
5.60718
5.58187
5.60654
4.87166
2.0821
0.999058
1
1
1
1
1
1
1
1
1
1
1
1
1
1
1
1
1
1
1
1
1
1
1
1
1
5.74461
5.71744
5.64961
5.61149
5.55067
5.52662
5.519
5.22237
3.16788
1.07973
1
1
1
1
1
1
1
1
1
1
1
1
1
1
1
1
1
1
1
1
1
1
1
1
1
5.69817
5.65014
5.57255
5.53656
5.49757
5.46037
5.46692
5.36952
4.39701
1.50291
0.999553
1
1
1
1
1
1
1
1
1
1
1
1
1
1
1
1
1
1
1
1
1
1
1
1
5.62401
5.55975
5.49573
5.47328
5.45395
5.40839
5.40173
5.3425
4.89859
2.3909
1.00671
1
1
1
1
1
1
1
1
1
1
1
1
1
1
1
1
1
1
1
1
1
1
1
1
5.52259
5.46235
5.43631
5.41923
5.39681
5.38042
5.34754
5.29137
5.0203
3.26853
1.11164
1
1
1
1
1
1
1
1
1
1
1
1
1
1
1
1
1
1
1
1
1
1
1
1
5.419
5.37525
5.381
5.36605
5.34561
5.34727
5.3195
5.27437
5.12135
4.07408
1.42064
1
1
1
1
1
1
1
1
1
1
1
1
1
1
1
1
1
1
1
1
1
1
1
1
5.33398
5.30838
5.32695
5.31402
5.29602
5.29453
5.28395
5.26334
5.15252
4.65939
2.04616
0.999038
1
1
1
1
1
1
1
1
1
1
1
1
1
1
1
1
1
1
1
1
1
1
1
5.28172
5.2613
5.27201
5.25589
5.24729
5.23879
5.24205
5.22945
5.12369
4.79482
2.77093
1.03577
1
1
1
1
1
1
1
1
1
1
1
1
1
1
1
1
1
1
1
1
1
1
1
5.24945
5.2273
5.22432
5.20342
5.19959
5.19084
5.20089
5.18744
5.11458
4.91819
3.44015
1.16727
1
1
1
1
1
1
1
1
1
1
1
1
1
1
1
1
1
1
1
1
1
1
1
5.21928
5.20103
5.18242
5.16398
5.15357
5.13619
5.15052
5.14187
5.12271
5.00924
4.06014
1.47872
1
1
1
1
1
1
1
1
1
1
1
1
1
1
1
1
1
1
1
1
1
1
1
5.18973
5.17811
5.1529
5.1329
5.117
5.08704
5.1009
5.09272
5.11087
4.99607
4.33672
1.9377
0.999217
1
1
1
1
1
1
1
1
1
1
1
1
1
1
1
1
1
1
1
1
1
1
5.16407
5.15442
5.12877
5.11235
5.09679
5.05785
5.05803
5.05392
5.09008
4.99545
4.57455
2.45199
1.01249
1
1
1
1
1
1
1
1
1
1
1
1
1
1
1
1
1
1
1
1
1
1
5.13963
5.12901
5.10772
5.09651
5.09083
5.04308
5.02651
5.02454
5.06329
5.02445
4.86543
3.0466
1.07962
1
1
1
1
1
1
1
1
1
1
1
1
1
1
1
1
1
1
1
1
1
1
5.11636
5.10179
5.08825
5.07934
5.09043
5.03896
5.00705
4.99999
5.02933
5.00758
4.91624
3.52968
1.23913
1
1
1
1
1
1
1
1
1
1
1
1
1
1
1
1
1
1
1
1
1
1
5.0933
5.0754
5.0717
5.0584
5.08485
5.04375
5.00317
4.98178
4.99725
4.98046
4.91283
3.92841
1.48554
1
1
1
1
1
1
1
1
1
1
1
1
1
1
1
1
1
1
1
1
1
1
5.07632
5.05598
5.05433
5.03509
5.06609
5.04857
5.01392
4.98178
4.97901
4.96079
4.92975
4.35795
1.85042
0.999445
1
1
1
1
1
1
1
1
1
1
1
1
1
1
1
1
1
1
1
1
1
5.06456
5.04038
5.03614
5.01549
5.04505
5.04319
5.02322
4.99089
4.96388
4.95048
4.92674
4.56127
2.29988
1.00663
1
1
1
1
1
1
1
1
1
1
1
1
1
1
1
1
1
1
1
1
1
5.05705
5.03017
5.02099
5.00198
5.02734
5.03236
5.02356
4.99677
4.96619
4.95867
4.92408
4.61773
2.74568
1.03968
1
1
1
1
1
1
1
1
1
1
1
1
1
1
1
1
1
1
1
1
1
5.05328
5.02812
5.01427
4.99742
5.00745
5.01521
5.01187
4.99745
4.98286
4.98067
4.94603
4.72722
3.19007
1.12284
1
1
1
1
1
1
1
1
1
1
1
1
1
1
1
1
1
1
1
1
1
5.05102
5.02729
5.01591
5.00094
4.98406
4.99407
4.99312
4.99149
4.99249
4.99983
4.97928
4.86738
3.63465
1.28704
1
1
1
1
1
1
1
1
1
1
1
1
1
1
1
1
1
1
1
1
1
5.04485
5.01956
5.02011
5.00661
4.97053
4.9747
4.97928
4.98995
4.99716
5.00045
4.97151
4.89528
3.9214
1.52605
1
1
1
1
1
1
1
1
1
1
1
1
1
1
1
1
1
1
1
1
1
5.03575
5.01405
5.02278
5.01152
4.96684
4.966
4.97819
4.98834
4.99055
4.97555
4.95068
4.87051
4.1606
1.81187
0.999582
1
1
1
1
1
1
1
1
1
1
1
1
1
1
1
1
1
1
1
1
5.02834
5.0133
5.0237
5.00781
4.97127
4.9681
4.98442
4.98953
4.98757
4.95914
4.91541
4.85717
4.48662
2.19357
1.00423
1
1
1
1
1
1
1
1
1
1
1
1
1
1
1
1
1
1
1
1
5.02443
5.01258
5.02184
4.9966
4.97537
4.97206
4.99438
5.00388
4.9957
4.96726
4.91244
4.86462
4.76648
2.63504
1.02837
1
1
1
1
1
1
1
1
1
1
1
1
1
1
1
1
1
1
1
1
5.03286
5.01442
5.00183
4.98406
4.97048
4.97
4.99417
5.01299
5.01326
4.99035
4.92641
4.85
4.81178
3.00966
1.08575
1
1
1
1
1
1
1
1
1
1
1
1
1
1
1
1
1
1
1
1
5.05296
5.02381
4.97712
4.97294
4.96173
4.96392
4.98181
5.00233
5.02378
5.01049
4.96241
4.85144
4.7475
3.35684
1.18794
1
1
1
1
1
1
1
1
1
1
1
1
1
1
1
1
1
1
1
1
5.07345
5.02838
4.9808
4.97655
4.9676
4.96861
4.97139
4.98825
5.01794
5.01373
4.98493
4.91448
4.7705
3.7311
1.34555
1
1
1
1
1
1
1
1
1
1
1
1
1
1
1
1
1
1
1
1
5.07249
5.02096
5.00907
5.00203
4.99397
4.98489
4.96781
4.97658
5.00352
5.00042
4.97355
4.95311
4.81616
4.01607
1.56926
1
1
1
1
1
1
1
1
1
1
1
1
1
1
1
1
1
1
1
1
5.02874
5.00971
5.02248
5.03421
5.03471
5.00991
4.97453
4.96809
4.97569
4.97617
4.97111
4.97522
4.90211
4.22006
1.84186
0.999571
1
1
1
1
1
1
1
1
1
1
1
1
1
1
1
1
1
1
1
4.97661
4.99575
5.02804
5.05101
5.06153
5.04075
4.99446
4.96637
4.94849
4.94145
4.96275
5.01258
4.97955
4.38349
2.16527
1.00439
1
1
1
1
1
1
1
1
1
1
1
1
1
1
1
1
1
1
1
4.94768
4.98133
5.01702
5.05057
5.07026
5.06419
5.01884
4.98472
4.94642
4.92849
4.96029
5.0357
5.00314
4.51967
2.51488
1.02255
1
1
1
1
1
1
1
1
1
1
1
1
1
1
1
1
1
1
1
4.95527
4.97901
5.00355
5.03759
5.07215
5.07916
5.045
5.0031
4.94992
4.92486
4.96065
5.04247
5.00831
4.62532
2.86305
1.06596
1
1
1
1
1
1
1
1
1
1
1
1
1
1
1
1
1
1
1
4.98095
4.97437
4.99421
5.03212
5.07834
5.08045
5.04876
4.99436
4.94258
4.92442
4.97565
5.05803
5.01713
4.68919
3.18885
1.13899
1
1
1
1
1
1
1
1
1
1
1
1
1
1
1
1
1
1
1
4.96978
4.96483
4.99539
5.0345
5.07987
5.07596
5.04159
4.98282
4.93643
4.93394
5.00704
5.0843
5.04216
4.7573
3.49009
1.25455
1
1
1
1
1
1
1
1
1
1
1
1
1
1
1
1
1
1
1
4.96906
4.96992
5.00625
5.03752
5.07259
5.06686
5.032
4.97484
4.93955
4.96455
5.03831
5.08466
5.04961
4.81101
3.75639
1.38941
1
1
1
1
1
1
1
1
1
1
1
1
1
1
1
1
1
1
1
4.9738
4.98546
5.01267
5.04201
5.06339
5.05701
5.01251
4.95589
4.9429
4.99798
5.06369
5.08506
5.03975
4.81886
4.12121
1.71577
1
1
1
1
1
1
1
1
1
1
1
1
1
1
1
1
1
1
1
4.98733
5.01062
5.03542
5.07171
5.08256
5.05718
5.00028
4.95086
4.97723
5.04237
5.08313
5.07444
5.00359
4.82051
4.10643
1.63456
0.972938
1
1
1
1
1
1
1
1
1
1
1
1
1
1
1
1
1
1
2.01672
3.35606
4.19239
4.64805
4.88191
4.98939
5.00008
4.97343
4.96438
5.02193
5.08067
5.08497
5.03296
4.80946
4.67581
2.65729
1.1314
1.00167
1.00001
1
1
1
1
1
1
1
1
1
1
1
1
1
1
1
1
0.486729
1.74167
2.77506
3.59049
4.1877
4.55708
4.79254
4.87673
4.91657
4.96713
5.04543
5.09806
5.07552
4.86469
4.84432
3.65418
1.58408
1.01979
1.00014
1
1
1
1
1
1
1
1
1
1
1
1
1
1
1
1
0.14834
0.961664
1.70884
2.40792
3.15957
3.79631
4.21743
4.55116
4.73235
4.84817
4.94908
5.05361
5.11366
4.93535
5.05437
4.46806
2.36237
1.11436
1.00162
1.00001
1
1
1
1
1
1
1
1
1
1
1
1
1
1
1
0.0996608
0.520806
1.09063
1.6657
2.20759
2.94311
3.49936
3.96648
4.32613
4.58945
4.77983
4.93896
5.11349
4.9915
5.16146
4.83665
3.39789
1.42787
1.01208
1.00008
1
1
1
1
1
1
1
1
1
1
1
1
1
1
1
0.121491
0.30534
0.629074
1.17925
1.66623
2.1202
2.79874
3.27733
3.78437
4.13916
4.45919
4.71547
5.03923
4.97402
5.14232
4.99689
4.22344
2.08209
1.07007
1.00077
1
1
1
1
1
1
1
1
1
1
1
1
1
1
1
0.220105
0.298552
0.381135
0.71397
1.25968
1.64629
2.15188
2.70108
3.15779
3.62553
3.98104
4.35442
4.78657
4.89013
5.06328
5.05497
4.65393
2.93011
1.24564
1.00465
1.00002
1
1
1
1
1
1
1
1
1
1
1
1
1
1
0.353206
0.312641
0.324417
0.482601
0.857885
1.33501
1.63566
2.20707
2.65678
3.14822
3.53798
3.94747
4.42845
4.67047
4.90767
5.02065
4.96799
3.75513
1.65065
1.02549
1.00019
1
1
1
1
1
1
1
1
1
1
1
1
1
1
0.450648
0.311964
0.29311
0.439357
0.603094
1.04141
1.38916
1.73142
2.22261
2.63163
3.09176
3.53713
4.04687
4.38114
4.68123
4.92618
4.95935
4.45644
2.34799
1.10089
1.00117
1
1
1
1
1
1
1
1
1
1
1
1
1
1
0.460553
0.304393
0.264959
0.402241
0.504748
0.742301
1.16457
1.41834
1.84996
2.21447
2.56176
3.03653
3.59367
4.0127
4.38181
4.75806
4.89224
4.64697
3.1176
1.32248
1.00718
1.00004
1
1
1
1
1
1
1
1
1
1
1
1
1
0.444067
0.307451
0.26726
0.359902
0.456276
0.565674
0.939207
1.26387
1.54445
1.95895
2.20515
2.60955
3.16142
3.55614
3.99277
4.48876
4.77078
4.72612
3.77241
1.71116
1.02828
1.0002
1
1
1
1
1
1
1
1
1
1
1
1
1
0.401962
0.311297
0.293847
0.340165
0.419216
0.531556
0.702186
1.08555
1.34841
1.728
2.02657
2.34741
2.83568
3.22206
3.628
4.14023
4.62021
4.66184
4.14218
2.25009
1.09651
1.00108
1
1
1
1
1
1
1
1
1
1
1
1
1
0.364899
0.328237
0.335812
0.32958
0.378628
0.514585
0.590641
0.882063
1.16626
1.44335
1.804
2.11192
2.52218
2.94394
3.33728
3.79998
4.37695
4.59019
4.37794
2.85767
1.24556
1.00461
1.00002
1
1
1
1
1
1
1
1
1
1
1
1
0.360008
0.342976
0.353879
0.32248
0.331146
0.477532
0.576605
0.697071
0.980526
1.20256
1.49131
1.8144
2.16354
2.60719
3.0132
3.48275
4.05628
4.44585
4.36946
3.3626
1.53437
1.01781
1.00011
1
1
1
1
1
1
1
1
1
1
1
1
0.369079
0.365442
0.359009
0.314767
0.303146
0.413282
0.548634
0.655
0.870175
1.10818
1.284
1.60687
1.95622
2.29445
2.70344
3.1562
3.69596
4.22744
4.27556
3.69644
1.90323
1.05292
1.00048
1
1
1
1
1
1
1
1
1
1
1
1
0.397632
0.392697
0.362654
0.3138
0.297054
0.348699
0.490471
0.624723
0.78842
1.03085
1.22543
1.48507
1.82128
2.12994
2.51779
2.8954
3.34958
3.92543
4.11641
3.8346
2.34094
1.13149
1.00182
1.00001
1
1
1
1
1
1
1
1
1
1
1
0.413097
0.403778
0.369579
0.317355
0.298718
0.324669
0.410175
0.560106
0.684165
0.919717
1.14645
1.35582
1.67081
1.97725
2.3474
2.7062
3.09181
3.6244
3.93193
3.80586
2.68509
1.273
1.00617
1.00003
1
1
1
1
1
1
1
1
1
1
1
0.407983
0.402646
0.383113
0.337144
0.312068
0.327651
0.35436
0.474278
0.589228
0.756171
0.999648
1.17494
1.42547
1.75498
2.09112
2.47072
2.85544
3.358
3.75664
3.72291
2.94676
1.45853
1.01647
1.00011
1
1
1
1
1
1
1
1
1
1
1
0.390359
0.393811
0.387183
0.362556
0.340734
0.34083
0.354073
0.442379
0.556322
0.696745
0.895759
1.07432
1.28998
1.57903
1.88407
2.22074
2.58715
3.0734
3.57099
3.60519
3.12393
1.70185
1.0397
1.00034
1
1
1
1
1
1
1
1
1
1
1
0.373452
0.379257
0.383006
0.375409
0.363747
0.348805
0.355169
0.424895
0.542596
0.698604
0.86497
1.03866
1.249
1.50234
1.79411
2.08514
2.39349
2.81144
3.34892
3.49798
3.20576
1.94261
1.08113
1.001
1
1
1
1
1
1
1
1
1
1
1
0.373615
0.37219
0.379549
0.381613
0.367629
0.34709
0.347551
0.394584
0.508395
0.672466
0.821851
0.985593
1.19196
1.42335
1.70118
1.98119
2.26755
2.62825
3.14043
3.37188
3.19072
2.16361
1.14711
1.00262
1.00001
1
1
1
1
1
1
1
1
1
1
0.382891
0.373787
0.382107
0.389086
0.370015
0.346399
0.346662
0.374424
0.433629
0.582738
0.726244
0.886144
1.08575
1.29117
1.5418
1.81793
2.11203
2.45544
2.95033
3.21979
3.14215
2.33571
1.23609
1.00607
1.00003
1
1
1
1
1
1
1
1
1
1
0.396565
0.382886
0.38702
0.392071
0.371982
0.348716
0.350258
0.37688
0.410421
0.511513
0.636466
0.757588
0.935332
1.13628
1.35737
1.6207
1.90475
2.2368
2.72436
3.06645
3.05315
2.45076
1.33927
1.01237
1.00008
1
1
1
1
1
1
1
1
1
1
0.399692
0.392406
0.387817
0.391023
0.373277
0.354836
0.358279
0.387052
0.416155
0.507579
0.617882
0.72576
0.890643
1.08145
1.29361
1.53609
1.78798
2.07445
2.50819
2.93244
2.94991
2.5092
1.44923
1.02272
1.00019
1
1
1
1
1
1
1
1
1
1
0.393372
0.392061
0.387049
0.38986
0.373422
0.35957
0.36267
0.386318
0.41378
0.499778
0.602908
0.710492
0.862682
1.03946
1.2428
1.47642
1.71997
1.98291
2.3663
2.80892
2.86581
2.54377
1.55724
1.0381
1.0004
1
1
1
1
1
1
1
1
1
1
0.382455
0.389594
0.386242
0.388198
0.375462
0.364333
0.362691
0.375634
0.39446
0.467408
0.567628
0.676902
0.818808
0.981296
1.17318
1.39388
1.62823
1.88031
2.24006
2.68782
2.7839
2.54586
1.66275
1.0597
1.00079
1
1
1
1
1
1
1
1
1
1
0.369757
0.384343
0.384915
0.389186
0.384172
0.373398
0.364308
0.3644
0.369258
0.41806
0.494562
0.60201
0.727892
0.87746
1.04619
1.23994
1.46167
1.70628
2.05751
2.53486
2.6814
2.52069
1.74775
1.08581
1.00144
1.00001
1
1
1
1
1
1
1
1
1
0.366501
0.379631
0.382397
0.390995
0.397764
0.389411
0.371741
0.364481
0.367596
0.415622
0.473103
0.553729
0.673866
0.7986
0.964741
1.15222
1.35418
1.57279
1.88239
2.36102
2.56465
2.46409
1.8033
1.11409
1.0024
1.00001
1
1
1
1
1
1
1
1
1
0.367148
0.378688
0.380914
0.391626
0.406435
0.398659
0.382067
0.365545
0.368253
0.414262
0.470878
0.547608
0.66257
0.789995
0.950765
1.13144
1.32718
1.53863
1.82136
2.25859
2.48741
2.41388
1.84152
1.14245
1.0037
1.00002
1
1
1
1
1
1
1
1
1
0.368884
0.377794
0.379882
0.391734
0.407499
0.399234
0.383259
0.36191
0.364008
0.402343
0.460074
0.533432
0.645681
0.773273
0.922553
1.09503
1.28606
1.49425
1.76883
2.18926
2.43209
2.37712
1.87675
1.1717
1.00541
1.00003
1
1
1
1
1
1
1
1
1
0.373965
0.379534
0.379684
0.390724
0.406235
0.397764
0.380712
0.358059
0.358714
0.379868
0.427842
0.494917
0.599736
0.723877
0.861231
1.02409
1.20681
1.40693
1.67553
2.09517
2.36001
2.32677
1.89234
1.20266
1.00766
1.00005
1
1
1
1
1
1
1
1
1
0.375104
0.380548
0.378695
0.38606
0.40061
0.392884
0.380228
0.358795
0.359043
0.373316
0.400319
0.450154
0.534233
0.645644
0.766583
0.912279
1.08056
1.26549
1.51139
1.92999
2.24964
2.24055
1.88806
1.22874
1.01022
1.00008
1
1
1
1
1
1
1
1
1
0.36991
0.37684
0.375025
0.380393
0.394801
0.389983
0.382965
0.36383
0.3634
0.375926
0.398652
0.444421
0.524522
0.616684
0.734852
0.875626
1.0353
1.20915
1.43093
1.80239
2.13056
2.14536
1.86789
1.24678
1.01274
1.00011
1
1
1
1
1
1
1
1
1
0.358693
0.369276
0.37246
0.375368
0.391198
0.389074
0.385085
0.371672
0.368761
0.381969
0.401302
0.447349
0.528253
0.620035
0.739472
0.879912
1.03792
1.20941
1.42397
1.77236
2.08635
2.09796
1.84477
1.25853
1.01498
1.00015
1
1
1
1
1
1
1
1
1
0.35322
0.364192
0.372634
0.373774
0.387879
0.387619
0.384524
0.373764
0.369453
0.382557
0.400048
0.444579
0.525047
0.617522
0.734613
0.871254
1.02504
1.19173
1.39993
1.74219
2.05645
2.06617
1.82697
1.26702
1.01703
1.00019
1
1
1
1
1
1
1
1
1
0.353432
0.363855
0.374087
0.374126
0.384214
0.384541
0.382215
0.373313
0.368481
0.380524
0.394324
0.430033
0.505171
0.595549
0.705831
0.834001
0.980373
1.13844
1.33864
1.6783
2.00432
2.02202
1.80723
1.27316
1.01894
1.00022
1
1
1
1
1
1
1
1
1
0.358261
0.366636
0.378551
0.377478
0.382885
0.381245
0.378974
0.37176
0.366897
0.377964
0.388932
0.412942
0.471808
0.558255
0.656245
0.780677
0.917261
1.06481
1.25339
1.56945
1.91155
1.95686
1.77708
1.27509
1.02041
1.00026
1
1
1
1
1
1
1
1
1
0.375874
0.377151
0.387682
0.386435
0.382244
0.377751
0.375272
0.370451
0.367577
0.378224
0.387038
0.408096
0.463517
0.535549
0.626411
0.740011
0.867942
1.00912
1.18907
1.48652
1.82991
1.88874
1.73684
1.27123
1.02116
1.00028
1
1
1
1
1
1
1
1
1
0.408439
0.40099
0.404947
0.399122
0.384786
0.377076
0.375085
0.372655
0.373121
0.382318
0.389104
0.411643
0.466164
0.527404
0.621612
0.725641
0.853015
0.991204
1.16499
1.46108
1.79536
1.8421
1.69761
1.2608
1.02095
1.00029
1
1
1
1
1
1
1
1
1
0.449701
0.438547
0.437795
0.423949
0.401102
0.385372
0.381752
0.380847
0.38489
0.39012
0.395432
0.418062
0.46808
0.528522
0.619264
0.724743
0.849703
0.985162
1.15618
1.45132
1.76676
1.80623
1.66335
1.24663
1.02003
1.00028
1
1
1
1
1
1
1
1
1
0.494625
0.482365
0.482068
0.466039
0.439713
0.416297
0.403447
0.398732
0.39994
0.400235
0.404655
0.421485
0.465935
0.529017
0.615749
0.720943
0.84076
0.970477
1.13868
1.43114
1.72997
1.76851
1.62996
1.23113
1.01861
1.00026
1
1
1
1
1
1
1
1
1
0.526921
0.523632
0.523424
0.508536
0.482858
0.463295
0.44647
0.430386
0.419345
0.412741
0.417156
0.427404
0.46231
0.524961
0.604734
0.708695
0.819188
0.937572
1.10026
1.38562
1.68293
1.72591
1.59397
1.21414
1.01687
1.00023
1
1
1
1
1
1
1
1
1
0.542632
0.543901
0.546677
0.538097
0.528178
0.513666
0.50069
0.481482
0.45536
0.434001
0.43422
0.440133
0.464029
0.523027
0.592975
0.69104
0.794102
0.909033
1.06538
1.33623
1.63654
1.68202
1.55502
1.19503
1.01486
1.0002
1
1
1
1
1
1
1
1
1
0.550715
0.552866
0.556735
0.554689
0.562323
0.559911
0.557582
0.542815
0.511362
0.473031
0.455397
0.457464
0.469304
0.520241
0.583436
0.673861
0.780016
0.895551
1.0485
1.31564
1.60163
1.64104
1.51449
1.17402
1.01267
1.00017
1
1
1
1
1
1
1
1
1
0.555656
0.556623
0.562396
0.563477
0.573577
0.574691
0.579506
0.57204
0.555616
0.521236
0.483284
0.474615
0.478037
0.515923
0.576285
0.665056
0.775086
0.892546
1.04544
1.31217
1.57378
1.6036
1.47351
1.15206
1.01042
1.00013
1
1
1
1
1
1
1
1
1
0.562376
0.563126
0.568689
0.571045
0.57867
0.582016
0.589628
0.588009
0.584695
0.562765
0.518875
0.494233
0.492539
0.515415
0.576994
0.66357
0.764868
0.880169
1.04234
1.30981
1.54715
1.56828
1.43241
1.13021
1.00828
1.0001
1
1
1
1
1
1
1
1
1
0.575745
0.574332
0.575389
0.576501
0.580112
0.584329
0.592032
0.594357
0.598978
0.585068
0.551069
0.517551
0.511494
0.522693
0.582895
0.661151
0.755121
0.866762
1.03306
1.29888
1.51968
1.53363
1.3911
1.10915
1.00633
1.00007
1
1
1
1
1
1
1
1
1
0.584
0.58743
0.584778
0.581312
0.579655
0.58092
0.586084
0.592634
0.603282
0.595917
0.573683
0.541963
0.534154
0.536673
0.589149
0.660131
0.755666
0.863455
1.02308
1.28223
1.49119
1.49933
1.34975
1.08924
1.00462
1.00005
1
1
1
1
1
1
1
1
1
0.597823
0.589165
0.590245
0.585184
0.581787
0.580414
0.584661
0.59342
0.603638
0.604469
0.589596
0.564356
0.555046
0.552817
0.596396
0.667031
0.763956
0.866046
1.01575
1.26919
1.46422
1.46521
1.30861
1.07082
1.00321
1.00003
1
1
1
1
1
1
1
1
1
0.598159
0.591197
0.596455
0.590836
0.587629
0.584738
0.588412
0.597247
0.603413
0.607691
0.600542
0.581915
0.571981
0.567889
0.609534
0.68196
0.759041
0.861865
1.01637
1.2673
1.43987
1.43127
1.26724
1.05376
1.00206
1.00002
1
1
1
1
1
1
1
1
1
0.592806
0.584205
0.596194
0.596284
0.594568
0.59156
0.593197
0.59923
0.602635
0.609519
0.610561
0.598084
0.588695
0.586211
0.617513
0.681329
0.749826
0.853441
1.01657
1.26683
1.41566
1.39847
1.22856
1.04013
1.00134
1.00001
1
1
1
1
1
1
1
1
1
0.652769
0.587756
0.59609
0.598945
0.598198
0.595617
0.595541
0.599447
0.602551
0.61258
0.621078
0.614474
0.606926
0.60721
0.621738
0.681607
0.74657
0.856112
1.02432
1.27423
1.40036
1.37323
1.19658
1.02928
1.00076
1
1
1
1
1
1
1
1
1
1
0.700213
0.598267
0.597368
0.599115
0.599303
0.597109
0.595792
0.59895
0.603384
0.617737
0.633413
0.62396
0.617347
0.613132
0.622259
0.681445
0.744039
0.858746
1.03062
1.27926
1.39107
1.35711
1.17652
1.02341
1.00053
1
1
1
1
1
1
1
1
1
1
0.766348
0.624383
0.595336
0.598883
0.600197
0.598077
0.595507
0.59862
0.607133
0.628896
0.637221
0.61942
0.614089
0.610017
0.620751
0.680158
0.740013
0.861634
1.03842
1.28427
1.38053
1.3389
1.15496
1.01797
1.00035
1
1
1
1
1
1
1
1
1
1
0.820745
0.661028
0.594735
0.598224
0.600525
0.598187
0.595554
0.60067
0.617138
0.639261
0.630254
0.612406
0.608969
0.605585
0.619065
0.679997
0.740381
0.866196
1.04798
1.2893
1.36854
1.31821
1.13228
1.01311
1.00021
1
1
1
1
1
1
1
1
1
1
0.867395
0.696903
0.597705
0.597961
0.599335
0.59819
0.599461
0.61039
0.631465
0.637089
0.622691
0.607935
0.606371
0.604248
0.619299
0.682123
0.744322
0.872475
1.06037
1.29326
1.35501
1.2944
1.10891
1.00896
1.00012
1
1
1
1
1
1
1
1
1
1
0.946641
0.751588
0.607184
0.600994
0.601212
0.605115
0.613034
0.625366
0.634479
0.629491
0.617374
0.604896
0.605497
0.605168
0.621458
0.686769
0.750227
0.87972
1.07555
1.29609
1.33922
1.2668
1.0854
1.00563
1.00006
1
1
1
1
1
1
1
1
1
1
1.02682
0.826784
0.641234
0.608531
0.611601
0.617309
0.622182
0.6262
0.627852
0.623955
0.614524
0.603064
0.604834
0.605489
0.623959
0.690682
0.754999
0.888759
1.0921
1.29774
1.32043
1.23467
1.06266
1.00317
1.00003
1
1
1
1
1
1
1
1
1
1
1.1063
0.901643
0.689163
0.617982
0.61741
0.615686
0.616898
0.620177
0.622932
0.620647
0.611802
0.601266
0.604447
0.605286
0.624513
0.694952
0.759968
0.9009
1.10971
1.2965
1.29982
1.1975
1.04194
1.00152
1.00001
1
1
1
1
1
1
1
1
1
1
1.23236
1.00102
0.749242
0.624407
0.612331
0.610595
0.612596
0.617346
0.62054
0.616818
0.605881
0.597211
0.603518
0.603529
0.622836
0.699138
0.766858
0.916648
1.12898
1.28892
1.27669
1.15615
1.02454
1.00057
1
0.999999
1
1
1
1
1
1
1
1
1
1.28953
1.09342
0.844051
0.640614
0.609447
0.608618
0.611358
0.615686
0.616351
0.608819
0.595548
0.590466
0.601
0.602733
0.619998
0.701731
0.776674
0.936862
1.1508
1.27485
1.24604
1.11199
1.01161
1.00015
0.999997
0.999999
1
1
1
1
1
1
1
1
1
1.26838
1.12074
0.942968
0.680045
0.608229
0.605877
0.608067
0.609855
0.606073
0.593468
0.582757
0.582079
0.599295
0.605319
0.620189
0.704882
0.790321
0.963094
1.17289
1.25246
1.20441
1.06761
1.00392
1.00001
0.999992
0.999999
1
1
1
1
1
1
1
1
1
1.19976
1.10455
0.974428
0.725542
0.606176
0.597139
0.597298
0.595958
0.589308
0.577648
0.573769
0.577197
0.599862
0.608317
0.622222
0.712225
0.811234
0.998067
1.18546
1.21912
1.14871
1.0296
1.00067
0.999949
0.999989
0.999999
1
1
1
1
1
1
1
1
1
1.10283
1.05052
0.959458
0.741005
0.599644
0.582081
0.580448
0.578603
0.576422
0.573981
0.572842
0.577509
0.603094
0.613314
0.628155
0.729172
0.847956
1.03815
1.1835
1.17369
1.08045
1.00647
0.999721
0.999921
0.999993
1
1
1
1
1
1
1
1
1
1
1.04344
0.988029
0.92342
0.737422
0.59768
0.573048
0.572277
0.57285
0.574903
0.575425
0.576458
0.581938
0.610574
0.626871
0.647092
0.761978
0.896861
1.05458
1.1521
1.10577
1.02048
0.998825
0.999548
0.999946
0.999998
1
1
1
1
1
1
1
1
1
1
0.998776
0.938882
0.879977
0.735863
0.604492
0.573411
0.572757
0.573827
0.57732
0.581229
0.587668
0.596026
0.624668
0.652481
0.685181
0.791301
0.914297
1.05129
1.07074
1.02041
0.994301
0.997937
0.999691
0.999982
1
1
1
1
1
1
1
1
1
1
1
0.969012
0.932456
0.885479
0.754796
0.629668
0.579462
0.579133
0.581354
0.587708
0.597564
0.609495
0.618166
0.636717
0.666689
0.706761
0.794127
0.909026
0.996649
0.971642
0.972738
0.99193
0.998628
0.999901
0.999998
1
1
1
1
1
1
1
1
1
1
1
0.937904
0.935771
0.903163
0.828043
0.696907
0.602624
0.593333
0.597455
0.603983
0.613082
0.620942
0.625383
0.637484
0.665821
0.707256
0.782727
0.859251
0.886832
0.9187
0.970998
0.994394
0.999566
0.99999
1
1
1
1
1
1
1
1
1
1
1
1
0.897213
0.922763
0.902196
0.884833
0.818671
0.667398
0.606717
0.60301
0.606206
0.613308
0.618877
0.621739
0.630303
0.647384
0.683103
0.733279
0.767964
0.835026
0.918539
0.97767
0.997817
0.999948
1
1
1
1
1
1
1
1
1
1
1
1
1
0.854064
0.889675
0.89918
0.889524
0.858649
0.740687
0.62118
0.598383
0.59787
0.598944
0.597309
0.596156
0.599036
0.599126
0.621091
0.681291
0.739468
0.836829
0.929884
0.987078
0.999367
0.999992
1
1
1
1
1
1
1
1
1
1
1
1
1
0.817371
0.845523
0.879299
0.88101
0.859972
0.767046
0.637882
0.576868
0.566472
0.557547
0.550676
0.549874
0.560011
0.564413
0.594487
0.675771
0.744759
0.85139
0.946894
0.992462
0.99968
0.999995
1
1
1
1
1
1
1
1
1
1
1
1
1
0.801122
0.800137
0.824937
0.850339
0.847852
0.790528
0.668941
0.56916
0.53343
0.523434
0.521706
0.526637
0.549635
0.561906
0.596647
0.683277
0.761969
0.872483
0.95933
0.994729
0.999783
0.999997
1
1
1
1
1
1
1
1
1
1
1
1
1
0.80433
0.787212
0.787258
0.810395
0.814837
0.79372
0.722884
0.591486
0.531693
0.517538
0.51713
0.523252
0.551323
0.56629
0.607023
0.699968
0.783667
0.890366
0.967647
0.996213
0.999862
0.999998
1
1
1
1
1
1
1
1
1
1
1
1
1
0.818345
0.794888
0.783578
0.786746
0.78847
0.794032
0.779079
0.653111
0.546576
0.517703
0.517106
0.523734
0.55681
0.576632
0.622268
0.718669
0.803375
0.905647
0.974906
0.997504
0.999925
0.999999
1
1
1
1
1
1
1
1
1
1
1
1
1
0.820478
0.808703
0.79527
0.790688
0.794488
0.808304
0.801549
0.720591
0.586406
0.521519
0.517977
0.527139
0.565241
0.58809
0.638713
0.736074
0.822745
0.921069
0.9818
0.998532
0.999965
1
1
1
1
1
1
1
1
1
1
1
1
1
1
0.817056
0.825071
0.815944
0.806559
0.806261
0.814217
0.811774
0.778635
0.659135
0.541192
0.522224
0.532301
0.57544
0.599968
0.65662
0.754568
0.843832
0.936944
0.987798
0.999222
0.999985
1
1
1
1
1
1
1
1
1
1
1
1
1
1
0.816291
0.834031
0.82982
0.825715
0.819601
0.815278
0.812966
0.811127
0.760607
0.598173
0.536201
0.539495
0.584451
0.616965
0.676445
0.775927
0.86686
0.952423
0.99251
0.999631
0.999994
1
1
1
1
1
1
1
1
1
1
1
1
1
1
0.823094
0.837583
0.83883
0.836342
0.82915
0.819787
0.818019
0.822153
0.815357
0.700803
0.577888
0.556239
0.592999
0.637928
0.696188
0.798611
0.890836
0.966666
0.995906
0.999849
0.999998
1
1
1
1
1
1
1
1
1
1
1
1
1
1
0.833383
0.839883
0.844318
0.842139
0.836133
0.827619
0.825959
0.831466
0.83655
0.794215
0.66376
0.598038
0.615033
0.662751
0.716052
0.821426
0.914142
0.978686
0.998068
0.999948
0.999999
1
1
1
1
1
1
1
1
1
1
1
1
1
1
0.840052
0.841525
0.846538
0.844506
0.840536
0.833334
0.831437
0.834599
0.84141
0.831357
0.751637
0.668699
0.665636
0.697955
0.73928
0.842308
0.933299
0.986977
0.999166
0.999984
1
1
1
1
1
1
1
1
1
1
1
1
1
1
1
0.855674
0.854188
0.855492
0.854687
0.852325
0.848219
0.844689
0.844566
0.849812
0.846653
0.827731
0.785069
0.778749
0.793024
0.813759
0.892074
0.962223
0.994759
0.999783
0.999997
1
1
1
1
1
1
1
1
1
1
1
1
1
1
1
)
;

boundaryField
{
    inlet
    {
        type            fixedValue;
        value           uniform 1;
    }
    outlet
    {
        type            zeroGradient;
    }
    airfoil
    {
        type            zeroGradient;
    }
    top
    {
        type            symmetryPlane;
    }
    bottom
    {
        type            symmetryPlane;
    }
    defaultFaces
    {
        type            empty;
    }
}


// ************************************************************************* //
