/*--------------------------------*- C++ -*----------------------------------*\
  =========                 |
  \\      /  F ield         | OpenFOAM: The Open Source CFD Toolbox
   \\    /   O peration     | Website:  https://openfoam.org
    \\  /    A nd           | Version:  7
     \\/     M anipulation  |
\*---------------------------------------------------------------------------*/
FoamFile
{
    version     2.0;
    format      ascii;
    class       volScalarField;
    location    "3";
    object      p;
}
// * * * * * * * * * * * * * * * * * * * * * * * * * * * * * * * * * * * * * //

dimensions      [1 -1 -2 0 0 0 0];

internalField   nonuniform List<scalar> 
11200
(
0.161162
0.271185
0.371954
0.470899
0.545935
0.607067
0.661319
0.673964
0.696729
0.704966
0.695582
0.707905
0.732257
0.744846
0.75302
0.737936
0.716366
0.710842
0.71062
0.710087
0.708825
0.703614
0.69676
0.696545
0.70031
0.710822
0.719478
0.772588
0.851542
0.896654
0.055409
0.057245
0.0729265
0.106393
0.173935
0.262768
0.365964
0.479636
0.570376
0.667813
0.733878
0.787576
0.798288
0.784683
0.747959
0.705408
0.680006
0.696431
0.714853
0.724143
0.713872
0.699088
0.691584
0.69649
0.710439
0.719514
0.732831
0.786378
0.868228
0.908488
0.0560832
0.0562139
0.0565943
0.0562318
0.0562487
0.0554619
0.0594035
0.0867141
0.130685
0.20283
0.336073
0.469527
0.569873
0.640347
0.672954
0.690019
0.700325
0.711153
0.713977
0.717301
0.708975
0.70474
0.699294
0.703228
0.717205
0.719775
0.73413
0.794387
0.874434
0.910544
0.0564399
0.056991
0.0572931
0.0576628
0.0579341
0.0576981
0.0575136
0.0575137
0.0574181
0.0569532
0.0574468
0.0748871
0.13362
0.237519
0.383898
0.536618
0.64474
0.684192
0.707014
0.708275
0.698743
0.700392
0.709426
0.722924
0.723359
0.723568
0.739117
0.804016
0.879842
0.916085
0.0591504
0.0591492
0.058985
0.0587743
0.0585446
0.0583092
0.0581002
0.0581514
0.058126
0.0577591
0.0568791
0.0559141
0.0550273
0.0539557
0.0593274
0.10317
0.205144
0.343401
0.496509
0.605818
0.652254
0.696913
0.723149
0.739242
0.735587
0.725079
0.741566
0.811056
0.87522
0.916177
0.0603828
0.0597952
0.0592563
0.0587338
0.058394
0.0582832
0.0581545
0.0579716
0.0577983
0.0573159
0.0562057
0.0547597
0.0537708
0.0532761
0.053024
0.0529699
0.0529419
0.0557863
0.0952469
0.209093
0.389136
0.554205
0.657274
0.707921
0.738614
0.73042
0.747154
0.814839
0.872879
0.919538
0.0590628
0.0583649
0.05766
0.0570592
0.0568826
0.0571165
0.057273
0.0572631
0.0571386
0.0566324
0.0555416
0.0540976
0.0537783
0.0535397
0.0529791
0.0529925
0.0533211
0.0537172
0.0546375
0.0556857
0.0684695
0.126803
0.27479
0.471069
0.624112
0.680933
0.739491
0.82373
0.872809
0.92653
0.057219
0.0566488
0.0560268
0.0556027
0.0556367
0.0559918
0.0564492
0.0568059
0.0568328
0.056493
0.0555283
0.0546296
0.0547447
0.055417
0.0559964
0.0573963
0.0605755
0.0618544
0.0624248
0.0628828
0.0637575
0.0654995
0.0673223
0.0980387
0.220336
0.42421
0.579261
0.780737
0.88052
0.941922
0.0561443
0.0560219
0.0557108
0.0553496
0.0553444
0.0555737
0.0560475
0.0568432
0.0575684
0.0574794
0.0562124
0.0558318
0.0564795
0.0585539
0.0619916
0.0657243
0.070053
0.0728724
0.073654
0.0747803
0.0764289
0.077718
0.0785704
0.0795559
0.0817357
0.101254
0.180027
0.490672
0.802671
0.945795
0.0598289
0.0595085
0.0590033
0.0580046
0.0567213
0.0565531
0.0567378
0.0571989
0.0589435
0.0618713
0.062117
0.061591
0.0617646
0.0636677
0.0683028
0.0723741
0.0752045
0.0782526
0.0812068
0.0848299
0.0892045
0.0932068
0.0961583
0.0961142
0.0949349
0.0975942
0.101011
0.132118
0.514872
0.880536
0.0661279
0.0638652
0.0631631
0.0631714
0.0632507
0.0634719
0.0642111
0.0662146
0.0705993
0.075675
0.0763095
0.0760763
0.0765261
0.0782525
0.0809553
0.0816657
0.0813613
0.0827462
0.0869695
0.0919148
0.0964191
0.100667
0.104846
0.109822
0.111682
0.11094
0.113345
0.115606
0.15482
0.673095
0.0736338
0.0741941
0.0746384
0.0750898
0.0758293
0.0763523
0.0771687
0.0789964
0.0825341
0.0884818
0.091665
0.0922025
0.0928891
0.0950552
0.0979963
0.0992696
0.100048
0.100313
0.10058
0.102029
0.104247
0.10758
0.112155
0.11859
0.123384
0.125997
0.1266
0.130761
0.130433
0.396242
0.0943829
0.0946434
0.0945192
0.0944533
0.0943125
0.0933933
0.0934207
0.0950876
0.0989973
0.10444
0.106963
0.106349
0.105985
0.107231
0.111559
0.116332
0.119544
0.121636
0.122221
0.123233
0.123778
0.124202
0.126
0.129775
0.135395
0.138082
0.140024
0.144179
0.146793
0.195751
0.114017
0.114695
0.115658
0.117075
0.117504
0.117338
0.118004
0.120247
0.123362
0.126857
0.127582
0.12652
0.126265
0.127768
0.1306
0.132599
0.133725
0.135895
0.139887
0.144076
0.14745
0.148566
0.148371
0.148249
0.150302
0.154125
0.157423
0.158708
0.16205
0.165608
0.141649
0.142814
0.144529
0.14624
0.146458
0.144957
0.143809
0.144314
0.146731
0.150393
0.154661
0.156627
0.156353
0.156337
0.156304
0.156112
0.156518
0.157465
0.159495
0.162064
0.165229
0.169378
0.17258
0.172894
0.172534
0.174638
0.17826
0.179917
0.180754
0.185086
0.175097
0.17576
0.177084
0.179257
0.181249
0.182548
0.181553
0.179486
0.179229
0.180029
0.184003
0.185289
0.185414
0.186329
0.188155
0.191194
0.192942
0.19274
0.192628
0.192913
0.193022
0.19401
0.197167
0.200369
0.200715
0.199798
0.200186
0.202574
0.204579
0.207809
0.219552
0.220124
0.222306
0.225758
0.229193
0.230361
0.229205
0.224552
0.222377
0.222938
0.226113
0.229272
0.229267
0.228045
0.22685
0.22622
0.226344
0.227265
0.228999
0.229292
0.228256
0.226077
0.224277
0.224058
0.224545
0.22543
0.225215
0.225194
0.225731
0.227409
0.278108
0.278349
0.279431
0.281965
0.284936
0.285974
0.28619
0.282175
0.274447
0.27227
0.273998
0.278008
0.278134
0.27593
0.273117
0.271245
0.269894
0.267595
0.265203
0.26399
0.26406
0.264524
0.264332
0.263022
0.260566
0.260356
0.260121
0.258943
0.256363
0.253893
0.352152
0.350863
0.351225
0.354979
0.357882
0.357848
0.356505
0.351224
0.343057
0.341969
0.343393
0.342254
0.337364
0.334422
0.333497
0.331656
0.327811
0.324493
0.322882
0.321004
0.317756
0.31472
0.312381
0.310331
0.306166
0.301908
0.298493
0.296748
0.294828
0.289371
0.44491
0.442081
0.443295
0.450038
0.451465
0.448815
0.444786
0.437489
0.427268
0.425987
0.426847
0.423655
0.413496
0.407594
0.406486
0.403488
0.396693
0.390311
0.385713
0.381649
0.376718
0.370679
0.363262
0.358517
0.35365
0.348143
0.342564
0.337593
0.33543
0.3312
0.566472
0.557983
0.557246
0.561971
0.568299
0.566835
0.557623
0.542788
0.530765
0.52888
0.529359
0.52534
0.509907
0.498052
0.495497
0.491612
0.481559
0.472393
0.465785
0.459124
0.450311
0.441841
0.433595
0.42671
0.419288
0.410979
0.402831
0.39421
0.384188
0.370473
0.716405
0.703029
0.699628
0.702838
0.712966
0.711896
0.698763
0.677066
0.6572
0.653663
0.655451
0.650368
0.629052
0.609042
0.605477
0.601185
0.587855
0.572221
0.561568
0.552336
0.539638
0.52693
0.514571
0.502565
0.490832
0.478139
0.46634
0.454457
0.443852
0.425848
0.892089
0.877994
0.876191
0.883916
0.891046
0.88289
0.859271
0.836607
0.813666
0.810759
0.81014
0.796991
0.770455
0.746986
0.739774
0.732335
0.715544
0.695042
0.677601
0.663062
0.646564
0.629389
0.611937
0.5949
0.579301
0.562143
0.545146
0.527597
0.512745
0.490891
1.10298
1.09852
1.10405
1.10929
1.10098
1.07624
1.05622
1.02376
1.00622
1.00376
0.992016
0.967501
0.938319
0.919279
0.903898
0.886095
0.861869
0.838391
0.815749
0.794076
0.772062
0.748768
0.726624
0.703735
0.680677
0.658228
0.635563
0.61366
0.593379
0.561927
1.38409
1.37418
1.37123
1.36311
1.34819
1.32372
1.29768
1.27035
1.25114
1.23379
1.20925
1.17953
1.15222
1.12545
1.0984
1.07164
1.04154
1.01033
0.980957
0.950146
0.921012
0.890622
0.860621
0.830868
0.80096
0.77196
0.742967
0.713818
0.689234
0.650397
1.64408
1.63389
1.61977
1.60699
1.59711
1.58249
1.56253
1.54172
1.51955
1.49762
1.47125
1.44005
1.40969
1.37802
1.34408
1.30815
1.27059
1.22962
1.19084
1.15008
1.10928
1.06837
1.02704
0.986546
0.947575
0.908441
0.870998
0.834057
0.801484
0.750872
1.69438
1.69238
1.69021
1.68697
1.68269
1.67694
1.67021
1.6626
1.65484
1.64631
1.63599
1.62114
1.60642
1.59044
1.56968
1.5442
1.51398
1.47864
1.43987
1.39805
1.35119
1.30072
1.24841
1.19475
1.14156
1.08878
1.03741
0.985668
0.941773
0.875357
1.63732
1.64348
1.65222
1.65722
1.65722
1.65301
1.65049
1.64932
1.6471
1.64418
1.63953
1.63388
1.62854
1.6239
1.61698
1.60746
1.59697
1.58541
1.57132
1.55589
1.53465
1.50666
1.47183
1.42892
1.37918
1.32158
1.26008
1.19507
1.13656
1.04632
1.37819
1.38805
1.40614
1.43388
1.44601
1.4568
1.47121
1.48125
1.49344
1.5171
1.52988
1.53381
1.5444
1.55911
1.5659
1.56984
1.57029
1.56915
1.56662
1.5603
1.55174
1.54121
1.52853
1.51274
1.49291
1.46679
1.43561
1.39395
1.34762
1.25905
1.08086
1.08607
1.09426
1.10651
1.11754
1.12937
1.14408
1.15888
1.17404
1.1947
1.2188
1.23959
1.26219
1.29127
1.32034
1.34743
1.37343
1.40045
1.42529
1.4485
1.46496
1.47732
1.48551
1.48465
1.48073
1.47065
1.45355
1.43134
1.40744
1.35587
1.00376
1.00426
1.00489
1.00584
1.00703
1.00848
1.01037
1.01273
1.01546
1.01899
1.02401
1.03019
1.03739
1.04696
1.05928
1.07422
1.09227
1.11381
1.13943
1.1682
1.20098
1.23465
1.26999
1.30264
1.33193
1.35788
1.37228
1.37666
1.3728
1.34783
1.00004
1.00005
1.00006
1.00007
1.00009
1.00012
1.00016
1.00021
1.00028
1.00038
1.00053
1.00076
1.00108
1.00155
1.00228
1.00337
1.00502
1.00743
1.01108
1.01626
1.0239
1.03444
1.04873
1.06771
1.09061
1.11841
1.14872
1.17841
1.20392
1.22624
1
1
1
1
1
1
1
1
1
1
1
1.00001
1.00001
1.00001
1.00002
1.00004
1.00006
1.0001
1.00018
1.00032
1.00058
1.00103
1.00185
1.00327
1.0057
1.00958
1.0158
1.02457
1.03547
1.05558
1
1
1
1
1
1
1
1
1
1
1
1
1
1
1
1
1
1
1
1
1
1.00001
1.00002
1.00004
1.00008
1.00016
1.00034
1.0007
1.00129
1.00316
1
1
1
1
1
1
1
1
1
1
1
1
1
1
1
1
1
1
1
1
1
1
1
1
1
1
1
1.00001
1.00001
1.00004
0.0571839
0.0566391
0.0559511
0.0559048
0.0588122
0.0611517
0.0600537
0.0580152
0.0564397
0.0592684
0.0667249
0.0733838
0.0939592
0.113549
0.140842
0.17494
0.220263
0.282135
0.363048
0.464205
0.594664
0.75139
0.93414
1.14815
1.42527
1.6616
1.7003
1.63279
1.35984
1.07077
1.00306
1.00004
1
1
1
0.0577052
0.0570016
0.0557231
0.0560271
0.0593512
0.0619944
0.0607703
0.0582327
0.0569692
0.0593543
0.0681156
0.0774511
0.0979287
0.119959
0.150303
0.19015
0.242715
0.311019
0.396678
0.503347
0.637175
0.799308
0.994583
1.22948
1.49875
1.69322
1.70917
1.62303
1.31907
1.05016
1.00165
1.00002
1
1
1
0.0590311
0.05732
0.0554564
0.0563306
0.0597939
0.0626958
0.0612568
0.0583114
0.0570666
0.0587075
0.0684619
0.0796166
0.0991404
0.125277
0.160483
0.202993
0.258156
0.32452
0.411209
0.518689
0.654608
0.823584
1.02648
1.27122
1.54534
1.7124
1.71591
1.61387
1.27177
1.03496
1.00097
1.00001
1
1
1
0.0604393
0.0580365
0.0555405
0.0567804
0.0601189
0.0630032
0.0614543
0.0581149
0.056996
0.0587181
0.0690175
0.0828644
0.103361
0.1316
0.168105
0.208898
0.265012
0.331208
0.419052
0.531345
0.667115
0.84171
1.05459
1.30849
1.58564
1.72589
1.71913
1.57008
1.22041
1.02382
1.00055
1
1
1
1
0.0612865
0.0584066
0.0559878
0.0578067
0.0608899
0.0631591
0.0616137
0.0581446
0.0574198
0.0611545
0.0710463
0.085525
0.105997
0.13395
0.170237
0.211597
0.267129
0.339238
0.425117
0.545008
0.690602
0.870463
1.08793
1.35319
1.63152
1.73861
1.71908
1.5299
1.18288
1.01644
1.00031
1
1
1
1
0.0614919
0.05851
0.0576152
0.0592904
0.0616414
0.0630944
0.0615856
0.0586844
0.0592711
0.0640704
0.0713925
0.0868869
0.107038
0.135316
0.170302
0.215473
0.271078
0.354181
0.461816
0.591527
0.759387
0.950667
1.17415
1.43639
1.68262
1.75045
1.7161
1.50353
1.14908
1.01051
1.00017
1
1
1
1
0.0608446
0.0585235
0.0601296
0.0602548
0.061965
0.0621556
0.0606312
0.0588463
0.0603015
0.0657141
0.0713368
0.0881309
0.108083
0.137159
0.173345
0.225951
0.301711
0.393033
0.50461
0.640962
0.806245
1.00314
1.23805
1.50559
1.71823
1.75827
1.71544
1.46303
1.10935
1.00606
1.00008
1
1
1
1
0.0596264
0.0589029
0.0612014
0.0603909
0.0619991
0.060781
0.0588253
0.0581818
0.0603989
0.0662581
0.0731992
0.0915763
0.113669
0.145908
0.19367
0.252579
0.325767
0.414243
0.525139
0.66148
0.830839
1.03608
1.27786
1.54827
1.73945
1.76142
1.69689
1.38668
1.07717
1.00357
1.00004
1
1
1
1
0.059184
0.0595612
0.0612048
0.0601512
0.0613417
0.0593283
0.0570309
0.0572266
0.0597457
0.0659217
0.0790012
0.100118
0.126806
0.162536
0.210011
0.264555
0.335042
0.423849
0.537225
0.678698
0.849429
1.06392
1.31899
1.5971
1.76016
1.76349
1.65667
1.33433
1.05768
1.00217
1.00002
1
1
1
1
0.0594943
0.0602368
0.0602758
0.059387
0.0604805
0.0582244
0.0560371
0.056918
0.0594438
0.0662951
0.0850636
0.107264
0.135373
0.169501
0.2154
0.269271
0.339608
0.433265
0.551103
0.705992
0.89847
1.12536
1.39122
1.66232
1.77954
1.77028
1.63585
1.29269
1.04013
1.00117
1.00001
1
1
1
1
0.0600533
0.0606331
0.0594408
0.0587178
0.0601175
0.0577659
0.0558809
0.0577173
0.0601136
0.0691136
0.0882676
0.109541
0.13756
0.171569
0.216517
0.273812
0.351041
0.463554
0.607312
0.781553
0.986934
1.2233
1.48561
1.71792
1.79161
1.77503
1.61748
1.23429
1.02407
1.00057
1
1
1
1
1
0.0606974
0.0608017
0.0592424
0.0586563
0.0601796
0.0577688
0.0560615
0.0583571
0.0613483
0.0702182
0.0885955
0.109445
0.137045
0.172079
0.219043
0.292303
0.395977
0.515879
0.65936
0.832768
1.03775
1.27674
1.53815
1.74754
1.79627
1.77125
1.55022
1.17036
1.01449
1.00029
1
1
1
1
1
0.0613562
0.0609271
0.0594531
0.0597515
0.0605447
0.058007
0.056179
0.0578601
0.0611818
0.0706709
0.0874679
0.108271
0.135924
0.179263
0.247312
0.328443
0.424361
0.540032
0.683375
0.859617
1.07241
1.32059
1.58567
1.77155
1.798
1.7425
1.47532
1.13131
1.00926
1.00015
1
1
1
1
1
0.0618853
0.0612662
0.0606463
0.0620695
0.0607999
0.0581263
0.0561648
0.0571175
0.0593585
0.0718193
0.0879257
0.111726
0.147879
0.204303
0.270362
0.342959
0.435382
0.553664
0.703106
0.886655
1.11235
1.37698
1.64808
1.79453
1.80067
1.71696
1.4312
1.10054
1.00536
1.00007
1
1
1
1
1
0.0621141
0.0615558
0.0620831
0.0642666
0.0611156
0.0582187
0.0560565
0.0569823
0.0590527
0.0745205
0.0955226
0.126283
0.165418
0.214403
0.276231
0.349588
0.444172
0.573145
0.742546
0.957584
1.20673
1.47493
1.71531
1.80939
1.80472
1.70512
1.38147
1.06682
1.00271
1.00003
1
1
1
1
1
0.0613737
0.0611388
0.062903
0.0657329
0.0617817
0.058357
0.055656
0.0572171
0.0620759
0.080995
0.103917
0.135084
0.170878
0.216744
0.277305
0.359335
0.479593
0.641842
0.831554
1.0496
1.29405
1.54793
1.75486
1.8163
1.80625
1.68344
1.29665
1.04063
1.00134
1.00001
1
1
1
1
1
0.0595546
0.0599721
0.0629712
0.0662177
0.0625069
0.058591
0.055298
0.0572618
0.0660587
0.0861691
0.107198
0.137198
0.173132
0.219535
0.289462
0.403652
0.544055
0.700104
0.884035
1.0993
1.34479
1.59613
1.78064
1.8185
1.79434
1.5953
1.22386
1.02585
1.00068
1.00001
1
1
1
1
1
0.0582831
0.059523
0.0616543
0.0648124
0.0625935
0.0588095
0.0551685
0.0566317
0.0685097
0.087668
0.10886
0.137615
0.176902
0.239278
0.339344
0.450008
0.575843
0.728326
0.916329
1.13981
1.39817
1.65333
1.80364
1.81846
1.76641
1.53231
1.17781
1.01629
1.00034
1
1
1
1
1
1
0.0579751
0.0596364
0.0594391
0.0623239
0.0619836
0.0588848
0.0557865
0.0566936
0.0710968
0.0874276
0.112317
0.147023
0.201571
0.279569
0.368206
0.467978
0.592945
0.752319
0.957945
1.20892
1.48466
1.72175
1.8195
1.81694
1.74618
1.48838
1.13377
1.00897
1.00015
1
1
1
1
1
1
0.0587737
0.0596893
0.0573275
0.0605888
0.0613294
0.0591085
0.056884
0.0581114
0.0757913
0.0899406
0.124414
0.17528
0.229942
0.296523
0.378211
0.479971
0.620503
0.817986
1.05925
1.32428
1.5792
1.76955
1.82707
1.8212
1.7395
1.42807
1.08653
1.00442
1.00006
1
1
1
1
1
1
0.0617077
0.0604447
0.0562036
0.0598925
0.0612871
0.0592345
0.057862
0.0598706
0.081391
0.10498
0.141327
0.18704
0.237708
0.30123
0.386382
0.518695
0.705532
0.918126
1.15221
1.4015
1.63659
1.79674
1.83161
1.82303
1.70722
1.32784
1.05317
1.00215
1.00003
1
1
1
1
1
1
0.0645848
0.0614363
0.0570802
0.0609375
0.0622736
0.059733
0.058761
0.0640733
0.0862893
0.112591
0.146112
0.187743
0.238712
0.305711
0.429556
0.597354
0.775302
0.976596
1.20866
1.46078
1.68832
1.81646
1.83304
1.81033
1.61484
1.25212
1.03373
1.00105
1.00001
1
1
1
1
1
1
0.0655502
0.0614465
0.0611832
0.0632445
0.062585
0.0602065
0.0594465
0.0682208
0.087945
0.113679
0.147472
0.184338
0.241103
0.350243
0.498582
0.645833
0.815179
1.02325
1.27262
1.53906
1.74595
1.82939
1.82962
1.77728
1.55463
1.19899
1.02019
1.00048
1
1
1
1
1
1
1
0.0647696
0.0607705
0.0646193
0.0635405
0.0616243
0.058422
0.0588382
0.0707028
0.0892995
0.112548
0.148712
0.199295
0.289288
0.410419
0.534648
0.675438
0.860559
1.10455
1.38185
1.63373
1.79039
1.83486
1.82453
1.75173
1.50469
1.14351
1.01058
1.0002
1
1
1
1
1
1
1
0.0618585
0.0601175
0.0656742
0.0620687
0.0558148
0.0530985
0.0559878
0.0715127
0.091283
0.120147
0.162257
0.245952
0.3394
0.438664
0.558907
0.725312
0.962883
1.23034
1.48635
1.69898
1.81677
1.83709
1.8269
1.74043
1.42902
1.09012
1.00502
1.00008
1
1
1
1
1
1
1
0.0603215
0.060554
0.0655243
0.0570102
0.0506858
0.0498034
0.0555676
0.0741609
0.0988369
0.145766
0.202467
0.278137
0.356221
0.455205
0.608785
0.831491
1.06915
1.3174
1.55577
1.74565
1.83202
1.83901
1.82873
1.7029
1.32194
1.05351
1.00226
1.00003
1
1
1
1
1
1
1
0.0602996
0.0619777
0.0647662
0.055213
0.0495554
0.0492816
0.0612215
0.0863745
0.118562
0.166927
0.219882
0.286595
0.365559
0.494249
0.704476
0.914027
1.13918
1.38989
1.62837
1.78815
1.83823
1.83983
1.80972
1.60025
1.24108
1.03158
1.00099
1.00001
1
1
1
1
1
1
1
0.0624042
0.0638701
0.0636244
0.0551643
0.0497822
0.0509511
0.0711371
0.0966448
0.126649
0.170948
0.224336
0.28849
0.396604
0.58734
0.777122
0.974682
1.21609
1.49046
1.7102
1.8174
1.84036
1.83479
1.76926
1.53176
1.18085
1.01733
1.00042
1
1
1
1
1
1
1
1
0.0664599
0.0647595
0.061341
0.0555991
0.0510817
0.0562926
0.0780332
0.0986486
0.129036
0.167685
0.226653
0.322387
0.491684
0.658556
0.832253
1.06023
1.34457
1.60319
1.76895
1.83312
1.84176
1.82417
1.73738
1.47238
1.12281
1.00854
1.00016
1
1
1
1
1
1
1
1
0.0678991
0.0636732
0.0591126
0.056351
0.0532412
0.05886
0.0805286
0.0967999
0.131947
0.17764
0.26372
0.415264
0.559311
0.70915
0.918313
1.19808
1.46694
1.68045
1.8061
1.84224
1.84318
1.82507
1.71818
1.38373
1.07241
1.00366
1.00006
1
1
1
1
1
1
1
1
0.0649655
0.0595893
0.0583262
0.0563332
0.0553808
0.059547
0.0809466
0.101659
0.147322
0.232792
0.341881
0.467585
0.596848
0.779044
1.05352
1.31644
1.55708
1.7404
1.83126
1.84682
1.84577
1.82842
1.669
1.27156
1.03827
1.0014
1.00002
1
1
1
1
1
1
1
1
0.058114
0.0551147
0.0574073
0.0555387
0.0568718
0.0631932
0.0847245
0.127677
0.190614
0.277169
0.375195
0.493415
0.650017
0.907309
1.16872
1.41676
1.64542
1.79148
1.84324
1.84835
1.84378
1.79603
1.5417
1.18529
1.01969
1.00053
1.00001
1
1
1
1
1
1
1
1
0.0547696
0.0541221
0.0566342
0.0540897
0.0587829
0.0712187
0.0998462
0.15056
0.211061
0.29492
0.397655
0.537504
0.776993
1.02935
1.27642
1.5336
1.72898
1.82268
1.8466
1.84576
1.833
1.73202
1.45135
1.12522
1.00949
1.0002
1
1
1
1
1
1
1
1
1
0.0548582
0.0574051
0.0581789
0.0527658
0.0585731
0.0748783
0.106262
0.160449
0.225753
0.307605
0.443459
0.670616
0.910371
1.14149
1.40974
1.6462
1.78534
1.83804
1.8468
1.83999
1.8105
1.68521
1.37645
1.07611
1.00411
1.00007
1
1
1
1
1
1
1
1
1
0.0568878
0.062876
0.0596926
0.0518469
0.0536899
0.0742466
0.111715
0.166448
0.250635
0.376443
0.573795
0.803021
1.0169
1.27227
1.5427
1.72775
1.81895
1.84463
1.84641
1.84012
1.80117
1.64428
1.27706
1.03864
1.00147
1.00002
1
1
1
1
1
1
1
1
1
0.0596635
0.0642705
0.059056
0.0506576
0.0512896
0.0758864
0.13
0.207109
0.320932
0.489109
0.686371
0.8938
1.13382
1.41929
1.65043
1.78462
1.83663
1.84639
1.84777
1.84444
1.80524
1.56072
1.17081
1.01655
1.00045
1.00001
1
1
1
1
1
1
1
1
1
0.0629482
0.0631674
0.0530398
0.0463198
0.0543247
0.107466
0.181706
0.270861
0.398056
0.570228
0.767399
1.00451
1.30014
1.55293
1.73788
1.81993
1.84367
1.8474
1.8483
1.84167
1.74871
1.41346
1.09778
1.00672
1.00014
1
1
1
1
1
1
1
1
1
1
0.0673118
0.0587687
0.0478796
0.0428953
0.0738836
0.147191
0.216576
0.318119
0.464981
0.648235
0.888932
1.19582
1.46426
1.66832
1.79975
1.83682
1.84699
1.84952
1.84664
1.81738
1.64362
1.30762
1.05568
1.00263
1.00004
1
1
1
1
1
1
1
1
1
1
0.0688487
0.0520857
0.0453234
0.0473151
0.1049
0.165792
0.237371
0.365235
0.555355
0.79732
1.0986
1.38243
1.60239
1.75364
1.83229
1.84411
1.85004
1.85112
1.83696
1.77943
1.57225
1.22427
1.02731
1.00091
1.00001
1
1
1
1
1
1
1
1
1
1
0.0691286
0.0454254
0.0431425
0.0672035
0.126235
0.176836
0.281054
0.476798
0.713584
1.00332
1.2912
1.53124
1.71051
1.8029
1.84666
1.84771
1.85208
1.85214
1.82846
1.74659
1.48763
1.13086
1.0104
1.00025
1
1
1
1
1
1
1
1
1
1
1
0.0693309
0.0412589
0.0487301
0.0863981
0.136092
0.210632
0.411576
0.641963
0.903708
1.18882
1.45097
1.66367
1.78362
1.82734
1.85281
1.84971
1.85256
1.85312
1.8352
1.71131
1.33849
1.05974
1.0032
1.00006
1
1
1
1
1
1
1
1
1
1
1
0.0672922
0.0390199
0.0601956
0.0976848
0.159257
0.336305
0.561762
0.806814
1.096
1.37868
1.61467
1.76725
1.82275
1.83691
1.85588
1.85083
1.85036
1.84927
1.8175
1.57533
1.20155
1.02497
1.00089
1.00001
1
1
1
1
1
1
1
1
1
1
1
0.0601939
0.0369132
0.0631407
0.120497
0.247259
0.48286
0.723934
1.01666
1.31652
1.57716
1.74447
1.82314
1.83728
1.84017
1.85781
1.84937
1.8461
1.83241
1.72959
1.43322
1.1192
1.00993
1.00024
1
1
1
1
1
1
1
1
1
1
1
1
0.0439643
0.0480495
0.067672
0.180425
0.403162
0.65657
0.955416
1.2732
1.54205
1.72223
1.8121
1.84446
1.84125
1.84149
1.85896
1.84345
1.83924
1.80493
1.65515
1.32952
1.06174
1.00318
1.00006
1
1
1
1
1
1
1
1
1
1
1
1
0.0276962
0.0542237
0.121663
0.313624
0.594165
0.900782
1.24191
1.51639
1.70485
1.80236
1.84238
1.84938
1.84258
1.84256
1.85975
1.83872
1.83817
1.78312
1.57941
1.20752
1.02294
1.00077
1.00001
1
1
1
1
1
1
1
1
1
1
1
1
0.00962707
0.0532189
0.235318
0.534002
0.872539
1.23162
1.50976
1.69714
1.79692
1.83841
1.85287
1.85058
1.84166
1.84284
1.86069
1.83702
1.84318
1.7708
1.4321
1.0914
1.00617
1.00014
1
1
1
1
1
1
1
1
1
1
1
1
1
0.00255021
0.0989246
0.463424
0.857887
1.22913
1.52152
1.70509
1.79874
1.83538
1.8504
1.85499
1.85061
1.83952
1.84241
1.86164
1.84086
1.82621
1.64371
1.24352
1.03285
1.00136
1.00002
1
1
1
1
1
1
1
1
1
1
1
1
1
0.0341458
0.359502
0.812381
1.2429
1.5573
1.7279
1.80688
1.83629
1.84676
1.85393
1.85547
1.84764
1.83697
1.8426
1.8616
1.84427
1.75214
1.45477
1.12384
1.01046
1.00025
1
1
1
1
1
1
1
1
1
1
1
1
1
1
0.20295
0.701949
1.27939
1.61747
1.7677
1.82287
1.8394
1.8453
1.85013
1.85505
1.85436
1.84275
1.83523
1.84642
1.85836
1.82288
1.66655
1.31263
1.05208
1.00222
1.00003
1
1
1
1
1
1
1
1
1
1
1
1
1
1
0.811127
1.35993
1.69318
1.80839
1.83984
1.8449
1.84566
1.84748
1.8513
1.85495
1.85135
1.83917
1.83484
1.85175
1.85601
1.78074
1.54904
1.15652
1.01149
1.00019
1
1
1
1
1
1
1
1
1
1
1
1
1
1
1
1.848
1.84928
1.85031
1.85146
1.85063
1.84818
1.84691
1.84815
1.85108
1.85331
1.84835
1.83791
1.83702
1.85517
1.85017
1.71735
1.35855
1.03828
0.999529
0.999945
0.999999
1
1
1
1
1
1
1
1
1
1
1
1
1
1
1.84755
1.84879
1.85072
1.85254
1.85274
1.85043
1.84681
1.84546
1.84705
1.8523
1.85231
1.845
1.83581
1.84604
1.84547
1.68694
1.30194
1.04343
1.00138
1.00001
1
1
1
1
1
1
1
1
1
1
1
1
1
1
1
1.84743
1.8483
1.85089
1.85288
1.85335
1.85222
1.84769
1.84445
1.84465
1.85039
1.85416
1.85491
1.84035
1.83575
1.81947
1.59669
1.20621
1.01484
1.0002
1
1
1
1
1
1
1
1
1
1
1
1
1
1
1
1
1.84764
1.84755
1.84989
1.85251
1.85349
1.85298
1.84896
1.84393
1.84342
1.8477
1.85642
1.86215
1.84706
1.82211
1.79646
1.53915
1.13399
1.0067
1.00008
1
1
1
1
1
1
1
1
1
1
1
1
1
1
1
1
1.84747
1.8469
1.84767
1.84964
1.85253
1.85273
1.84996
1.84435
1.84284
1.84567
1.85685
1.86438
1.85364
1.81251
1.76036
1.44043
1.07653
1.00266
1.00002
1
1
1
1
1
1
1
1
1
1
1
1
1
1
1
1
1.84789
1.84689
1.84621
1.84662
1.84939
1.85157
1.85068
1.84554
1.84253
1.84384
1.85533
1.8645
1.85602
1.80271
1.70896
1.33511
1.04369
1.00104
1.00001
1
1
1
1
1
1
1
1
1
1
1
1
1
1
1
1
1.84927
1.84732
1.84551
1.84486
1.84679
1.85059
1.85175
1.84803
1.84291
1.84189
1.85038
1.86197
1.85389
1.78844
1.65687
1.2423
1.02107
1.00034
1
1
1
1
1
1
1
1
1
1
1
1
1
1
1
1
1
1.85107
1.8485
1.84543
1.84424
1.84547
1.84953
1.85238
1.85182
1.84496
1.84059
1.84495
1.86
1.852
1.77569
1.56989
1.15243
1.00873
1.00011
1
1
1
1
1
1
1
1
1
1
1
1
1
1
1
1
1
1.85208
1.85036
1.84732
1.84495
1.84517
1.84809
1.85305
1.85436
1.84982
1.84039
1.83968
1.85807
1.85299
1.75875
1.45947
1.09222
1.00355
1.00003
1
1
1
1
1
1
1
1
1
1
1
1
1
1
1
1
1
1.85227
1.85185
1.85
1.84737
1.84608
1.84691
1.85212
1.85585
1.85442
1.84128
1.8327
1.8442
1.84917
1.7308
1.35807
1.04978
1.00127
1.00001
1
1
1
1
1
1
1
1
1
1
1
1
1
1
1
1
1
1.85181
1.85219
1.85178
1.85035
1.84723
1.84621
1.84946
1.85664
1.85678
1.84737
1.82852
1.82936
1.82904
1.65459
1.25497
1.02296
1.00041
1
1
1
1
1
1
1
1
1
1
1
1
1
1
1
1
1
1
1.84966
1.85182
1.85236
1.85219
1.84833
1.84559
1.84649
1.85417
1.85725
1.85426
1.82979
1.8223
1.81338
1.57547
1.16926
1.01029
1.00013
1
1
1
1
1
1
1
1
1
1
1
1
1
1
1
1
1
1
1.84669
1.84974
1.85234
1.85283
1.84949
1.84498
1.84391
1.84898
1.85703
1.85946
1.84258
1.81881
1.80095
1.47495
1.0955
1.00381
1.00004
1
1
1
1
1
1
1
1
1
1
1
1
1
1
1
1
1
1
1.84467
1.84688
1.85064
1.85278
1.85063
1.84579
1.84174
1.84269
1.85349
1.86166
1.85177
1.80993
1.73224
1.35018
1.04831
1.00126
1.00001
1
1
1
1
1
1
1
1
1
1
1
1
1
1
1
1
1
1
1.84426
1.84504
1.84819
1.85181
1.85095
1.84694
1.84115
1.83939
1.84858
1.8636
1.85585
1.79749
1.64988
1.25375
1.02326
1.0004
1
1
1
1
1
1
1
1
1
1
1
1
1
1
1
1
1
1
1
1.84456
1.84466
1.84675
1.84985
1.85063
1.84955
1.8425
1.83706
1.84238
1.86392
1.8571
1.79131
1.56982
1.15894
1.00896
1.00011
1
1
1
1
1
1
1
1
1
1
1
1
1
1
1
1
1
1
1
1.84774
1.84578
1.84603
1.84816
1.85134
1.85288
1.84751
1.83576
1.8353
1.85139
1.85071
1.76386
1.45645
1.0853
1.00317
1.00003
1
1
1
1
1
1
1
1
1
1
1
1
1
1
1
1
1
1
1
1.85281
1.84926
1.84588
1.84668
1.85091
1.85471
1.85299
1.83997
1.83269
1.8429
1.83692
1.69449
1.33949
1.04387
1.00105
1.00001
1
1
1
1
1
1
1
1
1
1
1
1
1
1
1
1
1
1
1
1.85551
1.85163
1.84718
1.84574
1.84955
1.85512
1.85601
1.84846
1.83462
1.84103
1.83273
1.63475
1.22875
1.01818
1.00029
1
1
1
1
1
1
1
1
1
1
1
1
1
1
1
1
1
1
1
1
1.85622
1.85279
1.84801
1.84575
1.8478
1.85388
1.8565
1.85693
1.84063
1.83376
1.81745
1.52982
1.12676
1.0064
1.00007
1
1
1
1
1
1
1
1
1
1
1
1
1
1
1
1
1
1
1
1
1.85578
1.85311
1.84903
1.84634
1.84463
1.84769
1.85611
1.862
1.84903
1.81172
1.74902
1.403
1.06768
1.00214
1.00002
1
1
1
1
1
1
1
1
1
1
1
1
1
1
1
1
1
1
1
1
1.85113
1.85148
1.84968
1.84827
1.84262
1.84079
1.84952
1.86364
1.85664
1.80286
1.68329
1.29312
1.03016
1.0006
1
1
1
1
1
1
1
1
1
1
1
1
1
1
1
1
1
1
1
1
1
1.84567
1.84811
1.84982
1.84929
1.84199
1.83605
1.84112
1.86284
1.85779
1.80279
1.59701
1.16957
1.01039
1.00014
1
1
1
1
1
1
1
1
1
1
1
1
1
1
1
1
1
1
1
1
1
1.84296
1.84556
1.85042
1.851
1.84353
1.8332
1.8344
1.85122
1.84965
1.75795
1.46423
1.09069
1.00352
1.00003
1
1
1
1
1
1
1
1
1
1
1
1
1
1
1
1
1
1
1
1
1
1.84237
1.84348
1.84981
1.85241
1.84829
1.83533
1.8328
1.84571
1.84252
1.70203
1.33985
1.04236
1.00097
1.00001
1
1
1
1
1
1
1
1
1
1
1
1
1
1
1
1
1
1
1
1
1
1.8428
1.84286
1.84793
1.85197
1.85114
1.84533
1.83432
1.84394
1.84335
1.6336
1.20506
1.01472
1.00022
1
1
1
1
1
1
1
1
1
1
1
1
1
1
1
1
1
1
1
1
1
1
1.84628
1.8455
1.84743
1.85089
1.85269
1.85719
1.84251
1.83287
1.80727
1.48996
1.10535
1.00463
1.00005
1
1
1
1
1
1
1
1
1
1
1
1
1
1
1
1
1
1
1
1
1
1
1.84901
1.84855
1.84719
1.84891
1.85525
1.86613
1.85822
1.81383
1.72885
1.35926
1.04995
1.00128
1.00001
1
1
1
1
1
1
1
1
1
1
1
1
1
1
1
1
1
1
1
1
1
1
1.84972
1.84995
1.84572
1.8435
1.85295
1.86979
1.86743
1.8104
1.64378
1.22146
1.01665
1.00027
1
1
1
1
1
1
1
1
1
1
1
1
1
1
1
1
1
1
1
1
1
1
1
1.84942
1.84921
1.84408
1.83976
1.84211
1.86684
1.86837
1.79434
1.50924
1.10772
1.00477
1.00005
1
1
1
1
1
1
1
1
1
1
1
1
1
1
1
1
1
1
1
1
1
1
1
1.84858
1.84726
1.84271
1.84158
1.83336
1.85283
1.85912
1.72098
1.35788
1.04796
1.00124
1.00001
1
1
1
1
1
1
1
1
1
1
1
1
1
1
1
1
1
1
1
1
1
1
1
1.84672
1.84423
1.84278
1.84502
1.8318
1.84668
1.84976
1.64579
1.21702
1.0157
1.00024
1
1
1
1
1
1
1
1
1
1
1
1
1
1
1
1
1
1
1
1
1
1
1
1
1.84505
1.83979
1.84059
1.84962
1.83573
1.83971
1.83146
1.50178
1.09639
1.00393
1.00004
1
1
1
1
1
1
1
1
1
1
1
1
1
1
1
1
1
1
1
1
1
1
1
1
1.84451
1.83723
1.83653
1.85732
1.85919
1.81752
1.7339
1.32256
1.03819
1.00087
1.00001
1
1
1
1
1
1
1
1
1
1
1
1
1
1
1
1
1
1
1
1
1
1
1
1
1.84469
1.83673
1.83374
1.86932
1.88259
1.81017
1.61303
1.18064
1.01153
1.00016
1
1
1
1
1
1
1
1
1
1
1
1
1
1
1
1
1
1
1
1
1
1
1
1
1
1.84298
1.83677
1.83167
1.88081
1.89355
1.7994
1.443
1.0722
1.0024
1.00002
1
1
1
1
1
1
1
1
1
1
1
1
1
1
1
1
1
1
1
1
1
1
1
1
1
1.83633
1.8396
1.83297
1.87973
1.89573
1.70911
1.25416
1.02265
1.00042
1
1
1
1
1
1
1
1
1
1
1
1
1
1
1
1
1
1
1
1
1
1
1
1
1
1
1.82802
1.84846
1.86185
1.87286
1.85764
1.5276
1.12181
1.00561
1.00006
1
1
1
1
1
1
1
1
1
1
1
1
1
1
1
1
1
1
1
1
1
1
1
1
1
1
1.82391
1.86546
1.90251
1.86715
1.77326
1.34556
1.04085
1.00099
1.00001
1
1
1
1
1
1
1
1
1
1
1
1
1
1
1
1
1
1
1
1
1
1
1
1
1
1
1.82241
1.87861
1.91627
1.86692
1.61206
1.15822
1.00904
1.00013
1
1
1
1
1
1
1
1
1
1
1
1
1
1
1
1
1
1
1
1
1
1
1
1
1
1
1
1.82054
1.88292
1.92009
1.79212
1.39193
1.05668
1.00167
1.00001
1
1
1
1
1
1
1
1
1
1
1
1
1
1
1
1
1
1
1
1
1
1
1
1
1
1
1
1.85914
1.9062
1.90742
1.64656
1.20432
1.01389
1.00023
1
1
1
1
1
1
1
1
1
1
1
1
1
1
1
1
1
1
1
1
1
1
1
1
1
1
1
1
1.94421
1.92173
1.86524
1.4365
1.06819
1.00235
1.00002
1
1
1
1
1
1
1
1
1
1
1
1
1
1
1
1
1
1
1
1
1
1
1
1
1
1
1
1
2.04973
1.83786
1.68593
1.20129
1.01552
1.0003
1
1
1
1
1
1
1
1
1
1
1
1
1
1
1
1
1
1
1
1
1
1
1
1
1
1
1
1
1
2.1357
1.74531
1.43223
1.07405
1.00291
1.00003
1
1
1
1
1
1
1
1
1
1
1
1
1
1
1
1
1
1
1
1
1
1
1
1
1
1
1
1
1
2.16744
1.61576
1.20316
1.01716
1.00041
1
1
1
1
1
1
1
1
1
1
1
1
1
1
1
1
1
1
1
1
1
1
1
1
1
1
1
1
1
1
2.03671
1.4002
1.08073
1.00379
1.00005
1
1
1
1
1
1
1
1
1
1
1
1
1
1
1
1
1
1
1
1
1
1
1
1
1
1
1
1
1
1
1.81365
1.23038
1.02342
1.00059
1.00001
1
1
1
1
1
1
1
1
1
1
1
1
1
1
1
1
1
1
1
1
1
1
1
1
1
1
1
1
1
1
1.53316
1.09002
1.00445
1.00006
1
1
1
1
1
1
1
1
1
1
1
1
1
1
1
1
1
1
1
1
1
1
1
1
1
1
1
1
1
1
1
1.20302
1.01789
1.00031
1
1
1
1
1
1
1
1
1
1
1
1
1
1
1
1
1
1
1
1
1
1
1
1
1
1
1
1
1
1
1
1
1
1
1
1
1
1
1
1
1
1
1
1
1
1
1
1
1
1
1
1
1
1
1
1
1
1
1
1
1
1
1
1
1
1
1
1
1
1
1
1
1
1
1
1
1
1
1
1
1
1
1
1
1
1
1
1
1
1
1
1
1
1
1
1
1
1
1
1
1
1
1
1
1
1
1
1
1
1
1
1
1
1
1
1
1
1
1
1
1
1
1
1
1
1
1
1
1
1
1
1
1
1
1
1
1
1
1
1
1
1
1
1
1
1
1
1
1
1
1
1
1
1
1
1
1
1
1
1
1
1
1
1
1
1
1
1
1
1
1
1
1
1
1
1
1
1
1
1
1
1
1
1
1
1
1
1
1
1
1
1
1
1
1
1
1
1
1
1
1
1
1
1
1
1
1
1
1
1
1
1
1
1
1
1
1
1
1
1
1
1
1
1
1
1
1
1
1
1
1
1
1
1
1
1
1
1
1
1
1
1
1
1
1
1
1
1
1
1
1
1
1
1
1
1
1
1
1
1
1
1
1
1
1
1
1
1
1
1
1
1
1
1
1
1
1
1
1
1
1
1
1
1
1
1
1
1
1
1
1
1
1
1
1
1
1
1
1
1
1
1
1
1
1
1
1
1
1
1
1
1
1
1
1
1
1
1
1
1
1
1
1
1
1
1
1
1
1
1
1
1
1
1
1
1
1
1
1
1
1
1
1
1
1
1
1
1
1
1
1
1
1
1
1
1
1
1
1
1
1
1
1
1
1
1
1
1
1
1
1
1
1
1
1
1
1
1
1
1
1
1
1
1
1
1
1
1
1
1
1
1
1
1
1
1
1
1
1
1
1
1
1
1
1
1
1
1
1
1
1
1
1
1
1
1
1
1
1
1
1
1
1
1
1
1
1
1
1
1
1
1
1
1
1
1
1
1
1
1
1
1
1
1
1
1
1
1
1
1
1
1
1
1
1
1
1
1
1
1
1
1
1
1
1
1
1
1
1
1
1
1
1
1
1
1
1
1
1
1
1
1
1
1
1
1
1
1
1
1
1
1
1
1
1
1
1
1
1
1
1
1
1
1
1
1
1
1
1
1
1
1
1
1
1
1
1
1
1
1
1
1
1
1
1
1
1
1
1
1
1
1
1
1
1
1
1
1
1
1
1
1
1
1
1
1
1
1
1
1
1
1
1
1
1
1
1
1
1
1
1
1
1
1
1
1
1
1
1
1
1
1
1
1
1
1
1
1
1
1
1
1
1
1
1
1
1
1
1
1
1
1
1
1
1
1
1
1
1
1
1
1
1
1
1
1
1
1
1
1
1
1
1
1
1
1
1
1
1
1
1
1
1
1
1
1
1
1
1
1
1
1
1
1
1
1
1
1
1
1
1
1
1
1
1
1
1
1
1
1
1
1
1
1
1
1
1
1
1
1
1
1
1
1
1
1
1
1
1
1
1
1
1
1
1
1
1
1
1
1
1
1
1
1
1
1
1
1
1
1
1
1
1
1
1
1
1
1
1
1
1
1
1
1
1
1
1
1
1
1
1
1
1
1
1
1
1
1
1
1
1
1
1
1
1
1
1
1
1
1
1
1
1
1
1
1
1
1
1
1
1
1
1
1
1
1
1
1
1
1
1
1
1
1
1
1
1
1
1
1
1
1
1
1
1
1
1
1
1
1
1
1
1
1
1
1
1
1
1
1
1
1
1
1
1
1
1
1
1
1
1
1
1
1
1
1
1
1
1
1
1
1
1
1
1
1
1
1
1
1
1
1
1
1
1
1
1
1
1
1
1
1
1
1
1
1
1
1
1
1
1
1
1
1
1
1
1
1
1
1
1
1
1
1
1
1
1
1
1
1
1
1
1
1
1
1
1
1
1
1
1
1
1
1
1
1
1
1
1
1
1
1
1
1
1
1
1
1
1
1
1
1
1
1
1
1
1
1
1
1
1
1
1
1
1
1
1
1
1
1
1
1
1
1
1
1
1
1
1
1
1
1
1
1
1
1
1
1
1
1
1
1
1
1
1
1
1
1
1
1
1
1
1
1
1
1
1
1
1
1
1
1
1
1
1
1
1
1
1
1
1
1
1
1
1
1
1
1
1
1
1
1
1
1
1
1
1
1
1
1
1
1
1
1
1
1
1
1
1
1
1
1
1
1
1
1
1
1
1
1
1
1
1
1
1
1
1
1
1
1
1
1
1
1
1
1
1
1
1
1
1
1
1
1
1
1
1
1
1
1
1
1
1
1
1
1
1
1
1
1
1
1
1
1
1
1
1
1
1
1
1
1
1
1
1
1
1
1
1
1
1
1
1
1
1
1
1
1
1
1
1
1
1
1
1
1
1
1
1
1
1
1
1
1
1
1
1
1
1
1
1
1
1
1
1
1
1
1
1
1
1
1
1
1
1
1
1
1
1
1
1
1
1
1
1
1
1
1
1
1
1
1
1
1
1
1
1
1
1
1
1
1
1
1
1
1
1
1
1
1
1
1
1
1
1
1
1
1
1
1
1
1
1
1
1
1
1
1
1
1
1
1
1
1
1
1
1
1
1
1
1
1
1
1
1
1
1
1
1
1
1
1
1
1
1
1
1
1
1
1
1
1
1
1
1
1
1
1
1
1
1
1
1
1
1
1
1
1
1
1
1
1
1
1
1
1
1
1
1
1
1
1
1
1
1
1
1
1
1
1
1
1
1
1
1
1
1
1
1
1
1
1
1
1
1
1
1
1
1
1
1
1
1
1
1
1
1
1
1
1
1
1
1
1
1
1
1
1
1
1
1
1
1
1
1
1
1
1
1
1
1
1
1
1
1
1
1
1
1
1
1
1
1
1
1
1
1
1
1
1
1
1
1
1
1
1
1
1
1
1
1
1
1
1
1
1
1
1
1
1
1
1
1
1
1
1
1
1
1
1
1
1
1
1
1
1
1
1
1
1
1
1
1
1
1
1
1
1
1
1
1
1
1
1
1
1
1
1
1
1
1
1
1
1
1
1
1
1
1
1
1
1
1
1
1
1
1
1
1
1
1
1
1
1
1
1
1
1
1
1
1
1
1
1
1
1
1
1
1
1
1
1
1
1
1
1
1
1
1
1
1
1
1
1
1
1
1
1
1
1
1
1
1
1
1
1
1
1
1
1
1
1
1
1
1
1
1
1
1
1
1
1
1
1
1
1
1
1
1
1
1
1
1
1
1
1
1
1
1
1
1
1
1
1
1
1
1
1
1
1
1
1
1
1
1
1
1
1
1
1
1
1
1
1
1
1
1
1
1
1
1
1
1
1
1
1
1
1
1
1
1
1
1
1
1
1
1
1
1
1
1
1
1
1
1
1
1
1
1
1
1
1
1
1
1
1
1
1
1
1
1
1
1
1
1
1
1
1
1
1
1
1
1
1
1
1
1
1
1
1
1
1
1
1
1
1
1
1
1
1
1
1
1
1
1
1
1
1
1
1
1
1
1
1
1
1
1
1
1
1
1
1
1
1
1
1
1
1
1
1
1
1
1
1
1
1
1
1
1
1
1
1
1
1
1
1
1
1
1
1
1
1
1
1
1
1
1
1
1
1
1
1
1
1
1
1
1
1
1
1
1
1
1
1
1
1
1
1
1
1
1
1
1
1
1
1
1
1
1
1
1
1
1
1
1
1
1
1
1
1
1
1
1
1
1
1
1
1
1
1
1
1
1
1
1
1
1
1
1
1
1
1
1
1
1
1
1
1
1
1
1
1
1
1
1
1
1
1
1
1
1
1
1
1
1
1
1
1
1
1
1
1
1
1
1
1
1
1
1
1
1
1
1
1
1
1
1
1
1
1
1
1
1
1
1
1
1
1
1
1
1
1
1
1
1
1
1
1
1
1
1
1
1
1
1
1
1
1
1
1
1
1
1
1
1
1
1
1
1
1
1
1
1
1
1
1
1
1
1
1
1
1
1
1
1
1
1
1
1
1
1
1
1
1
1
1
1
1
1
1
1
1
1
1
1
1
1
1
1
1
1
1
1
1
1
1
1
1
1
1
1
1
1
1
1
1
1
1
1
1
1
1
1
1
1
1
1
1
1
1
1
1
1
1
1
1
1
1
1
1
1
1
1
1
1
1
1
1
1
1
1
1
1
1
1
1
1
1
1
1
1
1
1
1
1
1
1
1
1
1
1
1
1
1
1
1
1
1
1
1
1
1
1
1
1
1
1
1
1
1
1
1
1
1
1
1
1
1
1
1
1
1
1
1
1
1
1
1
1
1
1
1
1
1
1
1
1
1
1
1
1
1
1
1
1
1
1
1
1
1
1
1
1
1
1
1
1
1
1
1
1
1
1
1
1
1
1
1
1
1
1
1
1
1
1
1
1
1
1
1
1
1
1
1
1
1
1
1
1
1
1
1
1
1
1
1
1
1
1
1
1
1
1
1
1
1
1
1
1
1
1
1
1
1
1
1
1
1
1
1
1
1
1
1
1
1
1
1
1
1
1
1
1
1
1
1
1
1
1
1
1
1
1
1
1
1
1
1
1
1
1
1
1
1
1
1
1
1
1
1
1
1
1
1
1
1
1
1
1
1
1
1
1
1
1
1
1
1
1
1
1
1
1
1
1
1
1
1
1
1
1
1
1
1
1
1
1
1
1
1
1
1
1
1
1
1
1
1
1
1
1
1
1
1
1
1
1
1
1
1
1
1
1
1
1
1
1
1
1
1
1
1
1
1
1
1
1
1
1
1
1
1
1
1
1
1
1
1
1
1
1
1
1.67707
0.999472
1
1
1
1
1
1
1
1
1
1
1
1
1
1
1
1
1
1
1
1
1
1
1
1
1
1
1
1
1
1
1
1
1
3.30064
1.05262
1
1
1
1
1
1
1
1
1
1
1
1
1
1
1
1
1
1
1
1
1
1
1
1
1
1
1
1
1
1
1
1
1
5.55936
1.49152
0.999616
1
1
1
1
1
1
1
1
1
1
1
1
1
1
1
1
1
1
1
1
1
1
1
1
1
1
1
1
1
1
1
1
8.441
3.62682
1.11106
0.999955
1
1
1
1
1
1
1
1
1
1
1
1
1
1
1
1
1
1
1
1
1
1
1
1
1
1
1
1
1
1
1
8.89545
6.40899
3.515
1.10479
0.999943
1
1
1
1
1
1
1
1
1
1
1
1
1
1
1
1
1
1
1
1
1
1
1
1
1
1
1
1
1
1
7.29359
6.14916
6.37537
3.28948
1.07678
1
1
1
1
1
1
1
1
1
1
1
1
1
1
1
1
1
1
1
1
1
1
1
1
1
1
1
1
1
1
6.14229
6.01451
6.59907
6.04496
2.43945
0.999119
1
1
1
1
1
1
1
1
1
1
1
1
1
1
1
1
1
1
1
1
1
1
1
1
1
1
1
1
1
5.72962
5.8748
6.28979
6.02974
4.80226
1.60875
0.99949
1
1
1
1
1
1
1
1
1
1
1
1
1
1
1
1
1
1
1
1
1
1
1
1
1
1
1
1
5.72399
5.7721
5.79386
5.80425
5.91476
3.39904
1.10618
1
1
1
1
1
1
1
1
1
1
1
1
1
1
1
1
1
1
1
1
1
1
1
1
1
1
1
1
5.69911
5.73887
5.69688
5.77552
6.00204
5.3828
2.08506
0.999147
1
1
1
1
1
1
1
1
1
1
1
1
1
1
1
1
1
1
1
1
1
1
1
1
1
1
1
5.71652
5.75876
5.75362
5.80538
5.92326
5.76621
4.05666
1.27605
0.999892
1
1
1
1
1
1
1
1
1
1
1
1
1
1
1
1
1
1
1
1
1
1
1
1
1
1
5.75185
5.79669
5.8047
5.81406
5.78009
5.70712
5.17532
2.29084
1.0012
1
1
1
1
1
1
1
1
1
1
1
1
1
1
1
1
1
1
1
1
1
1
1
1
1
1
5.79978
5.84009
5.82654
5.81124
5.73489
5.72646
5.75745
4.05174
1.24785
0.999734
1
1
1
1
1
1
1
1
1
1
1
1
1
1
1
1
1
1
1
1
1
1
1
1
1
5.84327
5.87306
5.83289
5.81339
5.74321
5.78366
5.87316
5.33842
2.34133
1.00294
1
1
1
1
1
1
1
1
1
1
1
1
1
1
1
1
1
1
1
1
1
1
1
1
1
5.87751
5.89082
5.84162
5.82992
5.78682
5.83584
5.89066
5.56251
3.83764
1.22235
1
1
1
1
1
1
1
1
1
1
1
1
1
1
1
1
1
1
1
1
1
1
1
1
1
5.88326
5.87758
5.84013
5.84057
5.83797
5.86437
5.86659
5.70023
5.18477
2.08361
0.999045
1
1
1
1
1
1
1
1
1
1
1
1
1
1
1
1
1
1
1
1
1
1
1
1
5.87542
5.85865
5.84479
5.84599
5.86238
5.87815
5.86327
5.81545
5.81471
3.8084
1.17317
1
1
1
1
1
1
1
1
1
1
1
1
1
1
1
1
1
1
1
1
1
1
1
1
5.86116
5.84747
5.8497
5.85266
5.86979
5.88219
5.86343
5.81394
5.83433
4.92458
1.9017
0.999164
1
1
1
1
1
1
1
1
1
1
1
1
1
1
1
1
1
1
1
1
1
1
1
5.84694
5.84641
5.84886
5.85018
5.86488
5.87494
5.86125
5.81821
5.83076
5.65514
3.24738
1.07487
1
1
1
1
1
1
1
1
1
1
1
1
1
1
1
1
1
1
1
1
1
1
1
5.83566
5.85014
5.85097
5.8479
5.86033
5.86356
5.86066
5.8276
5.85859
5.93645
4.91225
1.6423
0.999334
1
1
1
1
1
1
1
1
1
1
1
1
1
1
1
1
1
1
1
1
1
1
5.82962
5.85242
5.84951
5.84903
5.85066
5.85405
5.86056
5.83197
5.84828
5.94607
5.49035
2.8642
1.03562
1
1
1
1
1
1
1
1
1
1
1
1
1
1
1
1
1
1
1
1
1
1
5.83254
5.85543
5.84798
5.84949
5.84564
5.84793
5.85755
5.8327
5.84048
5.90126
5.71652
4.24935
1.33754
0.999627
1
1
1
1
1
1
1
1
1
1
1
1
1
1
1
1
1
1
1
1
1
5.84253
5.85937
5.84767
5.85082
5.84471
5.84598
5.85344
5.82941
5.83251
5.8837
5.84464
5.50479
2.31004
1.0042
1
1
1
1
1
1
1
1
1
1
1
1
1
1
1
1
1
1
1
1
1
5.85236
5.86127
5.84607
5.85198
5.84675
5.84674
5.85331
5.83191
5.83349
5.88669
5.90382
5.70946
3.77865
1.17191
1
1
1
1
1
1
1
1
1
1
1
1
1
1
1
1
1
1
1
1
1
5.85905
5.86365
5.84759
5.85307
5.84875
5.84843
5.85371
5.83541
5.83847
5.87613
5.90874
5.73993
4.8754
1.76895
0.999207
1
1
1
1
1
1
1
1
1
1
1
1
1
1
1
1
1
1
1
1
5.85906
5.86532
5.85105
5.85468
5.85165
5.85199
5.85566
5.83816
5.84386
5.87785
5.88231
5.77414
5.69839
2.98187
1.04314
1
1
1
1
1
1
1
1
1
1
1
1
1
1
1
1
1
1
1
1
5.84987
5.86458
5.85367
5.85459
5.85357
5.85558
5.86004
5.84304
5.84837
5.87186
5.86206
5.8154
5.91023
4.47249
1.38868
0.99957
1
1
1
1
1
1
1
1
1
1
1
1
1
1
1
1
1
1
1
5.84126
5.86137
5.85536
5.8531
5.85509
5.8583
5.86448
5.84897
5.84652
5.86561
5.86104
5.81385
5.85692
5.20605
2.23248
1.00453
1
1
1
1
1
1
1
1
1
1
1
1
1
1
1
1
1
1
1
5.84051
5.85627
5.85588
5.85229
5.85502
5.85791
5.86462
5.85183
5.84549
5.86399
5.86518
5.80402
5.80115
5.71709
3.48181
1.11183
1
1
1
1
1
1
1
1
1
1
1
1
1
1
1
1
1
1
1
5.84389
5.85423
5.85499
5.85062
5.85226
5.85311
5.86034
5.8509
5.8441
5.86
5.86646
5.81738
5.80482
5.91382
4.83575
1.59402
0.999333
1
1
1
1
1
1
1
1
1
1
1
1
1
1
1
1
1
1
5.84897
5.85469
5.85324
5.84882
5.84841
5.8468
5.85197
5.8446
5.83773
5.85247
5.85928
5.82579
5.80909
5.91019
5.38523
2.58827
1.0179
1
1
1
1
1
1
1
1
1
1
1
1
1
1
1
1
1
1
5.85139
5.85587
5.85181
5.84787
5.84576
5.84037
5.84037
5.83193
5.82512
5.8383
5.84094
5.80783
5.78044
5.83985
5.62156
3.7566
1.18468
1
1
1
1
1
1
1
1
1
1
1
1
1
1
1
1
1
1
5.8482
5.85226
5.84662
5.84131
5.83904
5.83
5.82649
5.81476
5.80648
5.8168
5.81466
5.77945
5.74449
5.76493
5.76104
4.8332
1.69513
0.999223
1
1
1
1
1
1
1
1
1
1
1
1
1
1
1
1
1
5.83959
5.84411
5.83792
5.82875
5.82504
5.81356
5.80827
5.79492
5.78353
5.79039
5.7854
5.75341
5.71884
5.74657
5.79103
5.42137
2.65615
1.02203
1
1
1
1
1
1
1
1
1
1
1
1
1
1
1
1
1
5.82692
5.82935
5.82432
5.81088
5.80457
5.79259
5.78671
5.7726
5.75835
5.76214
5.75565
5.73101
5.69698
5.7141
5.76678
5.51885
3.74259
1.19352
1
1
1
1
1
1
1
1
1
1
1
1
1
1
1
1
1
5.81003
5.80696
5.8036
5.78747
5.77857
5.76968
5.75954
5.74713
5.73129
5.73237
5.72419
5.70282
5.66898
5.67121
5.71241
5.57429
4.60265
1.62183
0.999284
1
1
1
1
1
1
1
1
1
1
1
1
1
1
1
1
5.78765
5.77866
5.77616
5.75978
5.7497
5.74312
5.73026
5.71846
5.70184
5.69961
5.69022
5.67012
5.63656
5.62728
5.64809
5.5921
5.2816
2.46551
1.0148
1
1
1
1
1
1
1
1
1
1
1
1
1
1
1
1
5.76029
5.74766
5.74506
5.73047
5.72178
5.7152
5.70047
5.68835
5.67073
5.66558
5.65667
5.63773
5.60457
5.58658
5.61914
5.60551
5.38176
3.34812
1.12
1
1
1
1
1
1
1
1
1
1
1
1
1
1
1
1
5.73023
5.71652
5.71342
5.70099
5.69368
5.68643
5.67093
5.65853
5.64026
5.63363
5.62715
5.60863
5.57956
5.55701
5.58572
5.58772
5.43661
4.20291
1.41509
0.99952
1
1
1
1
1
1
1
1
1
1
1
1
1
1
1
5.69959
5.6861
5.68242
5.67169
5.66523
5.65796
5.64218
5.63003
5.6114
5.60425
5.60138
5.58405
5.55888
5.5318
5.54697
5.55196
5.42571
4.97254
2.03284
1.0031
1
1
1
1
1
1
1
1
1
1
1
1
1
1
1
5.66969
5.65699
5.65286
5.64349
5.63796
5.63044
5.61416
5.60275
5.5838
5.57651
5.57551
5.55877
5.53481
5.5058
5.51249
5.51281
5.41247
5.17424
2.79703
1.04508
1
1
1
1
1
1
1
1
1
1
1
1
1
1
1
5.64158
5.63003
5.62533
5.61646
5.61139
5.60322
5.58663
5.57625
5.55698
5.5491
5.54855
5.53257
5.50963
5.48029
5.48004
5.48795
5.42461
5.2728
3.53532
1.18054
1
1
1
1
1
1
1
1
1
1
1
1
1
1
1
5.61573
5.60538
5.60029
5.59095
5.58586
5.57687
5.56017
5.55037
5.53107
5.52266
5.52225
5.50706
5.48453
5.45449
5.44851
5.46301
5.44103
5.29269
4.36221
1.53866
0.999717
1
1
1
1
1
1
1
1
1
1
1
1
1
1
5.5917
5.58182
5.5769
5.56644
5.56062
5.55091
5.53445
5.525
5.50635
5.49825
5.49763
5.48391
5.46133
5.43239
5.42295
5.43634
5.42739
5.30754
4.82225
2.08954
1.0057
1
1
1
1
1
1
1
1
1
1
1
1
1
1
5.5685
5.55806
5.55325
5.54143
5.53466
5.52505
5.50956
5.50079
5.48291
5.4748
5.47423
5.46305
5.44124
5.41318
5.40015
5.41309
5.40497
5.30949
5.01361
2.79888
1.0487
1
1
1
1
1
1
1
1
1
1
1
1
1
1
5.54593
5.5338
5.52858
5.51563
5.5084
5.49975
5.48551
5.47783
5.46039
5.45116
5.45049
5.44256
5.42244
5.39592
5.37755
5.38858
5.38039
5.31501
5.17406
3.43002
1.17577
1
1
1
1
1
1
1
1
1
1
1
1
1
1
5.52199
5.5082
5.50245
5.4895
5.48317
5.47588
5.46248
5.4558
5.43971
5.42944
5.42632
5.42094
5.4031
5.37724
5.35451
5.35899
5.35666
5.324
5.25096
4.14574
1.45765
0.999813
1
1
1
1
1
1
1
1
1
1
1
1
1
5.50065
5.48398
5.47622
5.46363
5.45767
5.45212
5.44022
5.43573
5.42111
5.4091
5.40288
5.39978
5.3847
5.3583
5.33322
5.33296
5.33303
5.31362
5.23035
4.58678
1.94461
1.00395
0.999997
1
1
1
1
1
1
1
1
1
1
1
1
5.4757
5.45698
5.44848
5.43726
5.4325
5.42871
5.41875
5.41462
5.40159
5.3877
5.37899
5.37801
5.36678
5.341
5.31548
5.31173
5.31094
5.29322
5.21592
4.81888
2.5023
1.04726
1.00001
1
1
1
1
1
1
1
1
1
1
1
1
5.45047
5.43385
5.4262
5.41677
5.413
5.40876
5.39844
5.39609
5.38361
5.36753
5.35766
5.35612
5.346
5.32048
5.29361
5.28629
5.28764
5.26762
5.2091
5.05281
3.01929
1.0384
0.998681
0.999992
1
1
1
1
1
1
1
1
1
1
1
2.12762
3.56547
4.32173
4.76583
5.03103
5.18976
5.28088
5.32656
5.34438
5.34308
5.33584
5.33588
5.33495
5.31679
5.2896
5.26549
5.26333
5.25472
5.20211
5.15068
4.0134
1.54859
1.01187
1.00005
1
1
1
1
1
1
1
1
1
1
1
0.558288
1.88967
2.84725
3.59585
4.14222
4.53557
4.82172
5.03881
5.16756
5.23809
5.27349
5.29289
5.30621
5.30592
5.28645
5.26027
5.23858
5.23522
5.20575
5.14334
4.64599
2.38894
1.09341
1.00097
1
1
1
1
1
1
1
1
1
1
1
0.233803
1.07237
1.75395
2.43102
3.10392
3.67246
4.10438
4.47032
4.75739
4.96775
5.09462
5.18309
5.23745
5.26842
5.27117
5.25528
5.22897
5.21302
5.2064
5.14494
5.14242
3.47121
1.36915
1.00791
1.00004
1
1
1
1
1
1
1
1
1
1
0.253636
0.706229
1.15866
1.66161
2.19783
2.78787
3.35651
3.7587
4.18387
4.49073
4.75284
4.94729
5.07459
5.17035
5.22127
5.23565
5.21982
5.19461
5.20305
5.15346
5.19727
4.47224
2.05582
1.05529
1.00051
1
1
1
1
1
1
1
1
1
1
0.288741
0.518183
0.790934
1.22802
1.65261
2.07762
2.6379
3.14443
3.53973
3.93017
4.28437
4.55619
4.8
4.97693
5.09806
5.1732
5.19374
5.17654
5.19185
5.16833
5.17792
4.79564
2.84997
1.19767
1.00305
1.00001
1
1
1
1
1
1
1
1
1
0.379191
0.439305
0.524017
0.882124
1.30571
1.66718
2.0315
2.58648
2.99948
3.43578
3.77568
4.13368
4.44077
4.67752
4.88645
5.04132
5.12533
5.14601
5.16149
5.19072
5.18276
4.99082
3.84839
1.58554
1.01759
1.00011
1
1
1
1
1
1
1
1
1
0.515811
0.429756
0.40651
0.604436
0.973063
1.37961
1.6746
2.06805
2.52476
2.93172
3.31505
3.71124
4.01541
4.33475
4.6054
4.81211
4.98778
5.07535
5.11129
5.18601
5.18067
5.08238
4.44733
2.19004
1.07458
1.00071
1
1
1
1
1
1
1
1
1
0.601237
0.449526
0.415131
0.539929
0.676279
1.06532
1.44148
1.68706
2.117
2.46159
2.88452
3.24612
3.61271
3.96742
4.25384
4.53318
4.77154
4.93982
5.03755
5.15006
5.17589
5.09064
4.69676
2.99429
1.23926
1.00415
1.00002
1
1
1
1
1
1
1
1
0.604058
0.477381
0.443701
0.534167
0.591492
0.773547
1.18572
1.48234
1.78665
2.1449
2.48669
2.83198
3.25409
3.58041
3.90921
4.25041
4.49715
4.74932
4.91475
5.07089
5.15514
5.06621
4.94026
3.908
1.63051
1.01997
1.00012
1
1
1
1
1
1
1
1
0.575821
0.47484
0.472439
0.512007
0.560924
0.672282
0.93299
1.28946
1.53522
1.89638
2.20823
2.55441
2.8938
3.23606
3.60719
3.91204
4.22632
4.4957
4.73349
4.95336
5.10365
5.02716
5.04162
4.30469
2.22902
1.07662
1.00073
1
1
1
1
1
1
1
1
0.522868
0.472387
0.479423
0.473406
0.517891
0.643866
0.755354
1.08103
1.34151
1.63696
1.95305
2.29811
2.59088
2.94708
3.29487
3.56961
3.9431
4.21304
4.52618
4.78463
5.01477
4.98287
5.03454
4.6743
2.86646
1.2101
1.00311
1.00001
1
1
1
1
1
1
1
0.503242
0.48347
0.485887
0.456662
0.475139
0.610672
0.694449
0.871122
1.16564
1.38188
1.70114
2.00705
2.33378
2.66611
2.96882
3.33564
3.62075
3.9687
4.27869
4.58047
4.86372
4.93886
4.9901
4.93686
3.67504
1.52108
1.0141
1.00008
1
1
1
1
1
1
1
0.506222
0.496799
0.493736
0.460995
0.46326
0.573
0.667069
0.769496
1.02683
1.25724
1.49749
1.77862
2.10302
2.40447
2.71994
3.10673
3.37461
3.72588
4.01616
4.37496
4.65688
4.83346
4.92137
4.95058
4.29709
2.01574
1.05129
1.0004
1
1
1
1
1
1
1
0.514783
0.509636
0.497667
0.4653
0.455913
0.525794
0.627512
0.735643
0.917026
1.15836
1.37234
1.62544
1.91456
2.20373
2.51448
2.82496
3.16964
3.43829
3.80166
4.14204
4.43156
4.68528
4.86058
4.90692
4.49732
2.6695
1.1481
1.00175
1.00001
1
1
1
1
1
1
0.527372
0.520997
0.501579
0.47108
0.453072
0.47816
0.559849
0.68802
0.807418
1.04788
1.25457
1.48322
1.73987
2.01764
2.31864
2.54422
2.93848
3.21627
3.59269
3.90085
4.23188
4.49552
4.76468
4.83129
4.66658
3.2743
1.35806
1.00713
1.00003
1
1
1
1
1
1
0.529429
0.523208
0.50955
0.479514
0.456388
0.462123
0.484953
0.610033
0.717714
0.887879
1.10611
1.31467
1.54512
1.82379
2.10341
2.3992
2.67493
3.0378
3.34183
3.70802
4.01299
4.27089
4.61865
4.77865
4.77472
3.76524
1.67295
1.02376
1.00014
1
1
1
1
1
1
0.521537
0.520652
0.518075
0.495008
0.469891
0.462173
0.470071
0.570224
0.678912
0.792491
0.994454
1.20099
1.41997
1.66049
1.93456
2.26458
2.49297
2.85706
3.13824
3.52191
3.77644
4.09169
4.4582
4.72816
4.76633
4.30063
2.19137
1.06947
1.00059
1
1
1
1
1
1
0.495857
0.506358
0.519001
0.509517
0.486611
0.468584
0.474064
0.548121
0.653524
0.771765
0.933841
1.12659
1.33365
1.55387
1.79274
2.09852
2.36476
2.62373
2.98015
3.29387
3.59754
3.92016
4.25067
4.60757
4.72624
4.47403
2.82508
1.19071
1.00243
1.00001
1
1
1
1
1
0.47154
0.484979
0.512843
0.51392
0.49355
0.471553
0.471664
0.516342
0.615471
0.736116
0.867723
1.0452
1.24706
1.4509
1.67184
1.88077
2.2109
2.44172
2.82252
3.08722
3.44121
3.71211
4.03089
4.4441
4.66322
4.5489
3.22529
1.38219
1.00844
1.00004
1
1
1
1
1
0.469187
0.475645
0.501484
0.513745
0.495357
0.473601
0.471201
0.489945
0.543274
0.67156
0.780743
0.945505
1.11918
1.32635
1.54294
1.7549
2.03991
2.3325
2.62491
2.94344
3.2586
3.51675
3.87961
4.28486
4.59643
4.57417
3.72393
1.67006
1.0231
1.00014
1
1
1
1
1
0.475857
0.476635
0.495529
0.511332
0.49551
0.478885
0.476092
0.49062
0.506343
0.610947
0.72639
0.85941
1.03249
1.2183
1.43934
1.67788
1.90155
2.22152
2.46766
2.80913
3.04558
3.37715
3.72541
4.08226
4.48241
4.55384
4.15814
2.16538
1.06653
1.00052
1
1
1
1
1
0.495777
0.486848
0.492948
0.505226
0.493117
0.481472
0.487746
0.495018
0.505409
0.584726
0.696103
0.825559
0.982353
1.14825
1.3431
1.58657
1.7969
2.08068
2.35752
2.64467
2.89909
3.2432
3.5315
3.87104
4.32744
4.51316
4.22246
2.60057
1.16034
1.002
1.00001
1
1
1
1
0.51301
0.501689
0.490318
0.497549
0.488837
0.483163
0.488511
0.489835
0.496815
0.559542
0.668314
0.78861
0.933464
1.08677
1.25545
1.46109
1.68822
1.89848
2.23962
2.47074
2.78429
3.07823
3.36358
3.73975
4.16005
4.44701
4.30012
2.97433
1.29469
1.00547
1.00002
1
1
1
1
0.514244
0.504858
0.487911
0.491202
0.488499
0.483519
0.481522
0.474661
0.477871
0.520434
0.614316
0.735617
0.85939
1.01472
1.16867
1.34052
1.58128
1.80308
2.10092
2.3536
2.66039
2.91143
3.25605
3.60835
3.95635
4.35619
4.32762
3.50752
1.55472
1.01574
1.00008
1
1
1
1
0.507671
0.502219
0.48578
0.487335
0.490277
0.484768
0.479326
0.471593
0.475024
0.509218
0.556326
0.673158
0.793931
0.94142
1.1111
1.28854
1.50073
1.73721
1.95437
2.25123
2.49599
2.79396
3.14373
3.42884
3.79989
4.25174
4.32277
3.74778
1.86248
1.04097
1.00028
1
1
1
1
0.490852
0.494887
0.485004
0.487251
0.496282
0.49042
0.483201
0.4752
0.479389
0.51453
0.550835
0.644277
0.759964
0.891682
1.0557
1.23309
1.42266
1.67214
1.87771
2.14926
2.358
2.69063
2.99962
3.26084
3.67655
4.11901
4.29375
3.87657
2.21125
1.08693
1.0008
1
1
1
1
0.477755
0.485448
0.486749
0.488769
0.501368
0.495256
0.488001
0.477423
0.482983
0.514084
0.544122
0.620008
0.729684
0.849662
0.997869
1.1673
1.33882
1.55539
1.80248
2.01412
2.27075
2.57865
2.84262
3.17595
3.51381
3.95394
4.23126
4.04451
2.62553
1.18168
1.00242
1.00001
1
1
1
0.476055
0.480266
0.488812
0.490145
0.501112
0.495049
0.487384
0.475529
0.479424
0.501528
0.524934
0.587818
0.69308
0.807494
0.933666
1.08013
1.24976
1.43789
1.71462
1.91149
2.18674
2.44133
2.7428
3.08664
3.35223
3.77078
4.14533
4.09647
2.95297
1.31689
1.00648
1.00003
1
1
1
0.479028
0.47903
0.490331
0.489638
0.498158
0.492991
0.484629
0.472531
0.472843
0.48437
0.501712
0.558593
0.641989
0.761726
0.886489
1.03176
1.20372
1.38437
1.60447
1.83513
2.08963
2.33507
2.65498
2.95371
3.23128
3.63829
4.06605
4.07552
3.25143
1.5148
1.01512
1.00008
1
1
1
0.486689
0.480934
0.48999
0.487006
0.491922
0.48971
0.483561
0.472941
0.470871
0.47795
0.494304
0.552821
0.619956
0.729487
0.85408
0.995087
1.15753
1.34502
1.53017
1.76377
1.96341
2.25043
2.55525
2.7984
3.12947
3.51484
3.96714
4.03104
3.49978
1.77448
1.03504
1.00023
1
1
1
0.489104
0.485057
0.488214
0.484009
0.486004
0.487722
0.484248
0.475413
0.471353
0.47562
0.489372
0.546
0.604277
0.698838
0.816303
0.952277
1.10489
1.29466
1.47277
1.68689
1.88002
2.16704
2.42132
2.71109
3.03728
3.3562
3.83876
3.98972
3.67058
2.04617
1.06973
1.0006
1
1
1
0.487458
0.485873
0.486214
0.481571
0.482084
0.487724
0.485022
0.479244
0.472716
0.471189
0.479661
0.528068
0.582039
0.665571
0.775557
0.89685
1.03319
1.19706
1.40269
1.58708
1.8152
2.07507
2.31256
2.63899
2.93425
3.22647
3.69694
3.94864
3.71761
2.35469
1.13074
1.00155
1.00001
1
1
0.482576
0.483884
0.483124
0.479146
0.480026
0.487528
0.486424
0.484035
0.475354
0.467695
0.47301
0.501861
0.551188
0.625374
0.726262
0.84403
0.985277
1.14177
1.33685
1.51721
1.75006
1.96836
2.24513
2.55155
2.79287
3.13531
3.56219
3.88929
3.75832
2.6222
1.22473
1.00372
1.00001
1
1
0.477826
0.480467
0.480404
0.477948
0.478633
0.486637
0.488247
0.487194
0.480156
0.46861
0.473362
0.496352
0.534697
0.609089
0.703139
0.822699
0.962736
1.1134
1.28557
1.46144
1.67523
1.89649
2.17573
2.43183
2.6954
3.02993
3.42395
3.8131
3.77717
2.8844
1.35329
1.0084
1.00004
1
1
0.476866
0.479254
0.479598
0.477976
0.477578
0.484882
0.488249
0.487414
0.482308
0.471038
0.475387
0.496134
0.525637
0.597202
0.685473
0.798197
0.932621
1.08127
1.23772
1.41594
1.58534
1.83234
2.09428
2.32802
2.64041
2.8865
3.27349
3.73295
3.76213
3.08121
1.51566
1.01727
1.00009
1
1
0.477373
0.478719
0.478895
0.478765
0.477142
0.481857
0.48671
0.486143
0.481806
0.470615
0.474169
0.490936
0.513117
0.580978
0.663218
0.76872
0.892072
1.03454
1.17748
1.35258
1.52945
1.77053
1.98645
2.26331
2.57364
2.8097
3.16416
3.63773
3.73064
3.24458
1.72244
1.03396
1.00023
1
1
0.480225
0.479212
0.478207
0.479224
0.476077
0.477027
0.481731
0.481519
0.478149
0.468557
0.469313
0.478303
0.493803
0.55447
0.63177
0.725047
0.835295
0.968454
1.12159
1.29191
1.4795
1.70003
1.91561
2.19868
2.45968
2.74246
3.07325
3.53025
3.68602
3.36341
1.93024
1.06278
1.00054
1
1
0.481678
0.479201
0.477152
0.478425
0.473747
0.473029
0.477206
0.47694
0.473505
0.467414
0.467938
0.473062
0.481878
0.532706
0.604169
0.699131
0.812529
0.940654
1.08515
1.23956
1.43373
1.62389
1.86253
2.12709
2.34275
2.64647
2.95597
3.40706
3.63332
3.40647
2.135
1.10419
1.00118
1
1
0.480403
0.477317
0.475675
0.476825
0.472257
0.472233
0.476508
0.47573
0.472502
0.468273
0.468363
0.472916
0.48159
0.52998
0.593364
0.686142
0.797239
0.918336
1.04953
1.19296
1.37441
1.57195
1.80632
2.02762
2.29317
2.56445
2.84129
3.28726
3.5801
3.44221
2.37038
1.16817
1.00251
1.00001
1
0.476548
0.473511
0.473372
0.474391
0.472082
0.472267
0.475988
0.475499
0.472502
0.469928
0.468157
0.470484
0.478613
0.524386
0.581037
0.668007
0.774775
0.888781
1.01714
1.15798
1.31161
1.51922
1.74206
1.95083
2.24255
2.50042
2.77553
3.18633
3.52569
3.45306
2.53576
1.25229
1.00511
1.00002
1
0.471734
0.468127
0.470892
0.47178
0.472071
0.471679
0.474739
0.475287
0.4726
0.469895
0.465657
0.46308
0.46987
0.509667
0.562088
0.643674
0.740709
0.847561
0.96816
1.1178
1.27227
1.47192
1.65898
1.89903
2.17116
2.41061
2.70341
3.08503
3.46522
3.43916
2.69817
1.35379
1.00963
1.00005
1
0.469506
0.465424
0.46987
0.470354
0.471556
0.470007
0.472099
0.473798
0.472316
0.470089
0.463705
0.457805
0.462957
0.493052
0.534921
0.609718
0.698319
0.79992
0.912568
1.06522
1.23397
1.41415
1.60654
1.84727
2.06969
2.31109
2.59666
2.9582
3.38774
3.41243
2.86991
1.48676
1.0176
1.0001
1
0.468593
0.464932
0.46939
0.469272
0.470177
0.467596
0.468503
0.47125
0.471443
0.471032
0.463963
0.457943
0.462875
0.491924
0.528525
0.599633
0.684578
0.782712
0.894608
1.027
1.18953
1.36076
1.56305
1.78961
1.99672
2.26573
2.50127
2.84816
3.30313
3.37715
2.93572
1.62537
1.03064
1.00021
1
0.468851
0.465803
0.469052
0.468095
0.468166
0.464351
0.464287
0.468183
0.470535
0.470909
0.464764
0.459
0.464537
0.492619
0.525824
0.593005
0.672534
0.76751
0.877524
1.00173
1.15043
1.32202
1.52014
1.71122
1.95591
2.22278
2.4571
2.77895
3.22602
3.34372
2.99733
1.76105
1.0492
1.00042
1
0.468668
0.468166
0.468727
0.467085
0.466362
0.461009
0.460426
0.464977
0.469194
0.469796
0.464331
0.458278
0.463801
0.489189
0.516849
0.578837
0.653575
0.745524
0.852957
0.981448
1.12275
1.28325
1.47142
1.65877
1.90617
2.15457
2.39957
2.70323
3.1422
3.31035
3.08279
1.9189
1.07616
1.0008
1
0.46671
0.468531
0.467865
0.46593
0.465478
0.459521
0.457648
0.461832
0.466852
0.467172
0.461869
0.455524
0.459584
0.478111
0.49889
0.553815
0.622564
0.709748
0.812582
0.944093
1.08907
1.24663
1.40803
1.61675
1.84792
2.05172
2.30881
2.59556
3.03611
3.26598
3.09837
2.07408
1.11519
1.00152
1.00001
0.463334
0.467083
0.466543
0.464295
0.465113
0.459105
0.456614
0.45861
0.4631
0.463707
0.45885
0.453229
0.45724
0.467236
0.479125
0.527603
0.588395
0.671742
0.767908
0.890936
1.04036
1.19476
1.36637
1.57406
1.76996
1.99665
2.2485
2.51803
2.94123
3.21428
3.10097
2.19663
1.16357
1.00277
1.00001
0.458619
0.464198
0.464388
0.462369
0.464857
0.459175
0.456525
0.457682
0.460535
0.460951
0.457189
0.452686
0.457538
0.46529
0.474301
0.523846
0.582565
0.664403
0.758867
0.872887
1.00308
1.15607
1.32975
1.52295
1.71728
1.96529
2.20503
2.4682
2.86418
3.16552
3.09481
2.31209
1.22068
1.00476
1.00002
0.455359
0.460592
0.462244
0.46088
0.464194
0.459968
0.457049
0.457335
0.459485
0.459146
0.456571
0.45283
0.458216
0.464224
0.472709
0.522344
0.578328
0.657636
0.750978
0.861242
0.986305
1.1271
1.29641
1.46794
1.6806
1.91862
2.14875
2.40359
2.77965
3.11877
3.08195
2.43034
1.29078
1.00786
1.00004
0.455406
0.458109
0.460214
0.459277
0.462841
0.460168
0.456994
0.456391
0.458034
0.457283
0.455551
0.452314
0.457219
0.460431
0.467362
0.514145
0.565451
0.640882
0.731258
0.841302
0.964575
1.09636
1.2573
1.42649
1.63489
1.85694
2.06763
2.31822
2.67828
3.06464
3.06054
2.52
1.37469
1.01304
1.00008
0.469002
0.458091
0.458841
0.458358
0.461678
0.459441
0.456341
0.45517
0.45663
0.455599
0.454168
0.451125
0.455462
0.455984
0.462923
0.507689
0.555184
0.629095
0.716856
0.827113
0.949183
1.07946
1.22391
1.40435
1.60405
1.80968
2.00058
2.2699
2.61976
3.02241
3.04045
2.56997
1.43212
1.01724
1.0001
0.486029
0.458491
0.457722
0.457614
0.460651
0.458655
0.455546
0.454059
0.455409
0.454176
0.452853
0.449535
0.452788
0.451269
0.458054
0.500527
0.547443
0.620734
0.705689
0.815112
0.937745
1.07156
1.2088
1.3915
1.58621
1.76878
1.98112
2.25037
2.59854
2.99781
3.02709
2.60392
1.46424
1.02028
1.00013
0.50233
0.459761
0.456268
0.456414
0.459097
0.457628
0.454496
0.452728
0.453824
0.452457
0.451654
0.448869
0.448898
0.445093
0.449635
0.486977
0.534517
0.603216
0.684849
0.793593
0.921278
1.05781
1.20064
1.37479
1.56759
1.73457
1.98283
2.22073
2.57047
2.97467
3.01431
2.61924
1.50338
1.02408
1.00016
0.526898
0.464118
0.454724
0.454122
0.456595
0.456029
0.453135
0.451205
0.451889
0.450392
0.450496
0.448642
0.447748
0.443218
0.447041
0.480756
0.521754
0.587698
0.66965
0.771711
0.897386
1.02678
1.18413
1.35611
1.53409
1.72871
1.98389
2.20114
2.52607
2.94204
2.99709
2.62743
1.55536
1.02942
1.00022
0.548479
0.470713
0.453903
0.451975
0.453937
0.453996
0.451323
0.449241
0.449593
0.44864
0.449864
0.448762
0.447427
0.443553
0.447539
0.481254
0.516655
0.583075
0.663369
0.759725
0.877033
1.00241
1.1656
1.33709
1.4962
1.73025
1.96874
2.1892
2.49386
2.90104
2.98111
2.64695
1.59748
1.03585
1.00029
0.571431
0.482819
0.454906
0.449777
0.451688
0.452015
0.449378
0.447082
0.447295
0.447714
0.449725
0.449371
0.44734
0.444701
0.450272
0.482385
0.51246
0.579896
0.660975
0.757103
0.869463
1.00033
1.15383
1.32011
1.49023
1.71858
1.93836
2.15994
2.46037
2.86997
2.96831
2.68889
1.64562
1.04317
1.00038
0.600817
0.502667
0.455211
0.44854
0.449648
0.450203
0.447657
0.44511
0.445194
0.446658
0.449579
0.449657
0.447136
0.44507
0.451232
0.481788
0.511762
0.581353
0.663268
0.76087
0.870221
1.00057
1.14169
1.29514
1.48366
1.69142
1.89888
2.10756
2.411
2.83044
2.94525
2.70016
1.70259
1.05323
1.00052
0.624187
0.52426
0.457994
0.44835
0.447946
0.448323
0.44586
0.442908
0.443078
0.445331
0.448986
0.449221
0.44663
0.444404
0.45072
0.481572
0.512626
0.583562
0.664228
0.762053
0.870289
0.990791
1.12619
1.27158
1.46178
1.65077
1.85854
2.07302
2.36694
2.78488
2.91897
2.70017
1.75764
1.06567
1.00073
0.655308
0.55009
0.468562
0.445314
0.445971
0.446067
0.443721
0.440499
0.440806
0.443525
0.44718
0.447513
0.444429
0.440577
0.446236
0.477502
0.50892
0.578521
0.656481
0.752603
0.857612
0.967484
1.1068
1.25617
1.42547
1.61539
1.81486
2.04484
2.32903
2.74036
2.89713
2.71531
1.82102
1.08146
1.00104
0.667802
0.571257
0.486875
0.443769
0.443477
0.443367
0.441253
0.43767
0.437657
0.439978
0.442932
0.442651
0.436453
0.429288
0.434257
0.464771
0.496797
0.5645
0.637078
0.729516
0.829607
0.944637
1.08093
1.23081
1.39402
1.5794
1.78191
2.014
2.28548
2.6873
2.86726
2.72339
1.88866
1.10131
1.00149
0.658491
0.584425
0.511839
0.446142
0.441409
0.439608
0.437638
0.433108
0.433487
0.435524
0.437799
0.435899
0.427998
0.422383
0.426678
0.452443
0.482495
0.547558
0.613253
0.700978
0.79747
0.914763
1.04823
1.20446
1.36305
1.54427
1.76354
1.97849
2.22599
2.6305
2.83305
2.71839
1.94963
1.12565
1.00216
0.657071
0.603099
0.53738
0.454602
0.43715
0.434845
0.433189
0.429327
0.430073
0.432114
0.433887
0.432011
0.42577
0.421855
0.42573
0.447983
0.474325
0.539831
0.604629
0.692286
0.787368
0.895701
1.02912
1.17623
1.33502
1.52658
1.73148
1.93164
2.17283
2.56692
2.79834
2.71005
2.01122
1.15445
1.00314
0.672106
0.624678
0.562199
0.470917
0.433538
0.431022
0.429746
0.427511
0.427836
0.43003
0.431639
0.429974
0.425003
0.421861
0.426459
0.447181
0.473293
0.539186
0.603358
0.691024
0.785778
0.891691
1.01711
1.15183
1.3164
1.4961
1.68293
1.86922
2.12603
2.50649
2.7619
2.7024
2.07797
1.19061
1.00463
0.692111
0.639481
0.576273
0.485955
0.432396
0.427527
0.42637
0.425258
0.425347
0.427059
0.428703
0.426881
0.422565
0.419828
0.424896
0.444552
0.470205
0.534657
0.596516
0.681885
0.776544
0.879941
1.00043
1.13019
1.28653
1.45148
1.62541
1.8272
2.07298
2.4381
2.72141
2.6831
2.13619
1.23398
1.00687
0.718303
0.661969
0.596453
0.506046
0.435073
0.422717
0.421499
0.421198
0.420961
0.421636
0.423117
0.420045
0.415201
0.411804
0.417089
0.434451
0.457924
0.518431
0.576338
0.655627
0.747963
0.851281
0.966497
1.09799
1.24243
1.40664
1.58758
1.79289
2.01842
2.37118
2.67331
2.655
2.19039
1.28391
1.01017
0.756103
0.70338
0.629371
0.530194
0.442295
0.415741
0.414909
0.41523
0.414654
0.414798
0.415561
0.411254
0.406855
0.403754
0.411021
0.422919
0.445839
0.50518
0.558752
0.634578
0.722074
0.822428
0.936423
1.06232
1.20379
1.36818
1.55714
1.75154
1.96381
2.29879
2.62751
2.62679
2.23036
1.3411
1.01503
0.747746
0.733994
0.663433
0.574217
0.467168
0.415355
0.409392
0.408715
0.407673
0.407591
0.408228
0.405065
0.402108
0.40182
0.409073
0.418661
0.442572
0.500148
0.549747
0.623517
0.706922
0.802264
0.913063
1.03282
1.17104
1.32792
1.51305
1.70081
1.91144
2.22287
2.57031
2.59273
2.26709
1.40293
1.02204
0.721445
0.749194
0.695195
0.632149
0.50754
0.420305
0.402681
0.40202
0.400852
0.400745
0.400663
0.399202
0.397941
0.399501
0.406718
0.41464
0.438957
0.494107
0.540837
0.611869
0.691318
0.783651
0.888044
1.00528
1.13879
1.28991
1.46275
1.64775
1.84877
2.1484
2.51106
2.55671
2.29105
1.47217
1.03212
0.68961
0.731244
0.70985
0.669494
0.56704
0.445399
0.399276
0.394423
0.39287
0.392625
0.392268
0.391247
0.39105
0.393493
0.400454
0.407137
0.430597
0.481561
0.526202
0.595132
0.670554
0.76086
0.859825
0.975119
1.10424
1.25089
1.41499
1.5959
1.78828
2.06655
2.4389
2.51444
2.3053
1.54157
1.04611
0.682767
0.708739
0.727905
0.697907
0.632976
0.487346
0.402713
0.386084
0.383726
0.382636
0.383109
0.383962
0.384406
0.38574
0.39058
0.396262
0.420776
0.466653
0.508421
0.575224
0.648318
0.735619
0.829766
0.940651
1.06529
1.20475
1.36194
1.53355
1.72408
1.99257
2.36197
2.46452
2.30586
1.61057
1.06478
0.692432
0.693223
0.718018
0.69417
0.655824
0.556997
0.426598
0.381893
0.375197
0.37369
0.374108
0.377105
0.38007
0.380831
0.382305
0.384644
0.40951
0.452266
0.492101
0.557623
0.627659
0.712081
0.802686
0.9091
1.02812
1.16238
1.31677
1.48414
1.664
1.91431
2.28659
2.41884
2.29856
1.67745
1.08919
0.70597
0.694136
0.706667
0.702248
0.690254
0.636081
0.475116
0.38606
0.37062
0.368149
0.3694
0.372591
0.375351
0.375142
0.374797
0.375093
0.39774
0.437795
0.475164
0.540927
0.606719
0.687203
0.774699
0.876617
0.990716
1.11996
1.2703
1.43614
1.61119
1.84059
2.19708
2.3606
2.28091
1.73516
1.11961
0.706529
0.698509
0.698919
0.704828
0.695198
0.661141
0.556864
0.419537
0.369792
0.365167
0.367247
0.369384
0.369621
0.367294
0.365576
0.36871
0.392863
0.424838
0.461656
0.526908
0.588313
0.66328
0.747973
0.844294
0.952748
1.07643
1.21844
1.37486
1.54171
1.76484
2.11349
2.30153
2.25097
1.78547
1.15501
0.698325
0.698545
0.691394
0.698578
0.696071
0.692637
0.646419
0.488683
0.381254
0.362085
0.364917
0.365064
0.363331
0.358785
0.356624
0.360162
0.387222
0.410897
0.447593
0.513135
0.569606
0.64047
0.72305
0.815397
0.91859
1.03639
1.17192
1.32268
1.47971
1.68268
2.02215
2.24409
2.21421
1.82235
1.19717
0.695063
0.697439
0.687684
0.686083
0.689207
0.686482
0.658472
0.58279
0.437117
0.366026
0.359508
0.359188
0.356604
0.350639
0.349142
0.354356
0.379196
0.399169
0.43265
0.494916
0.546943
0.614843
0.69289
0.780946
0.880539
0.993018
1.12174
1.26733
1.42272
1.61507
1.92742
2.17227
2.16143
1.84494
1.23967
0.701705
0.70141
0.690384
0.683513
0.686764
0.684567
0.676093
0.661163
0.524994
0.38866
0.357813
0.353737
0.350213
0.345319
0.345682
0.353576
0.370563
0.388289
0.424557
0.48319
0.528203
0.594807
0.669615
0.751231
0.846333
0.951905
1.0738
1.21173
1.35912
1.5464
1.85
2.11373
2.11255
1.85271
1.28118
0.706429
0.704127
0.696105
0.688003
0.688588
0.686076
0.678264
0.66821
0.617352
0.461999
0.366872
0.347846
0.346009
0.341899
0.344788
0.350214
0.360128
0.376875
0.413538
0.469728
0.511052
0.576623
0.649755
0.727346
0.819477
0.920422
1.03768
1.17055
1.3084
1.47404
1.75927
2.04607
2.05823
1.84486
1.3211
0.765764
0.756475
0.751959
0.72333
0.707687
0.696408
0.681157
0.668242
0.657994
0.559701
0.408229
0.350581
0.342895
0.340262
0.343975
0.345275
0.348712
0.367563
0.406477
0.453859
0.492913
0.555492
0.623721
0.69586
0.783486
0.87986
0.991337
1.11802
1.25407
1.41541
1.67713
1.96226
1.99109
1.8236
1.35074
0.841237
0.821794
0.805961
0.791948
0.771748
0.749731
0.714479
0.681735
0.670269
0.642808
0.491825
0.367822
0.344873
0.341991
0.344366
0.343345
0.344797
0.36489
0.399884
0.436363
0.476238
0.538957
0.60251
0.67045
0.75283
0.841762
0.942419
1.05821
1.18874
1.35203
1.61413
1.9074
1.94359
1.80235
1.36601
0.891652
0.881376
0.870627
0.869426
0.86146
0.848312
0.819969
0.775803
0.75405
0.753732
0.686399
0.53304
0.411198
0.364261
0.352836
0.350426
0.351079
0.372633
0.402303
0.4289
0.470089
0.527349
0.583844
0.64971
0.726803
0.81077
0.909284
1.01948
1.13495
1.27641
1.51682
1.80947
1.85844
1.74352
1.35303
)
;

boundaryField
{
    inlet
    {
        type            fixedValue;
        value           uniform 1;
    }
    outlet
    {
        type            zeroGradient;
    }
    airfoil
    {
        type            zeroGradient;
    }
    top
    {
        type            symmetryPlane;
    }
    bottom
    {
        type            symmetryPlane;
    }
    defaultFaces
    {
        type            empty;
    }
}


// ************************************************************************* //
