/*--------------------------------*- C++ -*----------------------------------*\
  =========                 |
  \\      /  F ield         | OpenFOAM: The Open Source CFD Toolbox
   \\    /   O peration     | Website:  https://openfoam.org
    \\  /    A nd           | Version:  7
     \\/     M anipulation  |
\*---------------------------------------------------------------------------*/
FoamFile
{
    version     2.0;
    format      ascii;
    class       volScalarField;
    location    "3";
    object      T;
}
// * * * * * * * * * * * * * * * * * * * * * * * * * * * * * * * * * * * * * //

dimensions      [0 0 0 1 0 0 0];

internalField   nonuniform List<scalar> 
11200
(
1.04462
1.23283
1.30866
1.36176
1.38994
1.41073
1.42211
1.40959
1.4002
1.38738
1.37102
1.37758
1.3923
1.39303
1.38796
1.37332
1.35825
1.35298
1.34949
1.34349
1.33623
1.32419
1.31161
1.30897
1.31169
1.31949
1.3266
1.35943
1.42794
1.49409
0.556658
0.563782
0.645005
0.784696
0.981949
1.13847
1.25449
1.35637
1.41414
1.4685
1.50196
1.52459
1.5181
1.50202
1.47085
1.43823
1.41899
1.42741
1.43319
1.43017
1.41836
1.40268
1.38961
1.3906
1.39782
1.40444
1.41364
1.44421
1.5045
1.5519
0.528674
0.519302
0.509272
0.498561
0.490274
0.479462
0.496688
0.627107
0.786348
0.958908
1.15917
1.28049
1.34919
1.39977
1.42932
1.44398
1.45177
1.45719
1.45466
1.45196
1.44347
1.43868
1.4319
1.43315
1.43949
1.44172
1.45205
1.48574
1.53613
1.57509
0.493716
0.488664
0.48337
0.479023
0.475191
0.470922
0.466779
0.464024
0.462052
0.458677
0.460532
0.543829
0.751278
0.975451
1.16508
1.31558
1.41129
1.43762
1.44657
1.44727
1.44235
1.44264
1.4449
1.45008
1.44997
1.45074
1.46194
1.4977
1.54223
1.58137
0.477822
0.474937
0.472047
0.469363
0.466801
0.464253
0.461799
0.460245
0.458914
0.457015
0.453523
0.450204
0.447348
0.443909
0.472685
0.666838
0.937222
1.11622
1.25147
1.34981
1.39503
1.42459
1.43969
1.4464
1.44272
1.4375
1.44807
1.48404
1.52042
1.57014
0.470611
0.468118
0.465701
0.463139
0.460855
0.459407
0.457894
0.456285
0.454861
0.452828
0.449957
0.44653
0.443642
0.441883
0.440414
0.439627
0.438818
0.45283
0.622353
0.903419
1.13315
1.26092
1.33704
1.37272
1.39835
1.39615
1.40204
1.43141
1.46493
1.53786
0.462186
0.459642
0.457069
0.45447
0.453022
0.452861
0.452451
0.451964
0.451351
0.450005
0.447645
0.444241
0.442821
0.44149
0.439611
0.438982
0.438971
0.439552
0.441107
0.442737
0.493321
0.683595
0.93631
1.11554
1.23166
1.27661
1.30869
1.34439
1.38111
1.482
0.454089
0.452137
0.449962
0.448177
0.448104
0.448573
0.449071
0.449681
0.449773
0.449045
0.446584
0.443341
0.442779
0.443125
0.443622
0.446114
0.452956
0.455836
0.457089
0.457822
0.459077
0.462172
0.465431
0.563291
0.805744
1.00853
1.10377
1.21693
1.29354
1.41913
0.449761
0.449076
0.447763
0.446495
0.446351
0.446572
0.447219
0.448548
0.449398
0.448711
0.444823
0.443457
0.445087
0.449737
0.457013
0.464243
0.472204
0.477365
0.478655
0.480481
0.483061
0.484786
0.485757
0.487798
0.491624
0.540142
0.694543
0.992983
1.17343
1.35761
0.455433
0.454443
0.452579
0.449319
0.446164
0.44593
0.446409
0.447202
0.450265
0.456535
0.457512
0.456589
0.456751
0.460321
0.469325
0.476868
0.481734
0.486904
0.491822
0.497784
0.504684
0.510647
0.515047
0.514908
0.513003
0.516213
0.521402
0.585515
0.966343
1.27411
0.465516
0.460298
0.459466
0.459899
0.460233
0.460656
0.461976
0.465708
0.473907
0.483272
0.484518
0.484095
0.484743
0.487238
0.491483
0.492535
0.491734
0.494043
0.501021
0.508908
0.515777
0.522028
0.527992
0.534998
0.537523
0.536759
0.540385
0.543523
0.609353
1.16724
0.480575
0.481405
0.482105
0.482862
0.484148
0.484935
0.486145
0.488929
0.494417
0.504032
0.509594
0.510661
0.511763
0.514781
0.518635
0.520293
0.521437
0.521563
0.521648
0.523642
0.526945
0.53175
0.538165
0.546841
0.553155
0.556558
0.557373
0.562711
0.562215
0.94111
0.514324
0.514822
0.514682
0.514606
0.514342
0.512639
0.512393
0.5143
0.519406
0.527474
0.531971
0.531354
0.530929
0.532497
0.537982
0.544245
0.548594
0.551228
0.551724
0.552734
0.553366
0.553918
0.5563
0.561105
0.568068
0.571478
0.573856
0.578736
0.581452
0.647689
0.542237
0.543168
0.544486
0.54652
0.546898
0.546492
0.547025
0.549417
0.552896
0.557306
0.558707
0.557642
0.557248
0.55872
0.56185
0.564541
0.566188
0.568948
0.573563
0.578163
0.581953
0.583312
0.583121
0.583027
0.585427
0.589865
0.593551
0.594811
0.598145
0.601712
0.575848
0.577392
0.57953
0.58154
0.581787
0.579994
0.578113
0.578429
0.580837
0.584853
0.589997
0.592645
0.59237
0.592176
0.591904
0.591486
0.591883
0.592961
0.595267
0.59804
0.601398
0.605772
0.609099
0.609437
0.609133
0.611416
0.615218
0.616642
0.617154
0.62082
0.611433
0.612143
0.61355
0.615795
0.617866
0.61914
0.618105
0.615651
0.615185
0.615956
0.619916
0.621609
0.621825
0.622654
0.624204
0.626957
0.62875
0.628605
0.628456
0.628657
0.628755
0.629813
0.632924
0.635941
0.636325
0.635605
0.636006
0.638118
0.639422
0.641674
0.652092
0.652676
0.654805
0.658054
0.661045
0.661937
0.660897
0.65669
0.654553
0.655003
0.657699
0.660765
0.66088
0.659883
0.658689
0.65813
0.658288
0.659212
0.660703
0.660934
0.660102
0.658337
0.656905
0.656795
0.657321
0.65815
0.657922
0.657717
0.65764
0.658392
0.698241
0.698412
0.699211
0.701082
0.70326
0.70417
0.704374
0.701485
0.695736
0.694109
0.695394
0.698504
0.698688
0.697128
0.69495
0.693545
0.692641
0.691057
0.689254
0.688352
0.688429
0.688808
0.688673
0.687734
0.686023
0.685897
0.685649
0.684472
0.681727
0.67949
0.747251
0.746726
0.746964
0.749334
0.751366
0.751393
0.750611
0.747349
0.74208
0.741319
0.742283
0.741642
0.73878
0.7369
0.7362
0.734958
0.732591
0.730518
0.729417
0.728148
0.726049
0.724089
0.722547
0.72121
0.718525
0.715718
0.713194
0.71151
0.709514
0.705344
0.799672
0.798077
0.798668
0.802196
0.803047
0.801755
0.799885
0.796383
0.790905
0.789963
0.790345
0.788617
0.783299
0.780107
0.779391
0.777629
0.773876
0.770334
0.767674
0.76529
0.762449
0.758974
0.754623
0.751853
0.748955
0.745549
0.741789
0.738134
0.736177
0.733345
0.857083
0.853267
0.852914
0.854996
0.858003
0.857443
0.853579
0.847209
0.841539
0.840328
0.840525
0.838723
0.831803
0.826186
0.824813
0.822851
0.81801
0.813561
0.810259
0.806916
0.802471
0.798166
0.793887
0.790322
0.786286
0.781615
0.776787
0.771576
0.76541
0.757799
0.91635
0.911474
0.910308
0.911547
0.915565
0.915226
0.910442
0.902346
0.894373
0.892804
0.893532
0.891542
0.883122
0.874998
0.873528
0.871725
0.866109
0.859436
0.854849
0.850894
0.845323
0.839638
0.833941
0.828372
0.822705
0.81633
0.810109
0.803789
0.798139
0.789512
0.975928
0.971559
0.971018
0.973535
0.975882
0.973306
0.965804
0.958454
0.950777
0.949858
0.949656
0.945125
0.935945
0.927827
0.925365
0.922688
0.916532
0.908975
0.902467
0.897016
0.890624
0.883841
0.876707
0.869627
0.862854
0.855188
0.847406
0.83932
0.832379
0.823061
1.0382
1.03701
1.03853
1.03996
1.03774
1.03104
1.02567
1.01668
1.01158
1.01077
1.00722
1.00006
0.991503
0.985778
0.980976
0.975321
0.967584
0.960084
0.952628
0.945343
0.937711
0.929511
0.921423
0.912879
0.903984
0.895106
0.88594
0.877047
0.868748
0.856516
1.10993
1.10762
1.10698
1.10515
1.10177
1.0961
1.08984
1.08305
1.07826
1.07395
1.06783
1.0603
1.05322
1.04611
1.03874
1.03131
1.02285
1.014
1.0054
0.996145
0.987094
0.977485
0.967699
0.957776
0.947502
0.937348
0.927015
0.916552
0.907551
0.893747
1.16604
1.16404
1.16124
1.15871
1.15673
1.15375
1.14963
1.14526
1.14059
1.13593
1.13023
1.1234
1.11659
1.10931
1.10136
1.09278
1.08361
1.0734
1.06344
1.0527
1.04162
1.03022
1.01836
1.00646
0.994659
0.982584
0.970737
0.958877
0.948147
0.931611
1.17575
1.17536
1.17493
1.17429
1.17344
1.17228
1.17093
1.16939
1.1678
1.16606
1.16396
1.16095
1.15797
1.15469
1.15038
1.14502
1.1386
1.13097
1.1224
1.11294
1.10207
1.09001
1.0771
1.06347
1.04951
1.03527
1.02098
1.00623
0.993219
0.973346
1.16408
1.16534
1.16715
1.16813
1.16812
1.16725
1.16666
1.16637
1.16585
1.16521
1.1642
1.163
1.16182
1.16073
1.15917
1.15708
1.1548
1.15228
1.14922
1.14588
1.14133
1.13532
1.12777
1.11834
1.10713
1.09379
1.07907
1.06296
1.04775
1.02365
1.10569
1.10803
1.11229
1.11869
1.12144
1.12384
1.12704
1.12921
1.13179
1.13683
1.13969
1.14058
1.14283
1.14582
1.14715
1.14802
1.14798
1.14768
1.14705
1.14556
1.14356
1.14113
1.13827
1.13475
1.13037
1.12464
1.11777
1.10849
1.09786
1.07704
1.02477
1.02632
1.02869
1.03221
1.03542
1.03882
1.04299
1.04719
1.05139
1.05695
1.06333
1.06882
1.07471
1.08207
1.08919
1.0957
1.10188
1.10818
1.11381
1.11904
1.12273
1.12545
1.12727
1.12706
1.12615
1.12385
1.1199
1.11472
1.1091
1.09709
1.00113
1.00128
1.00146
1.00175
1.00211
1.00255
1.00312
1.00383
1.00466
1.00573
1.00723
1.00909
1.01127
1.01414
1.0178
1.02219
1.02745
1.03363
1.04083
1.04873
1.05751
1.06628
1.07522
1.08323
1.09025
1.09629
1.0997
1.10056
1.09959
1.09367
1.00001
1.00001
1.00002
1.00002
1.00003
1.00003
1.00005
1.00006
1.00008
1.00011
1.00015
1.00022
1.00032
1.00046
1.00067
1.001
1.00149
1.00221
1.0033
1.00485
1.00714
1.01029
1.01452
1.02008
1.02667
1.0345
1.0428
1.05071
1.05721
1.06279
1
1
1
1
1
1
1
1
1
1
1
1
1
1
1.00001
1.00001
1.00002
1.00003
1.00005
1.00009
1.00017
1.0003
1.00054
1.00096
1.00169
1.00284
1.00469
1.00729
1.01049
1.01638
1
1
1
1
1
1
1
1
1
1
1
1
1
1
1
1
1
1
1
1
1
1
1.00001
1.00001
1.00002
1.00005
1.0001
1.0002
1.00038
1.00093
1
1
1
1
1
1
1
1
1
1
1
1
1
1
1
1
1
1
1
1
1
1
1
1
1
1
1
1
1
1.00001
0.581698
0.571202
0.538872
0.500922
0.481585
0.474223
0.465795
0.456781
0.450938
0.455217
0.467404
0.480334
0.513619
0.541615
0.57474
0.61126
0.652411
0.701071
0.753373
0.809515
0.869253
0.929313
0.989016
1.05029
1.11929
1.16948
1.17694
1.16318
1.10127
1.02173
1.00092
1.00001
1
1
1
0.583077
0.568543
0.53293
0.497441
0.481278
0.475817
0.46728
0.457233
0.452247
0.455485
0.470547
0.487653
0.519422
0.549852
0.584623
0.625573
0.67043
0.720872
0.773475
0.828822
0.886936
0.946333
1.00728
1.07153
1.13558
1.17567
1.17874
1.16118
1.09101
1.01541
1.00049
1
1
1
1
0.58497
0.568171
0.532302
0.499749
0.48447
0.478892
0.468895
0.457562
0.452562
0.454242
0.471615
0.491599
0.521345
0.557125
0.596708
0.638148
0.683579
0.73009
0.782002
0.835999
0.893911
0.954562
1.01658
1.08195
1.14553
1.1794
1.18013
1.15932
1.07881
1.01074
1.00029
1
1
1
1
0.586861
0.568247
0.532375
0.502097
0.486411
0.480206
0.469426
0.457165
0.452389
0.45417
0.472986
0.49728
0.528271
0.565764
0.605717
0.643648
0.689354
0.734317
0.786259
0.841544
0.898397
0.960069
1.02429
1.09091
1.15377
1.18196
1.1808
1.15007
1.06513
1.00731
1.00016
1
1
1
1
0.588543
0.568645
0.534029
0.50606
0.489075
0.480836
0.469742
0.457258
0.453018
0.458577
0.476829
0.501653
0.532325
0.568644
0.608162
0.646061
0.691119
0.73938
0.788775
0.847077
0.906431
0.968513
1.03297
1.10123
1.16289
1.18435
1.18084
1.14137
1.05474
1.00503
1.00009
1
1
1
1
0.589217
0.569689
0.540012
0.510174
0.4909
0.480718
0.469586
0.458806
0.456882
0.463719
0.477448
0.503826
0.53367
0.570162
0.608178
0.649453
0.693613
0.74847
0.80768
0.867687
0.932374
0.994237
1.05654
1.12052
1.17307
1.1866
1.18029
1.13553
1.04504
1.0032
1.00005
1
1
1
1
0.58834
0.571331
0.548016
0.512373
0.491652
0.478514
0.467215
0.459464
0.459077
0.466867
0.477263
0.505708
0.534715
0.57183
0.610428
0.658014
0.714756
0.771864
0.829358
0.88872
0.948997
1.01011
1.0732
1.13608
1.18012
1.18812
1.18016
1.12624
1.03336
1.00183
1.00002
1
1
1
1
0.587488
0.574568
0.551003
0.512513
0.491744
0.475375
0.463657
0.45884
0.459223
0.468129
0.480522
0.510768
0.541293
0.580833
0.629293
0.679401
0.730738
0.783632
0.839147
0.896675
0.95715
1.01939
1.08297
1.14523
1.18421
1.18878
1.17647
1.10833
1.02376
1.00107
1.00001
1
1
1
1
0.588224
0.57845
0.551075
0.5113
0.489997
0.472076
0.460551
0.457105
0.457485
0.467646
0.490952
0.524041
0.558918
0.599604
0.644573
0.688328
0.736877
0.788649
0.844489
0.902915
0.962598
1.0265
1.09242
1.1552
1.18813
1.18923
1.16845
1.09528
1.0178
1.00065
1.00001
1
1
1
1
0.591589
0.58182
0.548499
0.508546
0.487103
0.469197
0.458848
0.456544
0.456641
0.468889
0.501703
0.535313
0.570447
0.607432
0.649836
0.691959
0.739911
0.793105
0.849803
0.912412
0.977637
1.04279
1.109
1.16826
1.19181
1.19061
1.16435
1.08455
1.01236
1.00035
1
1
1
1
1
0.596323
0.583948
0.545212
0.505947
0.485464
0.467759
0.458645
0.458428
0.458262
0.475162
0.507379
0.538987
0.573522
0.610184
0.651248
0.695494
0.74678
0.808574
0.874543
0.940599
1.00548
1.06909
1.13065
1.1793
1.19412
1.1916
1.16063
1.06893
1.00739
1.00017
1
1
1
1
1
0.600803
0.585124
0.543975
0.505332
0.485206
0.467626
0.459075
0.459773
0.461972
0.477572
0.508159
0.538955
0.57311
0.611274
0.653743
0.708952
0.7739
0.835273
0.89637
0.95841
1.02039
1.08256
1.14216
1.18505
1.19503
1.19096
1.14621
1.05133
1.00443
1.00008
1
1
1
1
1
0.604195
0.586096
0.543918
0.506855
0.485678
0.468285
0.459422
0.458554
0.462039
0.478441
0.506539
0.537126
0.571406
0.618282
0.676507
0.733473
0.789569
0.846537
0.905572
0.966985
1.0298
1.09292
1.15209
1.18963
1.19538
1.18546
1.12931
1.03999
1.00282
1.00004
1
1
1
1
1
0.606195
0.587692
0.546296
0.512052
0.486461
0.468948
0.459544
0.457031
0.458498
0.480669
0.507306
0.541234
0.584244
0.640584
0.693425
0.742186
0.795209
0.852257
0.912395
0.974658
1.03964
1.10541
1.16459
1.19402
1.19589
1.18052
1.11894
1.03083
1.00162
1.00002
1
1
1
1
1
0.606925
0.589492
0.551955
0.518926
0.48827
0.469718
0.459658
0.456921
0.458003
0.48577
0.519105
0.559961
0.603129
0.648823
0.697481
0.745875
0.799052
0.859294
0.92577
0.996128
1.06437
1.12751
1.17796
1.19692
1.19667
1.17839
1.10691
1.02057
1.00081
1.00001
1
1
1
1
1
0.605048
0.590049
0.556927
0.52479
0.491183
0.470487
0.459329
0.458045
0.464641
0.497074
0.531628
0.571399
0.609038
0.650964
0.698083
0.750797
0.816163
0.888545
0.95791
1.02393
1.08667
1.1435
1.18568
1.19827
1.19704
1.17424
1.0857
1.01252
1.0004
1
1
1
1
1
1
0.60067
0.58905
0.558511
0.527068
0.493264
0.470761
0.458372
0.458314
0.471855
0.505666
0.536344
0.574566
0.611845
0.653897
0.706547
0.777439
0.848189
0.912301
0.975491
1.0379
1.09884
1.15359
1.19059
1.19871
1.19512
1.156
1.06635
1.00795
1.0002
1
1
1
1
1
1
0.59777
0.588596
0.557716
0.525914
0.493473
0.470548
0.457529
0.456522
0.47565
0.508187
0.538797
0.575554
0.61607
0.671137
0.740809
0.803567
0.862911
0.923072
0.98542
1.04831
1.11072
1.16501
1.19496
1.19873
1.1899
1.14219
1.05349
1.00499
1.0001
1
1
1
1
1
1
0.597072
0.589505
0.554694
0.520833
0.491457
0.469989
0.457249
0.456367
0.480423
0.507731
0.543493
0.585919
0.639316
0.701839
0.758488
0.812992
0.870365
0.931119
0.99684
1.06502
1.12938
1.17844
1.19807
1.19841
1.18618
1.13232
1.04071
1.00273
1.00004
1
1
1
1
1
1
0.599449
0.589391
0.54745
0.513752
0.488981
0.470392
0.458336
0.459032
0.489852
0.511112
0.558883
0.615073
0.662907
0.713085
0.764393
0.818701
0.880622
0.952702
1.02603
1.09357
1.14962
1.18776
1.19962
1.1993
1.18508
1.11808
1.02655
1.00133
1.00002
1
1
1
1
1
1
0.609183
0.59013
0.54048
0.509444
0.488547
0.472383
0.462569
0.462927
0.499748
0.535311
0.580016
0.62643
0.668667
0.715961
0.768635
0.835664
0.913518
0.985661
1.05194
1.11183
1.16144
1.19301
1.20058
1.19977
1.17896
1.09375
1.01636
1.00064
1.00001
1
1
1
1
1
1
0.619727
0.592134
0.539432
0.509535
0.49121
0.475967
0.467077
0.47352
0.508828
0.546933
0.585196
0.627511
0.669485
0.71794
0.791406
0.87064
0.939154
1.00383
1.06674
1.12505
1.17163
1.19677
1.20091
1.19794
1.16012
1.074
1.01039
1.00031
1
1
1
1
1
1
1
0.623643
0.591961
0.545186
0.512455
0.492212
0.477693
0.469633
0.482287
0.512066
0.548764
0.587055
0.624586
0.671836
0.746836
0.826954
0.891246
0.953468
1.0175
1.08205
1.14132
1.18265
1.19928
1.20038
1.19188
1.1472
1.05958
1.00622
1.00014
1
1
1
1
1
1
1
0.621965
0.588598
0.552197
0.512629
0.49073
0.474717
0.468983
0.486448
0.514921
0.547248
0.589715
0.640707
0.709603
0.782834
0.844695
0.904084
0.968587
1.0392
1.10711
1.16059
1.19113
1.20039
1.19939
1.18714
1.1362
1.04369
1.00324
1.00006
1
1
1
1
1
1
1
0.615413
0.586255
0.555273
0.509774
0.476293
0.461369
0.461913
0.486855
0.519045
0.556974
0.606788
0.68001
0.741881
0.79861
0.857021
0.923226
0.999945
1.07176
1.13042
1.17355
1.19622
1.20083
1.19994
1.18514
1.11844
1.02765
1.00151
1.00002
1
1
1
1
1
1
1
0.613301
0.588245
0.555429
0.495404
0.460404
0.451523
0.460298
0.489417
0.530414
0.586912
0.643855
0.702355
0.751751
0.808275
0.878456
0.959239
1.03011
1.09298
1.14523
1.18256
1.19921
1.20126
1.20042
1.17798
1.09217
1.01644
1.00067
1.00001
1
1
1
1
1
1
1
0.614793
0.596236
0.554417
0.487739
0.456313
0.449784
0.470922
0.511257
0.556544
0.609725
0.656861
0.707504
0.757377
0.827023
0.91441
0.984538
1.04892
1.10981
1.15991
1.19056
1.2005
1.2015
1.19762
1.15704
1.07095
1.00972
1.00029
1
1
1
1
1
1
1
1
0.62457
0.604333
0.552339
0.486467
0.45685
0.455309
0.490723
0.529748
0.565101
0.614153
0.659392
0.707835
0.773916
0.867455
0.939452
1.00292
1.06861
1.13163
1.17576
1.19603
1.20098
1.2011
1.19034
1.14226
1.05454
1.00533
1.00012
1
1
1
1
1
1
1
1
0.63899
0.607919
0.546039
0.487786
0.463247
0.471879
0.504249
0.533474
0.567564
0.610378
0.659547
0.729151
0.823884
0.895881
0.959127
1.02797
1.09956
1.15498
1.18683
1.199
1.20125
1.19921
1.18436
1.12906
1.03772
1.00261
1.00005
1
1
1
1
1
1
1
1
0.644759
0.606657
0.54049
0.492947
0.473915
0.478083
0.508959
0.529937
0.571465
0.619194
0.690444
0.787366
0.855448
0.917087
0.988298
1.06497
1.12697
1.17025
1.19374
1.20076
1.20148
1.19946
1.18078
1.10772
1.02232
1.0011
1.00002
1
1
1
1
1
1
1
1
0.640676
0.598067
0.539752
0.49524
0.478604
0.477137
0.508731
0.534816
0.591136
0.670188
0.747291
0.815064
0.873176
0.944291
1.02774
1.09351
1.14595
1.18172
1.19843
1.20169
1.20197
1.20023
1.17102
1.07903
1.01176
1.00041
1.00001
1
1
1
1
1
1
1
1
0.624139
0.585595
0.536461
0.492142
0.477096
0.479308
0.511052
0.570029
0.638316
0.705939
0.766886
0.82824
0.896098
0.985339
1.05718
1.11613
1.16368
1.19127
1.20072
1.20203
1.20175
1.19483
1.14435
1.05547
1.00603
1.00016
1
1
1
1
1
1
1
1
1
0.614859
0.582144
0.530379
0.481039
0.476435
0.495086
0.539009
0.599932
0.655173
0.717856
0.778811
0.847974
0.941237
1.01922
1.08342
1.1412
1.17982
1.197
1.20143
1.20166
1.20042
1.18297
1.12404
1.0384
1.0029
1.00006
1
1
1
1
1
1
1
1
1
0.615419
0.589299
0.526247
0.470733
0.473042
0.504104
0.550873
0.612035
0.666185
0.722821
0.799743
0.902124
0.983211
1.04965
1.11464
1.1641
1.19034
1.1998
1.20151
1.20072
1.19668
1.1741
1.10651
1.02367
1.00124
1.00002
1
1
1
1
1
1
1
1
1
0.621845
0.602497
0.525205
0.464988
0.459677
0.505236
0.562639
0.616889
0.683351
0.764438
0.864223
0.950403
1.01585
1.08347
1.14349
1.1798
1.19648
1.20098
1.20146
1.2008
1.19522
1.16604
1.08087
1.01198
1.00044
1.00001
1
1
1
1
1
1
1
1
1
0.632559
0.606899
0.522828
0.461553
0.455629
0.515473
0.58973
0.656076
0.738
0.829809
0.911889
0.98112
1.04926
1.11765
1.16518
1.19034
1.19964
1.20126
1.20169
1.20166
1.19622
1.14805
1.05129
1.00507
1.00013
1
1
1
1
1
1
1
1
1
1
0.648169
0.606083
0.504833
0.454716
0.479352
0.57049
0.64047
0.708441
0.78738
0.868267
0.941374
1.01485
1.09049
1.14584
1.1819
1.19673
1.20085
1.20141
1.20179
1.20124
1.18577
1.11481
1.02994
1.00203
1.00004
1
1
1
1
1
1
1
1
1
1
0.67269
0.595533
0.489967
0.449247
0.534508
0.610492
0.665968
0.740607
0.820761
0.898389
0.979875
1.06497
1.12682
1.16881
1.19336
1.19975
1.2014
1.20184
1.20149
1.19716
1.16508
1.08879
1.01729
1.00079
1.00001
1
1
1
1
1
1
1
1
1
1
0.68986
0.573981
0.483714
0.475249
0.570268
0.621617
0.683116
0.767947
0.859546
0.949906
1.03998
1.10891
1.15567
1.18512
1.19923
1.20105
1.20194
1.20216
1.20005
1.19067
1.15081
1.06711
1.00851
1.00027
1
1
1
1
1
1
1
1
1
1
1
0.700495
0.551673
0.475174
0.521551
0.580064
0.629224
0.718624
0.828854
0.924093
1.01541
1.08883
1.14146
1.17704
1.19421
1.20176
1.20169
1.20232
1.20239
1.19873
1.18517
1.13266
1.04031
1.00321
1.00007
1
1
1
1
1
1
1
1
1
1
1
0.706958
0.541276
0.489715
0.538858
0.581319
0.665067
0.80323
0.902433
0.988927
1.06552
1.12507
1.16824
1.19077
1.19857
1.20281
1.20203
1.20241
1.20259
1.20015
1.17885
1.09646
1.01851
1.00096
1.00002
1
1
1
1
1
1
1
1
1
1
1
0.706234
0.531517
0.519411
0.53744
0.617004
0.770553
0.873408
0.960177
1.04217
1.10945
1.15878
1.18795
1.1979
1.2002
1.20328
1.20221
1.202
1.20191
1.19731
1.15077
1.06004
1.00769
1.00026
1
1
1
1
1
1
1
1
1
1
1
1
0.674338
0.508576
0.521886
0.571419
0.714165
0.84395
0.935565
1.02208
1.09545
1.15139
1.18391
1.19819
1.20046
1.20068
1.20352
1.20188
1.20118
1.19877
1.18047
1.11877
1.03649
1.00303
1.00007
1
1
1
1
1
1
1
1
1
1
1
1
0.628511
0.510211
0.515884
0.662762
0.818256
0.917159
1.00788
1.0866
1.14463
1.18011
1.19645
1.20197
1.2011
1.20079
1.20363
1.20062
1.19984
1.19372
1.16599
1.09419
1.01928
1.00097
1.00002
1
1
1
1
1
1
1
1
1
1
1
1
0.603581
0.521302
0.607595
0.784525
0.901714
0.996557
1.08124
1.13974
1.17672
1.19507
1.20181
1.2028
1.20126
1.20085
1.20369
1.19958
1.19961
1.19005
1.15142
1.06226
1.00719
1.00023
1
1
1
1
1
1
1
1
1
1
1
1
1
0.455056
0.514925
0.736115
0.887695
0.993518
1.08165
1.13934
1.17549
1.19401
1.20157
1.20353
1.20297
1.20078
1.20083
1.20381
1.1992
1.20054
1.18846
1.11878
1.02841
1.0019
1.00004
1
1
1
1
1
1
1
1
1
1
1
1
1
0.150312
0.583825
0.873985
0.996914
1.08482
1.14307
1.17736
1.19452
1.20104
1.2035
1.2038
1.20282
1.20026
1.20064
1.20399
1.19991
1.19735
1.16356
1.07158
1.01026
1.00041
1.00001
1
1
1
1
1
1
1
1
1
1
1
1
1
0.297297
0.800574
0.983203
1.0904
1.15198
1.18221
1.19616
1.20134
1.20301
1.20388
1.20384
1.20205
1.19964
1.20059
1.20401
1.20066
1.18306
1.12217
1.03777
1.00323
1.00008
1
1
1
1
1
1
1
1
1
1
1
1
1
1
0.559798
0.908613
1.09376
1.16388
1.18981
1.19921
1.20199
1.20286
1.20347
1.20391
1.20355
1.20098
1.19923
1.20122
1.20347
1.19686
1.16612
1.08837
1.01621
1.00068
1.00001
1
1
1
1
1
1
1
1
1
1
1
1
1
1
0.938956
1.11135
1.17852
1.19717
1.20227
1.20311
1.20304
1.20314
1.20355
1.20376
1.20281
1.20012
1.1991
1.20212
1.20307
1.18869
1.14142
1.04644
1.00356
1.00006
1
1
1
1
1
1
1
1
1
1
1
1
1
1
1
1.20327
1.20362
1.20395
1.20426
1.20416
1.20364
1.20318
1.20316
1.20327
1.20329
1.20201
1.19978
1.19939
1.2027
1.20197
1.176
1.09783
1.01169
0.999834
0.999983
1
1
1
1
1
1
1
1
1
1
1
1
1
1
1
1.20317
1.20345
1.20394
1.20443
1.20455
1.20411
1.20326
1.20265
1.20256
1.20315
1.20276
1.20111
1.19915
1.20084
1.20102
1.16979
1.08455
1.01308
1.00041
1
1
1
1
1
1
1
1
1
1
1
1
1
1
1
1
1.20313
1.20335
1.20398
1.2045
1.20467
1.20443
1.20343
1.20246
1.20207
1.20274
1.20306
1.20298
1.20007
1.19888
1.19602
1.15102
1.05916
1.00445
1.00006
1
1
1
1
1
1
1
1
1
1
1
1
1
1
1
1
1.20317
1.2032
1.20378
1.20445
1.2047
1.20457
1.20367
1.20237
1.20184
1.20226
1.2035
1.20432
1.20143
1.19643
1.19156
1.13918
1.03963
1.002
1.00002
1
1
1
1
1
1
1
1
1
1
1
1
1
1
1
1
1.20313
1.20309
1.20337
1.20393
1.20457
1.20453
1.20385
1.20248
1.20175
1.20189
1.20358
1.20474
1.20269
1.19467
1.18444
1.11739
1.02292
1.00078
1.00001
1
1
1
1
1
1
1
1
1
1
1
1
1
1
1
1
1.20318
1.20309
1.20312
1.20336
1.20398
1.20431
1.20397
1.20271
1.2017
1.20156
1.20333
1.20475
1.20313
1.19269
1.17422
1.09258
1.01316
1.0003
1
1
1
1
1
1
1
1
1
1
1
1
1
1
1
1
1
1.20344
1.20316
1.20301
1.20304
1.20347
1.20412
1.20415
1.20319
1.20178
1.2012
1.20239
1.20422
1.20265
1.18966
1.16364
1.06894
1.00634
1.0001
1
1
1
1
1
1
1
1
1
1
1
1
1
1
1
1
1
1.20377
1.20338
1.203
1.20292
1.20321
1.20393
1.20427
1.20387
1.20217
1.20094
1.20134
1.2038
1.20222
1.18708
1.14565
1.04467
1.00261
1.00003
1
1
1
1
1
1
1
1
1
1
1
1
1
1
1
1
1
1.20396
1.20372
1.20334
1.20305
1.20316
1.2037
1.20439
1.20433
1.20307
1.20087
1.20032
1.20345
1.20238
1.18394
1.12147
1.02752
1.00105
1.00001
1
1
1
1
1
1
1
1
1
1
1
1
1
1
1
1
1
1.20399
1.20398
1.20381
1.2035
1.20337
1.2035
1.20426
1.20461
1.20388
1.20091
1.19904
1.2009
1.20173
1.17875
1.0978
1.01496
1.00037
1
1
1
1
1
1
1
1
1
1
1
1
1
1
1
1
1
1
1.2039
1.20404
1.20414
1.20406
1.20361
1.20339
1.20378
1.20475
1.2043
1.20218
1.19827
1.19802
1.19805
1.16368
1.07228
1.00691
1.00012
1
1
1
1
1
1
1
1
1
1
1
1
1
1
1
1
1
1
1.20348
1.20398
1.20428
1.20442
1.20383
1.20327
1.20322
1.20427
1.20437
1.20349
1.19853
1.19655
1.19501
1.14711
1.04953
1.00308
1.00004
1
1
1
1
1
1
1
1
1
1
1
1
1
1
1
1
1
1
1.20294
1.20359
1.20428
1.20455
1.20403
1.20314
1.20272
1.20334
1.20433
1.20446
1.20098
1.19576
1.19245
1.12492
1.0284
1.00113
1.00001
1
1
1
1
1
1
1
1
1
1
1
1
1
1
1
1
1
1
1.20255
1.20305
1.20397
1.20454
1.20423
1.20331
1.20232
1.20214
1.20371
1.20487
1.20269
1.19394
1.17893
1.09587
1.01449
1.00037
1
1
1
1
1
1
1
1
1
1
1
1
1
1
1
1
1
1
1
1.20246
1.20268
1.20347
1.20435
1.2043
1.20355
1.20219
1.20152
1.20278
1.20515
1.2034
1.19167
1.16223
1.07197
1.007
1.00012
1
1
1
1
1
1
1
1
1
1
1
1
1
1
1
1
1
1
1
1.20249
1.20259
1.20316
1.20399
1.20427
1.20404
1.20251
1.2011
1.20156
1.20512
1.20358
1.19061
1.14557
1.04656
1.00268
1.00003
1
1
1
1
1
1
1
1
1
1
1
1
1
1
1
1
1
1
1
1.20304
1.20277
1.20303
1.20368
1.20442
1.20469
1.20347
1.20084
1.20022
1.20267
1.20218
1.18537
1.12085
1.02547
1.00094
1.00001
1
1
1
1
1
1
1
1
1
1
1
1
1
1
1
1
1
1
1
1.204
1.20346
1.20303
1.20342
1.20439
1.20503
1.20444
1.20166
1.19976
1.20113
1.1998
1.17153
1.09357
1.01321
1.00031
1
1
1
1
1
1
1
1
1
1
1
1
1
1
1
1
1
1
1
1
1.20453
1.20391
1.20334
1.20328
1.20413
1.20509
1.20497
1.20327
1.20023
1.20082
1.19913
1.15932
1.06542
1.00547
1.00008
1
1
1
1
1
1
1
1
1
1
1
1
1
1
1
1
1
1
1
1
1.20467
1.20414
1.20351
1.20331
1.2038
1.20487
1.20505
1.20484
1.2014
1.1994
1.19611
1.13692
1.03731
1.0019
1.00002
1
1
1
1
1
1
1
1
1
1
1
1
1
1
1
1
1
1
1
1
1.20457
1.20419
1.20364
1.20337
1.20318
1.20373
1.20499
1.20574
1.20291
1.19496
1.18247
1.10859
1.02027
1.00063
1.00001
1
1
1
1
1
1
1
1
1
1
1
1
1
1
1
1
1
1
1
1
1.20362
1.2038
1.20371
1.20369
1.20281
1.20249
1.20381
1.20603
1.2042
1.1931
1.16913
1.08213
1.0091
1.00017
1
1
1
1
1
1
1
1
1
1
1
1
1
1
1
1
1
1
1
1
1
1.20255
1.20311
1.20371
1.20387
1.2027
1.20164
1.20224
1.20584
1.20432
1.19293
1.15136
1.04946
1.00311
1.00004
1
1
1
1
1
1
1
1
1
1
1
1
1
1
1
1
1
1
1
1
1
1.20207
1.20264
1.20381
1.20424
1.2031
1.20112
1.20094
1.20364
1.2027
1.18437
1.12286
1.02708
1.00104
1.00001
1
1
1
1
1
1
1
1
1
1
1
1
1
1
1
1
1
1
1
1
1
1.20198
1.20233
1.20383
1.20454
1.20401
1.20153
1.20062
1.20259
1.20161
1.17346
1.09386
1.01278
1.00029
1
1
1
1
1
1
1
1
1
1
1
1
1
1
1
1
1
1
1
1
1
1
1.20216
1.20226
1.20349
1.20455
1.20452
1.20343
1.20096
1.20216
1.20188
1.15953
1.0591
1.00441
1.00006
1
1
1
1
1
1
1
1
1
1
1
1
1
1
1
1
1
1
1
1
1
1
1.20283
1.20279
1.20336
1.20427
1.2048
1.20565
1.20255
1.19983
1.1947
1.12869
1.03124
1.00137
1.00001
1
1
1
1
1
1
1
1
1
1
1
1
1
1
1
1
1
1
1
1
1
1
1.20322
1.20322
1.20323
1.20384
1.20526
1.20729
1.20547
1.19616
1.17897
1.09848
1.01504
1.00038
1
1
1
1
1
1
1
1
1
1
1
1
1
1
1
1
1
1
1
1
1
1
1
1.20327
1.20336
1.20285
1.20282
1.20483
1.20798
1.20719
1.19544
1.16147
1.0635
1.005
1.00008
1
1
1
1
1
1
1
1
1
1
1
1
1
1
1
1
1
1
1
1
1
1
1
1.20307
1.20313
1.20253
1.20214
1.20292
1.20748
1.20736
1.19225
1.13284
1.03199
1.00141
1.00001
1
1
1
1
1
1
1
1
1
1
1
1
1
1
1
1
1
1
1
1
1
1
1
1.20303
1.20283
1.20232
1.20265
1.20137
1.20483
1.20557
1.17777
1.0983
1.01444
1.00036
1
1
1
1
1
1
1
1
1
1
1
1
1
1
1
1
1
1
1
1
1
1
1
1
1.20282
1.20245
1.20246
1.20334
1.20109
1.20363
1.20364
1.16266
1.0627
1.00473
1.00007
1
1
1
1
1
1
1
1
1
1
1
1
1
1
1
1
1
1
1
1
1
1
1
1
1.20257
1.20168
1.20205
1.20419
1.20195
1.20221
1.20005
1.13186
1.02876
1.00117
1.00001
1
1
1
1
1
1
1
1
1
1
1
1
1
1
1
1
1
1
1
1
1
1
1
1
1.20244
1.20114
1.20113
1.20544
1.20622
1.19771
1.18111
1.09002
1.0115
1.00026
1
1
1
1
1
1
1
1
1
1
1
1
1
1
1
1
1
1
1
1
1
1
1
1
1
1.20232
1.2009
1.20047
1.20753
1.21047
1.19626
1.15641
1.05283
1.00346
1.00005
1
1
1
1
1
1
1
1
1
1
1
1
1
1
1
1
1
1
1
1
1
1
1
1
1
1.2016
1.20065
1.19999
1.20957
1.21258
1.19447
1.11903
1.02173
1.00071
1.00001
1
1
1
1
1
1
1
1
1
1
1
1
1
1
1
1
1
1
1
1
1
1
1
1
1
1.20052
1.20115
1.20001
1.20929
1.21311
1.17691
1.07259
1.0068
1.00012
1
1
1
1
1
1
1
1
1
1
1
1
1
1
1
1
1
1
1
1
1
1
1
1
1
1
1.19923
1.20322
1.2059
1.20803
1.20641
1.13883
1.03625
1.00167
1.00002
1
1
1
1
1
1
1
1
1
1
1
1
1
1
1
1
1
1
1
1
1
1
1
1
1
1
1.19864
1.20642
1.21331
1.20711
1.19005
1.09623
1.01236
1.00029
1
1
1
1
1
1
1
1
1
1
1
1
1
1
1
1
1
1
1
1
1
1
1
1
1
1
1
1.19846
1.2085
1.2157
1.20726
1.15681
1.04668
1.0027
1.00004
1
1
1
1
1
1
1
1
1
1
1
1
1
1
1
1
1
1
1
1
1
1
1
1
1
1
1
1.19798
1.20872
1.2163
1.19301
1.10718
1.01709
1.00049
1
1
1
1
1
1
1
1
1
1
1
1
1
1
1
1
1
1
1
1
1
1
1
1
1
1
1
1
1.20503
1.21186
1.21345
1.16364
1.05958
1.00418
1.00007
1
1
1
1
1
1
1
1
1
1
1
1
1
1
1
1
1
1
1
1
1
1
1
1
1
1
1
1
1.22155
1.21394
1.20513
1.11809
1.02064
1.0007
1.00001
1
1
1
1
1
1
1
1
1
1
1
1
1
1
1
1
1
1
1
1
1
1
1
1
1
1
1
1
1.24053
1.19531
1.16977
1.05881
1.00466
1.00009
1
1
1
1
1
1
1
1
1
1
1
1
1
1
1
1
1
1
1
1
1
1
1
1
1
1
1
1
1
1.25508
1.1759
1.11356
1.02208
1.00086
1.00001
1
1
1
1
1
1
1
1
1
1
1
1
1
1
1
1
1
1
1
1
1
1
1
1
1
1
1
1
1
1.25967
1.14993
1.05671
1.00507
1.00012
1
1
1
1
1
1
1
1
1
1
1
1
1
1
1
1
1
1
1
1
1
1
1
1
1
1
1
1
1
1
1.23545
1.10481
1.02351
1.00111
1.00002
1
1
1
1
1
1
1
1
1
1
1
1
1
1
1
1
1
1
1
1
1
1
1
1
1
1
1
1
1
1
1.19215
1.06468
1.00694
1.00017
1
1
1
1
1
1
1
1
1
1
1
1
1
1
1
1
1
1
1
1
1
1
1
1
1
1
1
1
1
1
1
1.13303
1.02652
1.00132
1.00002
1
1
1
1
1
1
1
1
1
1
1
1
1
1
1
1
1
1
1
1
1
1
1
1
1
1
1
1
1
1
1
1.05497
1.00531
1.00009
1
1
1
1
1
1
1
1
1
1
1
1
1
1
1
1
1
1
1
1
1
1
1
1
1
1
1
1
1
1
1
1
1
1
1
1
1
1
1
1
1
1
1
1
1
1
1
1
1
1
1
1
1
1
1
1
1
1
1
1
1
1
1
1
1
1
1
1
1
1
1
1
1
1
1
1
1
1
1
1
1
1
1
1
1
1
1
1
1
1
1
1
1
1
1
1
1
1
1
1
1
1
1
1
1
1
1
1
1
1
1
1
1
1
1
1
1
1
1
1
1
1
1
1
1
1
1
1
1
1
1
1
1
1
1
1
1
1
1
1
1
1
1
1
1
1
1
1
1
1
1
1
1
1
1
1
1
1
1
1
1
1
1
1
1
1
1
1
1
1
1
1
1
1
1
1
1
1
1
1
1
1
1
1
1
1
1
1
1
1
1
1
1
1
1
1
1
1
1
1
1
1
1
1
1
1
1
1
1
1
1
1
1
1
1
1
1
1
1
1
1
1
1
1
1
1
1
1
1
1
1
1
1
1
1
1
1
1
1
1
1
1
1
1
1
1
1
1
1
1
1
1
1
1
1
1
1
1
1
1
1
1
1
1
1
1
1
1
1
1
1
1
1
1
1
1
1
1
1
1
1
1
1
1
1
1
1
1
1
1
1
1
1
1
1
1
1
1
1
1
1
1
1
1
1
1
1
1
1
1
1
1
1
1
1
1
1
1
1
1
1
1
1
1
1
1
1
1
1
1
1
1
1
1
1
1
1
1
1
1
1
1
1
1
1
1
1
1
1
1
1
1
1
1
1
1
1
1
1
1
1
1
1
1
1
1
1
1
1
1
1
1
1
1
1
1
1
1
1
1
1
1
1
1
1
1
1
1
1
1
1
1
1
1
1
1
1
1
1
1
1
1
1
1
1
1
1
1
1
1
1
1
1
1
1
1
1
1
1
1
1
1
1
1
1
1
1
1
1
1
1
1
1
1
1
1
1
1
1
1
1
1
1
1
1
1
1
1
1
1
1
1
1
1
1
1
1
1
1
1
1
1
1
1
1
1
1
1
1
1
1
1
1
1
1
1
1
1
1
1
1
1
1
1
1
1
1
1
1
1
1
1
1
1
1
1
1
1
1
1
1
1
1
1
1
1
1
1
1
1
1
1
1
1
1
1
1
1
1
1
1
1
1
1
1
1
1
1
1
1
1
1
1
1
1
1
1
1
1
1
1
1
1
1
1
1
1
1
1
1
1
1
1
1
1
1
1
1
1
1
1
1
1
1
1
1
1
1
1
1
1
1
1
1
1
1
1
1
1
1
1
1
1
1
1
1
1
1
1
1
1
1
1
1
1
1
1
1
1
1
1
1
1
1
1
1
1
1
1
1
1
1
1
1
1
1
1
1
1
1
1
1
1
1
1
1
1
1
1
1
1
1
1
1
1
1
1
1
1
1
1
1
1
1
1
1
1
1
1
1
1
1
1
1
1
1
1
1
1
1
1
1
1
1
1
1
1
1
1
1
1
1
1
1
1
1
1
1
1
1
1
1
1
1
1
1
1
1
1
1
1
1
1
1
1
1
1
1
1
1
1
1
1
1
1
1
1
1
1
1
1
1
1
1
1
1
1
1
1
1
1
1
1
1
1
1
1
1
1
1
1
1
1
1
1
1
1
1
1
1
1
1
1
1
1
1
1
1
1
1
1
1
1
1
1
1
1
1
1
1
1
1
1
1
1
1
1
1
1
1
1
1
1
1
1
1
1
1
1
1
1
1
1
1
1
1
1
1
1
1
1
1
1
1
1
1
1
1
1
1
1
1
1
1
1
1
1
1
1
1
1
1
1
1
1
1
1
1
1
1
1
1
1
1
1
1
1
1
1
1
1
1
1
1
1
1
1
1
1
1
1
1
1
1
1
1
1
1
1
1
1
1
1
1
1
1
1
1
1
1
1
1
1
1
1
1
1
1
1
1
1
1
1
1
1
1
1
1
1
1
1
1
1
1
1
1
1
1
1
1
1
1
1
1
1
1
1
1
1
1
1
1
1
1
1
1
1
1
1
1
1
1
1
1
1
1
1
1
1
1
1
1
1
1
1
1
1
1
1
1
1
1
1
1
1
1
1
1
1
1
1
1
1
1
1
1
1
1
1
1
1
1
1
1
1
1
1
1
1
1
1
1
1
1
1
1
1
1
1
1
1
1
1
1
1
1
1
1
1
1
1
1
1
1
1
1
1
1
1
1
1
1
1
1
1
1
1
1
1
1
1
1
1
1
1
1
1
1
1
1
1
1
1
1
1
1
1
1
1
1
1
1
1
1
1
1
1
1
1
1
1
1
1
1
1
1
1
1
1
1
1
1
1
1
1
1
1
1
1
1
1
1
1
1
1
1
1
1
1
1
1
1
1
1
1
1
1
1
1
1
1
1
1
1
1
1
1
1
1
1
1
1
1
1
1
1
1
1
1
1
1
1
1
1
1
1
1
1
1
1
1
1
1
1
1
1
1
1
1
1
1
1
1
1
1
1
1
1
1
1
1
1
1
1
1
1
1
1
1
1
1
1
1
1
1
1
1
1
1
1
1
1
1
1
1
1
1
1
1
1
1
1
1
1
1
1
1
1
1
1
1
1
1
1
1
1
1
1
1
1
1
1
1
1
1
1
1
1
1
1
1
1
1
1
1
1
1
1
1
1
1
1
1
1
1
1
1
1
1
1
1
1
1
1
1
1
1
1
1
1
1
1
1
1
1
1
1
1
1
1
1
1
1
1
1
1
1
1
1
1
1
1
1
1
1
1
1
1
1
1
1
1
1
1
1
1
1
1
1
1
1
1
1
1
1
1
1
1
1
1
1
1
1
1
1
1
1
1
1
1
1
1
1
1
1
1
1
1
1
1
1
1
1
1
1
1
1
1
1
1
1
1
1
1
1
1
1
1
1
1
1
1
1
1
1
1
1
1
1
1
1
1
1
1
1
1
1
1
1
1
1
1
1
1
1
1
1
1
1
1
1
1
1
1
1
1
1
1
1
1
1
1
1
1
1
1
1
1
1
1
1
1
1
1
1
1
1
1
1
1
1
1
1
1
1
1
1
1
1
1
1
1
1
1
1
1
1
1
1
1
1
1
1
1
1
1
1
1
1
1
1
1
1
1
1
1
1
1
1
1
1
1
1
1
1
1
1
1
1
1
1
1
1
1
1
1
1
1
1
1
1
1
1
1
1
1
1
1
1
1
1
1
1
1
1
1
1
1
1
1
1
1
1
1
1
1
1
1
1
1
1
1
1
1
1
1
1
1
1
1
1
1
1
1
1
1
1
1
1
1
1
1
1
1
1
1
1
1
1
1
1
1
1
1
1
1
1
1
1
1
1
1
1
1
1
1
1
1
1
1
1
1
1
1
1
1
1
1
1
1
1
1
1
1
1
1
1
1
1
1
1
1
1
1
1
1
1
1
1
1
1
1
1
1
1
1
1
1
1
1
1
1
1
1
1
1
1
1
1
1
1
1
1
1
1
1
1
1
1
1
1
1
1
1
1
1
1
1
1
1
1
1
1
1
1
1
1
1
1
1
1
1
1
1
1
1
1
1
1
1
1
1
1
1
1
1
1
1
1
1
1
1
1
1
1
1
1
1
1
1
1
1
1
1
1
1
1
1
1
1
1
1
1
1
1
1
1
1
1
1
1
1
1
1
1
1
1
1
1
1
1
1
1
1
1
1
1
1
1
1
1
1
1
1
1
1
1
1
1
1
1
1
1
1
1
1
1
1
1
1
1
1
1
1
1
1
1
1
1
1
1
1
1
1
1
1
1
1
1
1
1
1
1
1
1
1
1
1
1
1
1
1
1
1
1
1
1
1
1
1
1
1
1
1
1
1
1
1
1
1
1
1
1
1
1
1
1
1
1
1
1
1
1
1
1
1
1
1
1
1
1
1
1
1
1
1
1
1
1
1
1
1
1
1
1
1
1
1
1
1
1
1
1
1
1
1
1
1
1
1
1
1
1
1
1
1
1
1
1
1
1
1
1
1
1
1
1
1
1
1
1
1
1
1
1
1
1
1
1
1
1
1
1
1
1
1
1
1
1
1
1
1
1
1
1
1
1
1
1
1
1
1
1
1
1
1
1
1
1
1
1
1
1
1
1
1
1
1
1
1
1
1
1
1
1
1
1
1
1
1
1
1
1
1
1
1
1
1
1
1
1
1
1
1
1
1
1
1
1
1
1
1
1
1
1
1
1
1
1
1
1
1
1
1
1
1
1
1
1
1
1
1
1
1
1
1
1
1
1
1
1
1
1
1
1
1
1
1
1
1
1
1
1
1
1
1
1
1
1
1
1
1
1
1
1
1
1
1
1
1
1
1
1
1
1
1
1
1
1
1
1
1
1
1
1
1
1
1
1
1
1
1
1
1
1
1
1
1
1
1
1
1
1
1
1
1
1
1
1
1
1
1
1
1
1
1
1
1
1
1
1
1
1
1
1
1
1
1
1
1
1
1
1
1
1
1
1
1
1
1
1
1
1
1
1
1
1
1
1
1
1
1
1
1
1
1
1
1
1
1
1
1
1
1
1
1
1
1
1
1
1
1
1
1
1
1
1
1
1
1
1
1
1
1
1
1
1
1
1
1
1
1
1
1
1
1
1
1
1
1
1
1
1
1
1
1
1
1
1
1
1
1
1
1
1
1
1
1
1
1
1
1
1
1
1
1
1
1
1
1
1
1
1
1
1
1
1
1
1
1
1
1
1
1
1
1
1
1
1
1
1
1
1
1
1
1
1
1
1
1
1
1
1
1
1
1
1
1
1
1
1
1
1.16479
0.999858
1
1
1
1
1
1
1
1
1
1
1
1
1
1
1
1
1
1
1
1
1
1
1
1
1
1
1
1
1
1
1
1
1
1.4367
1.02109
1
1
1
1
1
1
1
1
1
1
1
1
1
1
1
1
1
1
1
1
1
1
1
1
1
1
1
1
1
1
1
1
1
1.73003
1.17789
0.999851
1
1
1
1
1
1
1
1
1
1
1
1
1
1
1
1
1
1
1
1
1
1
1
1
1
1
1
1
1
1
1
1
1.97301
1.57587
1.04562
0.999984
1
1
1
1
1
1
1
1
1
1
1
1
1
1
1
1
1
1
1
1
1
1
1
1
1
1
1
1
1
1
1
2.0814
1.90053
1.65104
1.04659
0.999974
1
1
1
1
1
1
1
1
1
1
1
1
1
1
1
1
1
1
1
1
1
1
1
1
1
1
1
1
1
1
1.98001
1.89948
2.00752
1.63681
1.03326
1
1
1
1
1
1
1
1
1
1
1
1
1
1
1
1
1
1
1
1
1
1
1
1
1
1
1
1
1
1
1.89474
1.90422
1.99828
1.99759
1.46928
0.999659
1
1
1
1
1
1
1
1
1
1
1
1
1
1
1
1
1
1
1
1
1
1
1
1
1
1
1
1
1
1.86562
1.89863
1.96821
1.98665
1.86361
1.24462
0.999773
1
1
1
1
1
1
1
1
1
1
1
1
1
1
1
1
1
1
1
1
1
1
1
1
1
1
1
1
1.86879
1.89008
1.92326
1.95773
1.98295
1.63486
1.04541
1
1
1
1
1
1
1
1
1
1
1
1
1
1
1
1
1
1
1
1
1
1
1
1
1
1
1
1
1.87008
1.88691
1.91092
1.95214
1.99068
1.91005
1.3666
0.999666
1
1
1
1
1
1
1
1
1
1
1
1
1
1
1
1
1
1
1
1
1
1
1
1
1
1
1
1.8732
1.88888
1.91671
1.95516
1.98252
1.95642
1.72709
1.11659
0.999944
1
1
1
1
1
1
1
1
1
1
1
1
1
1
1
1
1
1
1
1
1
1
1
1
1
1
1.87785
1.89285
1.92149
1.95464
1.96877
1.95209
1.86956
1.41024
1.00056
1
1
1
1
1
1
1
1
1
1
1
1
1
1
1
1
1
1
1
1
1
1
1
1
1
1
1.8838
1.89793
1.92397
1.952
1.95718
1.9512
1.92634
1.70128
1.10424
0.999885
1
1
1
1
1
1
1
1
1
1
1
1
1
1
1
1
1
1
1
1
1
1
1
1
1
1.8897
1.90249
1.92515
1.95075
1.95563
1.95385
1.94539
1.86571
1.41734
1.0012
1
1
1
1
1
1
1
1
1
1
1
1
1
1
1
1
1
1
1
1
1
1
1
1
1
1.89445
1.90593
1.92619
1.95125
1.95819
1.95877
1.95453
1.9015
1.67255
1.0945
1
1
1
1
1
1
1
1
1
1
1
1
1
1
1
1
1
1
1
1
1
1
1
1
1
1.89681
1.90531
1.92572
1.95149
1.96291
1.96365
1.95454
1.91821
1.83803
1.35656
0.999633
1
1
1
1
1
1
1
1
1
1
1
1
1
1
1
1
1
1
1
1
1
1
1
1
1.89715
1.90429
1.92597
1.95103
1.9639
1.96484
1.954
1.93072
1.9105
1.66748
1.07468
1
1
1
1
1
1
1
1
1
1
1
1
1
1
1
1
1
1
1
1
1
1
1
1
1.89698
1.90411
1.92588
1.95009
1.96297
1.96392
1.95327
1.93286
1.9188
1.81346
1.31819
0.999657
1
1
1
1
1
1
1
1
1
1
1
1
1
1
1
1
1
1
1
1
1
1
1
1.897
1.90479
1.92548
1.94821
1.96051
1.96149
1.95257
1.93496
1.92223
1.89244
1.58316
1.0321
1
1
1
1
1
1
1
1
1
1
1
1
1
1
1
1
1
1
1
1
1
1
1
1.89741
1.90627
1.9257
1.94668
1.9582
1.95892
1.95253
1.93676
1.92672
1.92511
1.81171
1.24456
0.999717
1
1
1
1
1
1
1
1
1
1
1
1
1
1
1
1
1
1
1
1
1
1
1.89812
1.90745
1.92566
1.94596
1.95607
1.95734
1.95286
1.93799
1.92626
1.92804
1.88087
1.53015
1.01541
1
1
1
1
1
1
1
1
1
1
1
1
1
1
1
1
1
1
1
1
1
1
1.8992
1.9083
1.92546
1.94531
1.95496
1.95652
1.95279
1.93881
1.92682
1.92487
1.9036
1.73254
1.13947
0.999838
1
1
1
1
1
1
1
1
1
1
1
1
1
1
1
1
1
1
1
1
1
1.90108
1.90921
1.92518
1.94465
1.95423
1.95597
1.9525
1.93888
1.92674
1.92384
1.91687
1.88031
1.41852
1.00174
1
1
1
1
1
1
1
1
1
1
1
1
1
1
1
1
1
1
1
1
1
1.90291
1.90994
1.9247
1.94386
1.95359
1.95545
1.95207
1.93909
1.92707
1.92453
1.92387
1.907
1.67657
1.07515
1
1
1
1
1
1
1
1
1
1
1
1
1
1
1
1
1
1
1
1
1
1.90456
1.91078
1.92468
1.943
1.95269
1.95467
1.95144
1.93951
1.92804
1.92407
1.9251
1.91064
1.81624
1.28314
0.999667
1
1
1
1
1
1
1
1
1
1
1
1
1
1
1
1
1
1
1
1
1.90546
1.91157
1.9248
1.94221
1.95188
1.9541
1.95121
1.94001
1.92908
1.92504
1.92337
1.91438
1.9083
1.55083
1.01859
1
1
1
1
1
1
1
1
1
1
1
1
1
1
1
1
1
1
1
1
1.90566
1.9122
1.92497
1.94152
1.95126
1.95381
1.95138
1.9409
1.93019
1.92522
1.92213
1.91828
1.92949
1.77016
1.16092
0.99981
1
1
1
1
1
1
1
1
1
1
1
1
1
1
1
1
1
1
1
1.90581
1.91255
1.92517
1.94086
1.95082
1.95362
1.95174
1.94206
1.93072
1.92515
1.92206
1.9177
1.92373
1.85731
1.40431
1.0019
1
1
1
1
1
1
1
1
1
1
1
1
1
1
1
1
1
1
1
1.90632
1.91255
1.92519
1.94029
1.95036
1.95336
1.95173
1.9428
1.93142
1.92551
1.92254
1.91661
1.91824
1.91237
1.63173
1.04858
1
1
1
1
1
1
1
1
1
1
1
1
1
1
1
1
1
1
1
1.90723
1.91269
1.92497
1.93959
1.94961
1.95253
1.95113
1.94278
1.9317
1.92543
1.9228
1.91826
1.91925
1.93171
1.81129
1.23077
0.999712
1
1
1
1
1
1
1
1
1
1
1
1
1
1
1
1
1
1
1.90833
1.91312
1.92464
1.93881
1.94859
1.9514
1.94997
1.94224
1.93141
1.92504
1.92235
1.91945
1.91988
1.93124
1.87785
1.4813
1.00764
1
1
1
1
1
1
1
1
1
1
1
1
1
1
1
1
1
1
1.90928
1.91372
1.92439
1.93815
1.94765
1.95015
1.94844
1.94109
1.93066
1.92417
1.92105
1.91803
1.91712
1.92418
1.90397
1.6729
1.07954
1
1
1
1
1
1
1
1
1
1
1
1
1
1
1
1
1
1
1.90963
1.91373
1.92379
1.93694
1.94627
1.94849
1.94669
1.93953
1.92938
1.92268
1.91899
1.9155
1.91339
1.9167
1.91746
1.80893
1.26033
0.99967
1
1
1
1
1
1
1
1
1
1
1
1
1
1
1
1
1
1.90949
1.91348
1.92297
1.93529
1.94435
1.94637
1.94464
1.93781
1.92773
1.9207
1.91654
1.91301
1.91065
1.91476
1.91979
1.87781
1.49109
1.00943
1
1
1
1
1
1
1
1
1
1
1
1
1
1
1
1
1
1.90891
1.91258
1.92175
1.93327
1.94197
1.94402
1.94245
1.93594
1.92587
1.91848
1.91396
1.91084
1.90842
1.91158
1.91747
1.89131
1.66951
1.0832
1
1
1
1
1
1
1
1
1
1
1
1
1
1
1
1
1
1.90782
1.91083
1.91981
1.9307
1.93907
1.94164
1.93984
1.93369
1.92372
1.91606
1.91121
1.90817
1.9058
1.90758
1.91236
1.89842
1.78017
1.23707
0.999695
1
1
1
1
1
1
1
1
1
1
1
1
1
1
1
1
1.90619
1.90843
1.91712
1.92765
1.93582
1.93885
1.93694
1.93095
1.92117
1.91329
1.90827
1.90525
1.90288
1.90342
1.90588
1.8989
1.857
1.44876
1.00623
1
1
1
1
1
1
1
1
1
1
1
1
1
1
1
1
1.90407
1.90577
1.91404
1.92435
1.93255
1.93574
1.93376
1.92792
1.91835
1.91039
1.9054
1.90242
1.8999
1.89928
1.90229
1.89918
1.87046
1.60523
1.05178
1
1
1
1
1
1
1
1
1
1
1
1
1
1
1
1
1.90175
1.90316
1.9109
1.92097
1.92918
1.9324
1.93049
1.92486
1.91561
1.90769
1.90288
1.8998
1.89736
1.89594
1.89827
1.89715
1.8777
1.72456
1.16621
0.999794
1
1
1
1
1
1
1
1
1
1
1
1
1
1
1
1.89949
1.9007
1.90786
1.91762
1.92581
1.92914
1.92734
1.92202
1.91308
1.90524
1.90065
1.89746
1.8951
1.89297
1.89404
1.89347
1.87699
1.81688
1.35014
1.00127
1
1
1
1
1
1
1
1
1
1
1
1
1
1
1
1.89732
1.89838
1.90501
1.91448
1.92271
1.92613
1.92441
1.91942
1.91073
1.90294
1.89835
1.89497
1.89249
1.89008
1.89058
1.88967
1.87563
1.83957
1.50987
1.01934
1
1
1
1
1
1
1
1
1
1
1
1
1
1
1
1.89519
1.89619
1.90238
1.91158
1.91983
1.92329
1.92166
1.91699
1.90847
1.90063
1.89593
1.89242
1.88991
1.88746
1.88734
1.88688
1.87612
1.84891
1.62493
1.07606
1
1
1
1
1
1
1
1
1
1
1
1
1
1
1
1.89312
1.89411
1.89998
1.90891
1.91711
1.92055
1.919
1.91458
1.90626
1.89841
1.89362
1.89005
1.88749
1.88493
1.8841
1.88369
1.87672
1.85169
1.73244
1.20597
0.999873
1
1
1
1
1
1
1
1
1
1
1
1
1
1
1.89115
1.89208
1.89773
1.90633
1.91437
1.91773
1.9163
1.91212
1.90408
1.89636
1.89151
1.88798
1.8853
1.88272
1.88126
1.88015
1.8749
1.85509
1.78943
1.36183
1.00237
1
1
1
1
1
1
1
1
1
1
1
1
1
1
1.88929
1.89003
1.89542
1.90364
1.91145
1.91479
1.91352
1.90965
1.90197
1.8944
1.88951
1.88609
1.88332
1.8806
1.8785
1.8772
1.87236
1.85598
1.81218
1.50417
1.02069
1
1
1
1
1
1
1
1
1
1
1
1
1
1
1.88757
1.88799
1.89303
1.90084
1.90845
1.91183
1.91076
1.90726
1.89992
1.89241
1.8874
1.88412
1.8813
1.87847
1.87571
1.87429
1.86963
1.85636
1.82934
1.6014
1.07353
1
1
1
1
1
1
1
1
1
1
1
1
1
1
1.88572
1.8858
1.89044
1.89796
1.90552
1.90904
1.90815
1.905
1.89809
1.8906
1.8852
1.88195
1.87912
1.87615
1.87294
1.87094
1.86664
1.85639
1.83798
1.69757
1.17787
0.999913
1
1
1
1
1
1
1
1
1
1
1
1
1
1.88406
1.88386
1.88817
1.89547
1.90288
1.90643
1.9057
1.90296
1.89642
1.88883
1.88297
1.87974
1.87697
1.8738
1.87039
1.86788
1.86329
1.85442
1.83593
1.75299
1.32022
1.00161
0.999999
1
1
1
1
1
1
1
1
1
1
1
1
1.88148
1.88062
1.88446
1.89154
1.89915
1.90348
1.90338
1.90116
1.89503
1.88723
1.88092
1.87767
1.87502
1.87174
1.86823
1.86525
1.86024
1.85145
1.83458
1.7825
1.44774
1.019
1
1
1
1
1
1
1
1
1
1
1
1
1
1.88003
1.88088
1.88595
1.89307
1.89939
1.90196
1.9009
1.89833
1.89237
1.88432
1.87799
1.87476
1.87246
1.86914
1.86516
1.86121
1.85622
1.84737
1.83282
1.80469
1.53185
1.01967
0.999329
0.999997
1
1
1
1
1
1
1
1
1
1
1
1.46358
1.68975
1.77185
1.82161
1.85576
1.87743
1.889
1.89279
1.89064
1.88503
1.87845
1.87414
1.87175
1.86874
1.86471
1.8597
1.8544
1.84728
1.83424
1.81847
1.67753
1.21013
1.00486
1.00002
1
1
1
1
1
1
1
1
1
1
1
1.0048
1.421
1.58132
1.6822
1.75223
1.80312
1.83915
1.86397
1.87527
1.87749
1.8752
1.87194
1.86976
1.86781
1.86436
1.85941
1.853
1.84665
1.83627
1.82021
1.75778
1.42726
1.03899
1.00035
1
1
1
1
1
1
1
1
1
1
1
0.955454
1.25937
1.39223
1.50892
1.61304
1.69489
1.75408
1.80082
1.83331
1.85254
1.86014
1.86345
1.86419
1.86441
1.86287
1.85904
1.85287
1.84542
1.83694
1.82155
1.81507
1.61908
1.14506
1.00304
1.00001
1
1
1
1
1
1
1
1
1
1
0.988167
1.13656
1.24894
1.35978
1.46363
1.56551
1.65402
1.7121
1.7677
1.80228
1.82703
1.84189
1.8494
1.85536
1.85806
1.85696
1.85246
1.84463
1.83749
1.82365
1.82227
1.75057
1.35029
1.02218
1.00017
1
1
1
1
1
1
1
1
1
1
1.01884
1.04383
1.12657
1.25221
1.35146
1.43852
1.54296
1.62539
1.68485
1.73631
1.77665
1.80223
1.82275
1.83664
1.84598
1.85089
1.84985
1.84373
1.83737
1.82637
1.82112
1.78171
1.52117
1.08069
1.00111
1
1
1
1
1
1
1
1
1
1
1.08385
1.01464
1.01176
1.14204
1.26432
1.35098
1.43043
1.53659
1.60604
1.67143
1.71558
1.75579
1.78552
1.80616
1.8246
1.83793
1.84319
1.84095
1.83526
1.82967
1.82243
1.7993
1.67142
1.21588
1.00677
1.00004
1
1
1
1
1
1
1
1
1
1.17513
1.01635
0.941537
1.02423
1.16526
1.28201
1.3521
1.44067
1.52737
1.59742
1.65382
1.7049
1.73751
1.76944
1.79517
1.8143
1.82964
1.83374
1.83097
1.82957
1.82239
1.80931
1.74136
1.37956
1.02972
1.00024
1
1
1
1
1
1
1
1
1
1.19874
1.03352
0.947485
0.988204
1.0481
1.19434
1.29665
1.35724
1.45183
1.51831
1.5895
1.64249
1.68824
1.72762
1.75637
1.78425
1.80717
1.82013
1.82437
1.8268
1.82175
1.81032
1.7693
1.53828
1.09451
1.00149
1.00001
1
1
1
1
1
1
1
1
1.19451
1.0553
0.968474
0.988174
1.00658
1.08854
1.2305
1.3073
1.38322
1.45923
1.52444
1.58084
1.64071
1.68
1.71618
1.75264
1.7772
1.80058
1.81256
1.81994
1.81909
1.80755
1.79788
1.67707
1.23058
1.00772
1.00004
1
1
1
1
1
1
1
1
1.17401
1.0587
0.993645
0.979969
0.991276
1.04064
1.15014
1.25742
1.3241
1.40857
1.47372
1.53533
1.58858
1.63419
1.67896
1.71276
1.74635
1.77322
1.79403
1.80886
1.81384
1.80302
1.80463
1.7256
1.3891
1.03068
1.00025
1
1
1
1
1
1
1
1
1.13792
1.05888
1.00302
0.965301
0.974589
1.02761
1.07643
1.19777
1.27188
1.35106
1.42196
1.49005
1.53982
1.59243
1.63807
1.66965
1.71288
1.74111
1.7719
1.79203
1.80523
1.79826
1.80306
1.76769
1.51591
1.08403
1.00112
1
1
1
1
1
1
1
1
1.11506
1.06435
1.00664
0.958569
0.960253
1.01594
1.04887
1.1237
1.22067
1.28506
1.36531
1.43324
1.49476
1.54902
1.59172
1.63925
1.67284
1.7122
1.7442
1.77085
1.79067
1.79341
1.79719
1.79334
1.64271
1.19261
1.00531
1.00002
1
1
1
1
1
1
1
1.11488
1.07062
1.00944
0.959171
0.951106
1.00165
1.03993
1.08348
1.17944
1.25011
1.31674
1.38527
1.45212
1.50604
1.55444
1.60845
1.64071
1.68227
1.71324
1.74871
1.76952
1.7821
1.78905
1.79358
1.72371
1.33825
1.02031
1.00013
1
1
1
1
1
1
1
1.11721
1.07886
1.01292
0.958865
0.942119
0.97908
1.02568
1.07017
1.1432
1.22143
1.28534
1.35029
1.41548
1.47093
1.52153
1.56742
1.61271
1.64467
1.6868
1.72226
1.74543
1.76615
1.78209
1.78823
1.74552
1.48229
1.06004
1.00062
1
1
1
1
1
1
1
1.12141
1.08656
1.01865
0.961646
0.939012
0.951934
0.99599
1.05048
1.10073
1.18791
1.25216
1.31506
1.37752
1.43451
1.48838
1.52202
1.57957
1.61414
1.66017
1.69338
1.72331
1.7455
1.77135
1.77944
1.76385
1.58254
1.13872
1.00264
1.00001
1
1
1
1
1
1
1.1204
1.08722
1.02684
0.968767
0.941479
0.941946
0.955967
1.01701
1.06116
1.13178
1.20599
1.26923
1.33001
1.39331
1.44852
1.49811
1.53913
1.58865
1.62661
1.66932
1.69798
1.72036
1.75506
1.77327
1.77428
1.65181
1.24067
1.00908
1.00005
1
1
1
1
1
1
1.1114
1.08369
1.03326
0.981869
0.951255
0.942246
0.945912
0.997432
1.04482
1.09466
1.17
1.23739
1.29833
1.35743
1.4157
1.47531
1.5094
1.56212
1.59782
1.64507
1.66915
1.69967
1.73703
1.7673
1.77305
1.72133
1.37711
1.02759
1.0002
1
1
1
1
1
1
1.09153
1.07254
1.03365
0.992407
0.962812
0.946949
0.947939
0.985603
1.03505
1.08684
1.15031
1.21575
1.27621
1.33321
1.38568
1.4454
1.48759
1.52542
1.57454
1.61382
1.64636
1.67919
1.71325
1.75361
1.76832
1.74187
1.50731
1.07635
1.00087
1
1
1
1
1
1
1.07515
1.06016
1.03065
0.995266
0.966937
0.948276
0.946264
0.969025
1.01928
1.07195
1.12645
1.18941
1.2525
1.30727
1.35856
1.4009
1.46048
1.49493
1.551
1.58408
1.62563
1.65338
1.68713
1.73494
1.76119
1.74986
1.57403
1.14721
1.00311
1.00001
1
1
1
1
1
1.07321
1.05594
1.02578
0.995434
0.967719
0.949137
0.945926
0.954688
0.985088
1.04466
1.09104
1.15457
1.21306
1.27313
1.32784
1.37353
1.42867
1.47632
1.52019
1.56279
1.60079
1.62796
1.66832
1.71624
1.75358
1.75149
1.64536
1.2401
1.00886
1.00004
1
1
1
1
1
1.07625
1.05652
1.024
0.994622
0.967569
0.951923
0.948869
0.954945
0.963821
1.01719
1.06811
1.12291
1.18473
1.24241
1.30268
1.35697
1.40129
1.4571
1.49412
1.54236
1.57025
1.6089
1.64865
1.69179
1.7405
1.74901
1.70066
1.36706
1.02614
1.00017
1
1
1
1
1
1.08617
1.06162
1.02287
0.992075
0.96604
0.95362
0.955842
0.957286
0.962577
1.00452
1.05577
1.11086
1.16813
1.2222
1.27767
1.33676
1.37916
1.43156
1.47507
1.51649
1.54817
1.59014
1.62334
1.66535
1.72244
1.74423
1.70881
1.46083
1.06366
1.00069
1
1
1
1
1
1.09378
1.06777
1.02086
0.988918
0.964384
0.954832
0.956344
0.954514
0.957407
0.991387
1.0442
1.09617
1.15156
1.20317
1.25311
1.30653
1.35551
1.39508
1.4543
1.48742
1.53011
1.56669
1.60062
1.64812
1.7024
1.73663
1.71839
1.52888
1.11498
1.00198
1.00001
1
1
1
1
1.0933
1.06812
1.01875
0.985997
0.964709
0.955082
0.952151
0.946504
0.947373
0.970504
1.01981
1.07386
1.12416
1.17946
1.2273
1.27466
1.33174
1.37537
1.42933
1.46701
1.51057
1.54207
1.58547
1.6307
1.67726
1.7262
1.72198
1.61013
1.20104
1.0059
1.00003
1
1
1
1
1.0873
1.0658
1.01826
0.984648
0.96645
0.955718
0.950341
0.945009
0.946668
0.964897
0.990702
1.04677
1.09872
1.15465
1.21058
1.26108
1.31333
1.36149
1.40064
1.44832
1.48374
1.52404
1.56937
1.60669
1.65716
1.71412
1.72127
1.64368
1.29111
1.01576
1.00009
1
1
1
1
1.07612
1.06166
1.01889
0.984932
0.970667
0.95896
0.952164
0.946995
0.949375
0.9681
0.988401
1.03493
1.0859
1.13789
1.19406
1.24588
1.29374
1.34775
1.38445
1.42951
1.45974
1.50741
1.54851
1.58328
1.64072
1.69837
1.71764
1.66079
1.37529
1.03405
1.00027
1
1
1
1
1.06758
1.05675
1.02099
0.986463
0.97435
0.962413
0.954681
0.948062
0.95136
0.96799
0.985202
1.02429
1.07385
1.12249
1.17533
1.2269
1.27119
1.32074
1.36808
1.40333
1.44361
1.48921
1.52486
1.57059
1.61883
1.67825
1.71011
1.68332
1.45873
1.07063
1.00084
1
1
1
1
1.06524
1.05285
1.02282
0.987962
0.97444
0.962533
0.954366
0.946909
0.949188
0.961432
0.975371
1.00875
1.05845
1.10578
1.15258
1.19968
1.24617
1.29109
1.34924
1.38241
1.42772
1.46611
1.50906
1.55718
1.59625
1.65513
1.69992
1.69028
1.51779
1.12093
1.00232
1.00001
1
1
1
1.06555
1.051
1.02381
0.988005
0.973221
0.961745
0.952947
0.945187
0.945366
0.952165
0.963251
0.993679
1.03514
1.08706
1.13518
1.18411
1.23349
1.27685
1.3246
1.36609
1.40965
1.44747
1.49451
1.53743
1.57855
1.63754
1.69051
1.68772
1.56539
1.1869
1.0056
1.00002
1
1
1
1.06876
1.05157
1.02348
0.986905
0.970051
0.960136
0.952517
0.945425
0.944369
0.948732
0.959425
0.990835
1.02491
1.07414
1.12346
1.17201
1.22002
1.26642
1.30659
1.35044
1.38492
1.4318
1.478
1.51356
1.56329
1.62069
1.67889
1.68195
1.60164
1.26169
1.01321
1.00007
1
1
1
1.07017
1.05354
1.02218
0.985531
0.96676
0.959025
0.952986
0.946841
0.94475
0.947522
0.95669
0.987372
1.01731
1.06129
1.109
1.15718
1.20359
1.25308
1.2917
1.33355
1.36754
1.41591
1.45535
1.49932
1.54928
1.59866
1.66358
1.67679
1.62515
1.33091
1.02668
1.0002
1
1
1
1.06881
1.05377
1.02115
0.984587
0.964556
0.959035
0.95356
0.949048
0.945698
0.945201
0.951268
0.978197
1.00625
1.04633
1.0925
1.1369
1.17989
1.22523
1.27352
1.31054
1.35325
1.39843
1.43605
1.48702
1.53359
1.58008
1.64618
1.67198
1.63302
1.39805
1.05031
1.00052
1
1
1
1.06462
1.05205
1.01972
0.983889
0.963725
0.958924
0.954496
0.951864
0.947223
0.943085
0.946885
0.964009
0.990626
1.02693
1.07138
1.11676
1.16393
1.20876
1.25671
1.29388
1.33892
1.37731
1.42329
1.47224
1.51155
1.56662
1.62896
1.66512
1.6394
1.44946
1.08533
1.00129
1
1
1
1.06014
1.04909
1.01836
0.983879
0.963386
0.958457
0.955569
0.953678
0.949778
0.9435
0.946888
0.960469
0.981991
1.01908
1.06159
1.10898
1.15682
1.20006
1.24327
1.27976
1.32256
1.36232
1.40981
1.45187
1.49553
1.55095
1.61063
1.65618
1.64409
1.49524
1.13031
1.00298
1.00001
1
1
1.05881
1.04772
1.01788
0.984255
0.96313
0.957538
0.955563
0.95379
0.950765
0.944689
0.947858
0.960219
0.977147
1.01341
1.05406
1.09964
1.14661
1.18997
1.22973
1.26811
1.30172
1.34815
1.3942
1.43344
1.48602
1.52922
1.5901
1.6469
1.6423
1.52767
1.18289
1.00627
1.00003
1
1
1.05879
1.04696
1.01735
0.984926
0.962915
0.955825
0.9547
0.953037
0.950418
0.944353
0.947134
0.95723
0.970403
1.00557
1.04414
1.0879
1.1321
1.17513
1.21174
1.2516
1.28801
1.33438
1.37299
1.42126
1.47481
1.51694
1.57457
1.63566
1.63802
1.55354
1.24108
1.01253
1.00007
1
1
1.05966
1.04689
1.01675
0.985044
0.962105
0.952969
0.951893
0.950297
0.948195
0.943088
0.9444
0.950277
0.959926
0.992416
1.02962
1.0695
1.11056
1.15311
1.19461
1.2353
1.27511
1.31883
1.35833
1.40876
1.45568
1.50583
1.56101
1.62224
1.63209
1.57178
1.29443
1.02345
1.00017
1
1
1.05986
1.04659
1.01596
0.984436
0.960518
0.950533
0.949351
0.947674
0.945539
0.942623
0.943714
0.947478
0.95344
0.981248
1.01655
1.05833
1.10166
1.1434
1.18324
1.22041
1.26326
1.30136
1.34668
1.39517
1.43505
1.48989
1.54307
1.60623
1.62521
1.57938
1.34213
1.03912
1.00039
1
1
1.0584
1.04487
1.01509
0.983607
0.959704
0.949988
0.94904
0.94722
0.945103
0.94316
0.943974
0.94739
0.953281
0.979752
1.01141
1.05269
1.09553
1.13511
1.17165
1.20645
1.24788
1.28877
1.33422
1.37599
1.42557
1.47597
1.52512
1.59036
1.61845
1.58477
1.3891
1.06274
1.00084
1
1
1.05477
1.04183
1.0139
0.982549
0.959693
0.950016
0.948796
0.947183
0.945149
0.944241
0.943866
0.945933
0.951533
0.976577
1.00519
1.0444
1.08626
1.12379
1.16073
1.19566
1.23088
1.27537
1.32022
1.36048
1.41581
1.46481
1.51448
1.57673
1.61175
1.58928
1.4206
1.09263
1.00175
1.00001
1
1.05052
1.03777
1.01244
0.98132
0.959766
0.94973
0.948152
0.94714
0.94538
0.944285
0.942467
0.941627
0.94645
0.968465
0.995449
1.03298
1.07185
1.10782
1.14385
1.18317
1.21939
1.26326
1.30158
1.34934
1.40233
1.44896
1.50269
1.56251
1.60432
1.58815
1.45013
1.12656
1.00335
1.00001
1
1.04807
1.03534
1.01173
0.980635
0.95961
0.948927
0.94677
0.946467
0.945336
0.944447
0.941401
0.938443
0.942142
0.959043
0.981231
1.0166
1.05317
1.0889
1.12391
1.16641
1.20782
1.24842
1.28912
1.338
1.38298
1.43098
1.48514
1.54404
1.59471
1.58503
1.47921
1.16796
1.00623
1.00003
1
1.04698
1.03472
1.01137
0.980074
0.95906
0.947866
0.944982
0.945265
0.945034
0.945114
0.941562
0.938483
0.941996
0.958184
0.97741
1.01122
1.04652
1.08169
1.11683
1.15353
1.19461
1.2343
1.2782
1.32563
1.36846
1.42253
1.46916
1.52761
1.58413
1.5803
1.49114
1.20801
1.011
1.00007
1
1.04701
1.03512
1.01101
0.979436
0.958168
0.946365
0.942885
0.943748
0.944704
0.945104
0.942012
0.939031
0.94282
0.958445
0.975622
1.00748
1.04057
1.07511
1.10991
1.14444
1.1828
1.22354
1.26741
1.30851
1.35995
1.4146
1.46155
1.51705
1.57454
1.57551
1.50189
1.24344
1.0178
1.00013
1
1.04671
1.03622
1.01066
0.978997
0.957418
0.944621
0.940871
0.942108
0.944089
0.944558
0.941758
0.938577
0.942305
0.956308
0.970358
0.999866
1.03138
1.06554
1.10009
1.13708
1.17386
1.21224
1.25532
1.29649
1.34943
1.40193
1.45146
1.50513
1.56374
1.57091
1.51514
1.28064
1.02763
1.00026
1
1.04486
1.03613
1.01012
0.978593
0.957243
0.943718
0.939143
0.940458
0.942887
0.943161
0.940329
0.936873
0.939645
0.949714
0.960324
0.986973
1.01673
1.0501
1.08429
1.12393
1.16267
1.2014
1.23914
1.28632
1.33718
1.38215
1.43529
1.48771
1.5495
1.56489
1.52027
1.31506
1.04177
1.00049
1
1.04159
1.03461
1.00938
0.977936
0.957288
0.943736
0.938911
0.938783
0.940831
0.941229
0.938504
0.935244
0.937521
0.942992
0.949374
0.973462
1.0002
1.03306
1.06629
1.10476
1.14651
1.1861
1.22787
1.27587
1.32056
1.37113
1.42439
1.47495
1.53647
1.55777
1.52194
1.34094
1.05907
1.00091
1
1.03747
1.03217
1.00825
0.977175
0.957392
0.943946
0.938998
0.938503
0.939482
0.939624
0.937375
0.934695
0.937516
0.941301
0.945803
0.970359
0.996131
1.02857
1.06143
1.09714
1.13379
1.17441
1.21752
1.26354
1.30898
1.36473
1.41638
1.46653
1.52549
1.55099
1.52235
1.36377
1.07876
1.00159
1.00001
1.03489
1.0291
1.00624
0.976107
0.957158
0.944681
0.939491
0.938409
0.938984
0.938552
0.936905
0.934727
0.937717
0.940415
0.944264
0.968699
0.993071
1.02453
1.05716
1.09189
1.12751
1.16514
1.20809
1.25001
1.30063
1.35521
1.4058
1.45532
1.51281
1.5445
1.52139
1.38563
1.10178
1.00265
1.00001
1.03472
1.02825
1.00661
0.97673
0.957334
0.945303
0.93963
0.937958
0.938226
0.937442
0.936229
0.934394
0.937091
0.938002
0.940548
0.963315
0.98569
1.01604
1.04806
1.08373
1.11953
1.15517
1.19713
1.2394
1.29
1.34244
1.39011
1.44016
1.497
1.53712
1.51885
1.40199
1.1279
1.00445
1.00002
1.0655
1.02694
1.00277
0.973962
0.95558
0.944525
0.939157
0.937223
0.937404
0.936403
0.935367
0.933667
0.935961
0.935208
0.937404
0.959013
0.979683
1.00981
1.04118
1.0777
1.11359
1.1494
1.18758
1.23352
1.28279
1.33257
1.37703
1.43141
1.48754
1.5312
1.51605
1.41094
1.14518
1.00591
1.00003
1.09471
1.02558
0.999452
0.971672
0.954126
0.943786
0.93862
0.936531
0.936657
0.935523
0.934584
0.932781
0.934316
0.932378
0.934307
0.954694
0.975269
1.00546
1.03599
1.07275
1.1092
1.14663
1.1831
1.23005
1.27863
1.32391
1.37299
1.42776
1.48403
1.5277
1.51411
1.41673
1.15482
1.00698
1.00004
1.11607
1.024
0.995574
0.968965
0.952264
0.942882
0.937901
0.935678
0.935667
0.934456
0.933834
0.932293
0.932144
0.92897
0.929238
0.94732
0.968388
0.997164
1.02715
1.06453
1.10312
1.14207
1.18046
1.22551
1.27432
1.31641
1.37325
1.42221
1.4794
1.52439
1.51225
1.41969
1.16613
1.00833
1.00005
1.14093
1.0245
0.991266
0.965385
0.949771
0.941604
0.93696
0.934682
0.934434
0.933183
0.933084
0.931849
0.931038
0.92718
0.926905
0.942979
0.96165
0.989549
1.02036
1.05608
1.09472
1.13217
1.17536
1.22046
1.2665
1.31499
1.3734
1.41844
1.47201
1.51972
1.5097
1.42149
1.17991
1.0102
1.00007
1.15867
1.02583
0.987201
0.961939
0.947177
0.94003
0.935711
0.933402
0.932968
0.932072
0.932588
0.931638
0.930229
0.927088
0.926984
0.942698
0.957815
0.985615
1.01588
1.04947
1.08674
1.12351
1.16958
1.2154
1.25741
1.31525
1.37029
1.41612
1.46653
1.51384
1.50705
1.42518
1.19068
1.01246
1.00009
1.17592
1.03071
0.98436
0.958583
0.944907
0.938469
0.934358
0.932024
0.931544
0.931348
0.932218
0.931496
0.92946
0.927099
0.927766
0.942301
0.954051
0.982629
1.01363
1.04716
1.08276
1.12234
1.1657
1.21091
1.25584
1.3126
1.3641
1.41058
1.46077
1.50935
1.50478
1.4324
1.20263
1.01503
1.00012
1.19694
1.04073
0.980652
0.955587
0.942859
0.937039
0.933148
0.930766
0.930262
0.930506
0.931793
0.931189
0.928671
0.926684
0.927496
0.940956
0.952943
0.98289
1.01405
1.04792
1.08262
1.12215
1.16179
1.20424
1.25416
1.30647
1.35598
1.40061
1.45224
1.50352
1.50102
1.4347
1.21659
1.01853
1.00016
1.21134
1.05194
0.97817
0.953388
0.941086
0.935605
0.931901
0.929365
0.928937
0.929474
0.931024
0.930544
0.927823
0.925678
0.926508
0.940206
0.95292
0.983238
1.01398
1.04786
1.08235
1.11839
1.15703
1.19779
1.24874
1.29723
1.34765
1.39381
1.44449
1.49679
1.49671
1.43497
1.22996
1.02289
1.00023
1.23192
1.06632
0.981101
0.949623
0.939158
0.933956
0.930443
0.92779
0.927446
0.92815
0.929528
0.92907
0.925908
0.922672
0.922984
0.937247
0.950398
0.98021
1.0098
1.04336
1.07703
1.10993
1.15121
1.19349
1.23954
1.28914
1.3384
1.38818
1.43767
1.49024
1.49288
1.43749
1.24441
1.02842
1.00033
1.22985
1.07713
0.988775
0.946031
0.936763
0.932021
0.92876
0.925847
0.925353
0.925759
0.926764
0.925844
0.92074
0.915807
0.915651
0.92929
0.942805
0.972296
1.00015
1.03314
1.06581
1.10184
1.14332
1.18631
1.23138
1.28079
1.33123
1.38206
1.42983
1.48229
1.48775
1.43986
1.25902
1.03526
1.00047
1.21783
1.08169
1.00036
0.946017
0.934509
0.929377
0.926269
0.922807
0.922541
0.922872
0.923708
0.92192
0.91577
0.910685
0.909879
0.92175
0.93444
0.963193
0.988778
1.02116
1.0534
1.09169
1.13293
1.17861
1.2233
1.2725
1.32727
1.37508
1.41911
1.47356
1.48203
1.43944
1.27183
1.04356
1.00069
1.21077
1.08817
1.01118
0.948882
0.93088
0.926104
0.92325
0.920195
0.920059
0.920521
0.921214
0.919231
0.913685
0.909207
0.907711
0.91734
0.928245
0.957087
0.98273
1.01595
1.04841
1.08466
1.12627
1.17032
1.21603
1.26845
1.32039
1.36589
1.4095
1.4635
1.47635
1.43863
1.28457
1.05322
1.00101
1.2177
1.09732
1.02149
0.956551
0.928074
0.923449
0.920962
0.918842
0.918297
0.918837
0.91943
0.917282
0.912444
0.90852
0.907166
0.915349
0.925777
0.955058
0.980593
1.01409
1.04694
1.08259
1.12202
1.16324
1.21138
1.26132
1.30994
1.35335
1.40092
1.45368
1.4704
1.43774
1.29752
1.06504
1.0015
1.22581
1.10226
1.02581
0.963367
0.926369
0.920969
0.91878
0.917307
0.916421
0.916473
0.91703
0.914468
0.909925
0.906443
0.905344
0.912309
0.922306
0.951111
0.97571
1.00858
1.04238
1.07767
1.11647
1.15692
1.20365
1.25062
1.29742
1.34489
1.39091
1.44232
1.46377
1.43482
1.30828
1.07875
1.00224
1.23633
1.11143
1.03365
0.973007
0.927694
0.917627
0.915638
0.914651
0.913309
0.912507
0.912824
0.909184
0.904265
0.900577
0.899586
0.905061
0.914069
0.941566
0.964939
0.996101
1.03045
1.0668
1.10538
1.14741
1.19176
1.2398
1.28928
1.33793
1.38029
1.43092
1.45585
1.4304
1.31827
1.09398
1.00334
1.25472
1.13104
1.04752
0.984236
0.931551
0.912773
0.911256
0.910617
0.908981
0.907742
0.907445
0.902806
0.897755
0.894171
0.893949
0.896889
0.905948
0.933212
0.955373
0.986051
1.01951
1.05593
1.09522
1.13661
1.18109
1.23047
1.28265
1.32932
1.3694
1.41813
1.44816
1.42578
1.32572
1.11079
1.00497
1.25171
1.14705
1.06408
1.00583
0.945923
0.912063
0.907153
0.905824
0.903977
0.902647
0.902143
0.897729
0.893012
0.890592
0.890261
0.89177
0.901597
0.928355
0.949271
0.979879
1.01248
1.04795
1.08696
1.12737
1.172
1.22043
1.27257
1.31838
1.35871
1.40423
1.43857
1.41987
1.33242
1.12795
1.00732
1.23947
1.16023
1.08164
1.0325
0.967643
0.915155
0.902452
0.900633
0.898668
0.897378
0.896188
0.892388
0.888504
0.886971
0.88656
0.886645
0.89696
0.922842
0.943028
0.973223
1.00517
1.04044
1.07817
1.11886
1.16324
1.21091
1.26077
1.30661
1.34556
1.39011
1.42847
1.41321
1.3364
1.14614
1.01071
1.22546
1.15522
1.0922
1.04997
0.997819
0.930554
0.898828
0.894491
0.892136
0.890643
0.888995
0.885317
0.882131
0.880875
0.880168
0.879135
0.889239
0.913696
0.933818
0.964112
0.995629
1.03124
1.06829
1.10956
1.15364
1.20083
1.24911
1.2947
1.33238
1.37415
1.41602
1.40512
1.33902
1.16323
1.0154
1.22025
1.14675
1.1031
1.06446
1.02815
0.95421
0.900665
0.888112
0.884307
0.882007
0.880343
0.877819
0.875273
0.873107
0.871336
0.869791
0.881135
0.903659
0.923262
0.953769
0.985582
1.02116
1.05776
1.09871
1.14235
1.18842
1.23573
1.27991
1.318
1.35912
1.40236
1.39543
1.33877
1.17924
1.02161
1.22228
1.13665
1.09885
1.06364
1.03723
0.990555
0.914769
0.881825
0.876435
0.873404
0.871264
0.869882
0.868847
0.866114
0.862623
0.859999
0.872288
0.893954
0.913577
0.944727
0.976309
1.0118
1.04813
1.08845
1.13121
1.17673
1.2242
1.26799
1.30422
1.34279
1.38852
1.38587
1.33738
1.19385
1.02963
1.22174
1.13421
1.09192
1.06688
1.05203
1.02723
0.942292
0.88274
0.869575
0.865934
0.863809
0.862731
0.8618
0.858351
0.854092
0.851137
0.862846
0.884069
0.903417
0.936066
0.966722
1.0017
1.03771
1.07735
1.11955
1.16462
1.21201
1.25614
1.29168
1.32675
1.37164
1.37372
1.334
1.20558
1.03943
1.21806
1.13361
1.08544
1.06595
1.05148
1.03401
0.983894
0.90144
0.863733
0.8592
0.857791
0.856745
0.854316
0.849421
0.845373
0.844463
0.857945
0.875376
0.8954
0.928878
0.95825
0.991831
1.02762
1.0662
1.1077
1.15224
1.19834
1.24076
1.27491
1.30966
1.35496
1.3611
1.32795
1.2151
1.05047
1.21128
1.13206
1.08012
1.06094
1.04963
1.04292
1.02294
0.939586
0.867974
0.85137
0.85227
0.850276
0.846946
0.841051
0.837398
0.836524
0.853266
0.866532
0.887309
0.921877
0.949568
0.982276
1.01817
1.05638
1.09729
1.14111
1.1862
1.22749
1.25935
1.2904
1.33599
1.34838
1.32005
1.22135
1.06321
1.21162
1.1318
1.07619
1.0522
1.0441
1.03837
1.02356
0.98673
0.902477
0.852264
0.844716
0.843404
0.839491
0.832905
0.830676
0.832743
0.847917
0.859701
0.879039
0.912612
0.938958
0.971357
1.00637
1.04434
1.08542
1.12883
1.17277
1.21302
1.24448
1.27337
1.31525
1.33277
1.30869
1.22508
1.07552
1.21675
1.13456
1.07696
1.04859
1.04026
1.0347
1.02727
1.0187
0.952162
0.867631
0.844073
0.83869
0.834578
0.830164
0.82987
0.833397
0.84318
0.853531
0.875615
0.907807
0.931003
0.96382
0.998428
1.03505
1.07573
1.11784
1.16022
1.19831
1.22751
1.25544
1.29671
1.31878
1.29724
1.22389
1.08671
1.22243
1.13856
1.08059
1.05076
1.04076
1.03527
1.02972
1.02493
0.99999
0.916822
0.852796
0.838612
0.834924
0.831219
0.831552
0.833439
0.838471
0.848364
0.871307
0.902733
0.924558
0.9578
0.992729
1.02896
1.06955
1.11058
1.1513
1.18712
1.21297
1.23571
1.27468
1.30265
1.28415
1.22093
1.09708
1.2589
1.16759
1.1073
1.06769
1.04981
1.04136
1.03417
1.02929
1.02476
0.976641
0.885736
0.843654
0.837921
0.835156
0.835894
0.83548
0.837693
0.849245
0.872086
0.898047
0.91898
0.951489
0.985176
1.02044
1.06077
1.10103
1.13986
1.17307
1.19718
1.21785
1.25272
1.28274
1.26792
1.21475
1.10428
1.32844
1.22566
1.14868
1.10498
1.08162
1.06841
1.05429
1.04111
1.03613
1.02193
0.941592
0.86065
0.843231
0.840936
0.841896
0.84034
0.840333
0.852607
0.873557
0.893064
0.915008
0.948041
0.980631
1.01533
1.05467
1.09274
1.12791
1.15718
1.1787
1.19901
1.23431
1.26742
1.25487
1.20829
1.10669
1.41284
1.31393
1.22047
1.16126
1.13118
1.11743
1.10547
1.08982
1.08206
1.08315
1.06104
0.987876
0.901818
0.864178
0.853757
0.850215
0.848704
0.861474
0.878591
0.894021
0.917417
0.949119
0.979489
1.01328
1.04878
1.08155
1.11111
1.13433
1.15012
1.16617
1.20019
1.23843
1.2312
1.19333
1.10324
)
;

boundaryField
{
    inlet
    {
        type            fixedValue;
        value           uniform 1;
    }
    outlet
    {
        type            inletOutlet;
        inletValue      uniform 1;
        value           nonuniform List<scalar> 
70
(
1.41304
1.31415
1.22064
1.16138
1.13133
1.11761
1.10582
1.09016
1.08235
1.08343
1.06134
0.988076
0.902053
0.864381
0.853923
0.850371
0.848836
0.861564
0.878737
0.894161
0.917554
0.949259
0.97964
1.01344
1.0489
1.08164
1.11116
1.13432
1.15004
1.16609
1.20023
1.23832
1.23098
1.19289
1.10243
1.49427
1.55207
1.57528
1.58165
1.57058
1.5385
1.48289
1.42012
1.35862
1.27485
1.16794
0.943247
0.648647
0.601702
0.620795
0.641691
0.658439
0.67947
0.705294
0.733367
0.757806
0.789501
0.823079
0.856526
0.893757
0.931622
0.973366
1.02369
1.07705
1.09702
1.09357
1.06264
1.0163
1.00092
1.00001
)
;
    }
    airfoil
    {
        type            zeroGradient;
    }
    top
    {
        type            symmetryPlane;
    }
    bottom
    {
        type            symmetryPlane;
    }
    defaultFaces
    {
        type            empty;
    }
}


// ************************************************************************* //
