/*--------------------------------*- C++ -*----------------------------------*\
  =========                 |
  \\      /  F ield         | OpenFOAM: The Open Source CFD Toolbox
   \\    /   O peration     | Website:  https://openfoam.org
    \\  /    A nd           | Version:  7
     \\/     M anipulation  |
\*---------------------------------------------------------------------------*/
FoamFile
{
    version     2.0;
    format      ascii;
    class       volScalarField;
    location    "2.8";
    object      p;
}
// * * * * * * * * * * * * * * * * * * * * * * * * * * * * * * * * * * * * * //

dimensions      [1 -1 -2 0 0 0 0];

internalField   nonuniform List<scalar> 
11200
(
0.15502
0.254325
0.358305
0.442323
0.520795
0.564447
0.604575
0.629914
0.63312
0.661039
0.668076
0.670749
0.701779
0.719064
0.733209
0.718187
0.700267
0.69083
0.692214
0.703874
0.706213
0.69864
0.691942
0.690953
0.697836
0.722817
0.808668
0.876602
0.879685
0.883601
0.0551433
0.0558847
0.069035
0.102848
0.156812
0.243639
0.340394
0.445208
0.541965
0.623191
0.690117
0.748261
0.775047
0.761408
0.737273
0.694872
0.657662
0.665908
0.692456
0.718724
0.714823
0.698991
0.687584
0.688237
0.694803
0.727903
0.816799
0.88704
0.893514
0.892311
0.0551177
0.055163
0.0554463
0.0546814
0.0542784
0.053421
0.0576345
0.0773643
0.133002
0.192797
0.280816
0.408314
0.503638
0.575861
0.638534
0.65813
0.681137
0.687603
0.688617
0.700106
0.70309
0.695139
0.695873
0.701942
0.708875
0.745394
0.825936
0.886099
0.902616
0.904367
0.0554798
0.0555398
0.0554489
0.0554126
0.0555217
0.0554883
0.0551936
0.0546703
0.0546231
0.0548365
0.0547779
0.0626348
0.0955327
0.167167
0.297044
0.45847
0.601129
0.668028
0.672389
0.691859
0.692989
0.690884
0.705703
0.700882
0.706354
0.74976
0.836724
0.89177
0.919422
0.913226
0.0569734
0.0568629
0.0567496
0.0566005
0.0564893
0.0562031
0.0558344
0.0556967
0.0559299
0.0560936
0.0558449
0.0551205
0.053871
0.0523987
0.0511269
0.0771246
0.155401
0.303054
0.435836
0.568298
0.639387
0.680804
0.72472
0.712539
0.716293
0.760187
0.836039
0.890707
0.932203
0.925464
0.0577344
0.0573526
0.056962
0.0566354
0.056447
0.056175
0.0558196
0.0556266
0.0556286
0.0556379
0.0554199
0.0547119
0.0531814
0.0515858
0.0507657
0.0504155
0.0502815
0.0503028
0.0797543
0.157166
0.325264
0.520119
0.631585
0.68246
0.707623
0.753244
0.841026
0.893397
0.948027
0.933873
0.0561253
0.0557422
0.0556089
0.0556179
0.0555482
0.0553963
0.0551119
0.0549332
0.0549297
0.0550903
0.0550485
0.0544543
0.0528566
0.0514277
0.0507293
0.0503455
0.05034
0.0513453
0.0529458
0.0540919
0.0576781
0.11144
0.240313
0.457878
0.58534
0.717741
0.844619
0.896023
0.943858
0.943871
0.0538286
0.0536762
0.053758
0.0541719
0.0546699
0.054721
0.0544105
0.0541926
0.0543335
0.0549176
0.0554745
0.0551594
0.0535602
0.0533067
0.0537992
0.054585
0.0567363
0.0615253
0.0644569
0.0645994
0.0647957
0.0657233
0.0667819
0.0966621
0.200301
0.441592
0.751425
0.888183
0.937637
0.956806
0.0527186
0.0528141
0.0531109
0.0536655
0.0544887
0.0546326
0.0542022
0.0539169
0.0540549
0.0546035
0.0556325
0.056334
0.0573193
0.0587272
0.0607085
0.0633852
0.066561
0.0707883
0.0742068
0.0754424
0.0767356
0.0789254
0.0791068
0.0787314
0.0802356
0.103502
0.384674
0.780335
0.919234
0.971748
0.0548358
0.0551785
0.0558507
0.0567175
0.0566839
0.0562676
0.0552482
0.054746
0.0547504
0.0552258
0.056956
0.0604121
0.0637069
0.0649893
0.0665018
0.0691404
0.072089
0.0751781
0.0790385
0.0829026
0.0859008
0.0902554
0.0933773
0.0930457
0.0925323
0.0940097
0.107037
0.429826
0.823009
0.962917
0.0610951
0.0614905
0.0622281
0.064117
0.0655653
0.0663021
0.0672174
0.0671569
0.0672452
0.0680987
0.070632
0.0749573
0.0766565
0.0759538
0.0759307
0.0776178
0.0800385
0.0818695
0.0846832
0.089144
0.0929292
0.0971981
0.101697
0.106464
0.108279
0.110195
0.111985
0.132046
0.50991
0.868952
0.0692036
0.070237
0.0729224
0.0762901
0.079367
0.0802467
0.0801619
0.0796581
0.0797315
0.0810773
0.0852401
0.0913426
0.0935654
0.0935614
0.0940919
0.0957609
0.0983127
0.100637
0.101635
0.101919
0.103155
0.105645
0.110731
0.116959
0.122281
0.123978
0.126617
0.1285
0.161995
0.664379
0.0884278
0.0893609
0.0906102
0.0919351
0.0938023
0.0951314
0.0950409
0.0944875
0.0945854
0.0960967
0.100754
0.10556
0.106279
0.106548
0.107729
0.110965
0.115486
0.118836
0.121712
0.123073
0.123367
0.123809
0.125708
0.129425
0.134332
0.138634
0.139588
0.143765
0.145398
0.361434
0.110871
0.111346
0.112293
0.114257
0.116779
0.119939
0.121276
0.120727
0.11905
0.118939
0.120661
0.12483
0.126192
0.125948
0.12586
0.127898
0.132119
0.134899
0.137544
0.141728
0.145327
0.146501
0.145723
0.145697
0.14754
0.153358
0.157841
0.158916
0.160143
0.17837
0.139782
0.139976
0.140023
0.140139
0.141072
0.144134
0.146568
0.146083
0.145499
0.145755
0.147265
0.151302
0.153493
0.152892
0.152249
0.153231
0.155928
0.156707
0.156897
0.158246
0.161713
0.165573
0.168635
0.169343
0.169496
0.169063
0.171909
0.175279
0.176499
0.179826
0.174663
0.172739
0.172304
0.17203
0.172855
0.175851
0.179913
0.182146
0.181961
0.179157
0.177011
0.177288
0.178906
0.181112
0.183754
0.187287
0.189567
0.189917
0.190248
0.19102
0.191265
0.192211
0.194828
0.197637
0.198211
0.196916
0.196228
0.197572
0.200095
0.203816
0.224053
0.217971
0.215909
0.216032
0.216991
0.219114
0.223021
0.226413
0.226911
0.224485
0.221306
0.221392
0.22331
0.22448
0.223939
0.22372
0.224261
0.225608
0.227075
0.227139
0.225902
0.224648
0.224183
0.224169
0.224752
0.226973
0.229559
0.229621
0.229651
0.231793
0.287649
0.279885
0.272069
0.271281
0.271409
0.273265
0.276974
0.279564
0.280342
0.278461
0.271427
0.267979
0.268457
0.269453
0.269724
0.269084
0.267208
0.264409
0.262553
0.261039
0.259834
0.259802
0.259327
0.258352
0.257981
0.257446
0.258568
0.260428
0.260209
0.260519
0.36555
0.361349
0.347061
0.341165
0.341023
0.344515
0.348564
0.348244
0.34529
0.340374
0.336145
0.335211
0.334569
0.330686
0.32663
0.326098
0.325482
0.323068
0.319548
0.317582
0.315155
0.311679
0.308454
0.305412
0.302693
0.298768
0.29457
0.290045
0.285725
0.287354
0.463657
0.461012
0.446154
0.43045
0.428454
0.433633
0.438848
0.437006
0.430472
0.421426
0.4153
0.415439
0.414778
0.407687
0.398427
0.396126
0.394384
0.390212
0.382713
0.376332
0.372015
0.366334
0.361035
0.355979
0.351852
0.348606
0.344432
0.341593
0.333892
0.327821
0.588122
0.583824
0.568155
0.545858
0.539693
0.542207
0.549265
0.54895
0.541412
0.523853
0.511769
0.512036
0.511919
0.503967
0.488137
0.482343
0.478958
0.473115
0.463635
0.452924
0.446228
0.439999
0.431979
0.422976
0.414045
0.407879
0.398977
0.392643
0.384568
0.376333
0.73895
0.733705
0.722066
0.69565
0.675703
0.673644
0.68032
0.683526
0.676896
0.658444
0.634093
0.628917
0.629291
0.622534
0.601467
0.588279
0.582014
0.57351
0.560849
0.546575
0.535291
0.524563
0.51241
0.500693
0.488621
0.477526
0.463873
0.450308
0.437746
0.425878
0.918995
0.91409
0.904141
0.876427
0.847252
0.842884
0.846018
0.844535
0.831311
0.81453
0.791551
0.771464
0.767586
0.76087
0.741354
0.719462
0.705471
0.692336
0.676611
0.658929
0.642485
0.626696
0.610076
0.593725
0.574784
0.559483
0.543537
0.526126
0.512076
0.492304
1.14196
1.11416
1.09385
1.08889
1.07913
1.06413
1.05075
1.03803
1.01383
0.995001
0.978323
0.955938
0.939074
0.924666
0.904956
0.879369
0.856087
0.834578
0.81381
0.791505
0.768988
0.747271
0.722912
0.701278
0.67745
0.655135
0.633809
0.610361
0.591386
0.566045
1.41055
1.38742
1.36105
1.35249
1.34408
1.32498
1.30014
1.27824
1.25456
1.23363
1.21233
1.18036
1.15459
1.13149
1.10403
1.07303
1.04213
1.0115
0.981641
0.951299
0.91974
0.890698
0.85898
0.828599
0.799424
0.768897
0.740921
0.712793
0.6877
0.652718
1.62906
1.62085
1.60797
1.59402
1.58452
1.57179
1.55392
1.53683
1.51661
1.49591
1.47518
1.44752
1.41689
1.3874
1.35335
1.31699
1.27875
1.24011
1.19897
1.1575
1.1147
1.07243
1.03219
0.989092
0.949604
0.909628
0.871814
0.833861
0.801231
0.755414
1.66375
1.65957
1.65606
1.65258
1.64905
1.64491
1.63933
1.63288
1.62527
1.61959
1.613
1.60243
1.5892
1.57449
1.55712
1.53662
1.51176
1.4821
1.44679
1.40606
1.36123
1.31222
1.26122
1.20727
1.15327
1.0988
1.04645
0.995103
0.951201
0.888331
1.60008
1.60149
1.60384
1.60905
1.61448
1.61712
1.61546
1.61248
1.61211
1.61115
1.60984
1.60506
1.59815
1.59215
1.58692
1.58041
1.57141
1.56102
1.54931
1.53453
1.51623
1.4935
1.46464
1.42835
1.38345
1.33175
1.27597
1.2143
1.15959
1.07714
1.34504
1.35338
1.36158
1.37592
1.39543
1.40824
1.42372
1.43829
1.44792
1.46095
1.48344
1.49107
1.49682
1.50825
1.52082
1.52864
1.53188
1.53334
1.53237
1.52874
1.52102
1.51069
1.49803
1.48222
1.46203
1.43724
1.40741
1.37275
1.33674
1.26839
1.06839
1.07378
1.08031
1.08728
1.09517
1.10519
1.11751
1.13076
1.14361
1.15771
1.17676
1.19732
1.2159
1.23804
1.26362
1.29
1.31503
1.34004
1.36452
1.38748
1.4076
1.4237
1.43238
1.43729
1.43399
1.42426
1.4088
1.3849
1.36018
1.31306
1.00291
1.00332
1.00383
1.00448
1.00523
1.00621
1.00751
1.00917
1.01118
1.01356
1.01667
1.02103
1.02615
1.03255
1.0407
1.05125
1.06395
1.07956
1.09811
1.12026
1.14522
1.17345
1.20203
1.2315
1.25866
1.27971
1.29621
1.30406
1.29976
1.2787
1.00003
1.00004
1.00004
1.00005
1.00007
1.00008
1.0001
1.00014
1.00018
1.00024
1.00033
1.00045
1.00064
1.0009
1.00129
1.00188
1.00275
1.00406
1.00599
1.00886
1.01303
1.01891
1.02728
1.03809
1.05251
1.06939
1.0877
1.10788
1.12415
1.13516
1
1
1
1
1
1
1
1
1
1
1
1
1
1.00001
1.00001
1.00002
1.00003
1.00005
1.00008
1.00014
1.00024
1.00042
1.00074
1.0013
1.00225
1.00381
1.00616
1.00948
1.01377
1.01978
1
1
1
1
1
1
1
1
1
1
1
1
1
1
1
1
1
1
1
1
1
1
1.00001
1.00001
1.00002
1.00005
1.00009
1.00017
1.00031
1.0006
1
1
1
1
1
1
1
1
1
1
1
1
1
1
1
1
1
1
1
1
1
1
1
1
1
1
1
1
1
1.00001
0.0561569
0.0563604
0.0553675
0.0555905
0.0572811
0.0583722
0.0571707
0.0541897
0.0526809
0.054474
0.0608808
0.0687056
0.0877524
0.110641
0.141409
0.179761
0.2287
0.289762
0.367418
0.465347
0.591713
0.7478
0.931739
1.16381
1.43546
1.64155
1.66911
1.59902
1.32911
1.0593
1.0024
1.00003
1
1
1
0.057821
0.0566372
0.0557954
0.0561609
0.0585783
0.0588428
0.0576116
0.0539476
0.0527054
0.0552531
0.0632045
0.0724509
0.0929387
0.117512
0.150094
0.188296
0.238508
0.299913
0.380653
0.483869
0.612202
0.773299
0.969276
1.21091
1.4861
1.66402
1.67446
1.59128
1.28402
1.04178
1.00131
1.00001
1
1
1
0.0586547
0.0567631
0.0564857
0.0566741
0.0597388
0.0593116
0.0579304
0.0539913
0.053023
0.0558105
0.0645456
0.075842
0.0952894
0.119994
0.152045
0.190919
0.241701
0.305725
0.386524
0.494897
0.625326
0.789809
0.996729
1.25011
1.52735
1.67791
1.67807
1.56222
1.23973
1.03009
1.0008
1.00001
1
1
1
0.059005
0.0569722
0.0573823
0.0570713
0.0602951
0.0595001
0.0579468
0.0542927
0.0540802
0.0571905
0.0652745
0.0783192
0.0966207
0.121804
0.152888
0.193003
0.243788
0.314681
0.403837
0.517697
0.667222
0.84333
1.04798
1.29987
1.57161
1.69018
1.6797
1.52535
1.2025
1.02147
1.00048
1
1
1
1
0.0588573
0.0570319
0.0580751
0.0573098
0.0604127
0.0595909
0.0578618
0.0550318
0.0549193
0.0589466
0.0656303
0.0812197
0.098796
0.123825
0.154694
0.197285
0.259282
0.341174
0.445537
0.569633
0.722876
0.905321
1.12031
1.37139
1.61799
1.70201
1.67972
1.50435
1.17089
1.01465
1.00027
1
1
1
1
0.0580916
0.0567553
0.0582379
0.0572683
0.0598194
0.059458
0.0576879
0.0554721
0.0555886
0.0608797
0.066751
0.0849502
0.104057
0.131003
0.170087
0.220158
0.286577
0.36761
0.469099
0.594531
0.749642
0.937584
1.1636
1.42929
1.65515
1.71145
1.67965
1.47653
1.13386
1.00917
1.00015
1
1
1
1
0.0576741
0.0567215
0.0576574
0.056621
0.0588541
0.0583222
0.0567323
0.0560573
0.0565377
0.0618667
0.07121
0.0902755
0.113587
0.145115
0.186674
0.234611
0.298796
0.377077
0.480416
0.609152
0.765664
0.964021
1.20041
1.4706
1.6811
1.71795
1.67447
1.41672
1.09935
1.00567
1.00008
1
1
1
1
0.0574237
0.0570049
0.0572081
0.0563223
0.0585033
0.0573521
0.0560621
0.057407
0.0578911
0.0617319
0.0762694
0.0953494
0.120619
0.151362
0.193283
0.239659
0.303373
0.385546
0.487168
0.624482
0.787682
0.993789
1.24216
1.51991
1.70638
1.72468
1.6496
1.36724
1.07616
1.00357
1.00004
1
1
1
1
0.0571183
0.0572223
0.0573308
0.0563384
0.0584493
0.057196
0.0561109
0.0588413
0.0592905
0.0617604
0.0795744
0.0971891
0.122769
0.153785
0.194805
0.244286
0.306567
0.398893
0.517728
0.668585
0.86148
1.07683
1.32372
1.58735
1.73027
1.73344
1.63623
1.3309
1.05626
1.00206
1.00002
1
1
1
1
0.0568132
0.0573716
0.0575554
0.0566124
0.0586036
0.0572423
0.0561583
0.0591484
0.0601214
0.063072
0.0807488
0.0973054
0.122595
0.155108
0.194699
0.253701
0.337294
0.443837
0.576954
0.735948
0.924245
1.14528
1.40021
1.64223
1.74571
1.73983
1.62502
1.28064
1.03669
1.00108
1.00001
1
1
1
1
0.0565026
0.0574742
0.05841
0.058785
0.0595981
0.0574469
0.0554129
0.0580226
0.0602384
0.0636809
0.0810737
0.0968972
0.121946
0.158029
0.212422
0.285053
0.374448
0.479463
0.607879
0.765725
0.958504
1.18606
1.44469
1.67478
1.75555
1.74108
1.58004
1.21629
1.02343
1.00057
1.00001
1
1
1
1
0.0562184
0.0576869
0.0607171
0.0619953
0.0606427
0.057754
0.0546682
0.0564237
0.0599011
0.0645562
0.0828128
0.102431
0.132168
0.178746
0.239739
0.306857
0.390278
0.494841
0.626799
0.788641
0.986135
1.22575
1.49417
1.70987
1.76453
1.73219
1.51916
1.17321
1.01565
1.00031
1
1
1
1
1
0.0560708
0.0585577
0.0629173
0.0640515
0.0609682
0.0577651
0.054499
0.0558162
0.0602945
0.068275
0.0906865
0.116552
0.150298
0.193293
0.2498
0.314891
0.399431
0.509057
0.646995
0.823483
1.04161
1.29455
1.56756
1.74954
1.77356
1.72097
1.48387
1.13815
1.00953
1.00015
1
1
1
1
1
0.056406
0.0603432
0.0640883
0.0647674
0.0610148
0.0575068
0.054635
0.0562141
0.0639458
0.0757767
0.097937
0.125134
0.15795
0.197746
0.252782
0.322097
0.413259
0.543447
0.70889
0.911122
1.14312
1.39778
1.6442
1.77572
1.7805
1.71675
1.44107
1.09701
1.00506
1.00007
1
1
1
1
1
0.0572647
0.0616543
0.0641281
0.0645352
0.0607808
0.0574622
0.056391
0.059152
0.0664068
0.0813816
0.101243
0.127722
0.160015
0.201149
0.255679
0.341447
0.464513
0.610214
0.780821
0.978778
1.20675
1.45875
1.68805
1.78748
1.78375
1.7009
1.35732
1.06266
1.00265
1.00003
1
1
1
1
1
0.0585727
0.0618898
0.0623109
0.0633201
0.0607594
0.0575946
0.0589586
0.060854
0.0666922
0.0829789
0.102333
0.128306
0.160463
0.209468
0.287743
0.389631
0.50888
0.647577
0.815799
1.0174
1.25365
1.51137
1.72571
1.79619
1.78285
1.63535
1.28516
1.04262
1.00145
1.00002
1
1
1
1
1
0.0602647
0.0613814
0.0591836
0.0616928
0.0607925
0.058815
0.0594817
0.0608844
0.0650854
0.0826131
0.102442
0.129943
0.17244
0.240094
0.323349
0.414716
0.527235
0.668467
0.845196
1.05806
1.3111
1.58019
1.76691
1.80525
1.77376
1.59181
1.23851
1.02839
1.00074
1.00001
1
1
1
1
1
0.0616125
0.0604388
0.0569986
0.0610532
0.0611301
0.0599004
0.058863
0.0590962
0.0642875
0.0819977
0.106708
0.149256
0.200706
0.2609
0.335786
0.425453
0.541235
0.695322
0.897664
1.1469
1.41403
1.66395
1.79925
1.81238
1.77108
1.55952
1.18678
1.01617
1.00034
1
1
1
1
1
1
0.0619843
0.0596524
0.0565131
0.0624682
0.0612287
0.0597494
0.0576147
0.0575537
0.0684893
0.0909797
0.122886
0.162659
0.209476
0.265987
0.339805
0.438692
0.583117
0.778401
1.00321
1.25016
1.50211
1.71861
1.81562
1.81708
1.77299
1.50334
1.12551
1.00828
1.00014
1
1
1
1
1
1
0.0606773
0.0590271
0.0582054
0.0655222
0.0610199
0.0591311
0.0572138
0.0582892
0.0770846
0.100059
0.129199
0.165021
0.210368
0.268395
0.351251
0.491411
0.6656
0.855942
1.07142
1.31257
1.55895
1.75474
1.82268
1.81861
1.72887
1.39535
1.08288
1.00441
1.00006
1
1
1
1
1
1
0.0583731
0.0588587
0.0614928
0.0671925
0.0613958
0.0577439
0.0568495
0.0621817
0.082698
0.102205
0.131106
0.165381
0.210296
0.284308
0.414294
0.557584
0.713704
0.898835
1.11904
1.37012
1.62103
1.78864
1.82528
1.80951
1.66375
1.32606
1.05738
1.00235
1.00003
1
1
1
1
1
1
0.0573597
0.0590241
0.063208
0.0672174
0.0610146
0.0551973
0.0549102
0.0646237
0.0845376
0.102774
0.133341
0.171611
0.237095
0.342718
0.462298
0.58888
0.743597
0.940414
1.18493
1.45804
1.69647
1.81485
1.82651
1.79158
1.62358
1.27227
1.03633
1.00112
1.00001
1
1
1
1
1
1
0.0575653
0.0599436
0.0636081
0.0628122
0.056576
0.0525773
0.0531125
0.0651785
0.0849012
0.108307
0.143763
0.20691
0.28593
0.377067
0.483062
0.611994
0.790519
1.03119
1.30272
1.56014
1.75414
1.82895
1.82905
1.78456
1.58742
1.20268
1.01941
1.00046
1
1
1
1
1
1
1
0.0587402
0.0612775
0.0625906
0.0574891
0.0527899
0.0515413
0.0530573
0.0672732
0.0874897
0.126685
0.17383
0.236639
0.305303
0.389722
0.501321
0.669805
0.895697
1.14383
1.39675
1.6281
1.78867
1.83527
1.83349
1.7847
1.50518
1.1321
1.00972
1.00019
1
1
1
1
1
1
1
0.0616136
0.0617213
0.0604492
0.0556742
0.0519096
0.0518536
0.057092
0.075809
0.101068
0.14156
0.188417
0.245506
0.311241
0.402048
0.559956
0.765982
0.980375
1.21588
1.46506
1.68563
1.81413
1.83771
1.83223
1.73245
1.39618
1.08709
1.00502
1.00008
1
1
1
1
1
1
1
0.0651274
0.0625238
0.0594667
0.055371
0.0520838
0.0545976
0.0625474
0.0826156
0.106673
0.144128
0.190489
0.245907
0.317787
0.458588
0.645987
0.830126
1.0388
1.28573
1.5483
1.74663
1.83126
1.83799
1.81583
1.66018
1.32463
1.0576
1.00242
1.00003
1
1
1
1
1
1
1
0.0678064
0.0635346
0.0601921
0.0564132
0.0530942
0.0561301
0.0650498
0.0842193
0.108068
0.1411
0.18869
0.251262
0.378098
0.539656
0.699677
0.880246
1.11748
1.39721
1.64638
1.79349
1.83924
1.83566
1.79149
1.61491
1.26163
1.03343
1.00105
1.00001
1
1
1
1
1
1
1
0.0686793
0.0639897
0.064289
0.0604671
0.053999
0.0558151
0.0659324
0.0823779
0.111427
0.145744
0.202711
0.317107
0.452204
0.585522
0.744075
0.968324
1.24964
1.5151
1.71578
1.82096
1.84204
1.83704
1.78208
1.56798
1.18248
1.01692
1.00041
1
1
1
1
1
1
1
1
0.0673884
0.0630942
0.06827
0.0628456
0.0539845
0.0527341
0.067629
0.0822147
0.117769
0.18178
0.26731
0.376098
0.486628
0.622042
0.832793
1.09953
1.36178
1.59576
1.76383
1.83648
1.84386
1.83901
1.77862
1.4678
1.1134
1.00783
1.00015
1
1
1
1
1
1
1
1
0.0623629
0.060994
0.0691948
0.0629774
0.0531873
0.0519964
0.0705732
0.0986181
0.148206
0.222053
0.302577
0.39871
0.512445
0.697261
0.955154
1.20078
1.44831
1.66935
1.80333
1.84275
1.84397
1.83143
1.70189
1.35137
1.06883
1.00349
1.00005
1
1
1
1
1
1
1
1
0.0583383
0.0600015
0.0676619
0.0615517
0.0542399
0.0543783
0.0827728
0.121555
0.170263
0.237723
0.315399
0.415227
0.576756
0.818522
1.05129
1.29191
1.54845
1.74288
1.82779
1.8442
1.83971
1.80278
1.61417
1.27175
1.04104
1.00152
1.00002
1
1
1
1
1
1
1
1
0.05711
0.0605585
0.0645096
0.0575484
0.0556946
0.0615565
0.0930637
0.132514
0.178108
0.240187
0.327632
0.47838
0.702305
0.915419
1.14268
1.41572
1.65519
1.79354
1.83927
1.84343
1.8313
1.76843
1.55646
1.20313
1.02143
1.00059
1.00001
1
1
1
1
1
1
1
1
0.0586564
0.064403
0.0618341
0.0525172
0.0536992
0.0681122
0.0969564
0.13477
0.186024
0.2541
0.396848
0.60508
0.79746
1.00308
1.27719
1.54288
1.73181
1.82269
1.84438
1.84405
1.83083
1.74996
1.48985
1.1277
1.0095
1.0002
1
1
1
1
1
1
1
1
1
0.0636077
0.0658642
0.0591883
0.0492315
0.0503281
0.0727279
0.102017
0.139878
0.212537
0.344111
0.510142
0.686836
0.873134
1.12995
1.41776
1.64176
1.78431
1.8392
1.84664
1.84702
1.83658
1.73696
1.37038
1.06938
1.00366
1.00006
1
1
1
1
1
1
1
1
1
0.0671077
0.0632935
0.0547386
0.0476085
0.0507391
0.0822021
0.121488
0.184054
0.281597
0.418274
0.572046
0.750051
0.988516
1.28261
1.53782
1.72349
1.81852
1.84722
1.84881
1.84758
1.82422
1.62976
1.2528
1.03561
1.00132
1.00002
1
1
1
1
1
1
1
1
1
0.0656046
0.0562051
0.0510527
0.0479373
0.0625308
0.107296
0.153102
0.225761
0.327479
0.463462
0.630529
0.863226
1.16016
1.42339
1.64812
1.78666
1.83589
1.85073
1.84942
1.84262
1.77058
1.51352
1.17258
1.01776
1.00048
1.00001
1
1
1
1
1
1
1
1
1
0.059575
0.0510631
0.0497628
0.0537237
0.0798803
0.123114
0.169023
0.252178
0.372424
0.521904
0.753198
1.05435
1.31811
1.554
1.74089
1.82311
1.84403
1.85134
1.84688
1.82463
1.71839
1.4342
1.11135
1.00776
1.00016
1
1
1
1
1
1
1
1
1
1
0.0579571
0.0484619
0.0481057
0.0626788
0.0921681
0.124806
0.180401
0.285545
0.444256
0.669089
0.949766
1.21717
1.45831
1.66971
1.80063
1.83954
1.84764
1.85073
1.84297
1.80824
1.67374
1.33736
1.05729
1.00275
1.00004
1
1
1
1
1
1
1
1
1
1
0.0608488
0.0476411
0.0464574
0.0655947
0.0957252
0.120732
0.223897
0.385083
0.584869
0.839828
1.10437
1.3593
1.59652
1.75212
1.83374
1.84484
1.84822
1.84979
1.84571
1.80922
1.60264
1.20667
1.02359
1.00079
1.00001
1
1
1
1
1
1
1
1
1
1
0.0695043
0.048419
0.0486282
0.0613412
0.0964138
0.170378
0.331044
0.50904
0.728054
0.984554
1.25488
1.52179
1.71055
1.80375
1.84828
1.84542
1.84748
1.84881
1.8439
1.76857
1.44565
1.11377
1.00909
1.00021
1
1
1
1
1
1
1
1
1
1
1
0.0717931
0.0452429
0.0524199
0.0611835
0.10734
0.266448
0.427405
0.622081
0.879013
1.16226
1.44978
1.67109
1.78641
1.82899
1.85202
1.84492
1.84744
1.84646
1.82099
1.65628
1.32138
1.06277
1.00333
1.00006
1
1
1
1
1
1
1
1
1
1
1
0.0685162
0.038371
0.0518229
0.086398
0.192639
0.355969
0.529392
0.784687
1.08142
1.38917
1.62743
1.76935
1.82396
1.83755
1.85346
1.8443
1.84645
1.83797
1.78349
1.57728
1.23066
1.02964
1.00105
1.00001
1
1
1
1
1
1
1
1
1
1
1
0.0626377
0.0366583
0.0480016
0.135053
0.282983
0.452124
0.710451
1.024
1.32932
1.58169
1.74143
1.82233
1.83679
1.8396
1.85508
1.84509
1.84835
1.82895
1.74782
1.48773
1.13114
1.01043
1.00026
1
1
1
1
1
1
1
1
1
1
1
1
0.0447577
0.045055
0.0676994
0.202978
0.389097
0.632901
0.966828
1.27835
1.54148
1.71814
1.81091
1.84382
1.83944
1.83983
1.85808
1.84867
1.85101
1.83423
1.70614
1.32675
1.05463
1.00284
1.00005
1
1
1
1
1
1
1
1
1
1
1
1
0.0260302
0.0524529
0.138485
0.308483
0.564323
0.92545
1.24733
1.51377
1.70144
1.80373
1.84353
1.84767
1.84026
1.84099
1.86143
1.85219
1.85099
1.82033
1.55655
1.17641
1.01956
1.00066
1.00001
1
1
1
1
1
1
1
1
1
1
1
1
0.0127482
0.0614717
0.236668
0.526524
0.886806
1.22971
1.5058
1.69673
1.79942
1.84032
1.85193
1.84804
1.84011
1.84259
1.86398
1.85351
1.83431
1.711
1.38485
1.09054
1.00638
1.00014
1
1
1
1
1
1
1
1
1
1
1
1
1
0.00254807
0.0972683
0.44242
0.855753
1.24002
1.52055
1.70708
1.80036
1.83793
1.85075
1.85291
1.84778
1.8403
1.84484
1.86474
1.84537
1.79939
1.60621
1.26216
1.03961
1.00165
1.00003
1
1
1
1
1
1
1
1
1
1
1
1
1
0.0355234
0.353707
0.823658
1.24978
1.55096
1.7318
1.81083
1.83752
1.84692
1.85261
1.85314
1.84792
1.8405
1.8472
1.86445
1.82463
1.75971
1.49754
1.13933
1.01135
1.00029
1
1
1
1
1
1
1
1
1
1
1
1
1
1
0.201942
0.702433
1.28039
1.61797
1.76921
1.82596
1.84202
1.84465
1.84805
1.85331
1.85456
1.84742
1.84011
1.84857
1.86074
1.81169
1.70112
1.31513
1.04546
1.00193
1.00003
1
1
1
1
1
1
1
1
1
1
1
1
1
1
0.805882
1.35933
1.69312
1.80841
1.84134
1.84681
1.84589
1.84517
1.84896
1.85598
1.85571
1.84593
1.83772
1.84828
1.85324
1.79165
1.5315
1.14052
1.01004
1.00017
1
1
1
1
1
1
1
1
1
1
1
1
1
1
1
1.84506
1.84827
1.85052
1.85113
1.85088
1.84713
1.84471
1.84513
1.85194
1.85814
1.85562
1.84239
1.83429
1.84601
1.83931
1.70701
1.34856
1.04348
0.99964
0.999961
0.999999
1
1
1
1
1
1
1
1
1
1
1
1
1
1
1.84429
1.84704
1.84972
1.85083
1.85092
1.84744
1.84468
1.84395
1.84882
1.85801
1.85726
1.84606
1.82981
1.83415
1.8371
1.69321
1.32262
1.0459
1.00142
1.00001
1
1
1
1
1
1
1
1
1
1
1
1
1
1
1
1.845
1.84678
1.84942
1.85111
1.85088
1.84835
1.84528
1.84405
1.84631
1.85409
1.85642
1.85
1.83037
1.8306
1.83124
1.63454
1.20382
1.01411
1.0002
1
1
1
1
1
1
1
1
1
1
1
1
1
1
1
1
1.84784
1.84784
1.84968
1.85086
1.85064
1.85006
1.84761
1.84568
1.84485
1.84865
1.85292
1.8548
1.83833
1.82873
1.81701
1.52227
1.13176
1.00692
1.00008
1
1
1
1
1
1
1
1
1
1
1
1
1
1
1
1
1.84995
1.84928
1.84987
1.8504
1.85065
1.85113
1.85111
1.84819
1.84453
1.84373
1.85084
1.85795
1.84702
1.81546
1.76342
1.42727
1.08044
1.00272
1.00002
1
1
1
1
1
1
1
1
1
1
1
1
1
1
1
1
1.85144
1.85019
1.84951
1.84933
1.85016
1.85188
1.8535
1.85126
1.84448
1.84067
1.84852
1.86211
1.85544
1.80687
1.70721
1.33959
1.04195
1.00099
1.00001
1
1
1
1
1
1
1
1
1
1
1
1
1
1
1
1
1.85203
1.85047
1.84868
1.84775
1.84863
1.85223
1.85443
1.85336
1.84477
1.83888
1.84583
1.86502
1.85789
1.80336
1.64353
1.239
1.0201
1.00034
1
1
1
1
1
1
1
1
1
1
1
1
1
1
1
1
1
1.85152
1.84979
1.84731
1.8464
1.84695
1.85152
1.85464
1.85418
1.84537
1.83809
1.84212
1.86284
1.85652
1.78924
1.56236
1.15763
1.00929
1.00011
1
1
1
1
1
1
1
1
1
1
1
1
1
1
1
1
1
1.84991
1.84875
1.84629
1.8455
1.84579
1.8489
1.85318
1.85443
1.84715
1.83867
1.83975
1.85571
1.84734
1.7451
1.46775
1.09282
1.00355
1.00003
1
1
1
1
1
1
1
1
1
1
1
1
1
1
1
1
1
1.84878
1.84822
1.84611
1.84518
1.84554
1.84631
1.8494
1.8528
1.85023
1.84224
1.83977
1.85382
1.84397
1.70777
1.36226
1.04944
1.00128
1.00001
1
1
1
1
1
1
1
1
1
1
1
1
1
1
1
1
1
1.84826
1.84825
1.84687
1.84595
1.84653
1.84552
1.84592
1.85149
1.85221
1.84704
1.83906
1.84836
1.84254
1.66096
1.25366
1.02339
1.00042
1
1
1
1
1
1
1
1
1
1
1
1
1
1
1
1
1
1
1.84833
1.8489
1.84856
1.8486
1.84881
1.84525
1.84389
1.84851
1.85322
1.85567
1.83728
1.8287
1.81619
1.57078
1.16115
1.00973
1.00012
1
1
1
1
1
1
1
1
1
1
1
1
1
1
1
1
1
1
1.84891
1.84961
1.85053
1.85148
1.85125
1.84614
1.8434
1.84494
1.85419
1.86115
1.84429
1.8087
1.77179
1.47295
1.09785
1.00382
1.00004
1
1
1
1
1
1
1
1
1
1
1
1
1
1
1
1
1
1
1.84932
1.84965
1.85201
1.85319
1.85281
1.84842
1.84373
1.84316
1.85289
1.86285
1.85265
1.80279
1.731
1.36949
1.05059
1.00131
1.00001
1
1
1
1
1
1
1
1
1
1
1
1
1
1
1
1
1
1
1.84988
1.84979
1.85246
1.8536
1.85313
1.85033
1.84433
1.84274
1.8512
1.86286
1.85512
1.79951
1.66778
1.24574
1.02216
1.00039
1
1
1
1
1
1
1
1
1
1
1
1
1
1
1
1
1
1
1
1.85029
1.84985
1.8515
1.8523
1.85236
1.85181
1.84575
1.84249
1.84808
1.86175
1.85236
1.77151
1.56004
1.15755
1.00947
1.00011
1
1
1
1
1
1
1
1
1
1
1
1
1
1
1
1
1
1
1
1.84903
1.84807
1.84805
1.84815
1.84998
1.85237
1.84842
1.84293
1.84347
1.86206
1.85276
1.75023
1.45857
1.08909
1.00325
1.00003
1
1
1
1
1
1
1
1
1
1
1
1
1
1
1
1
1
1
1
1.84773
1.8466
1.84555
1.84489
1.84731
1.85107
1.85036
1.84202
1.83674
1.85108
1.85158
1.72486
1.33272
1.0407
1.00098
1.00001
1
1
1
1
1
1
1
1
1
1
1
1
1
1
1
1
1
1
1
1.84753
1.84662
1.84468
1.84371
1.84469
1.85019
1.85163
1.84573
1.83123
1.82994
1.82899
1.62766
1.22108
1.01783
1.00028
1
1
1
1
1
1
1
1
1
1
1
1
1
1
1
1
1
1
1
1
1.84771
1.84759
1.84513
1.84411
1.84287
1.84668
1.85153
1.85501
1.83282
1.81557
1.80199
1.53746
1.13617
1.00674
1.00007
1
1
1
1
1
1
1
1
1
1
1
1
1
1
1
1
1
1
1
1
1.84831
1.85006
1.84876
1.84843
1.84395
1.84351
1.85106
1.85931
1.84742
1.80926
1.77299
1.41701
1.06567
1.00204
1.00002
1
1
1
1
1
1
1
1
1
1
1
1
1
1
1
1
1
1
1
1
1.84864
1.85125
1.85139
1.85201
1.84605
1.84362
1.84901
1.86114
1.85427
1.80181
1.68687
1.27793
1.02928
1.00059
1
1
1
1
1
1
1
1
1
1
1
1
1
1
1
1
1
1
1
1
1
1.84855
1.85146
1.85288
1.85422
1.84817
1.84475
1.84757
1.86394
1.85608
1.77951
1.58445
1.17958
1.01166
1.00015
1
1
1
1
1
1
1
1
1
1
1
1
1
1
1
1
1
1
1
1
1
1.84834
1.85097
1.85342
1.85522
1.85077
1.84296
1.84485
1.8647
1.85827
1.76934
1.46911
1.09078
1.00342
1.00003
1
1
1
1
1
1
1
1
1
1
1
1
1
1
1
1
1
1
1
1
1
1.84895
1.8482
1.85129
1.85431
1.85274
1.8424
1.83669
1.85087
1.85313
1.71725
1.32433
1.03878
1.00093
1.00001
1
1
1
1
1
1
1
1
1
1
1
1
1
1
1
1
1
1
1
1
1
1.84858
1.84553
1.84679
1.84986
1.85173
1.84779
1.83229
1.83467
1.82761
1.6122
1.20781
1.01546
1.00023
1
1
1
1
1
1
1
1
1
1
1
1
1
1
1
1
1
1
1
1
1
1
1.84855
1.84431
1.84129
1.84123
1.84683
1.85572
1.83785
1.82155
1.80669
1.5133
1.10987
1.00463
1.00005
1
1
1
1
1
1
1
1
1
1
1
1
1
1
1
1
1
1
1
1
1
1
1.84939
1.84431
1.83847
1.83528
1.84287
1.85848
1.85216
1.81206
1.75249
1.35621
1.04557
1.00118
1.00001
1
1
1
1
1
1
1
1
1
1
1
1
1
1
1
1
1
1
1
1
1
1
1.85001
1.84551
1.83871
1.83426
1.84073
1.86059
1.86008
1.79701
1.63898
1.22102
1.01795
1.00028
1
1
1
1
1
1
1
1
1
1
1
1
1
1
1
1
1
1
1
1
1
1
1
1.84865
1.84807
1.84325
1.83908
1.84133
1.86387
1.8642
1.77423
1.51833
1.11714
1.0052
1.00006
1
1
1
1
1
1
1
1
1
1
1
1
1
1
1
1
1
1
1
1
1
1
1
1.84635
1.8491
1.84799
1.8461
1.8412
1.86337
1.86876
1.75209
1.35375
1.04481
1.00116
1.00001
1
1
1
1
1
1
1
1
1
1
1
1
1
1
1
1
1
1
1
1
1
1
1
1.84427
1.84767
1.85123
1.85379
1.83949
1.85274
1.86092
1.62784
1.20498
1.01552
1.00024
1
1
1
1
1
1
1
1
1
1
1
1
1
1
1
1
1
1
1
1
1
1
1
1
1.84038
1.84232
1.85182
1.86518
1.85546
1.84053
1.81
1.49071
1.10425
1.00422
1.00004
1
1
1
1
1
1
1
1
1
1
1
1
1
1
1
1
1
1
1
1
1
1
1
1
1.83856
1.83704
1.84083
1.86905
1.87761
1.83563
1.73886
1.33211
1.03722
1.00088
1.00001
1
1
1
1
1
1
1
1
1
1
1
1
1
1
1
1
1
1
1
1
1
1
1
1
1.83818
1.83446
1.83088
1.87233
1.88239
1.82914
1.60852
1.16914
1.01048
1.00015
1
1
1
1
1
1
1
1
1
1
1
1
1
1
1
1
1
1
1
1
1
1
1
1
1
1.83781
1.83341
1.82574
1.8709
1.883
1.77047
1.43724
1.07479
1.00254
1.00002
1
1
1
1
1
1
1
1
1
1
1
1
1
1
1
1
1
1
1
1
1
1
1
1
1
1.83552
1.83714
1.82917
1.87101
1.88086
1.69615
1.26877
1.02335
1.00044
1
1
1
1
1
1
1
1
1
1
1
1
1
1
1
1
1
1
1
1
1
1
1
1
1
1
1.8276
1.84798
1.85877
1.8697
1.86768
1.54928
1.11482
1.00532
1.00006
1
1
1
1
1
1
1
1
1
1
1
1
1
1
1
1
1
1
1
1
1
1
1
1
1
1
1.82225
1.86353
1.89975
1.84667
1.76663
1.33467
1.03933
1.00095
1.00001
1
1
1
1
1
1
1
1
1
1
1
1
1
1
1
1
1
1
1
1
1
1
1
1
1
1
1.82927
1.89238
1.9204
1.83889
1.61719
1.16792
1.01029
1.00014
1
1
1
1
1
1
1
1
1
1
1
1
1
1
1
1
1
1
1
1
1
1
1
1
1
1
1
1.85294
1.90586
1.92609
1.80215
1.40521
1.05561
1.00163
1.00002
1
1
1
1
1
1
1
1
1
1
1
1
1
1
1
1
1
1
1
1
1
1
1
1
1
1
1
1.87004
1.90157
1.92262
1.66325
1.19074
1.01324
1.00022
1
1
1
1
1
1
1
1
1
1
1
1
1
1
1
1
1
1
1
1
1
1
1
1
1
1
1
1
1.92029
1.90213
1.83913
1.42419
1.06916
1.00232
1.00002
1
1
1
1
1
1
1
1
1
1
1
1
1
1
1
1
1
1
1
1
1
1
1
1
1
1
1
1
2.04673
1.83363
1.69711
1.21429
1.01693
1.00032
1
1
1
1
1
1
1
1
1
1
1
1
1
1
1
1
1
1
1
1
1
1
1
1
1
1
1
1
1
2.13741
1.75671
1.42872
1.06927
1.00271
1.00003
1
1
1
1
1
1
1
1
1
1
1
1
1
1
1
1
1
1
1
1
1
1
1
1
1
1
1
1
1
2.16173
1.60841
1.20567
1.01809
1.00042
1
1
1
1
1
1
1
1
1
1
1
1
1
1
1
1
1
1
1
1
1
1
1
1
1
1
1
1
1
1
2.03695
1.40313
1.08148
1.00383
1.00006
1
1
1
1
1
1
1
1
1
1
1
1
1
1
1
1
1
1
1
1
1
1
1
1
1
1
1
1
1
1
1.82105
1.22803
1.02279
1.00057
1.00001
1
1
1
1
1
1
1
1
1
1
1
1
1
1
1
1
1
1
1
1
1
1
1
1
1
1
1
1
1
1
1.53001
1.09024
1.0045
1.00006
1
1
1
1
1
1
1
1
1
1
1
1
1
1
1
1
1
1
1
1
1
1
1
1
1
1
1
1
1
1
1
1.20281
1.01819
1.00032
1
1
1
1
1
1
1
1
1
1
1
1
1
1
1
1
1
1
1
1
1
1
1
1
1
1
1
1
1
1
1
1
1
1
1
1
1
1
1
1
1
1
1
1
1
1
1
1
1
1
1
1
1
1
1
1
1
1
1
1
1
1
1
1
1
1
1
1
1
1
1
1
1
1
1
1
1
1
1
1
1
1
1
1
1
1
1
1
1
1
1
1
1
1
1
1
1
1
1
1
1
1
1
1
1
1
1
1
1
1
1
1
1
1
1
1
1
1
1
1
1
1
1
1
1
1
1
1
1
1
1
1
1
1
1
1
1
1
1
1
1
1
1
1
1
1
1
1
1
1
1
1
1
1
1
1
1
1
1
1
1
1
1
1
1
1
1
1
1
1
1
1
1
1
1
1
1
1
1
1
1
1
1
1
1
1
1
1
1
1
1
1
1
1
1
1
1
1
1
1
1
1
1
1
1
1
1
1
1
1
1
1
1
1
1
1
1
1
1
1
1
1
1
1
1
1
1
1
1
1
1
1
1
1
1
1
1
1
1
1
1
1
1
1
1
1
1
1
1
1
1
1
1
1
1
1
1
1
1
1
1
1
1
1
1
1
1
1
1
1
1
1
1
1
1
1
1
1
1
1
1
1
1
1
1
1
1
1
1
1
1
1
1
1
1
1
1
1
1
1
1
1
1
1
1
1
1
1
1
1
1
1
1
1
1
1
1
1
1
1
1
1
1
1
1
1
1
1
1
1
1
1
1
1
1
1
1
1
1
1
1
1
1
1
1
1
1
1
1
1
1
1
1
1
1
1
1
1
1
1
1
1
1
1
1
1
1
1
1
1
1
1
1
1
1
1
1
1
1
1
1
1
1
1
1
1
1
1
1
1
1
1
1
1
1
1
1
1
1
1
1
1
1
1
1
1
1
1
1
1
1
1
1
1
1
1
1
1
1
1
1
1
1
1
1
1
1
1
1
1
1
1
1
1
1
1
1
1
1
1
1
1
1
1
1
1
1
1
1
1
1
1
1
1
1
1
1
1
1
1
1
1
1
1
1
1
1
1
1
1
1
1
1
1
1
1
1
1
1
1
1
1
1
1
1
1
1
1
1
1
1
1
1
1
1
1
1
1
1
1
1
1
1
1
1
1
1
1
1
1
1
1
1
1
1
1
1
1
1
1
1
1
1
1
1
1
1
1
1
1
1
1
1
1
1
1
1
1
1
1
1
1
1
1
1
1
1
1
1
1
1
1
1
1
1
1
1
1
1
1
1
1
1
1
1
1
1
1
1
1
1
1
1
1
1
1
1
1
1
1
1
1
1
1
1
1
1
1
1
1
1
1
1
1
1
1
1
1
1
1
1
1
1
1
1
1
1
1
1
1
1
1
1
1
1
1
1
1
1
1
1
1
1
1
1
1
1
1
1
1
1
1
1
1
1
1
1
1
1
1
1
1
1
1
1
1
1
1
1
1
1
1
1
1
1
1
1
1
1
1
1
1
1
1
1
1
1
1
1
1
1
1
1
1
1
1
1
1
1
1
1
1
1
1
1
1
1
1
1
1
1
1
1
1
1
1
1
1
1
1
1
1
1
1
1
1
1
1
1
1
1
1
1
1
1
1
1
1
1
1
1
1
1
1
1
1
1
1
1
1
1
1
1
1
1
1
1
1
1
1
1
1
1
1
1
1
1
1
1
1
1
1
1
1
1
1
1
1
1
1
1
1
1
1
1
1
1
1
1
1
1
1
1
1
1
1
1
1
1
1
1
1
1
1
1
1
1
1
1
1
1
1
1
1
1
1
1
1
1
1
1
1
1
1
1
1
1
1
1
1
1
1
1
1
1
1
1
1
1
1
1
1
1
1
1
1
1
1
1
1
1
1
1
1
1
1
1
1
1
1
1
1
1
1
1
1
1
1
1
1
1
1
1
1
1
1
1
1
1
1
1
1
1
1
1
1
1
1
1
1
1
1
1
1
1
1
1
1
1
1
1
1
1
1
1
1
1
1
1
1
1
1
1
1
1
1
1
1
1
1
1
1
1
1
1
1
1
1
1
1
1
1
1
1
1
1
1
1
1
1
1
1
1
1
1
1
1
1
1
1
1
1
1
1
1
1
1
1
1
1
1
1
1
1
1
1
1
1
1
1
1
1
1
1
1
1
1
1
1
1
1
1
1
1
1
1
1
1
1
1
1
1
1
1
1
1
1
1
1
1
1
1
1
1
1
1
1
1
1
1
1
1
1
1
1
1
1
1
1
1
1
1
1
1
1
1
1
1
1
1
1
1
1
1
1
1
1
1
1
1
1
1
1
1
1
1
1
1
1
1
1
1
1
1
1
1
1
1
1
1
1
1
1
1
1
1
1
1
1
1
1
1
1
1
1
1
1
1
1
1
1
1
1
1
1
1
1
1
1
1
1
1
1
1
1
1
1
1
1
1
1
1
1
1
1
1
1
1
1
1
1
1
1
1
1
1
1
1
1
1
1
1
1
1
1
1
1
1
1
1
1
1
1
1
1
1
1
1
1
1
1
1
1
1
1
1
1
1
1
1
1
1
1
1
1
1
1
1
1
1
1
1
1
1
1
1
1
1
1
1
1
1
1
1
1
1
1
1
1
1
1
1
1
1
1
1
1
1
1
1
1
1
1
1
1
1
1
1
1
1
1
1
1
1
1
1
1
1
1
1
1
1
1
1
1
1
1
1
1
1
1
1
1
1
1
1
1
1
1
1
1
1
1
1
1
1
1
1
1
1
1
1
1
1
1
1
1
1
1
1
1
1
1
1
1
1
1
1
1
1
1
1
1
1
1
1
1
1
1
1
1
1
1
1
1
1
1
1
1
1
1
1
1
1
1
1
1
1
1
1
1
1
1
1
1
1
1
1
1
1
1
1
1
1
1
1
1
1
1
1
1
1
1
1
1
1
1
1
1
1
1
1
1
1
1
1
1
1
1
1
1
1
1
1
1
1
1
1
1
1
1
1
1
1
1
1
1
1
1
1
1
1
1
1
1
1
1
1
1
1
1
1
1
1
1
1
1
1
1
1
1
1
1
1
1
1
1
1
1
1
1
1
1
1
1
1
1
1
1
1
1
1
1
1
1
1
1
1
1
1
1
1
1
1
1
1
1
1
1
1
1
1
1
1
1
1
1
1
1
1
1
1
1
1
1
1
1
1
1
1
1
1
1
1
1
1
1
1
1
1
1
1
1
1
1
1
1
1
1
1
1
1
1
1
1
1
1
1
1
1
1
1
1
1
1
1
1
1
1
1
1
1
1
1
1
1
1
1
1
1
1
1
1
1
1
1
1
1
1
1
1
1
1
1
1
1
1
1
1
1
1
1
1
1
1
1
1
1
1
1
1
1
1
1
1
1
1
1
1
1
1
1
1
1
1
1
1
1
1
1
1
1
1
1
1
1
1
1
1
1
1
1
1
1
1
1
1
1
1
1
1
1
1
1
1
1
1
1
1
1
1
1
1
1
1
1
1
1
1
1
1
1
1
1
1
1
1
1
1
1
1
1
1
1
1
1
1
1
1
1
1
1
1
1
1
1
1
1
1
1
1
1
1
1
1
1
1
1
1
1
1
1
1
1
1
1
1
1
1
1
1
1
1
1
1
1
1
1
1
1
1
1
1
1
1
1
1
1
1
1
1
1
1
1
1
1
1
1
1
1
1
1
1
1
1
1
1
1
1
1
1
1
1
1
1
1
1
1
1
1
1
1
1
1
1
1
1
1
1
1
1
1
1
1
1
1
1
1
1
1
1
1
1
1
1
1
1
1
1
1
1
1
1
1
1
1
1
1
1
1
1
1
1
1
1
1
1
1
1
1
1
1
1
1
1
1
1
1
1
1
1
1
1
1
1
1
1
1
1
1
1
1
1
1
1
1
1
1
1
1
1
1
1
1
1
1
1
1
1
1
1
1
1
1
1
1
1
1
1
1
1
1
1
1
1
1
1
1
1
1
1
1
1
1
1
1
1
1
1
1
1
1
1
1
1
1
1
1
1
1
1
1
1
1
1
1
1
1
1
1
1
1
1
1
1
1
1
1
1
1
1
1
1
1
1
1
1
1
1
1
1
1
1
1
1
1
1
1
1
1
1
1
1
1
1
1
1
1
1
1
1
1
1
1
1
1
1
1
1
1
1
1
1
1
1
1
1
1
1
1
1
1
1
1
1
1
1
1
1
1
1
1
1
1
1
1
1
1
1
1
1
1
1
1
1
1
1
1
1
1
1
1
1
1
1
1
1
1
1
1
1
1
1
1
1
1
1
1
1
1
1
1
1
1
1
1
1
1
1
1
1
1
1
1
1
1
1
1
1
1
1
1
1
1
1
1
1
1
1
1
1
1
1
1
1
1
1
1
1
1
1
1
1
1
1
1
1
1
1
1
1
1
1
1
1
1
1
1
1
1
1
1
1
1
1
1
1
1
1
1
1
1
1
1
1
1
1
1
1
1
1
1
1
1
1
1
1
1
1
1
1
1
1
1
1
1
1
1
1
1
1
1
1
1
1
1
1
1
1
1
1
1
1
1
1
1
1
1
1
1
1
1
1
1
1
1
1
1
1
1
1
1
1
1
1
1
1
1
1
1
1
1
1
1
1
1
1
1
1
1
1
1
1
1
1
1
1
1
1
1
1
1
1
1
1
1
1
1
1
1
1
1
1
1
1
1
1
1
1
1
1
1
1
1
1
1
1
1
1
1
1
1
1
1
1
1
1
1
1
1
1
1
1
1
1
1
1
1
1
1
1
1
1
1
1
1
1
1
1
1
1
1
1
1
1
1
1
1
1
1
1
1
1.67709
0.999472
1
1
1
1
1
1
1
1
1
1
1
1
1
1
1
1
1
1
1
1
1
1
1
1
1
1
1
1
1
1
1
1
1
3.30054
1.05263
1
1
1
1
1
1
1
1
1
1
1
1
1
1
1
1
1
1
1
1
1
1
1
1
1
1
1
1
1
1
1
1
1
5.55949
1.49153
0.999616
1
1
1
1
1
1
1
1
1
1
1
1
1
1
1
1
1
1
1
1
1
1
1
1
1
1
1
1
1
1
1
1
8.44114
3.62647
1.11103
0.999954
1
1
1
1
1
1
1
1
1
1
1
1
1
1
1
1
1
1
1
1
1
1
1
1
1
1
1
1
1
1
1
8.89614
6.40893
3.50762
1.10379
0.999945
1
1
1
1
1
1
1
1
1
1
1
1
1
1
1
1
1
1
1
1
1
1
1
1
1
1
1
1
1
1
7.29537
6.15302
6.38697
3.30641
1.07835
1
1
1
1
1
1
1
1
1
1
1
1
1
1
1
1
1
1
1
1
1
1
1
1
1
1
1
1
1
1
6.14191
6.02227
6.59765
6.03538
2.44673
0.999105
1
1
1
1
1
1
1
1
1
1
1
1
1
1
1
1
1
1
1
1
1
1
1
1
1
1
1
1
1
5.72933
5.86438
6.28221
6.01808
4.75982
1.59273
0.999508
1
1
1
1
1
1
1
1
1
1
1
1
1
1
1
1
1
1
1
1
1
1
1
1
1
1
1
1
5.72372
5.77502
5.79924
5.80935
5.94308
3.39504
1.10427
1
1
1
1
1
1
1
1
1
1
1
1
1
1
1
1
1
1
1
1
1
1
1
1
1
1
1
1
5.6968
5.7427
5.70381
5.78344
6.00586
5.44631
2.13384
0.999109
1
1
1
1
1
1
1
1
1
1
1
1
1
1
1
1
1
1
1
1
1
1
1
1
1
1
1
5.70977
5.76019
5.7609
5.81267
5.90935
5.70234
4.01469
1.27398
0.999985
1
1
1
1
1
1
1
1
1
1
1
1
1
1
1
1
1
1
1
1
1
1
1
1
1
1
5.74389
5.79612
5.8141
5.82311
5.76426
5.69971
5.19466
2.24694
0.999554
1
1
1
1
1
1
1
1
1
1
1
1
1
1
1
1
1
1
1
1
1
1
1
1
1
1
5.79123
5.83899
5.83254
5.81491
5.73311
5.71119
5.79347
4.11898
1.26129
0.999719
1
1
1
1
1
1
1
1
1
1
1
1
1
1
1
1
1
1
1
1
1
1
1
1
1
5.83914
5.87105
5.83979
5.82381
5.74804
5.77808
5.88326
5.22058
2.34708
1.0041
1
1
1
1
1
1
1
1
1
1
1
1
1
1
1
1
1
1
1
1
1
1
1
1
1
5.87687
5.88687
5.8423
5.83491
5.79867
5.82248
5.88288
5.55729
3.79152
1.20836
1
1
1
1
1
1
1
1
1
1
1
1
1
1
1
1
1
1
1
1
1
1
1
1
1
5.88118
5.87445
5.83703
5.83695
5.83974
5.8493
5.86796
5.76312
5.30306
2.12737
0.999014
1
1
1
1
1
1
1
1
1
1
1
1
1
1
1
1
1
1
1
1
1
1
1
1
5.87249
5.86256
5.84689
5.84565
5.86549
5.86175
5.86024
5.83265
5.75876
3.77175
1.17611
1
1
1
1
1
1
1
1
1
1
1
1
1
1
1
1
1
1
1
1
1
1
1
1
5.85594
5.85487
5.85447
5.85335
5.86946
5.86585
5.86495
5.8249
5.76124
4.91405
1.86214
0.999198
1
1
1
1
1
1
1
1
1
1
1
1
1
1
1
1
1
1
1
1
1
1
1
5.83798
5.85182
5.86117
5.85548
5.865
5.86256
5.86591
5.84153
5.81614
5.72773
3.32191
1.08053
1
1
1
1
1
1
1
1
1
1
1
1
1
1
1
1
1
1
1
1
1
1
1
5.82572
5.84754
5.86197
5.85613
5.85662
5.85721
5.87074
5.84701
5.84984
5.93587
4.85437
1.65754
0.999327
1
1
1
1
1
1
1
1
1
1
1
1
1
1
1
1
1
1
1
1
1
1
5.82483
5.8477
5.85658
5.85261
5.84492
5.84964
5.87063
5.85245
5.83774
5.91328
5.42146
2.78939
1.03086
1
1
1
1
1
1
1
1
1
1
1
1
1
1
1
1
1
1
1
1
1
1
5.83298
5.85262
5.8538
5.85078
5.8399
5.84618
5.86635
5.84574
5.82485
5.86933
5.78885
4.33885
1.34112
0.999616
1
1
1
1
1
1
1
1
1
1
1
1
1
1
1
1
1
1
1
1
1
5.84467
5.86029
5.85032
5.85027
5.83926
5.84523
5.86096
5.84006
5.82325
5.88634
5.93942
5.46192
2.33828
1.00556
1
1
1
1
1
1
1
1
1
1
1
1
1
1
1
1
1
1
1
1
1
5.85273
5.86539
5.85002
5.85082
5.84166
5.84556
5.8597
5.84208
5.82745
5.88175
5.94915
5.64448
3.71873
1.16742
1
1
1
1
1
1
1
1
1
1
1
1
1
1
1
1
1
1
1
1
1
5.85485
5.86922
5.85448
5.8522
5.84561
5.84831
5.85952
5.84251
5.83153
5.87242
5.92373
5.74422
4.93213
1.75858
0.99921
1
1
1
1
1
1
1
1
1
1
1
1
1
1
1
1
1
1
1
1
5.84924
5.87031
5.85995
5.85389
5.85064
5.85331
5.86242
5.84431
5.8322
5.86257
5.88627
5.79647
5.74381
3.03879
1.04678
1
1
1
1
1
1
1
1
1
1
1
1
1
1
1
1
1
1
1
1
5.84342
5.86606
5.86294
5.85308
5.85268
5.85542
5.86581
5.84946
5.8313
5.85062
5.86779
5.83263
5.82543
4.40141
1.39227
0.999575
1
1
1
1
1
1
1
1
1
1
1
1
1
1
1
1
1
1
1
5.84362
5.85852
5.86236
5.85048
5.85252
5.85429
5.86435
5.85123
5.83027
5.84528
5.86506
5.83107
5.76351
5.19678
2.2036
1.0039
1
1
1
1
1
1
1
1
1
1
1
1
1
1
1
1
1
1
1
5.84556
5.85325
5.85843
5.84625
5.84877
5.84809
5.85716
5.84724
5.82661
5.83923
5.85917
5.81865
5.75108
5.75589
3.48373
1.1095
1
1
1
1
1
1
1
1
1
1
1
1
1
1
1
1
1
1
1
5.84754
5.85063
5.85368
5.84184
5.84241
5.83881
5.84369
5.83557
5.81618
5.82689
5.84263
5.8104
5.76373
5.85971
4.75733
1.57705
0.999353
1
1
1
1
1
1
1
1
1
1
1
1
1
1
1
1
1
1
5.84584
5.84729
5.84756
5.83636
5.83367
5.82637
5.82503
5.81552
5.79681
5.8053
5.81408
5.78692
5.74323
5.81495
5.27183
2.50056
1.01476
1
1
1
1
1
1
1
1
1
1
1
1
1
1
1
1
1
1
5.83814
5.839
5.83574
5.82207
5.81862
5.80802
5.80303
5.79116
5.77072
5.77648
5.77995
5.75218
5.69137
5.69902
5.55555
3.58613
1.15038
1
1
1
1
1
1
1
1
1
1
1
1
1
1
1
1
1
1
5.8236
5.82338
5.81831
5.80123
5.79542
5.78322
5.77823
5.76403
5.74183
5.74411
5.7449
5.72022
5.66252
5.65504
5.70978
4.69314
1.59837
0.999322
1
1
1
1
1
1
1
1
1
1
1
1
1
1
1
1
1
5.80255
5.79958
5.79526
5.77527
5.76658
5.75515
5.74828
5.73386
5.71126
5.71074
5.71078
5.69039
5.64244
5.64238
5.71454
5.20739
2.42755
1.0127
1
1
1
1
1
1
1
1
1
1
1
1
1
1
1
1
1
5.77618
5.76906
5.76682
5.7447
5.73415
5.72603
5.7137
5.7015
5.67945
5.67664
5.67704
5.65855
5.62163
5.60607
5.67097
5.38333
3.4331
1.12555
1
1
1
1
1
1
1
1
1
1
1
1
1
1
1
1
1
5.7454
5.7347
5.73397
5.71178
5.7009
5.69399
5.67909
5.66787
5.64665
5.64125
5.64033
5.62244
5.58725
5.56232
5.58135
5.46321
4.28132
1.45247
0.999489
1
1
1
1
1
1
1
1
1
1
1
1
1
1
1
1
5.71265
5.69955
5.69856
5.67863
5.66843
5.66203
5.64647
5.63696
5.61584
5.60666
5.60341
5.58742
5.55268
5.52045
5.54238
5.52048
4.97782
2.08907
1.00424
1
1
1
1
1
1
1
1
1
1
1
1
1
1
1
1
5.68063
5.66613
5.66344
5.64711
5.639
5.63242
5.61695
5.60841
5.58653
5.57485
5.57134
5.55652
5.52669
5.49171
5.5196
5.53669
5.21724
2.91639
1.05276
1
1
1
1
1
1
1
1
1
1
1
1
1
1
1
1
5.65015
5.6353
5.63093
5.61789
5.61144
5.60404
5.58867
5.58052
5.55815
5.54528
5.54327
5.53107
5.5054
5.46944
5.48251
5.51081
5.2857
3.83473
1.24846
1
1
1
1
1
1
1
1
1
1
1
1
1
1
1
1
5.62078
5.60678
5.60145
5.59061
5.5846
5.57642
5.56098
5.55326
5.53076
5.51636
5.51586
5.50671
5.48315
5.44773
5.44795
5.46497
5.31512
4.38524
1.64088
0.999635
1
1
1
1
1
1
1
1
1
1
1
1
1
1
1
5.59256
5.58042
5.57462
5.56481
5.5588
5.54943
5.53361
5.52628
5.50408
5.48884
5.4883
5.4806
5.45684
5.42225
5.41354
5.42697
5.3547
4.90864
2.23275
1.00902
1
1
1
1
1
1
1
1
1
1
1
1
1
1
1
5.56577
5.55593
5.55
5.54011
5.53383
5.52336
5.50717
5.50025
5.47881
5.46343
5.4621
5.45574
5.43186
5.39979
5.38249
5.40419
5.38056
5.1425
3.04663
1.07408
1
1
1
1
1
1
1
1
1
1
1
1
1
1
1
5.54049
5.53222
5.52686
5.51607
5.50926
5.49845
5.48239
5.47571
5.45507
5.43987
5.43816
5.43324
5.41128
5.37947
5.35763
5.37676
5.38047
5.17211
3.72015
1.26289
1
1
1
1
1
1
1
1
1
1
1
1
1
1
1
5.51666
5.50801
5.50324
5.49096
5.48366
5.47326
5.45799
5.45203
5.43265
5.41741
5.41493
5.412
5.39356
5.36194
5.33396
5.34784
5.35573
5.21377
4.24792
1.59292
0.999773
1
1
1
1
1
1
1
1
1
1
1
1
1
1
5.49367
5.48297
5.4781
5.46447
5.45752
5.44858
5.43409
5.42925
5.41102
5.39465
5.39078
5.39023
5.37758
5.3463
5.31272
5.31811
5.32043
5.2376
4.77962
2.13278
1.0084
1
1
1
1
1
1
1
1
1
1
1
1
1
1
5.47151
5.45761
5.45152
5.43779
5.43238
5.42464
5.41036
5.40717
5.39074
5.37247
5.36489
5.36627
5.35988
5.32936
5.29293
5.28729
5.29894
5.25076
4.99805
2.77382
1.04966
1
1
1
1
1
1
1
1
1
1
1
1
1
1
5.44808
5.43192
5.42451
5.41194
5.40803
5.40103
5.38717
5.38564
5.37127
5.35174
5.34004
5.34094
5.33878
5.31231
5.2768
5.26205
5.27285
5.25966
5.02071
3.42761
1.18105
1
1
1
1
1
1
1
1
1
1
1
1
1
1
5.42722
5.40752
5.39732
5.38698
5.38424
5.37793
5.36496
5.36702
5.35465
5.333
5.31582
5.31524
5.3173
5.29736
5.26414
5.24127
5.24941
5.24494
5.06473
3.90179
1.40569
0.999693
1
1
1
1
1
1
1
1
1
1
1
1
1
5.40229
5.38099
5.36942
5.36107
5.35862
5.35479
5.34371
5.34705
5.33739
5.31598
5.29473
5.29036
5.29554
5.28376
5.25431
5.22487
5.22667
5.22297
5.11173
4.51424
1.8517
1.00607
1
1
1
1
1
1
1
1
1
1
1
1
1
5.37893
5.36122
5.3509
5.34275
5.33885
5.33406
5.32302
5.33065
5.32236
5.29902
5.27476
5.26756
5.27312
5.26676
5.24033
5.20334
5.20063
5.20691
5.13105
4.63273
2.23052
0.980417
0.999962
1
1
1
1
1
1
1
1
1
1
1
1
2.10523
3.53696
4.2743
4.707
4.97543
5.13267
5.21437
5.26046
5.28231
5.28334
5.26833
5.25379
5.2503
5.25335
5.23822
5.20367
5.17445
5.18732
5.17683
4.85214
3.13827
1.20837
1.00267
1.00001
1
1
1
1
1
1
1
1
1
1
1
0.546798
1.87781
2.84392
3.56479
4.10203
4.48519
4.79403
4.97824
5.11195
5.18475
5.2177
5.22998
5.22753
5.22781
5.22924
5.21311
5.17339
5.15506
5.1749
5.05085
4.27449
1.79106
1.02874
1.00019
1
1
1
1
1
1
1
1
1
1
1
0.219337
0.9993
1.72551
2.45474
3.11555
3.6492
4.06059
4.44804
4.70489
4.91188
5.05108
5.13423
5.17777
5.19116
5.20373
5.20936
5.17854
5.1388
5.15047
5.14488
4.84911
2.82097
1.17187
1.00251
1.00001
1
1
1
1
1
1
1
1
1
1
0.248446
0.691857
1.09193
1.60922
2.21125
2.84198
3.31604
3.76981
4.14832
4.4582
4.709
4.90498
5.04095
5.11399
5.15191
5.18057
5.17568
5.14068
5.11237
5.15749
4.95331
3.68367
1.52845
1.01553
1.0001
1
1
1
1
1
1
1
1
1
1
0.312035
0.545946
0.782817
1.15342
1.54485
2.09663
2.67615
3.07468
3.56488
3.93192
4.26685
4.56504
4.7808
4.94511
5.05308
5.1148
5.14787
5.13929
5.10287
5.13627
5.04915
4.3082
2.1614
1.06929
1.00066
1
1
1
1
1
1
1
1
1
1
0.376549
0.438917
0.565382
0.912783
1.24175
1.54334
2.09032
2.55542
2.95495
3.36642
3.77155
4.10292
4.41298
4.67206
4.8603
4.98881
5.07582
5.11352
5.10462
5.12205
5.11368
4.83952
3.01367
1.25101
1.00469
1.00002
1
1
1
1
1
1
1
1
1
0.461541
0.401803
0.397713
0.669185
1.0179
1.29684
1.61548
2.11729
2.47529
2.89726
3.26688
3.62386
4.00857
4.3076
4.57923
4.80014
4.94678
5.04351
5.08938
5.1102
5.15191
4.98266
3.78221
1.63323
1.0221
1.00015
1
1
1
1
1
1
1
1
1
0.542619
0.412513
0.378809
0.492214
0.772748
1.1193
1.3446
1.74739
2.14084
2.51333
2.87075
3.26208
3.59306
3.93713
4.26945
4.53846
4.75637
4.91619
5.03555
5.09005
5.14696
5.02756
4.55577
2.36575
1.0938
1.00101
1
1
1
1
1
1
1
1
1
0.5757
0.447207
0.404278
0.47995
0.549215
0.878708
1.1612
1.40779
1.81176
2.14856
2.52372
2.90694
3.22474
3.59116
3.91972
4.20243
4.50851
4.71629
4.92494
5.05529
5.10826
5.01776
4.77166
3.03701
1.2701
1.00485
1.00002
1
1
1
1
1
1
1
1
0.572276
0.481517
0.464518
0.488425
0.488227
0.6379
0.975179
1.19746
1.51744
1.82544
2.17251
2.49915
2.89477
3.23277
3.5542
3.91857
4.20398
4.48825
4.75956
4.97032
5.04323
5.00172
4.86847
3.7605
1.62061
1.02067
1.00013
1
1
1
1
1
1
1
1
0.547954
0.493294
0.502489
0.478499
0.478208
0.584197
0.81852
1.06228
1.28862
1.60492
1.88795
2.21248
2.58191
2.91076
3.26405
3.64557
3.92902
4.2516
4.53985
4.82796
4.95781
4.97274
4.93229
4.47801
2.22061
1.07563
1.00071
1
1
1
1
1
1
1
1
0.508435
0.489805
0.501608
0.457747
0.461772
0.566266
0.707311
0.947359
1.14344
1.43813
1.71765
2.01867
2.31589
2.65571
3.00066
3.31242
3.67441
3.96044
4.31221
4.63608
4.82409
4.91813
4.93984
4.62669
2.98687
1.23033
1.0037
1.00002
1
1
1
1
1
1
1
0.482099
0.482836
0.492102
0.452092
0.442419
0.524362
0.611877
0.823691
1.02152
1.24372
1.5235
1.8271
2.10582
2.41721
2.73005
2.99629
3.3908
3.69591
4.07944
4.3979
4.65613
4.84006
4.91783
4.74426
3.53232
1.51042
1.01372
1.00007
1
1
1
1
1
1
1
0.480258
0.48133
0.485132
0.45204
0.446614
0.509189
0.56197
0.682163
0.903334
1.06965
1.32427
1.5769
1.88457
2.17675
2.4715
2.81762
3.09675
3.48523
3.81433
4.17804
4.455
4.71017
4.86532
4.8179
4.06656
1.95918
1.04742
1.00036
1
1
1
1
1
1
1
0.485055
0.482856
0.482934
0.459274
0.462015
0.508491
0.548664
0.633719
0.813095
0.995091
1.18201
1.4245
1.69508
1.98182
2.28031
2.6383
2.90448
3.26769
3.58837
3.96076
4.22053
4.54456
4.7922
4.83501
4.5223
2.52742
1.13145
1.00158
1.00001
1
1
1
1
1
1
0.499144
0.490027
0.482388
0.465698
0.46952
0.490703
0.52493
0.61216
0.748227
0.935963
1.11308
1.33017
1.56775
1.8306
2.10692
2.40777
2.73096
2.99267
3.39885
3.70907
4.02168
4.3717
4.67265
4.81634
4.62427
3.26159
1.3296
1.00619
1.00003
1
1
1
1
1
1
0.508897
0.499027
0.48761
0.472306
0.464376
0.455608
0.476009
0.569481
0.673821
0.863071
1.03221
1.23098
1.44848
1.68427
1.94492
2.15766
2.52238
2.79789
3.19756
3.49116
3.83987
4.15089
4.48853
4.74566
4.66559
3.71701
1.66582
1.02235
1.00013
1
1
1
1
1
1
0.50759
0.502021
0.498643
0.480614
0.46214
0.445366
0.450987
0.511567
0.582606
0.735652
0.91535
1.08922
1.29522
1.52596
1.77813
2.04035
2.31317
2.66146
2.96141
3.32862
3.61911
3.92697
4.30624
4.63728
4.64822
4.03261
2.0445
1.05979
1.00048
1
1
1
1
1
1
0.496449
0.499751
0.503231
0.49301
0.470506
0.449133
0.453272
0.503522
0.563486
0.660638
0.830378
0.997367
1.18942
1.40359
1.65234
1.93793
2.168
2.51941
2.80049
3.16169
3.39488
3.76265
4.14156
4.52252
4.63897
4.38647
2.62003
1.14765
1.00179
1.00001
1
1
1
1
1
0.474305
0.488539
0.500933
0.503813
0.483993
0.461594
0.464309
0.505103
0.55986
0.648121
0.785151
0.948563
1.12262
1.3183
1.53379
1.80991
2.05059
2.31652
2.6617
2.94945
3.24815
3.59706
3.93461
4.34329
4.59357
4.48364
3.21499
1.34345
1.00653
1.00003
1
1
1
1
1
0.464655
0.476987
0.493509
0.504122
0.486448
0.468153
0.46873
0.49676
0.542216
0.623555
0.736812
0.891708
1.05652
1.23644
1.42785
1.63014
1.91098
2.12931
2.51349
2.77248
3.11759
3.40474
3.73971
4.15895
4.50603
4.47497
3.50703
1.60559
1.02007
1.00011
1
1
1
1
1
0.466408
0.474552
0.487026
0.499101
0.482889
0.469992
0.466162
0.479441
0.50536
0.583427
0.666365
0.813102
0.961121
1.13846
1.32271
1.51558
1.77863
2.04389
2.32909
2.64764
2.95424
3.24229
3.60631
3.99623
4.4011
4.43598
3.87252
1.94025
1.04808
1.00036
1
1
1
1
1
0.47804
0.476873
0.482363
0.490396
0.481877
0.473437
0.466465
0.47043
0.479947
0.554551
0.626833
0.740187
0.893365
1.05521
1.25148
1.45884
1.67944
1.96469
2.19353
2.52862
2.75685
3.11629
3.46114
3.7941
4.24682
4.39739
4.1796
2.45294
1.1184
1.00122
1
1
1
1
1
0.495019
0.486362
0.481361
0.485598
0.483958
0.477915
0.469922
0.465701
0.472012
0.539771
0.613244
0.716294
0.853545
1.00136
1.17843
1.38779
1.58958
1.86411
2.10894
2.38337
2.62843
2.9916
3.27711
3.59043
4.08738
4.35657
4.19931
2.83717
1.24764
1.00413
1.00002
1
1
1
1
0.498272
0.49146
0.481237
0.484349
0.486806
0.480651
0.469797
0.458709
0.463199
0.518357
0.594881
0.689877
0.815037
0.951543
1.10636
1.29242
1.49326
1.69876
2.00953
2.23014
2.53351
2.84216
3.11863
3.47993
3.91043
4.28203
4.21455
3.18445
1.42205
1.01051
1.00005
1
1
1
1
0.493455
0.489129
0.478974
0.481293
0.489038
0.482584
0.469936
0.456085
0.458071
0.487284
0.55484
0.648536
0.75506
0.890679
1.02775
1.18363
1.39336
1.59953
1.8879
2.13069
2.4302
2.68849
3.02064
3.37207
3.70499
4.1775
4.19143
3.59614
1.71904
1.0273
1.00016
1
1
1
1
0.480026
0.481212
0.475054
0.477717
0.490291
0.484548
0.474121
0.45735
0.458347
0.478299
0.511721
0.603231
0.699602
0.829631
0.97815
1.14034
1.33418
1.549
1.76065
2.03824
2.28843
2.5798
2.91894
3.21419
3.56681
4.05237
4.16956
3.72904
2.01695
1.06301
1.00052
1
1
1
1
0.467871
0.471788
0.474285
0.476243
0.489673
0.486227
0.481035
0.464959
0.464776
0.482109
0.505699
0.584677
0.676228
0.793733
0.938638
1.09974
1.27559
1.49939
1.68976
1.94999
2.15666
2.48188
2.79316
3.04617
3.44086
3.91128
4.12936
3.83351
2.34501
1.12178
1.00138
1
1
1
1
0.465754
0.468627
0.474686
0.475737
0.488232
0.486084
0.482006
0.470718
0.475675
0.485214
0.500133
0.567277
0.653894
0.761052
0.893363
1.04908
1.21279
1.41515
1.62131
1.83179
2.07491
2.38247
2.6403
2.96556
3.29303
3.74332
4.06189
3.94642
2.73863
1.23465
1.00383
1.00001
1
1
1
0.467154
0.468879
0.475453
0.475063
0.48461
0.482967
0.479438
0.470462
0.475772
0.479382
0.48813
0.540552
0.62515
0.724621
0.841843
0.974772
1.13014
1.29954
1.53719
1.73585
1.99853
2.25722
2.53905
2.88574
3.16835
3.57059
3.97671
3.94951
2.98119
1.38098
1.00949
1.00004
1
1
1
0.472949
0.472927
0.476858
0.474261
0.478443
0.476416
0.473346
0.468007
0.472957
0.469717
0.473705
0.514336
0.585114
0.681367
0.789398
0.920152
1.08259
1.25647
1.4603
1.66597
1.91789
2.14945
2.4626
2.7666
3.03855
3.43454
3.88125
3.91715
3.25055
1.58228
1.02049
1.00012
1
1
1
0.475919
0.477097
0.477721
0.473474
0.472572
0.473289
0.470375
0.467293
0.4679
0.465833
0.472111
0.514301
0.568589
0.659274
0.766311
0.897323
1.05252
1.22259
1.39678
1.60496
1.81254
2.07655
2.37902
2.61596
2.91633
3.30129
3.76282
3.85582
3.41369
1.83449
1.04428
1.00032
1
1
1
0.474248
0.476493
0.476875
0.47217
0.469521
0.472897
0.470663
0.468423
0.464235
0.462538
0.470441
0.512302
0.557048
0.639523
0.742611
0.868094
1.01354
1.18003
1.3387
1.53945
1.73427
2.00358
2.26839
2.52851
2.84113
3.1502
3.6342
3.81153
3.52
2.05921
1.08124
1.00079
1
1
1
0.469386
0.473305
0.474118
0.470089
0.468334
0.473822
0.472187
0.469308
0.461309
0.455282
0.463369
0.499516
0.538039
0.614847
0.713102
0.830883
0.96169
1.11396
1.26642
1.45119
1.67317
1.92727
2.15249
2.46454
2.76404
3.04967
3.50841
3.77165
3.5901
2.3457
1.14241
1.00186
1.00001
1
1
0.461963
0.467251
0.469805
0.467571
0.467673
0.475543
0.474699
0.470839
0.460093
0.451669
0.456217
0.478902
0.509772
0.575598
0.667161
0.775618
0.898766
1.04123
1.20579
1.38859
1.61282
1.82792
2.08291
2.38669
2.64117
2.96136
3.38589
3.71155
3.61271
2.58339
1.23608
1.0043
1.00002
1
1
0.459099
0.461939
0.464953
0.465413
0.467003
0.474542
0.474995
0.472931
0.460957
0.451863
0.455844
0.470447
0.490759
0.554466
0.640418
0.752119
0.877197
1.01622
1.16488
1.3352
1.54839
1.75527
2.01882
2.28644
2.52102
2.84588
3.2538
3.63171
3.59784
2.76969
1.34934
1.00895
1.00004
1
1
0.459789
0.460218
0.461338
0.463537
0.465611
0.471206
0.473912
0.472738
0.464526
0.453821
0.457664
0.470853
0.489345
0.553177
0.632961
0.738893
0.85797
0.990147
1.1236
1.28585
1.47597
1.69836
1.95199
2.1753
2.46849
2.73192
3.1127
3.55323
3.56623
2.95158
1.49658
1.01746
1.0001
1
1
0.464301
0.460447
0.45983
0.46156
0.461627
0.465156
0.471231
0.470804
0.465733
0.45725
0.459121
0.469575
0.485219
0.546002
0.619195
0.716788
0.828722
0.953387
1.08831
1.24273
1.42392
1.64095
1.86018
2.10855
2.41292
2.66377
3.00667
3.46837
3.53671
3.07
1.66519
1.03247
1.00022
1
1
0.470759
0.463489
0.458898
0.460248
0.456861
0.457764
0.465105
0.466735
0.464222
0.458271
0.457623
0.462787
0.474096
0.528425
0.595194
0.684004
0.783668
0.898569
1.03077
1.19433
1.3769
1.58148
1.77898
2.05037
2.32532
2.58207
2.91514
3.37028
3.50133
3.17711
1.84194
1.05615
1.00049
1
1
0.471445
0.465121
0.45852
0.459378
0.45572
0.455159
0.459787
0.46149
0.461001
0.458316
0.455122
0.454884
0.461501
0.503851
0.560285
0.640482
0.734896
0.846083
0.972321
1.13599
1.32588
1.50831
1.72984
1.98877
2.20461
2.47257
2.79933
3.25319
3.45175
3.22131
2.03105
1.09197
1.00103
1
1
0.468718
0.46414
0.458263
0.458783
0.45567
0.454871
0.458507
0.459124
0.459218
0.45899
0.454638
0.453924
0.459753
0.499108
0.54647
0.62639
0.721921
0.832345
0.953489
1.09401
1.26962
1.45849
1.67943
1.90656
2.14109
2.41155
2.69192
3.13907
3.39549
3.24148
2.20345
1.14223
1.00208
1.00001
1
0.461644
0.460972
0.458311
0.458724
0.457034
0.45548
0.457925
0.458646
0.458382
0.458976
0.454527
0.45306
0.459195
0.497743
0.540756
0.617578
0.709447
0.81652
0.933693
1.0677
1.2307
1.41216
1.62848
1.828
2.10058
2.36237
2.63124
3.04558
3.34632
3.25379
2.34693
1.20563
1.00395
1.00002
1
0.453312
0.455717
0.458557
0.458886
0.459542
0.45629
0.456849
0.458121
0.457782
0.45835
0.453192
0.448747
0.454493
0.490764
0.530028
0.602206
0.689171
0.790861
0.905887
1.04087
1.1942
1.37088
1.55658
1.77928
2.04324
2.28963
2.56215
2.95164
3.29015
3.24567
2.50302
1.28585
1.00716
1.00003
1
0.450478
0.451534
0.458282
0.458428
0.459402
0.45515
0.454469
0.456529
0.456548
0.456123
0.447538
0.439645
0.443521
0.472863
0.509687
0.576732
0.656954
0.748788
0.856946
0.988404
1.1487
1.3191
1.499
1.72993
1.9651
2.17968
2.4547
2.83719
3.22204
3.21894
2.63729
1.38658
1.0126
1.00007
1
0.450375
0.450044
0.45705
0.456773
0.45757
0.452511
0.451095
0.45376
0.454441
0.453003
0.443762
0.436879
0.439627
0.459516
0.485695
0.54632
0.619983
0.707543
0.810104
0.937641
1.0919
1.25981
1.45711
1.67625
1.87452
2.11978
2.37446
2.72996
3.14757
3.18307
2.69875
1.49294
1.02112
1.00014
1
0.452952
0.449752
0.454656
0.453667
0.453752
0.448268
0.447116
0.450666
0.45223
0.45111
0.443466
0.437236
0.440048
0.459151
0.481846
0.539904
0.608674
0.696589
0.800108
0.923473
1.06358
1.22548
1.41753
1.60595
1.82888
2.08412
2.32649
2.65449
3.08068
3.14762
2.75933
1.59962
1.03313
1.00025
1
0.45487
0.451348
0.451629
0.449781
0.44876
0.444229
0.443565
0.447076
0.449936
0.449366
0.44329
0.437619
0.44226
0.459286
0.479379
0.534276
0.598331
0.685079
0.788069
0.910128
1.0463
1.19486
1.37196
1.56022
1.78854
2.03211
2.2686
2.579
3.00981
3.11604
2.84408
1.72053
1.05012
1.00047
1
0.453198
0.451203
0.448423
0.445592
0.445056
0.442133
0.440408
0.442798
0.446455
0.446457
0.441574
0.436322
0.441449
0.455917
0.471309
0.521676
0.581923
0.666904
0.766524
0.888358
1.01963
1.16829
1.32747
1.52091
1.73796
1.95486
2.17359
2.48277
2.92308
3.07891
2.86223
1.84161
1.07413
1.00084
1
0.448063
0.447742
0.44358
0.440609
0.442789
0.439634
0.436597
0.43766
0.440859
0.441788
0.437746
0.432293
0.436592
0.445899
0.45523
0.501134
0.558325
0.639079
0.731802
0.844065
0.978695
1.12439
1.2869
1.47608
1.67807
1.87117
2.10752
2.40398
2.8366
3.03336
2.86508
1.94844
1.10428
1.00145
1.00001
0.438305
0.439847
0.438622
0.436662
0.440224
0.436624
0.433003
0.432708
0.434756
0.435275
0.433088
0.427787
0.43183
0.435512
0.438856
0.477178
0.527204
0.602748
0.692575
0.797694
0.930227
1.06908
1.24339
1.42062
1.60379
1.82941
2.07348
2.34363
2.75762
2.98889
2.86693
2.04475
1.14245
1.00252
1.00001
0.447101
0.438261
0.436132
0.434521
0.438127
0.433908
0.430409
0.429389
0.430634
0.430522
0.429696
0.426359
0.430622
0.430264
0.433394
0.471151
0.518094
0.593987
0.686206
0.79224
0.916127
1.05266
1.2168
1.37531
1.56802
1.81402
2.05179
2.30955
2.7048
2.95798
2.86629
2.10128
1.1694
1.00334
1.00001
0.464616
0.437424
0.434183
0.432899
0.436721
0.432248
0.42896
0.427539
0.428396
0.428206
0.428158
0.42617
0.430364
0.42905
0.432417
0.470506
0.517666
0.593954
0.68729
0.794458
0.914376
1.04988
1.20403
1.36339
1.56483
1.80275
2.03344
2.29004
2.67999
2.93718
2.8648
2.13216
1.18523
1.00398
1.00002
0.482507
0.437255
0.431649
0.430736
0.435242
0.430717
0.427575
0.425655
0.426209
0.426196
0.42711
0.425898
0.43035
0.428723
0.432242
0.470684
0.518746
0.596559
0.690813
0.794376
0.910864
1.04458
1.19443
1.36121
1.56235
1.78568
2.00783
2.26116
2.65333
2.92192
2.86585
2.19162
1.20677
1.00478
1.00002
0.499381
0.439269
0.429406
0.428761
0.433758
0.429338
0.426258
0.4238
0.424488
0.424483
0.425495
0.425829
0.430421
0.429051
0.432966
0.473907
0.522556
0.600429
0.690832
0.791095
0.905165
1.0361
1.18528
1.35374
1.55013
1.76147
1.9753
2.20775
2.60564
2.90227
2.85885
2.24273
1.23567
1.00595
1.00003
0.519487
0.443497
0.428241
0.428149
0.431941
0.427684
0.424528
0.421754
0.422733
0.423009
0.424559
0.426283
0.430254
0.42921
0.434477
0.476948
0.523144
0.599963
0.686122
0.78406
0.896433
1.02406
1.16884
1.34082
1.52691
1.72822
1.9393
2.17683
2.55481
2.87137
2.84001
2.25769
1.26337
1.00747
1.00004
0.533212
0.451368
0.428635
0.426071
0.428835
0.425127
0.422106
0.419526
0.420735
0.421368
0.42391
0.426157
0.4289
0.427409
0.433339
0.475357
0.518303
0.590653
0.672379
0.769435
0.88028
1.00828
1.14983
1.32278
1.49693
1.69054
1.8948
2.15422
2.51943
2.84287
2.81968
2.2873
1.29425
1.00937
1.00005
0.551668
0.463634
0.426115
0.422521
0.423781
0.421594
0.419134
0.417114
0.418372
0.419104
0.421862
0.423898
0.424552
0.420557
0.426844
0.46691
0.504579
0.574809
0.654903
0.750441
0.856095
0.987479
1.12649
1.29323
1.46588
1.65678
1.85919
2.11937
2.47442
2.81215
2.79726
2.32154
1.33018
1.01189
1.00007
0.573924
0.480012
0.424556
0.418819
0.417118
0.417283
0.415426
0.413942
0.41484
0.415874
0.417975
0.418774
0.41649
0.4099
0.414926
0.45199
0.489963
0.560155
0.638626
0.730805
0.833632
0.963162
1.09831
1.26072
1.43467
1.63139
1.84764
2.09
2.42866
2.77654
2.77791
2.34369
1.3669
1.01504
1.0001
0.592315
0.498516
0.430327
0.41015
0.409343
0.412532
0.411051
0.409911
0.410689
0.41261
0.414713
0.413399
0.410225
0.4041
0.407459
0.441302
0.477864
0.547741
0.625737
0.71396
0.816999
0.936782
1.0792
1.23016
1.40164
1.60651
1.82886
2.05491
2.38554
2.74562
2.76132
2.37617
1.41026
1.01912
1.00013
0.620442
0.522428
0.443325
0.403506
0.402213
0.407386
0.406925
0.406394
0.407648
0.409932
0.412101
0.410587
0.407154
0.402411
0.405819
0.437923
0.472474
0.54379
0.623127
0.709149
0.810239
0.922815
1.06621
1.20336
1.38757
1.58384
1.7917
2.00573
2.33394
2.70562
2.73722
2.41032
1.46059
1.02468
1.00019
0.623375
0.54243
0.467117
0.403721
0.399996
0.401925
0.401794
0.401923
0.404124
0.40751
0.410598
0.409383
0.405947
0.402103
0.406382
0.43821
0.472727
0.544436
0.622841
0.708362
0.807438
0.921127
1.05328
1.19494
1.37086
1.55118
1.74865
1.95799
2.28152
2.66193
2.71236
2.42116
1.51176
1.03192
1.00028
0.618012
0.557047
0.49105
0.409192
0.398599
0.399049
0.398506
0.397595
0.399395
0.404756
0.408895
0.407794
0.404465
0.401101
0.406215
0.437515
0.471099
0.54011
0.615063
0.69823
0.795668
0.909816
1.03466
1.18046
1.33795
1.51115
1.69898
1.91978
2.22306
2.61379
2.68549
2.43337
1.56442
1.04112
1.00041
0.636662
0.583205
0.516582
0.420952
0.397727
0.396323
0.395273
0.392491
0.393479
0.399994
0.404387
0.402664
0.398979
0.395506
0.400977
0.43097
0.462066
0.524852
0.593528
0.673848
0.765818
0.880489
1.00018
1.14819
1.29668
1.47494
1.66816
1.88567
2.17175
2.56229
2.65491
2.44593
1.62247
1.05301
1.00062
0.66732
0.616707
0.549499
0.446837
0.397752
0.391891
0.389171
0.386196
0.387265
0.392848
0.395937
0.392636
0.388061
0.384143
0.39052
0.416211
0.445643
0.507193
0.571264
0.650677
0.737184
0.847036
0.964853
1.10451
1.25991
1.4449
1.64323
1.84471
2.11411
2.50409
2.62256
2.45016
1.68161
1.06829
1.00093
0.695811
0.639503
0.571347
0.475433
0.401053
0.384942
0.383364
0.382135
0.382387
0.385894
0.387656
0.384669
0.38057
0.377641
0.386985
0.409685
0.437297
0.501486
0.564414
0.642765
0.729786
0.834387
0.949959
1.07912
1.23415
1.41018
1.60442
1.79973
2.05741
2.43738
2.58048
2.44661
1.73913
1.08716
1.00141
0.714412
0.669025
0.599527
0.510416
0.411543
0.38237
0.379496
0.379163
0.378354
0.380414
0.381957
0.380003
0.37721
0.375429
0.386266
0.406197
0.432809
0.49746
0.558305
0.633698
0.721381
0.822365
0.935239
1.06129
1.20787
1.3697
1.55246
1.74323
1.99529
2.3753
2.54113
2.43753
1.7967
1.1103
1.00213
0.723663
0.707318
0.633836
0.544966
0.430421
0.381594
0.37593
0.375036
0.373177
0.374667
0.376648
0.37531
0.373339
0.371561
0.38349
0.40026
0.425202
0.487705
0.543867
0.615133
0.69917
0.798109
0.906557
1.03293
1.17277
1.3285
1.50494
1.69115
1.92849
2.29898
2.49385
2.42127
1.84859
1.13852
1.00323
0.701326
0.72409
0.662404
0.597895
0.474266
0.387803
0.373754
0.370972
0.368998
0.369143
0.370334
0.36882
0.366738
0.366146
0.376827
0.390876
0.415075
0.473292
0.523647
0.593631
0.674179
0.767672
0.872563
0.993992
1.13158
1.28642
1.45745
1.64028
1.86976
2.22979
2.44378
2.3986
1.8975
1.17066
1.00484
0.675178
0.715776
0.693082
0.647905
0.529655
0.409222
0.372653
0.368488
0.366716
0.366065
0.365804
0.364189
0.361569
0.363877
0.371093
0.380005
0.405949
0.463171
0.50829
0.577335
0.658238
0.745463
0.847184
0.962271
1.09406
1.24575
1.4131
1.58945
1.80503
2.15488
2.40128
2.3692
1.93726
1.20847
1.0072
0.678447
0.705512
0.725234
0.686982
0.601782
0.454383
0.37755
0.366526
0.364556
0.362996
0.362229
0.3609
0.358361
0.362071
0.366881
0.371815
0.397748
0.452777
0.494446
0.562507
0.641907
0.72476
0.822014
0.93321
1.05863
1.2032
1.36605
1.53839
1.74507
2.07224
2.34159
2.329
1.96647
1.24874
1.01052
0.694306
0.693145
0.71467
0.687772
0.646511
0.536072
0.40354
0.366525
0.361149
0.358892
0.357612
0.356514
0.354225
0.358101
0.361122
0.364135
0.391832
0.443481
0.482307
0.548462
0.623261
0.703296
0.796996
0.903088
1.02361
1.1609
1.31528
1.4794
1.6784
1.99926
2.28791
2.28682
1.98653
1.29078
1.015
0.701062
0.689269
0.697535
0.695928
0.68336
0.62605
0.456115
0.372565
0.35859
0.355435
0.354371
0.35315
0.350388
0.352252
0.354126
0.357297
0.38259
0.431944
0.469889
0.535737
0.604759
0.682383
0.774639
0.876259
0.991478
1.12282
1.2719
1.43083
1.61467
1.9144
2.2306
2.24483
1.99349
1.33442
1.021
0.698667
0.686637
0.685102
0.695224
0.680978
0.647435
0.539905
0.403498
0.359705
0.354143
0.353689
0.352233
0.349009
0.346696
0.347687
0.353605
0.376789
0.418685
0.453362
0.52084
0.584205
0.65756
0.746914
0.843509
0.955099
1.08106
1.22493
1.3804
1.56001
1.83914
2.15543
2.19038
1.98964
1.37318
1.02834
0.694585
0.688128
0.677605
0.685716
0.67676
0.669577
0.632176
0.47309
0.371944
0.352769
0.352893
0.351505
0.34754
0.34247
0.341726
0.34971
0.376338
0.409038
0.441204
0.507741
0.56691
0.634812
0.720617
0.810578
0.917221
1.03822
1.17551
1.32194
1.49101
1.76447
2.094
2.14248
1.97632
1.40623
1.03663
0.694569
0.691633
0.677474
0.675087
0.673579
0.67147
0.65754
0.562968
0.421269
0.357007
0.351004
0.348705
0.342931
0.33669
0.336159
0.347902
0.373941
0.397885
0.430753
0.496906
0.552304
0.616936
0.700503
0.788312
0.889709
1.00515
1.13761
1.27899
1.43674
1.6871
2.02367
2.09023
1.95545
1.43409
1.04587
0.705969
0.70236
0.683395
0.674243
0.674894
0.672235
0.672416
0.649792
0.504864
0.377736
0.348221
0.343329
0.338342
0.334727
0.336114
0.349066
0.368509
0.386438
0.417349
0.47784
0.531234
0.59565
0.675087
0.760802
0.859693
0.970024
1.09429
1.22904
1.38401
1.62263
1.94608
2.02375
1.92069
1.4503
1.05487
0.796275
0.786592
0.746293
0.711639
0.693302
0.679114
0.675128
0.668638
0.587501
0.441362
0.354732
0.343864
0.34016
0.337436
0.340096
0.351676
0.363443
0.375119
0.41521
0.46827
0.513923
0.576648
0.649961
0.727393
0.81716
0.918293
1.03384
1.16016
1.30905
1.5522
1.88551
1.97467
1.88772
1.45403
1.06096
0.870696
0.849474
0.828767
0.793205
0.764531
0.730617
0.713573
0.716653
0.671185
0.51862
0.38378
0.34607
0.342136
0.34085
0.346616
0.356544
0.364211
0.374276
0.415197
0.462192
0.504814
0.56723
0.638529
0.713754
0.801366
0.900217
1.01353
1.13447
1.27275
1.49369
1.82162
1.92443
1.85132
1.44756
1.06298
0.878622
0.864965
0.84832
0.825203
0.807434
0.796483
0.78138
0.767095
0.73936
0.649438
0.490327
0.366492
0.347258
0.34641
0.352935
0.359011
0.364236
0.376273
0.415747
0.455698
0.497393
0.559524
0.62702
0.700723
0.786881
0.885421
0.998867
1.11758
1.24695
1.4483
1.75871
1.86904
1.80697
1.42921
1.06146
0.883477
0.882395
0.889473
0.894457
0.896728
0.897371
0.889109
0.875493
0.867851
0.850794
0.772642
0.613944
0.487173
0.4149
0.386168
0.376011
0.375649
0.390383
0.426856
0.457619
0.497833
0.557356
0.615166
0.681913
0.762502
0.853032
0.957939
1.06968
1.19932
1.40634
1.69521
1.7847
1.71762
1.367
1.05007
)
;

boundaryField
{
    inlet
    {
        type            fixedValue;
        value           uniform 1;
    }
    outlet
    {
        type            zeroGradient;
    }
    airfoil
    {
        type            zeroGradient;
    }
    top
    {
        type            symmetryPlane;
    }
    bottom
    {
        type            symmetryPlane;
    }
    defaultFaces
    {
        type            empty;
    }
}


// ************************************************************************* //
