/*--------------------------------*- C++ -*----------------------------------*\
  =========                 |
  \\      /  F ield         | OpenFOAM: The Open Source CFD Toolbox
   \\    /   O peration     | Website:  https://openfoam.org
    \\  /    A nd           | Version:  7
     \\/     M anipulation  |
\*---------------------------------------------------------------------------*/
FoamFile
{
    version     2.0;
    format      ascii;
    class       volScalarField;
    location    "3.7";
    object      p;
}
// * * * * * * * * * * * * * * * * * * * * * * * * * * * * * * * * * * * * * //

dimensions      [1 -1 -2 0 0 0 0];

internalField   nonuniform List<scalar> 
8400
(
0.144989
0.23387
0.329694
0.411993
0.488704
0.549725
0.600743
0.658991
0.681184
0.706401
0.724361
0.729167
0.747714
0.75886
0.776916
0.811071
0.819347
0.822646
0.826597
0.813342
0.790261
0.778387
0.775839
0.778325
0.777837
0.768819
0.77191
0.775537
0.769682
0.7705
0.0559508
0.0554892
0.0611819
0.0806878
0.112483
0.167813
0.237276
0.314059
0.412492
0.499952
0.592737
0.679349
0.758514
0.810886
0.851894
0.878568
0.878512
0.861526
0.829247
0.78817
0.748232
0.747587
0.755063
0.772182
0.790057
0.798366
0.7995
0.790574
0.779501
0.780806
0.0584454
0.0579052
0.0575905
0.0572781
0.0571263
0.0570188
0.0561441
0.0546962
0.0631026
0.0838911
0.122029
0.191478
0.273264
0.383489
0.48669
0.568866
0.657921
0.72086
0.766687
0.77264
0.790829
0.789876
0.780493
0.771284
0.77424
0.786193
0.788785
0.783937
0.780207
0.785856
0.0541586
0.0541509
0.0541049
0.0539604
0.0539174
0.0541008
0.0539927
0.0532251
0.0523219
0.0514266
0.0505059
0.0503359
0.050605
0.0533626
0.0704066
0.105185
0.171707
0.28067
0.424821
0.576522
0.700573
0.745387
0.77239
0.772219
0.789463
0.80073
0.788962
0.786068
0.797354
0.802156
0.0519752
0.0527095
0.0528622
0.0529058
0.0530072
0.0530406
0.0531375
0.0525422
0.0521481
0.0523511
0.0516163
0.0509512
0.0514807
0.0552222
0.0630334
0.065131
0.0655753
0.0661815
0.0729974
0.116086
0.199872
0.326949
0.471125
0.591727
0.669775
0.698459
0.726935
0.762767
0.798762
0.803613
0.0512193
0.0516641
0.0518708
0.0521571
0.0527604
0.0528643
0.0528996
0.0538798
0.0560342
0.059496
0.0626947
0.0643953
0.0666016
0.0695899
0.0740887
0.0794255
0.0806507
0.0803195
0.0808952
0.0826006
0.0843682
0.0860448
0.103807
0.162045
0.25075
0.371245
0.490906
0.588647
0.641071
0.707711
0.0551236
0.0569758
0.0592707
0.0615742
0.0630074
0.0636955
0.0643813
0.0654057
0.0677379
0.0720739
0.0778044
0.0824058
0.0845249
0.0843316
0.0845429
0.0876521
0.0893935
0.0894785
0.0910987
0.09652
0.104961
0.110973
0.113881
0.114529
0.115152
0.117369
0.136048
0.194915
0.275889
0.467091
0.0743713
0.0764425
0.0790406
0.0820504
0.0851487
0.0875739
0.0883731
0.0877862
0.0875038
0.0880458
0.0909912
0.0970266
0.0983457
0.0967988
0.097109
0.100472
0.107805
0.115269
0.119739
0.12379
0.129201
0.13052
0.128883
0.127598
0.127461
0.128567
0.131086
0.134563
0.136389
0.162546
0.0938046
0.0942565
0.0960246
0.0994856
0.104312
0.108983
0.111115
0.110892
0.109655
0.109837
0.112171
0.119325
0.125061
0.127957
0.130963
0.135283
0.140889
0.144973
0.14446
0.143924
0.143236
0.141896
0.138774
0.138922
0.141739
0.14897
0.156194
0.162275
0.161363
0.160743
0.12935
0.128995
0.129146
0.130324
0.133874
0.140985
0.146962
0.147777
0.146869
0.146809
0.148908
0.153885
0.159711
0.162166
0.162261
0.16284
0.16297
0.162392
0.160081
0.159182
0.160177
0.163163
0.168573
0.174968
0.180372
0.183168
0.184701
0.183515
0.180241
0.180561
0.179472
0.175942
0.173384
0.173319
0.174576
0.179125
0.186521
0.189691
0.188988
0.187318
0.187003
0.187856
0.190375
0.191138
0.190376
0.190569
0.192433
0.195368
0.198371
0.202005
0.206507
0.209883
0.211692
0.210873
0.208881
0.20608
0.203965
0.200723
0.201878
0.20691
0.239756
0.234763
0.226551
0.224642
0.225222
0.227685
0.233514
0.23863
0.239346
0.236578
0.233395
0.234071
0.238045
0.241059
0.241741
0.242125
0.243976
0.24612
0.245908
0.244634
0.242392
0.239402
0.235704
0.231244
0.227265
0.224863
0.225572
0.228363
0.231643
0.233614
0.31296
0.312254
0.303131
0.292415
0.289728
0.29054
0.2941
0.299663
0.302478
0.301527
0.295933
0.293311
0.294616
0.295322
0.294023
0.290694
0.288485
0.286996
0.284796
0.280698
0.276335
0.273426
0.27144
0.272061
0.27377
0.276432
0.27819
0.277691
0.275717
0.270396
0.402761
0.402749
0.398559
0.384336
0.373938
0.371127
0.372547
0.377031
0.378013
0.375393
0.368499
0.366567
0.367458
0.366595
0.359816
0.354328
0.353841
0.353138
0.350605
0.345632
0.340912
0.338289
0.335809
0.332705
0.328888
0.324033
0.319117
0.314109
0.309553
0.302737
0.513492
0.512809
0.511451
0.501318
0.480066
0.470793
0.472603
0.477946
0.477116
0.470027
0.457141
0.453449
0.454422
0.452981
0.443939
0.432248
0.42759
0.424397
0.419233
0.411261
0.402349
0.394711
0.387753
0.381744
0.376032
0.369533
0.363642
0.357636
0.353864
0.349136
0.650079
0.649408
0.648426
0.641491
0.618495
0.597064
0.594173
0.599527
0.599192
0.589242
0.568497
0.558335
0.558856
0.556828
0.545259
0.529206
0.519664
0.512781
0.504643
0.494681
0.483986
0.473463
0.464663
0.45715
0.449556
0.441719
0.433219
0.42516
0.41781
0.403924
0.822207
0.820205
0.814732
0.804141
0.781357
0.754328
0.740948
0.743082
0.744046
0.733842
0.706183
0.687151
0.686102
0.682242
0.665302
0.643974
0.630963
0.620276
0.607606
0.593838
0.578454
0.56312
0.551315
0.539738
0.527423
0.514133
0.50083
0.489055
0.478579
0.460138
1.02585
1.02358
1.01448
0.999023
0.974601
0.942174
0.916616
0.913307
0.914366
0.903112
0.86819
0.841872
0.838784
0.832594
0.808872
0.7792
0.761543
0.747199
0.72911
0.710003
0.690173
0.670296
0.653109
0.637095
0.61999
0.602447
0.586179
0.569251
0.554553
0.53127
1.26563
1.26004
1.24904
1.23084
1.20699
1.17215
1.12967
1.1192
1.1173
1.10218
1.05937
1.02302
1.01581
1.00548
0.978139
0.941919
0.913958
0.891036
0.868129
0.843302
0.81946
0.79468
0.770371
0.749648
0.727626
0.703867
0.682239
0.661264
0.642762
0.611664
1.55179
1.53757
1.52248
1.50528
1.474
1.44028
1.41214
1.38253
1.35786
1.33466
1.29539
1.2537
1.23053
1.20575
1.16959
1.13096
1.0952
1.06093
1.02954
0.998906
0.96684
0.936484
0.906456
0.876742
0.850375
0.8227
0.793887
0.766354
0.743132
0.704788
1.73138
1.72271
1.71634
1.71042
1.70112
1.68776
1.66905
1.64464
1.61847
1.59481
1.56685
1.52566
1.48762
1.4546
1.4137
1.3673
1.32013
1.27422
1.22939
1.18786
1.14652
1.10446
1.06604
1.02822
0.991698
0.957596
0.92354
0.888535
0.859297
0.811731
1.72851
1.72715
1.73025
1.73298
1.73375
1.7316
1.72562
1.72372
1.72201
1.71828
1.7114
1.69976
1.68361
1.66351
1.63786
1.60583
1.56865
1.52473
1.47606
1.42445
1.37337
1.32186
1.26894
1.2196
1.17132
1.12352
1.079
1.035
0.997181
0.936423
1.59984
1.60595
1.62068
1.63897
1.65936
1.67872
1.68804
1.68484
1.68631
1.69761
1.69915
1.6968
1.69424
1.69282
1.68891
1.68178
1.67054
1.65437
1.63685
1.61475
1.5844
1.54626
1.50124
1.45079
1.39724
1.34087
1.28336
1.22563
1.17529
1.09413
1.26931
1.29023
1.31377
1.33299
1.35414
1.39535
1.43314
1.4538
1.47674
1.50742
1.54877
1.57124
1.58564
1.60857
1.63356
1.64312
1.64616
1.64368
1.63954
1.6331
1.62323
1.61053
1.59515
1.57559
1.55399
1.52521
1.48698
1.43936
1.39035
1.29792
1.03571
1.04168
1.0486
1.05704
1.0663
1.07996
1.09865
1.11806
1.13986
1.16367
1.19439
1.23268
1.27084
1.30843
1.3553
1.40059
1.44339
1.48274
1.51514
1.5439
1.56049
1.56994
1.5725
1.56989
1.56171
1.55013
1.53593
1.51829
1.49931
1.45507
1.001
1.00126
1.00161
1.00208
1.0027
1.00356
1.00499
1.00694
1.00957
1.01301
1.01782
1.02513
1.03536
1.04849
1.06583
1.09034
1.11977
1.1574
1.19977
1.24804
1.29773
1.34728
1.39272
1.43059
1.46348
1.48301
1.49269
1.49572
1.49262
1.47362
1.00001
1.00001
1.00001
1.00002
1.00003
1.00004
1.00006
1.00009
1.00014
1.00021
1.00033
1.00054
1.00091
1.00153
1.00255
1.00437
1.00736
1.01236
1.02023
1.03233
1.05037
1.07466
1.10734
1.14669
1.19174
1.24125
1.28854
1.33244
1.36776
1.40121
1
1
1
1
1
1
1
1
1
1
1
1
1.00001
1.00001
1.00002
1.00005
1.00009
1.00019
1.00041
1.00085
1.00175
1.00349
1.00678
1.01257
1.0222
1.03732
1.05905
1.0888
1.12199
1.18544
1
1
1
1
1
1
1
1
1
1
1
1
1
1
1
1
1
1
1
1.00001
1.00001
1.00004
1.00009
1.00022
1.00053
1.00122
1.00266
1.00564
1.01031
1.02721
1
1
1
1
1
1
1
1
1
1
1
1
1
1
1
1
1
1
1
1
1
1
1
1
1
1.00001
1.00003
1.00008
1.00019
1.00095
0.0560819
0.0564314
0.0592951
0.0542388
0.0507117
0.051065
0.0535618
0.0728741
0.0939537
0.131894
0.180891
0.240249
0.311752
0.401093
0.512579
0.652203
0.821356
1.02636
1.28143
1.5842
1.74132
1.73436
1.59504
1.23793
1.0276
1.00076
1.00001
1
1
1
0.0562812
0.0571712
0.0594287
0.0530392
0.0493224
0.0512706
0.0550653
0.0773389
0.104619
0.142131
0.188908
0.24871
0.321656
0.412829
0.53297
0.684029
0.870631
1.09571
1.37076
1.65268
1.75325
1.736
1.54688
1.17421
1.01467
1.00028
1
1
1
1
0.0571327
0.0576679
0.0586909
0.0516606
0.0490325
0.051653
0.057608
0.0826922
0.109438
0.143426
0.189608
0.250208
0.325647
0.425014
0.563605
0.738586
0.945681
1.18385
1.45571
1.69594
1.75643
1.71527
1.461
1.12455
1.0085
1.00013
1
1
1
1
0.0577176
0.0579202
0.0581531
0.0508678
0.0489595
0.0535432
0.0629771
0.0866107
0.110904
0.143159
0.190041
0.255329
0.350302
0.47799
0.626832
0.801819
1.00217
1.24033
1.51242
1.72374
1.75715
1.67932
1.40076
1.09178
1.0049
1.00006
1
1
1
1
0.0580549
0.0578588
0.0580752
0.0506785
0.0492253
0.0566972
0.066821
0.0873106
0.112622
0.148633
0.210309
0.292491
0.395212
0.514436
0.656434
0.828975
1.03437
1.28322
1.56519
1.74767
1.75746
1.65749
1.35314
1.06385
1.00256
1.00003
1
1
1
1
0.0579275
0.0570513
0.0582214
0.05086
0.0496614
0.0583112
0.0682901
0.0874437
0.117029
0.170578
0.237848
0.318273
0.413583
0.530432
0.675346
0.854173
1.07272
1.34249
1.63483
1.76872
1.76292
1.64362
1.28612
1.03758
1.00113
1.00001
1
1
1
1
0.0574561
0.0562201
0.0584347
0.0511569
0.0496407
0.0584842
0.0683139
0.0908033
0.13114
0.185744
0.248493
0.326074
0.42235
0.542595
0.702916
0.913113
1.16757
1.44477
1.69901
1.77938
1.76386
1.58432
1.20468
1.02114
1.00051
1
1
1
1
1
0.0573701
0.0561915
0.0579752
0.0509439
0.0485535
0.0573024
0.0676575
0.100654
0.141404
0.189515
0.251028
0.328928
0.43385
0.583668
0.780473
1.00598
1.25358
1.5184
1.73309
1.78169
1.73945
1.4917
1.15054
1.01259
1.00024
1
1
1
1
1
0.0577913
0.0568911
0.0567217
0.0487695
0.0459336
0.0564871
0.0721362
0.109208
0.144519
0.189039
0.253106
0.348627
0.488632
0.65947
0.847623
1.05928
1.30539
1.57062
1.7579
1.7805
1.70403
1.43568
1.11125
1.00683
1.0001
1
1
1
1
1
0.0585234
0.0578577
0.0552746
0.0467904
0.0447002
0.0572214
0.0804456
0.112396
0.147241
0.196156
0.285064
0.405237
0.541322
0.698461
0.881636
1.09845
1.36126
1.63728
1.78197
1.77577
1.679
1.37862
1.07181
1.00323
1.00004
1
1
1
1
1
0.0592922
0.0583991
0.0541482
0.0464065
0.045266
0.0603821
0.0829856
0.113553
0.15464
0.232065
0.326724
0.435862
0.564619
0.723604
0.920268
1.16819
1.4571
1.71085
1.79392
1.78145
1.65682
1.29113
1.04114
1.00142
1.00002
1
1
1
1
1
0.0598258
0.0585182
0.0537374
0.0467515
0.047995
0.062904
0.0838684
0.118927
0.180958
0.257224
0.341869
0.448629
0.585019
0.766508
1.0104
1.282
1.55482
1.75535
1.79834
1.78165
1.5829
1.20766
1.02305
1.00061
1.00001
1
1
1
1
1
0.0600491
0.0587472
0.0537895
0.0468792
0.0493068
0.0646252
0.0885076
0.134848
0.198287
0.264416
0.34743
0.461078
0.634928
0.862574
1.10794
1.3618
1.61689
1.77903
1.79958
1.74829
1.48907
1.14938
1.01256
1.00025
1
1
1
1
1
1
0.0597316
0.0587771
0.0542497
0.0470087
0.0490238
0.0670506
0.0987592
0.148638
0.203538
0.265261
0.363339
0.525952
0.727971
0.938468
1.17077
1.42852
1.67592
1.79817
1.79968
1.707
1.42419
1.10298
1.0062
1.0001
1
1
1
1
1
1
0.0584001
0.0571936
0.0537055
0.0466932
0.0488269
0.0725112
0.108934
0.153082
0.206242
0.288801
0.433551
0.602515
0.782923
0.988264
1.23778
1.51834
1.73683
1.81222
1.79216
1.67453
1.35329
1.06227
1.00279
1.00004
1
1
1
1
1
1
0.0563838
0.0553812
0.0518965
0.0455553
0.0512772
0.0794272
0.112834
0.157473
0.223029
0.350024
0.487815
0.639723
0.821913
1.05766
1.34679
1.61665
1.78007
1.81707
1.78579
1.63391
1.25749
1.03423
1.00114
1.00001
1
1
1
1
1
1
0.0545231
0.0538831
0.0509108
0.0449731
0.0543821
0.0818841
0.113577
0.170298
0.27502
0.387501
0.511227
0.669423
0.891414
1.17623
1.45012
1.68833
1.80666
1.81787
1.78758
1.54385
1.17643
1.01751
1.00043
1
1
1
1
1
1
1
0.0538309
0.0521312
0.0498926
0.0463698
0.0565512
0.0810944
0.119848
0.20183
0.305562
0.402689
0.528963
0.735411
1.01353
1.27651
1.53007
1.74607
1.81977
1.81742
1.74057
1.44134
1.11551
1.00814
1.00015
1
1
1
1
1
1
1
0.0538251
0.0501951
0.0489862
0.0479875
0.0580504
0.0813887
0.141215
0.233075
0.318703
0.415667
0.601802
0.858055
1.10954
1.36018
1.61504
1.78808
1.82245
1.80696
1.66803
1.35411
1.06991
1.00354
1.00005
1
1
1
1
1
1
1
0.0543233
0.0486762
0.0480206
0.048009
0.0605576
0.0990465
0.172389
0.246606
0.328608
0.4902
0.714622
0.943751
1.18879
1.46465
1.69592
1.80914
1.82125
1.78337
1.61618
1.27051
1.03867
1.00144
1.00002
1
1
1
1
1
1
1
0.0576971
0.0474282
0.0461425
0.0468964
0.0664877
0.123894
0.186208
0.258755
0.386862
0.584609
0.786217
1.01289
1.29672
1.57545
1.75263
1.82153
1.81651
1.76135
1.55401
1.18497
1.01942
1.00052
1.00001
1
1
1
1
1
1
1
0.0613869
0.0462586
0.0427304
0.0475512
0.0806321
0.136022
0.190959
0.28665
0.471416
0.646565
0.845237
1.11955
1.42729
1.66507
1.79595
1.82921
1.82392
1.75102
1.44835
1.11268
1.00817
1.00016
1
1
1
1
1
1
1
1
0.0635897
0.0447793
0.0406344
0.0547734
0.0919701
0.13766
0.199975
0.360427
0.52713
0.696504
0.949622
1.26769
1.53907
1.73928
1.82709
1.83556
1.8263
1.69568
1.33146
1.06078
1.00301
1.00005
1
1
1
1
1
1
1
1
0.0643504
0.0439528
0.0406671
0.0631898
0.0949553
0.139779
0.252914
0.419138
0.574778
0.797402
1.10403
1.39326
1.6374
1.79408
1.84028
1.83983
1.7985
1.57718
1.23019
1.03059
1.00109
1.00001
1
1
1
1
1
1
1
1
0.0638309
0.0432387
0.0441281
0.0673076
0.0970939
0.16321
0.31858
0.468576
0.658052
0.94412
1.23218
1.5055
1.72273
1.82445
1.8431
1.83458
1.74202
1.48713
1.15193
1.01411
1.00036
1
1
1
1
1
1
1
1
1
0.0631918
0.0417594
0.0469876
0.0677748
0.110246
0.231905
0.36495
0.527883
0.798218
1.0697
1.35194
1.62131
1.78334
1.83913
1.83979
1.81363
1.69601
1.39822
1.08856
1.00575
1.00011
1
1
1
1
1
1
1
1
1
0.0604998
0.0393643
0.0471292
0.0722994
0.146173
0.275671
0.411022
0.645406
0.920916
1.19518
1.49605
1.71893
1.82074
1.84423
1.83304
1.79323
1.64288
1.27775
1.04281
1.00186
1.00003
1
1
1
1
1
1
1
1
1
0.0558499
0.0363135
0.0453128
0.0942256
0.194076
0.311271
0.488184
0.7757
1.05201
1.3608
1.62804
1.78591
1.83822
1.84389
1.8362
1.78469
1.52752
1.16487
1.01723
1.00051
1.00001
1
1
1
1
1
1
1
1
1
0.0501608
0.0370007
0.0478684
0.119399
0.222417
0.360214
0.629626
0.915638
1.22289
1.52031
1.72431
1.82345
1.84283
1.84185
1.83334
1.71628
1.38078
1.08818
1.00609
1.00013
1
1
1
1
1
1
1
1
1
1
0.0409413
0.0389502
0.0684108
0.145175
0.266836
0.482372
0.769195
1.07747
1.40511
1.64697
1.78835
1.83967
1.84339
1.83921
1.79528
1.59982
1.26856
1.04428
1.00202
1.00003
1
1
1
1
1
1
1
1
1
1
0.0351085
0.0381246
0.0878251
0.174923
0.340534
0.627868
0.931544
1.27507
1.56319
1.74137
1.82197
1.84639
1.84264
1.8293
1.75169
1.51556
1.17622
1.01865
1.00058
1.00001
1
1
1
1
1
1
1
1
1
1
0.0303016
0.0445795
0.102749
0.243339
0.489711
0.78592
1.13036
1.46018
1.6991
1.79651
1.83435
1.85023
1.8423
1.81436
1.7094
1.40793
1.08947
1.0061
1.00013
1
1
1
1
1
1
1
1
1
1
1
0.0228372
0.0557413
0.134502
0.341765
0.646814
0.982423
1.35429
1.62623
1.7915
1.81874
1.83936
1.85376
1.84975
1.81076
1.63184
1.24346
1.03443
1.00153
1.00003
1
1
1
1
1
1
1
1
1
1
1
0.0112345
0.0643767
0.22271
0.49885
0.84395
1.23662
1.55486
1.74895
1.83404
1.82563
1.84606
1.85568
1.8528
1.78235
1.4539
1.12153
1.01129
1.00032
1
1
1
1
1
1
1
1
1
1
1
1
0.003433
0.0793905
0.355897
0.709913
1.10706
1.47321
1.70852
1.81615
1.84516
1.82855
1.85311
1.85185
1.83131
1.64366
1.29666
1.05632
1.00314
1.00006
1
1
1
1
1
1
1
1
1
1
1
1
0.00485825
0.18426
0.527099
0.972295
1.39523
1.66604
1.79784
1.84309
1.84891
1.829
1.85561
1.83758
1.76002
1.51602
1.18198
1.0207
1.0007
1.00001
1
1
1
1
1
1
1
1
1
1
1
1
0.0253016
0.327289
0.806974
1.29842
1.62746
1.78474
1.83464
1.85205
1.85141
1.82852
1.8564
1.82047
1.68935
1.38537
1.08246
1.00538
1.00012
1
1
1
1
1
1
1
1
1
1
1
1
1
0.108413
0.534662
1.1818
1.59918
1.77544
1.83138
1.84586
1.85556
1.85338
1.82579
1.85219
1.80501
1.59579
1.20808
1.02453
1.00095
1.00001
1
1
1
1
1
1
1
1
1
1
1
1
1
0.380575
1.01866
1.5571
1.7734
1.83135
1.84278
1.85008
1.85809
1.8533
1.82042
1.83128
1.75812
1.39668
1.0764
1.00477
1.0001
1
1
1
1
1
1
1
1
1
1
1
1
1
1
0.999294
1.53751
1.78592
1.83764
1.84262
1.84561
1.85298
1.85926
1.84783
1.81522
1.80142
1.59859
1.20032
1.02013
1.00053
1.00001
1
1
1
1
1
1
1
1
1
1
1
1
1
1
1.84915
1.84966
1.84848
1.84734
1.84426
1.84719
1.85426
1.85953
1.8416
1.80377
1.75805
1.41589
1.07016
0.999719
0.999968
0.999999
1
1
1
1
1
1
1
1
1
1
1
1
1
1
1.84805
1.84858
1.84884
1.84885
1.84545
1.84363
1.84936
1.86001
1.85238
1.80607
1.74306
1.37451
1.06639
1.0027
1.00003
1
1
1
1
1
1
1
1
1
1
1
1
1
1
1
1.84638
1.8469
1.84992
1.85106
1.84733
1.84251
1.84389
1.85881
1.85575
1.80489
1.66335
1.23986
1.02048
1.00033
1
1
1
1
1
1
1
1
1
1
1
1
1
1
1
1
1.84573
1.84575
1.85055
1.85345
1.85017
1.84053
1.8389
1.85426
1.85604
1.7888
1.56314
1.16221
1.00995
1.00012
1
1
1
1
1
1
1
1
1
1
1
1
1
1
1
1
1.84546
1.84524
1.85029
1.85459
1.85225
1.83972
1.83318
1.84677
1.85396
1.77081
1.47306
1.09691
1.00371
1.00003
1
1
1
1
1
1
1
1
1
1
1
1
1
1
1
1
1.84574
1.84507
1.8492
1.8545
1.85264
1.84107
1.82973
1.84078
1.84768
1.73634
1.36724
1.04943
1.00124
1.00001
1
1
1
1
1
1
1
1
1
1
1
1
1
1
1
1
1.84665
1.84555
1.84765
1.85181
1.8524
1.84505
1.82977
1.84041
1.84336
1.67275
1.25403
1.02305
1.00039
1
1
1
1
1
1
1
1
1
1
1
1
1
1
1
1
1
1.84835
1.84703
1.84667
1.84799
1.85031
1.85109
1.83838
1.84327
1.83256
1.56556
1.16514
1.00989
1.00011
1
1
1
1
1
1
1
1
1
1
1
1
1
1
1
1
1
1.84969
1.84825
1.84474
1.84239
1.84701
1.85613
1.84986
1.83539
1.79812
1.46514
1.0915
1.00336
1.00003
1
1
1
1
1
1
1
1
1
1
1
1
1
1
1
1
1
1.85049
1.84873
1.84359
1.83783
1.8429
1.85823
1.86229
1.82377
1.72812
1.35361
1.04627
1.00113
1.00001
1
1
1
1
1
1
1
1
1
1
1
1
1
1
1
1
1
1.8507
1.84949
1.84425
1.83508
1.83735
1.86075
1.86863
1.8196
1.65839
1.24609
1.02031
1.00032
1
1
1
1
1
1
1
1
1
1
1
1
1
1
1
1
1
1
1.85036
1.84919
1.8446
1.83412
1.83315
1.8595
1.87012
1.81147
1.56863
1.15004
1.00808
1.00008
1
1
1
1
1
1
1
1
1
1
1
1
1
1
1
1
1
1
1.84945
1.84694
1.84451
1.83736
1.83169
1.8593
1.86829
1.76245
1.45258
1.07978
1.00264
1.00002
1
1
1
1
1
1
1
1
1
1
1
1
1
1
1
1
1
1
1.84865
1.84439
1.84478
1.84139
1.83329
1.86362
1.86984
1.7111
1.33218
1.03884
1.00081
1
1
1
1
1
1
1
1
1
1
1
1
1
1
1
1
1
1
1
1.84725
1.84175
1.84547
1.84563
1.84226
1.86502
1.86944
1.64892
1.21088
1.01491
1.0002
1
1
1
1
1
1
1
1
1
1
1
1
1
1
1
1
1
1
1
1.84559
1.83813
1.84065
1.8516
1.85271
1.85276
1.83223
1.5246
1.11702
1.00515
1.00005
1
1
1
1
1
1
1
1
1
1
1
1
1
1
1
1
1
1
1
1.84529
1.83527
1.83371
1.856
1.87658
1.84087
1.7664
1.40663
1.06119
1.00161
1.00001
1
1
1
1
1
1
1
1
1
1
1
1
1
1
1
1
1
1
1
1.84386
1.83402
1.82991
1.86879
1.88947
1.83951
1.70652
1.28041
1.02484
1.00042
1
1
1
1
1
1
1
1
1
1
1
1
1
1
1
1
1
1
1
1
1.84003
1.83414
1.82856
1.88039
1.89807
1.83386
1.60638
1.15804
1.00861
1.00009
1
1
1
1
1
1
1
1
1
1
1
1
1
1
1
1
1
1
1
1
1.83414
1.83404
1.83084
1.89074
1.9032
1.7852
1.4664
1.08397
1.00279
1.00002
1
1
1
1
1
1
1
1
1
1
1
1
1
1
1
1
1
1
1
1
1.82764
1.83732
1.84105
1.89552
1.90518
1.73793
1.33136
1.03552
1.00068
1
1
1
1
1
1
1
1
1
1
1
1
1
1
1
1
1
1
1
1
1
1.81784
1.84174
1.85149
1.89183
1.90364
1.65795
1.19095
1.01188
1.00015
1
1
1
1
1
1
1
1
1
1
1
1
1
1
1
1
1
1
1
1
1
1.81185
1.8474
1.87396
1.87402
1.84883
1.50716
1.10123
1.00377
1.00003
1
1
1
1
1
1
1
1
1
1
1
1
1
1
1
1
1
1
1
1
1
1.81056
1.86419
1.907
1.86308
1.77855
1.37586
1.04582
1.00097
1.00001
1
1
1
1
1
1
1
1
1
1
1
1
1
1
1
1
1
1
1
1
1
1.8124
1.88592
1.92613
1.86777
1.69489
1.21867
1.01462
1.0002
1
1
1
1
1
1
1
1
1
1
1
1
1
1
1
1
1
1
1
1
1
1
1.82656
1.90386
1.93591
1.84241
1.54043
1.10953
1.00438
1.00004
1
1
1
1
1
1
1
1
1
1
1
1
1
1
1
1
1
1
1
1
1
1
1.84651
1.91057
1.93909
1.7791
1.38397
1.04861
1.00109
1.00001
1
1
1
1
1
1
1
1
1
1
1
1
1
1
1
1
1
1
1
1
1
1
1.8642
1.91042
1.94274
1.70809
1.22482
1.01523
1.00021
1
1
1
1
1
1
1
1
1
1
1
1
1
1
1
1
1
1
1
1
1
1
1
1.89626
1.91489
1.91073
1.5379
1.10582
1.00414
1.00004
1
1
1
1
1
1
1
1
1
1
1
1
1
1
1
1
1
1
1
1
1
1
1
1.97438
1.88877
1.81489
1.36526
1.04648
1.00106
1.00001
1
1
1
1
1
1
1
1
1
1
1
1
1
1
1
1
1
1
1
1
1
1
1
2.06959
1.83664
1.70052
1.21137
1.01457
1.00021
1
1
1
1
1
1
1
1
1
1
1
1
1
1
1
1
1
1
1
1
1
1
1
1
2.1383
1.79081
1.50508
1.09572
1.00398
1.00004
1
1
1
1
1
1
1
1
1
1
1
1
1
1
1
1
1
1
1
1
1
1
1
1
2.17136
1.70159
1.33106
1.0412
1.00109
1.00001
1
1
1
1
1
1
1
1
1
1
1
1
1
1
1
1
1
1
1
1
1
1
1
1
2.18248
1.58958
1.19312
1.01436
1.00024
1
1
1
1
1
1
1
1
1
1
1
1
1
1
1
1
1
1
1
1
1
1
1
1
1
2.08315
1.45269
1.09827
1.00454
1.00005
1
1
1
1
1
1
1
1
1
1
1
1
1
1
1
1
1
1
1
1
1
1
1
1
1
1.93016
1.32981
1.04731
1.00133
1.00001
1
1
1
1
1
1
1
1
1
1
1
1
1
1
1
1
1
1
1
1
1
1
1
1
1
1.79689
1.20751
1.0165
1.00028
1
1
1
1
1
1
1
1
1
1
1
1
1
1
1
1
1
1
1
1
1
1
1
1
1
1
1.60005
1.10323
1.0046
1.00004
1
1
1
1
1
1
1
1
1
1
1
1
1
1
1
1
1
1
1
1
1
1
1
1
1
1
1.36436
1.04232
1.0009
1
1
1
1
1
1
1
1
1
1
1
1
1
1
1
1
1
1
1
1
1
1
1
1
1
1
1
1.1351
1.0089
1.00008
1
1
1
1
1
1
1
1
1
1
1
1
1
1
1
1
1
1
1
1
1
1
1
1
1
1
1
1
1
1
1
1
1
1
1
1
1
1
1
1
1
1
1
1
1
1
1
1
1
1
1
1
1
1
1
1
1
1
1
1
1
1
1
1
1
1
1
1
1
1
1
1
1
1
1
1
1
1
1
1
1
1
1
1
1
1
1
1
1
1
1
1
1
1
1
1
1
1
1
1
1
1
1
1
1
1
1
1
1
1
1
1
1
1
1
1
1
1
1
1
1
1
1
1
1
1
1
1
1
1
1
1
1
1
1
1
1
1
1
1
1
1
1
1
1
1
1
1
1
1
1
1
1
1
1
1
1
1
1
1
1
1
1
1
1
1
1
1
1
1
1
1
1
1
1
1
1
1
1
1
1
1
1
1
1
1
1
1
1
1
1
1
1
1
1
1
1
1
1
1
1
1
1
1
1
1
1
1
1
1
1
1
1
1
1
1
1
1
1
1
1
1
1
1
1
1
1
1
1
1
1
1
1
1
1
1
1
1
1
1
1
1
1
1
1
1
1
1
1
1
1
1
1
1
1
1
1
1
1
1
1
1
1
1
1
1
1
1
1
1
1
1
1
1
1
1
1
1
1
1
1
1
1
1
1
1
1
1
1
1
1
1
1
1
1
1
1
1
1
1
1
1
1
1
1
1
1
1
1
1
1
1
1
1
1
1
1
1
1
1
1
1
1
1
1
1
1
1
1
1
1
1
1
1
1
1
1
1
1
1
1
1
1
1
1
1
1
1
1
1
1
1
1
1
1
1
1
1
1
1
1
1
1
1
1
1
1
1
1
1
1
1
1
1
1
1
1
1
1
1
1
1
1
1
1
1
1
1
1
1
1
1
1
1
1
1
1
1
1
1
1
1
1
1
1
1
1
1
1
1
1
1
1
1
1
1
1
1
1
1
1
1
1
1
1
1
1
1
1
1
1
1
1
1
1
1
1
1
1
1
1
1
1
1
1
1
1
1
1
1
1
1
1
1
1
1
1
1
1
1
1
1
1
1
1
1
1
1
1
1
1
1
1
1
1
1
1
1
1
1
1
1
1
1
1
1
1
1
1
1
1
1
1
1
1
1
1
1
1
1
1
1
1
1
1
1
1
1
1
1
1
1
1
1
1
1
1
1
1
1
1
1
1
1
1
1
1
1
1
1
1
1
1
1
1
1
1
1
1
1
1
1
1
1
1
1
1
1
1
1
1
1
1
1
1
1
1
1
1
1
1
1
1
1
1
1
1
1
1
1
1
1
1
1
1
1
1
1
1
1
1
1
1
1
1
1
1
1
1
1
1
1
1
1
1
1
1
1
1
1
1
1
1
1
1
1
1
1
1
1
1
1
1
1
1
1
1
1
1
1
1
1
1
1
1
1
1
1
1
1
1
1
1
1
1
1
1
1
1
1
1
1
1
1
1
1
1
1
1
1
1
1
1
1
1
1
1
1
1
1
1
1
1
1
1
1
1
1
1
1
1
1
1
1
1
1
1
1
1
1
1
1
1
1
1
1
1
1
1
1
1
1
1
1
1
1
1
1
1
1
1
1
1
1
1
1
1
1
1
1
1
1
1
1
1
1
1
1
1
1
1
1
1
1
1
1
1
1
1
1
1
1
1
1
1
1
1
1
1
1
1
1
1
1
1
1
1
1
1
1
1
1
1
1
1
1
1
1
1
1
1
1
1
1
1
1
1
1
1
1
1
1
1
1
1
1
1
1
1
1
1
1
1
1
1
1
1
1
1
1
1
1
1
1
1
1
1
1
1
1
1
1
1
1
1
1
1
1
1
1
1
1
1
1
1
1
1
1
1
1
1
1
1
1
1
1
1
1
1
1
1
1
1
1
1
1
1
1
1
1
1
1
1
1
1
1
1
1
1
1
1
1
1
1
1
1
1
1
1
1
1
1
1
1
1
1
1
1
1
1
1
1
1
1
1
1
1
1
1
1
1
1
1
1
1
1
1
1
1
1
1
1
1
1
1
1
1
1
1
1
1
1
1
1
1
1
1
1
1
1
1
1
1
1
1
1
1
1
1
1
1
1
1
1
1
1
1
1
1
1
1
1
1
1
1
1
1
1
1
1
1
1
1
1
1
1
1
1
1
1
1
1
1
1
1
1
1
1
1
1
1
1
1
1
1
1
1
1
1
1
1
1
1
1
1
1
1
1
1
1
1
1
1
1
1
1
1
1
1
1
1
1
1
1
1
1
1
1
1
1
1
1
1
1
1
1
1
1
1
1
1
1
1
1
1
1
1
1
1
1
1
1
1
1
1
1
1
1
1
1
1
1
1
1
1
1
1
1
1
1
1
1
1
1
1
1
1
1
1
1
1
1
1
1
1
1
1
1
1
1
1
1
1
1
1
1
1
1
1
1
1
1
1
1
1
1
1
1
1
1
1
1
1
1
1
1
1
1
1
1
1
1
1
1
1
1
1
1
1
1
1
1
1
1
1
1
1
1
1
1
1
1
1
1
1
1
1
1
1
1
1
1
1
1
1
1
1
1
1
1
1
1
1
1
1
1
1
1
1
1
1
1
1
1
1
1
1
1
1
1
1
1
1
1
1
1
1
1
1
1
1
1
1
1
1
1
1
1
1
1
1
1
1
1
1
1
1
1
1
1
1
1
1
1
1
1
1
1
1
1
1
1
1
1
1
1
1
1
1
1
1
1
1
1
1
1
1
1
1
1
1
1
1
1
1
1
1
1
1
1
1
1
1
1
1
1
1
1
1
1
1
1
1
1
1
1
1
1
1
1
1
1
1
1
1
1
1
1
1
1
1
1
1
1
1
1
1
1
1
1
1
1
1
1
1
1
1
1
1
1
1
1
1
1
1
1
1
1
1
1
1
1
1
1
1
1
1
1
1
1
1
1
1
1
1
1
1
1
1
1
1
1
1
1
1
1
1
1
1
1
1
1
1
1
1
1
1
1
1
1
1
1
1
1
1
1
1
1
1
1
1
1
1
1
1
1
1
1
1
1
1
1
1
1
1
1
1
1
1
1
1
1
1
1
1
1
1
1
1
1
1
1
1
1
1
1
1
1
1
1
1
1
1
1
1
1
1
1
1
1
1
1
1
1
1
1
1
1
1
1
1
1
1
1
1
1
1
1
1
1
1
1
1
1
1
1
1
1
1
1
1
1
1
1
1
1
1
1
1
1
1
1
1
1
1
1
1
1
1
1
1
1
1
1
1
1
1
1
1
1
1
1
1
1
1
1
1
1
1
1
1
1
1
1
1
1
1
1
1
1
1
1
1
1
1
1
1
1
1
1
1
1
1
1
1
1
1
1
1
1
1
1
1
1
1
1
1
1
1
1
1
1
1
1
1
1
1
1
1
1
1
1
1
1
1
1
1
1
1
1
1
1
1
1
1
1
1
1
1
1
1
1
1
1
1
1
1
1
1
1
1
1
1
1
1
1
1
1
1
1
1
1
1
1
1
1
1
1
1
1
1
1
1
1
1
1
1
1
1
1
1
1
1
1
1
1
1
1
1
1
1
1
1
1
1
1
1
1
1
1
1
1
1
1
1
1
1
1
1
1
1
1
1
1
1
1
1
1
1
1
1
1
1
1
1
1
1
1
1
1
1
1
1
1
1
1
1
1
1
1
1
1
1
1
1
1
1
1
1
1
1
1
1
1
1
1
1
1
1
1
1
1
1
1
1
1
1
1
1
1
1
1
1
1
1
1
1
1
1
1
1
1
1
1
1
1
1
1
1
1
1
1
1
1
1
1
1
1
1
1
1
1
1
1
1
1
1
1
1
1
1
1
1
1
1
1
1
1
1
1
1
1
1
1
1
1
1
1
1
1
1
1
1
1
1
1
1
1
1
1
1
1
1
1
1
1
1
1
1
1
1
1
1
1
1
1
1
1
1
1
1
1
1
1
1
1
1
1
1
1
1
1
1
1
1
1
1
1
1
1
1
1
1
1
1
1
1
1
1
1
1
1
1
1
1
1
1
1
1
1
1
1
1
1
1
1
1
1
1
1
1
1
1
1
1
1
1
1
1
1
1
1
1
1
1
1
1
1
1
1
1
1
1
1
1
1
1
1
1
1
1
1
1
1
1
1
1
1.42125
1
1
1
1
1
1
1
1
1
1
1
1
1
1
1
1
1
1
1
1
1
1
1
1
1
1
1
1
1
2.36473
0.998517
1
1
1
1
1
1
1
1
1
1
1
1
1
1
1
1
1
1
1
1
1
1
1
1
1
1
1
1
3.6054
1.07667
1
1
1
1
1
1
1
1
1
1
1
1
1
1
1
1
1
1
1
1
1
1
1
1
1
1
1
1
5.22118
1.36417
1
1
1
1
1
1
1
1
1
1
1
1
1
1
1
1
1
1
1
1
1
1
1
1
1
1
1
1
6.88211
2.16665
0.998803
1
1
1
1
1
1
1
1
1
1
1
1
1
1
1
1
1
1
1
1
1
1
1
1
1
1
1
8.62164
3.85132
1.11451
0.999852
1
1
1
1
1
1
1
1
1
1
1
1
1
1
1
1
1
1
1
1
1
1
1
1
1
1
9.50787
6.3296
2.60076
1.00516
1
1
1
1
1
1
1
1
1
1
1
1
1
1
1
1
1
1
1
1
1
1
1
1
1
1
8.53073
6.6781
5.75528
1.78748
0.999251
1
1
1
1
1
1
1
1
1
1
1
1
1
1
1
1
1
1
1
1
1
1
1
1
1
7.05152
6.31274
6.89299
4.35372
1.23978
0.999689
1
1
1
1
1
1
1
1
1
1
1
1
1
1
1
1
1
1
1
1
1
1
1
1
6.15341
6.02898
6.68801
6.41537
2.70639
1.00909
1
1
1
1
1
1
1
1
1
1
1
1
1
1
1
1
1
1
1
1
1
1
1
1
5.80332
5.84567
6.39294
6.32345
4.92421
1.47722
0.99941
1
1
1
1
1
1
1
1
1
1
1
1
1
1
1
1
1
1
1
1
1
1
1
5.65516
5.78639
6.05139
5.95003
5.79913
2.85109
1.02599
1
1
1
1
1
1
1
1
1
1
1
1
1
1
1
1
1
1
1
1
1
1
1
5.57202
5.69843
5.74211
5.81737
6.06875
4.57142
1.40459
0.999462
1
1
1
1
1
1
1
1
1
1
1
1
1
1
1
1
1
1
1
1
1
1
5.56195
5.65732
5.66021
5.79636
6.03671
5.72974
2.67833
1.01729
1
1
1
1
1
1
1
1
1
1
1
1
1
1
1
1
1
1
1
1
1
1
5.59588
5.67857
5.69394
5.79214
5.9437
5.74246
4.16243
1.30526
0.99994
1
1
1
1
1
1
1
1
1
1
1
1
1
1
1
1
1
1
1
1
1
5.64821
5.72425
5.7461
5.77063
5.79235
5.70183
5.14391
2.1201
0.999792
1
1
1
1
1
1
1
1
1
1
1
1
1
1
1
1
1
1
1
1
1
5.7097
5.77673
5.78301
5.76387
5.70551
5.68206
5.71044
3.59688
1.12787
1
1
1
1
1
1
1
1
1
1
1
1
1
1
1
1
1
1
1
1
1
5.7761
5.82955
5.81237
5.77957
5.68688
5.69832
5.81426
4.85654
1.74029
0.999051
1
1
1
1
1
1
1
1
1
1
1
1
1
1
1
1
1
1
1
1
5.82943
5.86956
5.82767
5.79861
5.70426
5.71417
5.78284
5.29973
2.77695
1.03327
1
1
1
1
1
1
1
1
1
1
1
1
1
1
1
1
1
1
1
1
5.86829
5.88952
5.83373
5.81856
5.76365
5.74933
5.77934
5.63418
4.12545
1.29865
0.999596
1
1
1
1
1
1
1
1
1
1
1
1
1
1
1
1
1
1
1
5.89099
5.89376
5.83924
5.84056
5.82377
5.77943
5.79078
5.77988
5.2666
2.14912
1.00166
1
1
1
1
1
1
1
1
1
1
1
1
1
1
1
1
1
1
1
5.89991
5.8833
5.85312
5.85794
5.85382
5.81152
5.81511
5.82506
5.50279
3.33605
1.10087
1
1
1
1
1
1
1
1
1
1
1
1
1
1
1
1
1
1
1
5.89616
5.87451
5.86668
5.87119
5.87224
5.84027
5.8403
5.84302
5.67689
4.51002
1.5091
0.999279
1
1
1
1
1
1
1
1
1
1
1
1
1
1
1
1
1
1
5.8879
5.86939
5.87718
5.88253
5.88657
5.86433
5.85471
5.87005
5.80452
5.53951
2.55737
1.01679
1
1
1
1
1
1
1
1
1
1
1
1
1
1
1
1
1
1
5.8777
5.86479
5.88453
5.88668
5.89506
5.88157
5.87098
5.88599
5.87525
5.73748
3.85476
1.21178
1
1
1
1
1
1
1
1
1
1
1
1
1
1
1
1
1
1
5.86876
5.85898
5.88496
5.88342
5.8933
5.88665
5.87894
5.89529
5.90265
5.76924
4.90168
1.8082
0.999102
1
1
1
1
1
1
1
1
1
1
1
1
1
1
1
1
1
5.86244
5.85358
5.87832
5.8757
5.88229
5.88178
5.87657
5.89696
5.89161
5.80734
5.67263
2.95368
1.0473
1
1
1
1
1
1
1
1
1
1
1
1
1
1
1
1
1
5.85943
5.85066
5.86707
5.86849
5.86893
5.87234
5.8661
5.88894
5.87233
5.83043
5.90521
4.36825
1.35824
0.999473
1
1
1
1
1
1
1
1
1
1
1
1
1
1
1
1
5.85507
5.84974
5.85523
5.86209
5.85537
5.85826
5.84913
5.87126
5.86044
5.83042
5.8694
5.22286
2.18449
1.00537
1
1
1
1
1
1
1
1
1
1
1
1
1
1
1
1
5.84585
5.85215
5.84897
5.85589
5.84599
5.84204
5.83571
5.85376
5.85195
5.83835
5.80913
5.69212
3.33181
1.10135
1
1
1
1
1
1
1
1
1
1
1
1
1
1
1
1
5.83632
5.85352
5.84567
5.84819
5.83766
5.82916
5.82539
5.83855
5.84707
5.82955
5.79704
5.88457
4.62494
1.5092
0.999227
1
1
1
1
1
1
1
1
1
1
1
1
1
1
1
5.83323
5.85288
5.8434
5.83824
5.82837
5.81848
5.81507
5.82193
5.83866
5.81406
5.78252
5.87279
5.43545
2.4823
1.01728
0.999999
1
1
1
1
1
1
1
1
1
1
1
1
1
1
5.8334
5.84793
5.83963
5.82591
5.81784
5.80742
5.80404
5.80286
5.82436
5.79619
5.75066
5.79439
5.63452
3.6437
1.17117
1
1
1
1
1
1
1
1
1
1
1
1
1
1
1
5.83537
5.83724
5.83288
5.81495
5.80818
5.79695
5.7922
5.78074
5.79983
5.77262
5.70822
5.70373
5.71548
4.61306
1.61361
0.999864
1
1
1
1
1
1
1
1
1
1
1
1
1
1
5.83138
5.82288
5.82197
5.80373
5.7963
5.78418
5.77229
5.75371
5.76937
5.74616
5.68931
5.66902
5.72996
5.40872
2.52614
1.02201
1
1
1
1
1
1
1
1
1
1
1
1
1
1
5.81996
5.80449
5.80357
5.78349
5.77207
5.76407
5.7462
5.725
5.73356
5.71841
5.67738
5.6573
5.70336
5.51537
3.66703
1.18841
0.999822
0.999999
1
1
1
1
1
1
1
1
1
1
1
1
5.80048
5.78028
5.77935
5.75613
5.74181
5.73842
5.71935
5.69805
5.69242
5.68556
5.65239
5.62442
5.65375
5.5503
4.43003
1.59732
1.00043
0.999999
1
1
1
1
1
1
1
1
1
1
1
1
5.77404
5.75134
5.75061
5.72492
5.70982
5.70931
5.68965
5.66775
5.65033
5.64694
5.62344
5.59032
5.58635
5.55158
5.20171
2.38314
1.01617
0.999974
1
1
1
1
1
1
1
1
1
1
1
1
5.73763
5.71411
5.71689
5.68815
5.67195
5.67582
5.65552
5.63506
5.61099
5.60687
5.59402
5.56068
5.55084
5.54353
5.39318
3.4121
1.1731
1.00015
1
1
1
1
1
1
1
1
1
1
1
1
5.7022
5.68347
5.68946
5.65947
5.64616
5.6426
5.61983
5.60657
5.58187
5.57763
5.56481
5.53623
5.52222
5.51661
5.37517
3.98803
1.33206
0.987564
0.999855
1
1
1
1
1
1
1
1
1
1
1
2.71884
4.15599
4.8941
5.2522
5.44476
5.53331
5.56459
5.56791
5.55556
5.55071
5.55112
5.52301
5.4946
5.48801
5.39632
5.09623
2.5356
1.08538
1.00066
1
1
1
1
1
1
1
1
1
1
1
0.99364
2.56671
3.68475
4.37463
4.85002
5.14979
5.34833
5.44304
5.47944
5.49191
5.51718
5.50373
5.47469
5.45985
5.39702
5.37518
3.85046
1.52112
1.0149
1.00009
1
1
1
1
1
1
1
1
1
1
0.391728
1.55546
2.55645
3.43659
4.01126
4.54601
4.87417
5.14564
5.28934
5.3728
5.43526
5.46922
5.44404
5.42601
5.40763
5.37783
4.91423
2.55841
1.11833
1.00155
1.00001
1
1
1
1
1
1
1
1
1
0.24202
1.07219
1.74415
2.55832
3.23973
3.81133
4.29766
4.65117
4.94342
5.14317
5.2719
5.36975
5.39833
5.38125
5.39596
5.37858
5.35605
3.89214
1.54732
1.01636
1.00011
1
1
1
1
1
1
1
1
1
0.231891
0.809754
1.31792
1.8714
2.58585
3.08672
3.70307
4.11163
4.49857
4.7679
5.00815
5.17898
5.29126
5.31983
5.35953
5.36722
5.35732
4.5949
2.40652
1.1032
1.00119
1
1
1
1
1
1
1
1
1
0.232566
0.603075
1.03896
1.48492
2.05763
2.59644
3.06863
3.6056
3.98754
4.36439
4.65336
4.89815
5.0942
5.20675
5.29324
5.36299
5.28798
5.12908
3.43954
1.39837
1.00969
1.00005
1
1
1
1
1
1
1
1
0.267555
0.48417
0.762848
1.19709
1.64006
2.21029
2.58873
3.12677
3.52175
3.95403
4.27538
4.57807
4.83774
5.01869
5.17745
5.31918
5.21786
5.25027
4.54631
2.09245
1.0614
1.00057
1
1
1
1
1
1
1
1
0.357838
0.465649
0.577275
0.943655
1.29936
1.84023
2.30472
2.64391
3.12282
3.49089
3.88407
4.21647
4.51165
4.75314
4.99859
5.21989
5.16727
5.22079
4.95077
3.15082
1.264
1.0048
1.00002
1
1
1
1
1
1
1
0.449167
0.458281
0.502442
0.792029
1.08947
1.4406
1.992
2.33395
2.76768
3.10347
3.5051
3.84239
4.15932
4.48473
4.7714
5.04065
5.11072
5.10989
5.04523
4.10525
1.7724
1.02869
1.0002
1
1
1
1
1
1
1
0.52384
0.432979
0.444104
0.695086
0.977934
1.20122
1.67444
2.1016
2.4214
2.8258
3.18257
3.53463
3.86536
4.2089
4.49818
4.81951
4.96995
5.00883
5.0329
4.54491
2.49229
1.12
1.00133
1
1
1
1
1
1
1
0.570662
0.427189
0.396907
0.579119
0.872251
1.13603
1.35537
1.82993
2.15946
2.55695
2.88089
3.24678
3.5786
3.88104
4.23403
4.55583
4.77106
4.93263
5.00653
4.84865
3.34122
1.37452
1.00862
1.00004
1
1
1
1
1
1
0.593981
0.431344
0.39519
0.503592
0.728933
1.04727
1.2173
1.56806
1.92966
2.2497
2.57866
2.94223
3.2675
3.58815
3.99419
4.25766
4.56099
4.79106
4.94774
4.91773
4.25071
1.9181
1.04219
1.00032
1
1
1
1
1
1
0.589947
0.446124
0.40897
0.498476
0.584704
0.911676
1.16548
1.36025
1.72965
2.02342
2.37311
2.67229
3.01378
3.3767
3.72486
4.01885
4.32266
4.57611
4.83238
4.89161
4.52629
2.75143
1.16509
1.00204
1.00001
1
1
1
1
1
0.575514
0.452017
0.439285
0.500868
0.541272
0.754098
1.07421
1.26347
1.57306
1.87009
2.19753
2.48649
2.80779
3.16523
3.46049
3.81262
4.038
4.35804
4.6688
4.82531
4.66567
3.37737
1.43814
1.01079
1.00005
1
1
1
1
1
0.544677
0.453869
0.465275
0.494964
0.523794
0.634959
0.950045
1.1881
1.39034
1.6994
1.99394
2.29715
2.59808
2.89997
3.25829
3.57634
3.82293
4.14386
4.47663
4.73779
4.69186
3.90562
1.84245
1.03874
1.00028
1
1
1
1
1
0.52229
0.46491
0.479521
0.474459
0.504903
0.616344
0.809512
1.08698
1.26217
1.53252
1.76647
2.08858
2.37304
2.66668
3.07428
3.34426
3.65224
3.89977
4.23669
4.58685
4.68983
4.42772
2.55287
1.12967
1.00144
1.00001
1
1
1
1
0.523616
0.488619
0.487347
0.454677
0.489027
0.615988
0.700134
0.974156
1.1937
1.39027
1.64823
1.90894
2.20623
2.52248
2.85608
3.16082
3.45477
3.70458
4.03149
4.39865
4.64325
4.52283
3.25507
1.37166
1.00798
1.00003
1
1
1
1
0.534433
0.50836
0.487443
0.450179
0.465684
0.594976
0.679372
0.857144
1.1164
1.31352
1.56253
1.79591
2.07182
2.38998
2.64294
2.98905
3.21866
3.55418
3.86311
4.1967
4.53648
4.49235
3.61436
1.69453
1.02732
1.00017
1
1
1
1
0.539013
0.523265
0.491367
0.452632
0.452377
0.55694
0.663246
0.758559
1.01392
1.22233
1.45973
1.68677
1.93339
2.22751
2.50618
2.7956
3.03936
3.38892
3.6768
3.96581
4.37994
4.44487
4.03705
2.19473
1.07838
1.0007
1
1
1
1
0.532829
0.529918
0.496145
0.45603
0.450338
0.519776
0.630956
0.735079
0.883375
1.11034
1.30573
1.55105
1.78104
2.03336
2.38243
2.60221
2.90587
3.19705
3.46787
3.80487
4.22212
4.40303
4.28198
2.80372
1.21869
1.00326
1.00001
1
1
1
0.524895
0.528103
0.502142
0.462629
0.449746
0.487529
0.59246
0.724495
0.823152
1.02351
1.21597
1.43567
1.67241
1.91877
2.23857
2.47564
2.7681
3.02397
3.32733
3.66929
4.0297
4.33863
4.28677
3.19205
1.4414
1.01201
1.00006
1
1
1
0.516707
0.524179
0.507341
0.474082
0.45265
0.475986
0.540501
0.698487
0.81686
0.973485
1.16457
1.35957
1.58906
1.83253
2.07167
2.36035
2.58719
2.8936
3.20668
3.49463
3.81864
4.21946
4.23982
3.65714
1.78207
1.03413
1.00022
1
1
1
0.510294
0.519738
0.510051
0.484661
0.46314
0.476209
0.497582
0.64287
0.790302
0.919856
1.10301
1.28676
1.49651
1.74976
1.9616
2.24244
2.43994
2.76586
3.05882
3.30137
3.661
4.0884
4.18457
3.92432
2.27408
1.09657
1.00092
1
1
1
0.506925
0.513261
0.509273
0.492415
0.478445
0.477023
0.486887
0.569628
0.731674
0.855569
1.01632
1.19075
1.38305
1.60848
1.86408
2.09405
2.34728
2.62125
2.88479
3.18432
3.50952
3.91974
4.14893
3.96533
2.63554
1.21262
1.00339
1.00001
1
1
0.505455
0.505396
0.508262
0.497199
0.484888
0.473562
0.482599
0.538391
0.668744
0.806885
0.936752
1.10729
1.2935
1.50331
1.76351
1.96707
2.25368
2.48733
2.77257
3.08269
3.3287
3.72048
4.09096
4.00383
3.01342
1.38308
1.00959
1.00004
1
1
0.508121
0.502143
0.506018
0.498571
0.485437
0.468583
0.481818
0.542235
0.627931
0.773442
0.910456
1.06994
1.25242
1.44846
1.67072
1.87993
2.14002
2.39185
2.67633
2.95362
3.1955
3.58709
4.00245
4.00285
3.4653
1.69553
1.02741
1.00016
1
1
0.510596
0.502163
0.504357
0.498788
0.485459
0.468057
0.480375
0.541459
0.606411
0.738773
0.880766
1.03125
1.2033
1.39636
1.59078
1.80671
1.99667
2.28928
2.56157
2.80411
3.11043
3.45194
3.87835
3.9925
3.58706
2.02945
1.07128
1.00061
1
1
0.509365
0.503279
0.504893
0.497566
0.484442
0.466047
0.475562
0.527782
0.582277
0.687154
0.832574
0.975463
1.1361
1.31914
1.49707
1.72155
1.91024
2.18313
2.4229
2.70533
3.01619
3.27324
3.70544
3.9527
3.67734
2.32008
1.13913
1.00182
1.00001
1
0.505455
0.504145
0.507198
0.497644
0.484012
0.462416
0.470019
0.503365
0.55642
0.633692
0.763337
0.899755
1.05204
1.22536
1.41344
1.60967
1.84387
2.06376
2.32708
2.62055
2.89208
3.14286
3.55877
3.88194
3.77717
2.75313
1.2661
1.00502
1.00002
1
0.498803
0.502725
0.51058
0.49923
0.485107
0.463766
0.466502
0.495053
0.543765
0.624499
0.728667
0.866751
1.01214
1.17933
1.36172
1.52989
1.77522
1.98491
2.24838
2.52804
2.75367
3.06244
3.43274
3.80582
3.7811
3.02654
1.46772
1.01413
1.00007
1
0.492757
0.500742
0.511606
0.502942
0.488953
0.466534
0.465877
0.489023
0.533199
0.619629
0.716411
0.842459
0.982241
1.13671
1.31361
1.47714
1.67852
1.91456
2.16496
2.40111
2.66769
2.96718
3.27186
3.69941
3.76434
3.16936
1.67387
1.03222
1.00021
1
0.490749
0.498495
0.510671
0.507515
0.494198
0.471654
0.465445
0.480883
0.516023
0.60406
0.694122
0.811323
0.944739
1.08935
1.25021
1.43023
1.59586
1.83864
2.05799
2.29858
2.59298
2.83051
3.13189
3.5816
3.72226
3.38265
1.9513
1.06536
1.00058
1
0.490242
0.496682
0.508251
0.508312
0.495473
0.47702
0.465694
0.469612
0.487776
0.565844
0.655541
0.761861
0.886632
1.02113
1.15994
1.35285
1.54028
1.76089
1.96664
2.2321
2.505
2.72152
3.04851
3.46947
3.66984
3.50478
2.27685
1.13218
1.00165
1.00001
0.491653
0.495738
0.50401
0.507131
0.495502
0.482474
0.467581
0.464007
0.476198
0.529817
0.616349
0.721966
0.843987
0.977492
1.12028
1.28018
1.48224
1.67863
1.90812
2.1642
2.39027
2.6558
2.95614
3.34013
3.62221
3.50958
2.4831
1.22568
1.00419
1.00002
0.495234
0.49517
0.497903
0.504313
0.495102
0.487619
0.471608
0.464929
0.477429
0.527475
0.602336
0.707192
0.824345
0.954077
1.0958
1.24141
1.42879
1.62312
1.84541
2.08011
2.29687
2.58408
2.8195
3.20341
3.56375
3.50875
2.71017
1.34825
1.00929
1.00004
0.496428
0.494742
0.491462
0.500232
0.493824
0.489979
0.475313
0.464389
0.476977
0.524097
0.589242
0.688615
0.800381
0.923178
1.06179
1.20724
1.38221
1.57129
1.78196
1.978
2.23949
2.48452
2.72393
3.10081
3.49476
3.49471
2.98132
1.53018
1.02029
1.00012
0.495425
0.493502
0.487741
0.496187
0.491926
0.489665
0.475008
0.459384
0.470305
0.510461
0.568448
0.662677
0.768346
0.881006
1.00926
1.15728
1.32156
1.51653
1.6991
1.91706
2.1845
2.40591
2.66838
2.99872
3.41089
3.47295
3.06137
1.72858
1.04114
1.00031
0.492912
0.491442
0.487095
0.495104
0.490569
0.488274
0.472407
0.455002
0.464533
0.492345
0.53637
0.621302
0.719794
0.826979
0.943106
1.08762
1.24707
1.44569
1.63676
1.86448
2.10985
2.34445
2.59835
2.87283
3.30779
3.44571
3.12359
1.9217
1.07415
1.00075
0.490307
0.490022
0.487309
0.495037
0.490549
0.488028
0.471316
0.455336
0.464836
0.49166
0.528194
0.603818
0.697492
0.805475
0.921877
1.06108
1.21304
1.38845
1.58864
1.80906
2.00865
2.26924
2.49775
2.76596
3.19654
3.41052
3.22196
2.13117
1.12452
1.00169
0.48966
0.489268
0.487392
0.495097
0.491418
0.488989
0.472162
0.457336
0.465908
0.492252
0.52517
0.596681
0.68391
0.788036
0.904506
1.04013
1.18748
1.3478
1.53531
1.74229
1.93542
2.1854
2.41302
2.68818
3.08581
3.36456
3.27297
2.33363
1.1994
1.00387
0.497505
0.488719
0.487324
0.495502
0.492071
0.489318
0.472164
0.458662
0.466651
0.492285
0.523519
0.59398
0.676376
0.776675
0.8917
1.02525
1.171
1.32384
1.50258
1.68
1.90363
2.13397
2.37258
2.63981
3.0078
3.32432
3.2708
2.48177
1.26242
1.00608
0.5085
0.488777
0.487079
0.495528
0.492206
0.489063
0.47218
0.459177
0.466451
0.49026
0.519935
0.589657
0.668583
0.765233
0.878172
1.01085
1.15697
1.30644
1.48399
1.64754
1.8913
2.11325
2.34822
2.61167
2.97021
3.29682
3.25753
2.58337
1.31657
1.00827
0.523469
0.489478
0.486907
0.494438
0.491883
0.488361
0.471599
0.459361
0.464865
0.483832
0.512236
0.580689
0.655748
0.74911
0.860387
0.991
1.13746
1.2856
1.46428
1.63875
1.87403
2.09322
2.32253
2.57734
2.93193
3.26951
3.23131
2.62039
1.38261
1.01191
0.535233
0.490984
0.486629
0.492971
0.490981
0.487233
0.470713
0.459036
0.460716
0.473188
0.50133
0.569666
0.641505
0.733144
0.839357
0.966651
1.11028
1.2608
1.43094
1.6228
1.84661
2.05498
2.28912
2.52761
2.86409
3.23063
3.21861
2.65529
1.44004
1.01664
0.550938
0.493659
0.486026
0.491198
0.489369
0.485111
0.47065
0.45818
0.457768
0.462988
0.488795
0.555591
0.625743
0.715263
0.818597
0.94399
1.08065
1.23337
1.38783
1.59856
1.81099
2.00509
2.24777
2.45977
2.8028
3.19185
3.21302
2.74224
1.51501
1.02286
0.565772
0.498618
0.484906
0.489031
0.488268
0.484189
0.470896
0.458201
0.457016
0.459673
0.48107
0.544366
0.611635
0.700099
0.803154
0.926419
1.0548
1.2123
1.37321
1.57361
1.77484
1.97779
2.20146
2.43089
2.76483
3.15772
3.19252
2.81225
1.60624
1.03252
0.582836
0.505291
0.483822
0.486661
0.487464
0.484256
0.471967
0.459416
0.457492
0.459756
0.477456
0.53797
0.600654
0.687774
0.788769
0.911143
1.04158
1.19676
1.3664
1.54479
1.73732
1.94839
2.16425
2.40333
2.70662
3.11299
3.16679
2.83468
1.6852
1.04539
0.606914
0.514893
0.481396
0.484539
0.486396
0.484704
0.475358
0.463663
0.460429
0.462021
0.477913
0.536206
0.596999
0.686089
0.787354
0.910172
1.04256
1.18612
1.34591
1.51777
1.68816
1.91093
2.13233
2.35683
2.64426
3.06035
3.1564
2.88568
1.79115
1.06308
0.624713
0.526368
0.48009
0.483393
0.485226
0.485021
0.47923
0.468525
0.462519
0.464524
0.479608
0.537518
0.597522
0.687512
0.786501
0.907159
1.03682
1.16745
1.31155
1.4885
1.65861
1.88257
2.095
2.31543
2.59398
2.99911
3.1437
2.92168
1.90724
1.09061
0.644001
0.540318
0.481442
0.482836
0.484225
0.484689
0.479872
0.469298
0.461442
0.462273
0.47643
0.533603
0.591289
0.678893
0.77277
0.888107
1.01067
1.13632
1.28721
1.44663
1.64144
1.84995
2.0545
2.27259
2.53514
2.9306
3.12377
2.9434
2.0101
1.12469
0.666082
0.558143
0.486161
0.483175
0.482802
0.48306
0.479052
0.466997
0.455135
0.452391
0.464585
0.519404
0.573737
0.65805
0.746826
0.856009
0.976159
1.10199
1.25947
1.42114
1.61301
1.80478
2.01289
2.21952
2.47595
2.86715
3.0921
2.96519
2.12934
1.17132
0.679522
0.574873
0.495808
0.483199
0.480833
0.480212
0.476798
0.463981
0.450259
0.448501
0.457732
0.504554
0.554347
0.635556
0.719979
0.824483
0.94183
1.06926
1.22112
1.39652
1.57541
1.75928
1.96815
2.17317
2.41725
2.785
3.04413
2.97258
2.23259
1.23134
0.696172
0.593919
0.511475
0.483157
0.480107
0.478269
0.475198
0.463146
0.448259
0.447937
0.457708
0.498859
0.543639
0.62586
0.711216
0.816074
0.930196
1.05645
1.2019
1.36127
1.52947
1.70379
1.91141
2.12627
2.36098
2.70541
3.00374
2.9593
2.3293
1.30754
0.704858
0.612294
0.533578
0.48481
0.480339
0.478389
0.475517
0.463166
0.446994
0.447346
0.458666
0.498733
0.542159
0.624894
0.709527
0.81449
0.924209
1.04462
1.17945
1.32441
1.47842
1.66145
1.86206
2.06477
2.29258
2.6344
2.95915
2.93345
2.42173
1.40418
0.714831
0.629262
0.555627
0.488819
0.480661
0.478962
0.475127
0.461885
0.443895
0.444353
0.456993
0.49542
0.537695
0.618618
0.699906
0.801655
0.90704
1.01939
1.15148
1.28457
1.44651
1.62873
1.82019
2.01922
2.23452
2.55466
2.89526
2.90071
2.48944
1.52011
0.734569
0.654419
0.582834
0.496666
0.480027
0.478125
0.472314
0.456531
0.437206
0.435978
0.448211
0.483086
0.523019
0.598764
0.672586
0.767554
0.869086
0.98255
1.11415
1.25285
1.41228
1.58801
1.77046
1.96956
2.1778
2.48061
2.83863
2.88149
2.54589
1.65323
0.75222
0.68229
0.613038
0.510845
0.480263
0.476091
0.469638
0.455112
0.435778
0.43247
0.440927
0.471279
0.50861
0.581586
0.64955
0.739994
0.836253
0.948069
1.07772
1.21882
1.37021
1.53378
1.71909
1.90913
2.1109
2.39154
2.77479
2.8586
2.5945
1.80763
0.774661
0.711339
0.642603
0.533382
0.482789
0.474192
0.468015
0.455615
0.436524
0.432248
0.439492
0.46473
0.501982
0.574658
0.636443
0.726912
0.821547
0.925311
1.05076
1.18496
1.32894
1.48591
1.66637
1.85354
2.05361
2.31386
2.69539
2.82182
2.62644
1.97986
0.806556
0.74721
0.674886
0.561001
0.48936
0.472013
0.465342
0.454974
0.436225
0.431282
0.437266
0.458047
0.495094
0.566622
0.622952
0.711063
0.804555
0.902993
1.02282
1.15109
1.29031
1.44591
1.6162
1.80214
1.99179
2.234
2.60771
2.77739
2.63621
2.16352
0.834678
0.780413
0.70769
0.596262
0.500784
0.466405
0.459493
0.451467
0.433488
0.427797
0.434527
0.450579
0.482041
0.550667
0.605591
0.688183
0.778383
0.875147
0.989639
1.11149
1.24715
1.39795
1.5648
1.74672
1.93158
2.15552
2.50651
2.72011
2.63
2.35963
0.831701
0.808623
0.737474
0.630934
0.514796
0.462741
0.452191
0.445127
0.429793
0.422749
0.431087
0.443541
0.471823
0.534587
0.588716
0.670008
0.753543
0.849129
0.958625
1.07442
1.20652
1.35093
1.51192
1.68441
1.86293
2.08038
2.41462
2.66733
2.61512
2.55729
0.8151
0.82129
0.757008
0.665418
0.540666
0.463702
0.44867
0.442123
0.42717
0.418124
0.425773
0.435525
0.463005
0.520506
0.572496
0.652861
0.729869
0.822437
0.926509
1.03763
1.16521
1.30521
1.45975
1.62726
1.7983
1.99633
2.31194
2.60617
2.60388
2.749
0.789598
0.815833
0.760881
0.698943
0.576746
0.470167
0.446792
0.438957
0.424409
0.414363
0.419901
0.427123
0.454632
0.506063
0.554048
0.631598
0.705299
0.793353
0.892851
0.999422
1.12119
1.25422
1.40136
1.56458
1.73757
1.92885
2.21893
2.53535
2.59497
2.92707
0.76168
0.794348
0.758926
0.724283
0.615402
0.487109
0.444071
0.435155
0.421883
0.410873
0.414175
0.418235
0.447128
0.490324
0.5358
0.610428
0.680711
0.765968
0.860245
0.964027
1.07984
1.20797
1.34868
1.50472
1.6692
1.853
2.12625
2.45833
2.60342
3.08654
0.741645
0.768802
0.76068
0.736574
0.65547
0.514418
0.445694
0.430748
0.41873
0.406894
0.407639
0.408194
0.437886
0.475753
0.519518
0.590408
0.658369
0.741078
0.828023
0.928468
1.03874
1.16095
1.29802
1.45038
1.61071
1.78119
2.02443
2.36321
2.6067
3.22795
0.738472
0.751104
0.757412
0.734483
0.678413
0.558891
0.453809
0.42563
0.413714
0.400609
0.399318
0.400314
0.429422
0.458628
0.503577
0.571008
0.635579
0.71468
0.796565
0.893346
0.997578
1.11397
1.24339
1.38942
1.54708
1.71491
1.93825
2.27027
2.60058
3.3449
0.74432
0.737687
0.748651
0.730323
0.699715
0.605267
0.474054
0.421107
0.406819
0.392907
0.389587
0.392194
0.41989
0.441237
0.487332
0.54905
0.610645
0.687574
0.763582
0.857985
0.957327
1.06886
1.19185
1.33067
1.4806
1.63964
1.84815
2.17813
2.6037
3.45344
0.761788
0.73737
0.736318
0.722893
0.705006
0.652067
0.518334
0.42412
0.397563
0.38329
0.378635
0.38577
0.408407
0.42433
0.470997
0.527415
0.585386
0.659084
0.730737
0.821082
0.915538
1.02212
1.14037
1.2746
1.42109
1.57193
1.75949
2.0817
2.58456
3.51977
0.774283
0.742668
0.732656
0.722894
0.718544
0.693583
0.566046
0.437487
0.390315
0.373492
0.372751
0.378985
0.394898
0.41007
0.460472
0.508395
0.563734
0.634803
0.703426
0.789373
0.878921
0.981572
1.09453
1.22387
1.36644
1.5141
1.68937
2.0025
2.55631
3.58603
0.77808
0.756537
0.742792
0.731009
0.726797
0.712014
0.64166
0.512296
0.405789
0.364368
0.360598
0.364819
0.372794
0.391208
0.439208
0.478186
0.529716
0.597227
0.659736
0.739428
0.822649
0.917962
1.02275
1.14244
1.27479
1.41316
1.57389
1.88168
2.50924
3.58831
)
;

boundaryField
{
    inlet
    {
        type            fixedValue;
        value           uniform 1;
    }
    outlet
    {
        type            zeroGradient;
    }
    airfoil
    {
        type            zeroGradient;
    }
    top
    {
        type            symmetryPlane;
    }
    bottom
    {
        type            symmetryPlane;
    }
    defaultFaces
    {
        type            empty;
    }
}


// ************************************************************************* //
