/*--------------------------------*- C++ -*----------------------------------*\
  =========                 |
  \\      /  F ield         | OpenFOAM: The Open Source CFD Toolbox
   \\    /   O peration     | Website:  https://openfoam.org
    \\  /    A nd           | Version:  7
     \\/     M anipulation  |
\*---------------------------------------------------------------------------*/
FoamFile
{
    version     2.0;
    format      ascii;
    class       volScalarField;
    location    "4.4";
    object      p;
}
// * * * * * * * * * * * * * * * * * * * * * * * * * * * * * * * * * * * * * //

dimensions      [1 -1 -2 0 0 0 0];

internalField   nonuniform List<scalar> 
8400
(
0.149262
0.242366
0.343979
0.431699
0.508713
0.576557
0.623565
0.67643
0.700619
0.718416
0.7353
0.752872
0.766022
0.788641
0.809707
0.830559
0.852964
0.855786
0.849764
0.830126
0.815297
0.816091
0.827306
0.84156
0.8463
0.852195
0.850043
0.847862
0.83905
0.831105
0.0556286
0.0562873
0.0627988
0.0852256
0.119262
0.176554
0.259062
0.347999
0.450551
0.549892
0.642439
0.728582
0.805446
0.861917
0.890035
0.914361
0.907556
0.875905
0.835598
0.799176
0.774339
0.780718
0.804193
0.836537
0.872338
0.883241
0.870994
0.859155
0.853455
0.844214
0.0584821
0.0579914
0.0577155
0.0569774
0.0558389
0.0544404
0.0535463
0.0543407
0.0665771
0.0972523
0.149456
0.220269
0.321839
0.439134
0.544402
0.648829
0.723718
0.779512
0.799767
0.813237
0.824288
0.826288
0.821594
0.826569
0.849952
0.861176
0.863236
0.860337
0.856984
0.845116
0.0539097
0.0535547
0.0529945
0.0522524
0.0514417
0.0511383
0.0510729
0.0511368
0.0516153
0.0522385
0.0520152
0.0518467
0.0522102
0.0591943
0.0857954
0.140366
0.237939
0.380509
0.54752
0.700499
0.796961
0.826761
0.835357
0.84389
0.862896
0.853481
0.869403
0.881367
0.873171
0.852819
0.0511213
0.0508997
0.0505898
0.0501691
0.049801
0.0498347
0.0501345
0.0507603
0.051874
0.0525599
0.0521518
0.0519919
0.0538085
0.0594574
0.0623283
0.0634358
0.0645269
0.0662596
0.0970622
0.177592
0.316816
0.478736
0.614291
0.726154
0.772443
0.805985
0.858716
0.88194
0.863521
0.840291
0.0524966
0.0528731
0.0528042
0.0523652
0.0523886
0.0529955
0.0541333
0.0561325
0.0597199
0.0627692
0.0629788
0.0635766
0.0659763
0.0700663
0.0755916
0.0791079
0.0794675
0.0798549
0.0829037
0.0835647
0.0843491
0.0996198
0.154918
0.263769
0.409415
0.569223
0.663473
0.724858
0.776381
0.828276
0.0613889
0.0630716
0.0644568
0.0652862
0.0652038
0.0643402
0.0643993
0.0663703
0.071126
0.0775154
0.0820659
0.0827261
0.0822027
0.0822603
0.0848442
0.0876485
0.0877323
0.0886709
0.0916888
0.0988383
0.106048
0.111577
0.115661
0.118567
0.123515
0.160401
0.233374
0.367284
0.506697
0.668738
0.0772295
0.079483
0.0819166
0.0831759
0.0829807
0.0824652
0.082589
0.0841478
0.0873853
0.0924304
0.0964814
0.0958563
0.094227
0.0949723
0.0986772
0.104415
0.110247
0.115445
0.121205
0.127019
0.131815
0.134947
0.134046
0.132716
0.133775
0.136964
0.141308
0.144443
0.159898
0.270449
0.0965613
0.0990452
0.102717
0.106587
0.107818
0.106974
0.106053
0.106417
0.108992
0.114662
0.119534
0.12135
0.123445
0.127042
0.132591
0.139413
0.143943
0.145017
0.146518
0.146486
0.146617
0.146296
0.144763
0.1458
0.149326
0.155689
0.162464
0.167154
0.168225
0.168393
0.127395
0.129466
0.133458
0.139285
0.14279
0.143051
0.14158
0.140908
0.142159
0.146778
0.153403
0.158777
0.160692
0.16013
0.159545
0.160891
0.161335
0.159654
0.159742
0.160868
0.162756
0.166238
0.173756
0.182802
0.188887
0.193232
0.193022
0.190871
0.189413
0.190663
0.170384
0.171172
0.173627
0.178931
0.185163
0.187216
0.186457
0.183541
0.182552
0.182903
0.186178
0.190006
0.190433
0.188913
0.187691
0.188282
0.190404
0.194363
0.199194
0.205087
0.210733
0.215014
0.216901
0.218609
0.219457
0.218727
0.217164
0.216028
0.217462
0.219976
0.22331
0.22331
0.224343
0.228654
0.236887
0.241201
0.241312
0.23764
0.23133
0.230339
0.232503
0.236706
0.239273
0.240731
0.242256
0.244839
0.247305
0.247708
0.247615
0.248337
0.248447
0.247668
0.245189
0.241801
0.239336
0.239646
0.240917
0.243718
0.2473
0.246495
0.295171
0.29158
0.291529
0.292963
0.297353
0.303058
0.305227
0.304314
0.298073
0.292494
0.292245
0.294637
0.295251
0.293379
0.290718
0.290218
0.289912
0.288273
0.285181
0.283085
0.281932
0.281276
0.282005
0.283909
0.285969
0.287507
0.288661
0.288159
0.285704
0.279573
0.394198
0.37922
0.37367
0.373634
0.376576
0.38203
0.38474
0.383855
0.378008
0.369174
0.365641
0.366169
0.365328
0.360285
0.357666
0.357969
0.357824
0.355253
0.351377
0.350027
0.3494
0.348448
0.346787
0.344395
0.342026
0.339008
0.335022
0.32861
0.321182
0.31241
0.519209
0.500603
0.480633
0.476403
0.478085
0.484554
0.48572
0.483606
0.475438
0.462053
0.45694
0.457579
0.456191
0.446642
0.436866
0.436144
0.43512
0.430921
0.423209
0.416413
0.412024
0.408425
0.403471
0.397246
0.391065
0.385619
0.381125
0.375469
0.371039
0.364377
0.666406
0.655245
0.628387
0.606836
0.600857
0.603961
0.609658
0.608173
0.598292
0.579239
0.567216
0.567477
0.565505
0.55219
0.53471
0.531289
0.529
0.522774
0.512619
0.502107
0.493779
0.488028
0.48207
0.474319
0.465549
0.457755
0.449148
0.440147
0.431686
0.415959
0.838227
0.82746
0.806055
0.775238
0.756694
0.752595
0.758357
0.759301
0.746954
0.720457
0.699512
0.698869
0.697165
0.680283
0.653825
0.646507
0.642578
0.633028
0.618727
0.604243
0.591486
0.581011
0.571255
0.558704
0.545431
0.533341
0.520882
0.506565
0.492797
0.472044
1.04094
1.02931
1.01051
0.976038
0.941499
0.929671
0.935681
0.938124
0.92449
0.890671
0.856732
0.853845
0.851929
0.832203
0.797833
0.783928
0.776375
0.763108
0.743386
0.723654
0.705656
0.690371
0.67549
0.659085
0.640825
0.622272
0.605194
0.586611
0.57004
0.545252
1.28346
1.26947
1.25199
1.22264
1.17576
1.14274
1.14262
1.14457
1.13035
1.0908
1.04541
1.03896
1.03272
1.0071
0.967163
0.945093
0.930189
0.911854
0.887631
0.86189
0.837141
0.815434
0.795632
0.773538
0.749808
0.726381
0.702714
0.678604
0.657755
0.624477
1.55816
1.54581
1.52304
1.49468
1.46708
1.43242
1.40983
1.39382
1.37141
1.33306
1.28312
1.26167
1.2445
1.21072
1.16793
1.13897
1.11196
1.08253
1.05196
1.02004
0.989644
0.960169
0.932904
0.904342
0.873517
0.844211
0.815463
0.78496
0.758758
0.71837
1.73197
1.72818
1.72341
1.71474
1.70252
1.68369
1.66211
1.64255
1.62211
1.59778
1.56343
1.52865
1.50004
1.46576
1.42024
1.37838
1.33884
1.29592
1.25478
1.2129
1.1717
1.13291
1.09405
1.0564
1.01833
0.97964
0.943799
0.907213
0.87476
0.824519
1.73163
1.73279
1.73337
1.73431
1.73162
1.72982
1.73022
1.72971
1.72621
1.71989
1.71157
1.70227
1.69049
1.67349
1.65115
1.6242
1.59063
1.54917
1.50328
1.45557
1.40448
1.35253
1.29976
1.24635
1.19529
1.1449
1.09606
1.04863
1.00828
0.94587
1.59541
1.60917
1.62554
1.64888
1.67328
1.68452
1.68029
1.67895
1.69101
1.69893
1.7029
1.70103
1.69948
1.70256
1.70287
1.69957
1.69222
1.6828
1.67211
1.65535
1.62855
1.59047
1.54303
1.48789
1.42635
1.36141
1.29562
1.23012
1.17498
1.09203
1.2665
1.28403
1.30178
1.32567
1.3755
1.40677
1.42273
1.4479
1.47851
1.50985
1.55217
1.57148
1.58637
1.61617
1.64609
1.65518
1.66094
1.66963
1.67361
1.67413
1.67265
1.66779
1.65843
1.64322
1.61811
1.57871
1.52505
1.45912
1.39349
1.28467
1.03449
1.0404
1.04708
1.05493
1.06709
1.08288
1.09885
1.11643
1.13811
1.16251
1.19513
1.23409
1.26879
1.3092
1.35775
1.40718
1.45171
1.49406
1.53963
1.57336
1.60122
1.6266
1.63667
1.63835
1.63627
1.63064
1.618
1.59506
1.56636
1.48896
1.00096
1.0012
1.00154
1.00198
1.00265
1.00367
1.00507
1.00684
1.00932
1.01269
1.01764
1.02522
1.03528
1.04767
1.06603
1.09012
1.12159
1.15917
1.20511
1.261
1.31767
1.38118
1.4409
1.4957
1.54221
1.56975
1.58709
1.58657
1.57968
1.55463
1.00001
1.00001
1.00001
1.00002
1.00003
1.00004
1.00006
1.00009
1.00013
1.0002
1.00032
1.00054
1.00091
1.00149
1.00252
1.00434
1.00731
1.0124
1.02037
1.03354
1.05343
1.082
1.12353
1.17525
1.23972
1.31017
1.37967
1.43957
1.48456
1.51337
1
1
1
1
1
1
1
1
1
1
1
1
1.00001
1.00001
1.00002
1.00005
1.00009
1.00019
1.0004
1.00086
1.00184
1.00386
1.00797
1.01582
1.03024
1.05459
1.09205
1.14521
1.20466
1.30573
1
1
1
1
1
1
1
1
1
1
1
1
1
1
1
1
1
1
1
1.00001
1.00002
1.00004
1.00011
1.00029
1.00078
1.00207
1.00511
1.0122
1.02427
1.0688
1
1
1
1
1
1
1
1
1
1
1
1
1
1
1
1
1
1
1
1
1
1
1
1
1.00001
1.00002
1.00007
1.00023
1.00063
1.00426
0.0544946
0.0561143
0.0594909
0.0542707
0.0511418
0.0517702
0.0591209
0.0743859
0.0950163
0.126456
0.170782
0.230068
0.309137
0.408812
0.528049
0.673365
0.848335
1.0554
1.30349
1.58181
1.73965
1.72705
1.577
1.23563
1.02741
1.00076
1.00001
1
1
1
0.0550637
0.0570304
0.060352
0.0531175
0.0497458
0.0518188
0.0593906
0.0756923
0.101154
0.139653
0.190986
0.256959
0.33514
0.431503
0.550777
0.699469
0.878922
1.09617
1.36225
1.64223
1.75268
1.72326
1.54045
1.1777
1.0152
1.00029
1
1
1
1
0.054987
0.057256
0.0608206
0.0525878
0.0490604
0.0513116
0.0583075
0.0778998
0.110235
0.150096
0.200563
0.265543
0.342504
0.439679
0.562648
0.717724
0.910595
1.14632
1.436
1.69722
1.75899
1.72592
1.48446
1.12746
1.00841
1.00013
1
1
1
1
0.0548139
0.0567199
0.0600396
0.0518785
0.048676
0.0514458
0.0595631
0.0860732
0.11585
0.153657
0.203376
0.267572
0.34728
0.448973
0.59003
0.774719
0.995173
1.24326
1.52183
1.7362
1.76173
1.70398
1.40058
1.0871
1.0045
1.00006
1
1
1
1
0.0548728
0.0558626
0.0586675
0.0507912
0.0486527
0.0533899
0.064523
0.090005
0.117108
0.153866
0.205572
0.268195
0.362048
0.494403
0.659967
0.846597
1.05869
1.30425
1.57461
1.75339
1.76167
1.65164
1.33728
1.06044
1.00242
1.00003
1
1
1
1
0.055217
0.0556689
0.0577933
0.0499921
0.0486151
0.0557435
0.0668925
0.091268
0.117985
0.154665
0.211803
0.298517
0.414291
0.547885
0.701933
0.882131
1.09713
1.35169
1.62225
1.76418
1.75686
1.61776
1.28088
1.03822
1.00116
1.00001
1
1
1
1
0.0556003
0.0556379
0.0572916
0.0496179
0.0484498
0.0564881
0.0669728
0.0929889
0.122479
0.174352
0.245222
0.337599
0.443421
0.56962
0.723931
0.911582
1.14118
1.41985
1.68338
1.77504
1.74684
1.58072
1.21314
1.022
1.00052
1
1
1
1
1
0.0559616
0.0563794
0.0571523
0.0491451
0.0468856
0.0560184
0.0660663
0.0981152
0.141834
0.197044
0.266533
0.351844
0.454868
0.584692
0.751769
0.970235
1.23061
1.51854
1.73591
1.78129
1.74215
1.5146
1.152
1.01233
1.00023
1
1
1
1
1
0.0570702
0.0576579
0.0566597
0.0482482
0.0451056
0.0555124
0.0697678
0.10852
0.153461
0.20603
0.272608
0.357047
0.464573
0.617997
0.82782
1.06557
1.32094
1.58872
1.76646
1.78371
1.72818
1.43123
1.10555
1.00644
1.0001
1
1
1
1
1
0.0585508
0.0581654
0.0547488
0.0469665
0.0445192
0.0570754
0.078342
0.113425
0.155575
0.207844
0.275118
0.36635
0.512475
0.700674
0.905165
1.12833
1.3805
1.64238
1.78466
1.78536
1.67502
1.36129
1.06886
1.00307
1.00004
1
1
1
1
1
0.0592105
0.0577959
0.0524215
0.0459334
0.0451024
0.0612875
0.083162
0.114972
0.155451
0.20888
0.29149
0.424094
0.584573
0.754869
0.94845
1.17977
1.44908
1.70247
1.79383
1.78143
1.63234
1.28828
1.04099
1.00141
1.00002
1
1
1
1
1
0.0590583
0.0567385
0.0516727
0.0456343
0.0476124
0.0633185
0.0845238
0.118054
0.163108
0.236467
0.345147
0.472974
0.617282
0.785605
0.994549
1.26098
1.5436
1.75302
1.79761
1.76438
1.58372
1.21258
1.02349
1.00061
1.00001
1
1
1
1
1
0.0580868
0.0558755
0.0517555
0.0457617
0.0498545
0.0639585
0.0852326
0.126955
0.193921
0.274466
0.373983
0.492601
0.637885
0.828374
1.08404
1.36373
1.62111
1.78226
1.79994
1.74748
1.50764
1.15156
1.01272
1.00025
1
1
1
1
1
1
0.0566174
0.0557809
0.0522494
0.0459865
0.050547
0.0658971
0.0939837
0.149392
0.21562
0.28866
0.384939
0.508621
0.680808
0.927034
1.182
1.43972
1.68167
1.80055
1.80185
1.72906
1.42269
1.10113
1.00607
1.0001
1
1
1
1
1
1
0.0559461
0.0561133
0.0526443
0.0462051
0.0499467
0.071326
0.110812
0.162852
0.221683
0.294474
0.394654
0.55546
0.78337
1.01585
1.25233
1.51302
1.74304
1.80903
1.80396
1.67692
1.34115
1.05983
1.00263
1.00003
1
1
1
1
1
1
0.0563348
0.0560526
0.0517505
0.0459906
0.0504174
0.079663
0.119765
0.165964
0.221931
0.307538
0.453289
0.6526
0.858042
1.0771
1.3327
1.60721
1.78554
1.81133
1.78749
1.60658
1.24971
1.03266
1.00108
1.00001
1
1
1
1
1
1
0.0570025
0.0553397
0.0503183
0.0452834
0.0556416
0.0863124
0.120991
0.166583
0.243306
0.371684
0.53145
0.708158
0.905784
1.15281
1.44467
1.68317
1.80464
1.81247
1.75684
1.53474
1.1757
1.01764
1.00043
1
1
1
1
1
1
1
0.0573472
0.0537808
0.0498586
0.0458879
0.0608165
0.0873455
0.120152
0.183513
0.3017
0.426692
0.570013
0.744295
0.972336
1.27006
1.54042
1.73597
1.81679
1.80846
1.72819
1.45218
1.11924
1.0087
1.00016
1
1
1
1
1
1
1
0.0575822
0.0517599
0.0498228
0.0487146
0.0624187
0.0864908
0.128861
0.230893
0.337799
0.451293
0.599217
0.808465
1.10027
1.37628
1.62176
1.78301
1.82427
1.80558
1.69669
1.36386
1.0726
1.00365
1.00005
1
1
1
1
1
1
1
0.0577621
0.0506098
0.0498819
0.0500364
0.0619755
0.0897306
0.164828
0.260856
0.353135
0.470741
0.662004
0.940309
1.21378
1.46861
1.70403
1.81761
1.8284
1.81189
1.63996
1.26831
1.03695
1.00136
1.00002
1
1
1
1
1
1
1
0.0601315
0.0498509
0.0488874
0.0501817
0.0626001
0.107992
0.192315
0.272996
0.367515
0.542439
0.790261
1.04808
1.30625
1.56879
1.7667
1.83172
1.83138
1.78544
1.53115
1.17239
1.01731
1.00046
1
1
1
1
1
1
1
1
0.0628924
0.0486085
0.0461623
0.0496732
0.0716686
0.135898
0.203348
0.281665
0.440211
0.654997
0.882909
1.1306
1.41294
1.66093
1.80239
1.834
1.82376
1.71542
1.42939
1.11083
1.00826
1.00016
1
1
1
1
1
1
1
1
0.0634676
0.0462275
0.0426076
0.0504811
0.0882568
0.148123
0.209709
0.33276
0.536013
0.732949
0.956787
1.23983
1.53394
1.73268
1.82234
1.82893
1.80031
1.66097
1.34005
1.0653
1.00335
1.00005
1
1
1
1
1
1
1
1
0.0616818
0.0428934
0.0402796
0.0589057
0.0991915
0.153611
0.232554
0.422857
0.6039
0.798545
1.06989
1.39098
1.63933
1.78619
1.83278
1.82329
1.77648
1.60464
1.24469
1.03308
1.00117
1.00001
1
1
1
1
1
1
1
1
0.0602373
0.0407621
0.0392019
0.0679757
0.103486
0.164038
0.313573
0.486374
0.660722
0.91289
1.23307
1.51776
1.72539
1.81995
1.83591
1.83036
1.77014
1.51115
1.15061
1.01386
1.00037
1
1
1
1
1
1
1
1
1
0.0593115
0.0394492
0.0386818
0.0721506
0.115222
0.208332
0.373842
0.539697
0.768792
1.07347
1.36901
1.62245
1.78881
1.83585
1.83913
1.83297
1.72767
1.37507
1.0794
1.00489
1.00009
1
1
1
1
1
1
1
1
1
0.0584542
0.0379259
0.0406481
0.0737451
0.143241
0.27752
0.424042
0.621212
0.922998
1.21496
1.49152
1.71597
1.8239
1.84207
1.84084
1.807
1.60232
1.25972
1.04077
1.00176
1.00002
1
1
1
1
1
1
1
1
1
0.0572301
0.0361692
0.0470639
0.0838465
0.180587
0.318477
0.482329
0.774093
1.06778
1.35449
1.62129
1.78223
1.83887
1.84374
1.83452
1.7531
1.50986
1.17482
1.01864
1.00055
1.00001
1
1
1
1
1
1
1
1
1
0.0541088
0.0350625
0.0522048
0.114518
0.226133
0.371512
0.61327
0.922321
1.21718
1.51466
1.72513
1.81998
1.84533
1.84114
1.81345
1.70584
1.42054
1.10064
1.00716
1.00015
1
1
1
1
1
1
1
1
1
1
0.0466395
0.034624
0.0580436
0.14707
0.272622
0.461916
0.772914
1.08119
1.39921
1.64912
1.7893
1.83978
1.84756
1.84047
1.80141
1.64834
1.28638
1.04535
1.00215
1.00004
1
1
1
1
1
1
1
1
1
1
0.037872
0.0376092
0.0753522
0.182005
0.351543
0.630121
0.938399
1.26706
1.56697
1.74198
1.82315
1.84804
1.84888
1.84491
1.79938
1.52447
1.15752
1.01641
1.00051
1.00001
1
1
1
1
1
1
1
1
1
1
0.0272622
0.0445812
0.111583
0.241211
0.474322
0.792363
1.12746
1.46279
1.70035
1.79691
1.83613
1.8494
1.84889
1.83327
1.69745
1.35651
1.07868
1.00532
1.00012
1
1
1
1
1
1
1
1
1
1
1
0.0157378
0.0513081
0.150025
0.35206
0.651154
0.985515
1.35313
1.62726
1.79158
1.82
1.84023
1.84799
1.84237
1.78266
1.56938
1.23867
1.03649
1.00156
1.00002
1
1
1
1
1
1
1
1
1
1
1
0.0070073
0.059395
0.218422
0.496371
0.855083
1.23065
1.55484
1.74949
1.83545
1.82651
1.84415
1.84529
1.82647
1.73
1.4724
1.14361
1.01326
1.00037
1
1
1
1
1
1
1
1
1
1
1
1
0.0059491
0.106437
0.345752
0.697616
1.10167
1.47588
1.70949
1.81801
1.8462
1.82903
1.8505
1.84256
1.80631
1.67644
1.34153
1.06197
1.00352
1.00007
1
1
1
1
1
1
1
1
1
1
1
1
0.014992
0.177629
0.518066
0.980292
1.39211
1.66561
1.79873
1.84398
1.84888
1.82861
1.85322
1.8458
1.7941
1.56124
1.17525
1.01929
1.0007
1.00001
1
1
1
1
1
1
1
1
1
1
1
1
0.0204945
0.28651
0.809687
1.30246
1.63059
1.78362
1.83429
1.85136
1.85033
1.82682
1.85354
1.84458
1.73675
1.35427
1.07019
1.00468
1.00011
1
1
1
1
1
1
1
1
1
1
1
1
1
0.112164
0.567588
1.18692
1.59423
1.77418
1.83081
1.84452
1.85417
1.85285
1.825
1.84884
1.79859
1.55285
1.19256
1.02393
1.00086
1.00001
1
1
1
1
1
1
1
1
1
1
1
1
1
0.376858
1.01422
1.55672
1.77561
1.83153
1.8419
1.84818
1.85741
1.85382
1.8229
1.82669
1.71801
1.39573
1.08888
1.00554
1.00011
1
1
1
1
1
1
1
1
1
1
1
1
1
1
1.00005
1.53401
1.7875
1.83916
1.84253
1.84391
1.85188
1.85971
1.8521
1.82019
1.8025
1.62123
1.22374
1.02271
1.0006
1.00001
1
1
1
1
1
1
1
1
1
1
1
1
1
1
1.84887
1.85037
1.84929
1.84754
1.84319
1.84555
1.85458
1.86049
1.84546
1.80766
1.77449
1.42813
1.06021
0.999448
0.99993
0.999999
1
1
1
1
1
1
1
1
1
1
1
1
1
1
1.84825
1.84942
1.8494
1.84892
1.84437
1.84333
1.85092
1.85992
1.85183
1.80515
1.73504
1.35395
1.06268
1.00261
1.00003
1
1
1
1
1
1
1
1
1
1
1
1
1
1
1
1.84715
1.84782
1.85017
1.85079
1.84657
1.84273
1.84593
1.85796
1.85282
1.79291
1.6578
1.25314
1.02258
1.00035
1
1
1
1
1
1
1
1
1
1
1
1
1
1
1
1
1.84668
1.84633
1.8504
1.85277
1.84948
1.84158
1.8409
1.8562
1.85461
1.7899
1.58174
1.16272
1.00961
1.00012
1
1
1
1
1
1
1
1
1
1
1
1
1
1
1
1
1.84633
1.84561
1.84991
1.85424
1.85227
1.84158
1.835
1.84945
1.85674
1.79023
1.46522
1.09135
1.00356
1.00003
1
1
1
1
1
1
1
1
1
1
1
1
1
1
1
1
1.84646
1.84529
1.84857
1.85429
1.85296
1.84316
1.82953
1.83957
1.85028
1.72715
1.3583
1.05104
1.00128
1.00001
1
1
1
1
1
1
1
1
1
1
1
1
1
1
1
1
1.84691
1.84512
1.84604
1.8514
1.85285
1.84673
1.82817
1.83505
1.83462
1.65886
1.26162
1.02334
1.00039
1
1
1
1
1
1
1
1
1
1
1
1
1
1
1
1
1
1.84725
1.84512
1.84472
1.8476
1.85125
1.85263
1.83443
1.83725
1.82899
1.58332
1.16647
1.00969
1.00011
1
1
1
1
1
1
1
1
1
1
1
1
1
1
1
1
1
1.84877
1.84677
1.84393
1.84291
1.84813
1.85709
1.84814
1.83613
1.81106
1.46709
1.09068
1.00346
1.00003
1
1
1
1
1
1
1
1
1
1
1
1
1
1
1
1
1
1.85001
1.84909
1.84365
1.83884
1.84403
1.85847
1.85986
1.82409
1.72909
1.34643
1.04627
1.00111
1.00001
1
1
1
1
1
1
1
1
1
1
1
1
1
1
1
1
1
1.85024
1.85004
1.84545
1.83652
1.83813
1.85989
1.86784
1.81511
1.65517
1.24974
1.02093
1.00032
1
1
1
1
1
1
1
1
1
1
1
1
1
1
1
1
1
1
1.84973
1.85009
1.8465
1.83546
1.833
1.85889
1.87102
1.81584
1.57128
1.14995
1.00786
1.00008
1
1
1
1
1
1
1
1
1
1
1
1
1
1
1
1
1
1
1.84879
1.84824
1.84649
1.83824
1.83043
1.85664
1.86997
1.77496
1.45113
1.07887
1.00264
1.00002
1
1
1
1
1
1
1
1
1
1
1
1
1
1
1
1
1
1
1.84796
1.84528
1.84541
1.84228
1.83093
1.859
1.8658
1.70692
1.33065
1.0389
1.00081
1
1
1
1
1
1
1
1
1
1
1
1
1
1
1
1
1
1
1
1.84717
1.84169
1.84531
1.84607
1.84029
1.86427
1.86723
1.64418
1.21633
1.01537
1.00021
1
1
1
1
1
1
1
1
1
1
1
1
1
1
1
1
1
1
1
1.84575
1.83803
1.83974
1.85136
1.85341
1.85844
1.84288
1.53194
1.11592
1.00506
1.00005
1
1
1
1
1
1
1
1
1
1
1
1
1
1
1
1
1
1
1
1.84606
1.83509
1.83258
1.85412
1.87508
1.84264
1.76766
1.39948
1.05991
1.0016
1.00001
1
1
1
1
1
1
1
1
1
1
1
1
1
1
1
1
1
1
1
1.84519
1.83376
1.82885
1.8665
1.88824
1.83826
1.70064
1.28333
1.02562
1.00042
1
1
1
1
1
1
1
1
1
1
1
1
1
1
1
1
1
1
1
1
1.84156
1.83392
1.82806
1.87764
1.89644
1.83748
1.60853
1.15905
1.00851
1.00009
1
1
1
1
1
1
1
1
1
1
1
1
1
1
1
1
1
1
1
1
1.83513
1.83407
1.82994
1.8877
1.90227
1.78897
1.46538
1.08243
1.00275
1.00002
1
1
1
1
1
1
1
1
1
1
1
1
1
1
1
1
1
1
1
1
1.82752
1.83744
1.8412
1.89537
1.9055
1.73286
1.33197
1.03636
1.0007
1
1
1
1
1
1
1
1
1
1
1
1
1
1
1
1
1
1
1
1
1
1.81742
1.8421
1.85419
1.89475
1.90527
1.65819
1.19299
1.01194
1.00015
1
1
1
1
1
1
1
1
1
1
1
1
1
1
1
1
1
1
1
1
1
1.811
1.84777
1.87492
1.8785
1.85382
1.5063
1.09918
1.00369
1.00003
1
1
1
1
1
1
1
1
1
1
1
1
1
1
1
1
1
1
1
1
1
1.80927
1.86207
1.90621
1.86334
1.77596
1.37317
1.04603
1.00098
1.00001
1
1
1
1
1
1
1
1
1
1
1
1
1
1
1
1
1
1
1
1
1
1.8104
1.88339
1.92433
1.86633
1.69158
1.22203
1.01481
1.0002
1
1
1
1
1
1
1
1
1
1
1
1
1
1
1
1
1
1
1
1
1
1
1.82389
1.90287
1.93412
1.8475
1.5431
1.10859
1.0043
1.00004
1
1
1
1
1
1
1
1
1
1
1
1
1
1
1
1
1
1
1
1
1
1
1.84726
1.91191
1.93734
1.77671
1.38204
1.0485
1.00109
1.00001
1
1
1
1
1
1
1
1
1
1
1
1
1
1
1
1
1
1
1
1
1
1
1.86855
1.91352
1.94073
1.70287
1.22721
1.0155
1.00021
1
1
1
1
1
1
1
1
1
1
1
1
1
1
1
1
1
1
1
1
1
1
1
1.90184
1.91673
1.91493
1.54197
1.10481
1.00408
1.00004
1
1
1
1
1
1
1
1
1
1
1
1
1
1
1
1
1
1
1
1
1
1
1
1.97584
1.88948
1.81287
1.36205
1.0458
1.00104
1.00001
1
1
1
1
1
1
1
1
1
1
1
1
1
1
1
1
1
1
1
1
1
1
1
2.06711
1.83298
1.69925
1.21403
1.0149
1.00021
1
1
1
1
1
1
1
1
1
1
1
1
1
1
1
1
1
1
1
1
1
1
1
1
2.13774
1.79158
1.50615
1.09543
1.00395
1.00004
1
1
1
1
1
1
1
1
1
1
1
1
1
1
1
1
1
1
1
1
1
1
1
1
2.16753
1.70309
1.33036
1.04108
1.00109
1.00001
1
1
1
1
1
1
1
1
1
1
1
1
1
1
1
1
1
1
1
1
1
1
1
1
2.1751
1.58883
1.19435
1.01458
1.00024
1
1
1
1
1
1
1
1
1
1
1
1
1
1
1
1
1
1
1
1
1
1
1
1
1
2.09817
1.45323
1.09707
1.00443
1.00005
1
1
1
1
1
1
1
1
1
1
1
1
1
1
1
1
1
1
1
1
1
1
1
1
1
1.93079
1.32614
1.04691
1.00131
1.00001
1
1
1
1
1
1
1
1
1
1
1
1
1
1
1
1
1
1
1
1
1
1
1
1
1
1.78723
1.21054
1.01692
1.00028
1
1
1
1
1
1
1
1
1
1
1
1
1
1
1
1
1
1
1
1
1
1
1
1
1
1
1.60075
1.10438
1.00467
1.00005
1
1
1
1
1
1
1
1
1
1
1
1
1
1
1
1
1
1
1
1
1
1
1
1
1
1
1.36707
1.04106
1.00087
1
1
1
1
1
1
1
1
1
1
1
1
1
1
1
1
1
1
1
1
1
1
1
1
1
1
1
1.13462
1.00899
1.00007
1
1
1
1
1
1
1
1
1
1
1
1
1
1
1
1
1
1
1
1
1
1
1
1
1
1
1
1
1
1
1
1
1
1
1
1
1
1
1
1
1
1
1
1
1
1
1
1
1
1
1
1
1
1
1
1
1
1
1
1
1
1
1
1
1
1
1
1
1
1
1
1
1
1
1
1
1
1
1
1
1
1
1
1
1
1
1
1
1
1
1
1
1
1
1
1
1
1
1
1
1
1
1
1
1
1
1
1
1
1
1
1
1
1
1
1
1
1
1
1
1
1
1
1
1
1
1
1
1
1
1
1
1
1
1
1
1
1
1
1
1
1
1
1
1
1
1
1
1
1
1
1
1
1
1
1
1
1
1
1
1
1
1
1
1
1
1
1
1
1
1
1
1
1
1
1
1
1
1
1
1
1
1
1
1
1
1
1
1
1
1
1
1
1
1
1
1
1
1
1
1
1
1
1
1
1
1
1
1
1
1
1
1
1
1
1
1
1
1
1
1
1
1
1
1
1
1
1
1
1
1
1
1
1
1
1
1
1
1
1
1
1
1
1
1
1
1
1
1
1
1
1
1
1
1
1
1
1
1
1
1
1
1
1
1
1
1
1
1
1
1
1
1
1
1
1
1
1
1
1
1
1
1
1
1
1
1
1
1
1
1
1
1
1
1
1
1
1
1
1
1
1
1
1
1
1
1
1
1
1
1
1
1
1
1
1
1
1
1
1
1
1
1
1
1
1
1
1
1
1
1
1
1
1
1
1
1
1
1
1
1
1
1
1
1
1
1
1
1
1
1
1
1
1
1
1
1
1
1
1
1
1
1
1
1
1
1
1
1
1
1
1
1
1
1
1
1
1
1
1
1
1
1
1
1
1
1
1
1
1
1
1
1
1
1
1
1
1
1
1
1
1
1
1
1
1
1
1
1
1
1
1
1
1
1
1
1
1
1
1
1
1
1
1
1
1
1
1
1
1
1
1
1
1
1
1
1
1
1
1
1
1
1
1
1
1
1
1
1
1
1
1
1
1
1
1
1
1
1
1
1
1
1
1
1
1
1
1
1
1
1
1
1
1
1
1
1
1
1
1
1
1
1
1
1
1
1
1
1
1
1
1
1
1
1
1
1
1
1
1
1
1
1
1
1
1
1
1
1
1
1
1
1
1
1
1
1
1
1
1
1
1
1
1
1
1
1
1
1
1
1
1
1
1
1
1
1
1
1
1
1
1
1
1
1
1
1
1
1
1
1
1
1
1
1
1
1
1
1
1
1
1
1
1
1
1
1
1
1
1
1
1
1
1
1
1
1
1
1
1
1
1
1
1
1
1
1
1
1
1
1
1
1
1
1
1
1
1
1
1
1
1
1
1
1
1
1
1
1
1
1
1
1
1
1
1
1
1
1
1
1
1
1
1
1
1
1
1
1
1
1
1
1
1
1
1
1
1
1
1
1
1
1
1
1
1
1
1
1
1
1
1
1
1
1
1
1
1
1
1
1
1
1
1
1
1
1
1
1
1
1
1
1
1
1
1
1
1
1
1
1
1
1
1
1
1
1
1
1
1
1
1
1
1
1
1
1
1
1
1
1
1
1
1
1
1
1
1
1
1
1
1
1
1
1
1
1
1
1
1
1
1
1
1
1
1
1
1
1
1
1
1
1
1
1
1
1
1
1
1
1
1
1
1
1
1
1
1
1
1
1
1
1
1
1
1
1
1
1
1
1
1
1
1
1
1
1
1
1
1
1
1
1
1
1
1
1
1
1
1
1
1
1
1
1
1
1
1
1
1
1
1
1
1
1
1
1
1
1
1
1
1
1
1
1
1
1
1
1
1
1
1
1
1
1
1
1
1
1
1
1
1
1
1
1
1
1
1
1
1
1
1
1
1
1
1
1
1
1
1
1
1
1
1
1
1
1
1
1
1
1
1
1
1
1
1
1
1
1
1
1
1
1
1
1
1
1
1
1
1
1
1
1
1
1
1
1
1
1
1
1
1
1
1
1
1
1
1
1
1
1
1
1
1
1
1
1
1
1
1
1
1
1
1
1
1
1
1
1
1
1
1
1
1
1
1
1
1
1
1
1
1
1
1
1
1
1
1
1
1
1
1
1
1
1
1
1
1
1
1
1
1
1
1
1
1
1
1
1
1
1
1
1
1
1
1
1
1
1
1
1
1
1
1
1
1
1
1
1
1
1
1
1
1
1
1
1
1
1
1
1
1
1
1
1
1
1
1
1
1
1
1
1
1
1
1
1
1
1
1
1
1
1
1
1
1
1
1
1
1
1
1
1
1
1
1
1
1
1
1
1
1
1
1
1
1
1
1
1
1
1
1
1
1
1
1
1
1
1
1
1
1
1
1
1
1
1
1
1
1
1
1
1
1
1
1
1
1
1
1
1
1
1
1
1
1
1
1
1
1
1
1
1
1
1
1
1
1
1
1
1
1
1
1
1
1
1
1
1
1
1
1
1
1
1
1
1
1
1
1
1
1
1
1
1
1
1
1
1
1
1
1
1
1
1
1
1
1
1
1
1
1
1
1
1
1
1
1
1
1
1
1
1
1
1
1
1
1
1
1
1
1
1
1
1
1
1
1
1
1
1
1
1
1
1
1
1
1
1
1
1
1
1
1
1
1
1
1
1
1
1
1
1
1
1
1
1
1
1
1
1
1
1
1
1
1
1
1
1
1
1
1
1
1
1
1
1
1
1
1
1
1
1
1
1
1
1
1
1
1
1
1
1
1
1
1
1
1
1
1
1
1
1
1
1
1
1
1
1
1
1
1
1
1
1
1
1
1
1
1
1
1
1
1
1
1
1
1
1
1
1
1
1
1
1
1
1
1
1
1
1
1
1
1
1
1
1
1
1
1
1
1
1
1
1
1
1
1
1
1
1
1
1
1
1
1
1
1
1
1
1
1
1
1
1
1
1
1
1
1
1
1
1
1
1
1
1
1
1
1
1
1
1
1
1
1
1
1
1
1
1
1
1
1
1
1
1
1
1
1
1
1
1
1
1
1
1
1
1
1
1
1
1
1
1
1
1
1
1
1
1
1
1
1
1
1
1
1
1
1
1
1
1
1
1
1
1
1
1
1
1
1
1
1
1
1
1
1
1
1
1
1
1
1
1
1
1
1
1
1
1
1
1
1
1
1
1
1
1
1
1
1
1
1
1
1
1
1
1
1
1
1
1
1
1
1
1
1
1
1
1
1
1
1
1
1
1
1
1
1
1
1
1
1
1
1
1
1
1
1
1
1
1
1
1
1
1
1
1
1
1
1
1
1
1
1
1
1
1
1
1
1
1
1
1
1
1
1
1
1
1
1
1
1
1
1
1
1
1
1
1
1
1
1
1
1
1
1
1
1
1
1
1
1
1
1
1
1
1
1
1
1
1
1
1
1
1
1
1
1
1
1
1
1
1
1
1
1
1
1
1
1
1
1
1
1
1
1
1
1
1
1
1
1
1
1
1
1
1
1
1
1
1
1
1
1
1
1
1
1
1
1
1
1
1
1
1
1
1
1
1
1
1
1
1
1
1
1
1
1
1
1
1
1
1
1
1
1
1
1
1
1
1
1
1
1
1
1
1
1
1
1
1
1
1
1
1
1
1
1
1
1
1
1
1
1
1
1
1
1
1
1
1
1
1
1
1
1
1
1
1
1
1
1
1
1
1
1
1
1
1
1
1
1
1
1
1
1
1
1
1
1
1
1
1
1
1
1
1
1
1
1
1
1
1
1
1
1
1
1
1
1
1
1
1
1
1
1
1
1
1
1
1
1
1
1
1
1
1
1
1
1
1
1
1
1
1
1
1
1
1
1
1
1
1
1
1
1
1
1
1
1
1
1
1
1
1
1
1
1
1
1
1
1
1
1
1
1
1
1
1
1
1
1
1
1
1
1
1
1
1
1
1
1
1
1
1
1
1
1
1
1
1
1
1
1
1
1
1
1
1
1
1
1
1
1
1
1
1
1
1
1
1
1
1
1
1
1
1
1
1
1
1
1
1
1
1
1
1
1
1
1
1
1
1
1
1
1
1
1
1
1
1
1
1
1
1
1
1
1
1
1
1
1
1
1
1
1
1
1
1
1
1
1
1
1
1
1
1
1
1
1
1
1
1
1
1
1.42118
1
1
1
1
1
1
1
1
1
1
1
1
1
1
1
1
1
1
1
1
1
1
1
1
1
1
1
1
1
2.36496
0.998517
1
1
1
1
1
1
1
1
1
1
1
1
1
1
1
1
1
1
1
1
1
1
1
1
1
1
1
1
3.60533
1.07679
1
1
1
1
1
1
1
1
1
1
1
1
1
1
1
1
1
1
1
1
1
1
1
1
1
1
1
1
5.22126
1.36414
1
1
1
1
1
1
1
1
1
1
1
1
1
1
1
1
1
1
1
1
1
1
1
1
1
1
1
1
6.88223
2.16702
0.998804
1
1
1
1
1
1
1
1
1
1
1
1
1
1
1
1
1
1
1
1
1
1
1
1
1
1
1
8.62211
3.85414
1.1145
0.999851
1
1
1
1
1
1
1
1
1
1
1
1
1
1
1
1
1
1
1
1
1
1
1
1
1
1
9.50374
6.32115
2.59938
1.00554
1
1
1
1
1
1
1
1
1
1
1
1
1
1
1
1
1
1
1
1
1
1
1
1
1
1
8.5344
6.69476
5.77085
1.77396
0.999277
1
1
1
1
1
1
1
1
1
1
1
1
1
1
1
1
1
1
1
1
1
1
1
1
1
7.05457
6.30317
6.9055
4.48474
1.25846
0.999673
1
1
1
1
1
1
1
1
1
1
1
1
1
1
1
1
1
1
1
1
1
1
1
1
6.158
6.04142
6.66759
6.20795
2.63704
1.00818
1
1
1
1
1
1
1
1
1
1
1
1
1
1
1
1
1
1
1
1
1
1
1
1
5.77321
5.84247
6.35823
6.30168
4.8712
1.45486
0.999422
1
1
1
1
1
1
1
1
1
1
1
1
1
1
1
1
1
1
1
1
1
1
1
5.6636
5.77366
6.05115
6.01162
5.98882
2.96793
1.03026
1
1
1
1
1
1
1
1
1
1
1
1
1
1
1
1
1
1
1
1
1
1
1
5.60536
5.72283
5.77255
5.84919
6.07892
4.60333
1.44152
0.999451
1
1
1
1
1
1
1
1
1
1
1
1
1
1
1
1
1
1
1
1
1
1
5.57664
5.67813
5.653
5.7817
5.99626
5.57904
2.52509
1.01019
1
1
1
1
1
1
1
1
1
1
1
1
1
1
1
1
1
1
1
1
1
1
5.59732
5.68239
5.68014
5.75108
5.90485
5.84391
4.24804
1.29325
0.999657
1
1
1
1
1
1
1
1
1
1
1
1
1
1
1
1
1
1
1
1
1
5.64618
5.72146
5.72639
5.73611
5.78263
5.79548
5.2315
2.22029
1.00117
1
1
1
1
1
1
1
1
1
1
1
1
1
1
1
1
1
1
1
1
1
5.71117
5.77511
5.766
5.73367
5.68433
5.70719
5.55384
3.50914
1.12749
1
1
1
1
1
1
1
1
1
1
1
1
1
1
1
1
1
1
1
1
1
5.78249
5.82867
5.78903
5.75581
5.68743
5.69259
5.71466
4.75469
1.65541
0.999142
1
1
1
1
1
1
1
1
1
1
1
1
1
1
1
1
1
1
1
1
5.84675
5.87737
5.81861
5.7948
5.71338
5.7291
5.79178
5.5397
2.87594
1.03565
1
1
1
1
1
1
1
1
1
1
1
1
1
1
1
1
1
1
1
1
5.88349
5.89676
5.83338
5.82736
5.7717
5.7845
5.8144
5.61467
4.14
1.33548
0.999696
1
1
1
1
1
1
1
1
1
1
1
1
1
1
1
1
1
1
1
5.8974
5.89989
5.84086
5.83945
5.83134
5.81887
5.80881
5.68798
5.01322
2.04373
1.00043
1
1
1
1
1
1
1
1
1
1
1
1
1
1
1
1
1
1
1
5.89854
5.89133
5.84996
5.84858
5.85482
5.83769
5.83447
5.78003
5.64972
3.41158
1.09622
1
1
1
1
1
1
1
1
1
1
1
1
1
1
1
1
1
1
1
5.88964
5.87982
5.8658
5.86191
5.86616
5.84994
5.84227
5.80409
5.81684
4.6084
1.57614
0.999226
1
1
1
1
1
1
1
1
1
1
1
1
1
1
1
1
1
1
5.87725
5.86895
5.87368
5.86826
5.87149
5.85961
5.85342
5.82059
5.83359
5.25191
2.43465
1.0129
0.999999
1
1
1
1
1
1
1
1
1
1
1
1
1
1
1
1
1
5.86601
5.85968
5.87478
5.8641
5.86821
5.86279
5.86726
5.86118
5.87856
5.78014
3.93488
1.20021
1
1
1
1
1
1
1
1
1
1
1
1
1
1
1
1
1
1
5.85917
5.85368
5.87162
5.85927
5.86369
5.86538
5.87383
5.86808
5.8838
5.92152
4.99215
1.86975
0.999795
1
1
1
1
1
1
1
1
1
1
1
1
1
1
1
1
1
5.85406
5.85122
5.8704
5.85966
5.86293
5.86929
5.87775
5.86774
5.87461
5.93619
5.43556
2.84848
1.04047
1
1
1
1
1
1
1
1
1
1
1
1
1
1
1
1
1
5.85034
5.85227
5.86934
5.86159
5.86247
5.87344
5.87876
5.86627
5.86669
5.90469
5.80041
4.42265
1.35951
0.999446
1
1
1
1
1
1
1
1
1
1
1
1
1
1
1
1
5.84819
5.85231
5.86394
5.86441
5.85821
5.87064
5.87628
5.86363
5.855
5.90906
5.94258
5.27082
2.21483
1.00733
1
1
1
1
1
1
1
1
1
1
1
1
1
1
1
1
5.84839
5.8522
5.85856
5.86189
5.85472
5.86096
5.87026
5.8612
5.84741
5.89481
5.96198
5.5877
3.28435
1.09567
1
1
1
1
1
1
1
1
1
1
1
1
1
1
1
1
5.85077
5.85206
5.85405
5.85695
5.85329
5.85341
5.86364
5.85836
5.84191
5.87697
5.93935
5.76577
4.79519
1.56054
0.999161
1
1
1
1
1
1
1
1
1
1
1
1
1
1
1
5.85206
5.85055
5.84854
5.85236
5.85289
5.85014
5.86129
5.85733
5.83743
5.85764
5.91815
5.87584
5.44601
2.55123
1.02284
1
1
1
1
1
1
1
1
1
1
1
1
1
1
1
5.84957
5.84938
5.84323
5.85013
5.85215
5.84794
5.85983
5.8566
5.8355
5.84472
5.90388
5.92846
5.66462
3.6416
1.16976
0.999756
1
1
1
1
1
1
1
1
1
1
1
1
1
1
5.84362
5.85157
5.84218
5.84935
5.851
5.84623
5.8582
5.85586
5.83642
5.83995
5.88889
5.92352
5.7497
5.05656
1.76812
1.00049
1
1
1
1
1
1
1
1
1
1
1
1
1
1
5.83938
5.85578
5.8436
5.84999
5.85004
5.84448
5.85675
5.85659
5.83768
5.83543
5.86984
5.90048
5.78159
5.54754
2.83533
1.04709
1
1
1
1
1
1
1
1
1
1
1
1
1
1
5.84201
5.85979
5.84733
5.85168
5.85052
5.84323
5.85342
5.85738
5.8395
5.82913
5.84426
5.8792
5.84684
5.66137
3.88149
1.24848
0.999618
0.999998
1
1
1
1
1
1
1
1
1
1
1
1
5.84616
5.86341
5.85364
5.85345
5.85011
5.84136
5.84887
5.85543
5.83953
5.81984
5.8178
5.85523
5.86239
5.70009
5.15719
1.93266
1.00341
0.999999
1
1
1
1
1
1
1
1
1
1
1
1
5.8523
5.86244
5.85992
5.85322
5.84925
5.83884
5.84084
5.84977
5.83585
5.80521
5.7934
5.8315
5.84166
5.69942
5.56686
2.9815
1.06498
0.99991
0.999999
1
1
1
1
1
1
1
1
1
1
1
5.85429
5.85509
5.85866
5.8503
5.84243
5.83546
5.82931
5.83564
5.82602
5.78757
5.77172
5.79892
5.82118
5.74389
5.62667
3.99011
1.3212
1.00065
0.999999
1
1
1
1
1
1
1
1
1
1
1
5.84951
5.8515
5.85801
5.84762
5.83696
5.82216
5.81298
5.8192
5.81118
5.77174
5.74801
5.7659
5.79765
5.76054
5.62418
5.04557
1.82249
0.97504
0.999709
1
1
1
1
1
1
1
1
1
1
1
2.78097
4.26699
5.01689
5.42547
5.60446
5.71321
5.74815
5.7639
5.78575
5.77198
5.7445
5.7181
5.75768
5.76069
5.6118
5.53112
3.39503
1.22688
1.00283
1.00001
1
1
1
1
1
1
1
1
1
1
1.02871
2.62408
3.73585
4.50679
4.97538
5.30058
5.48962
5.60519
5.67704
5.7147
5.72932
5.69452
5.69782
5.72717
5.64721
5.57757
5.06664
2.1895
1.05846
1.00051
1
1
1
1
1
1
1
1
1
1
0.43736
1.65447
2.61476
3.42641
4.16674
4.60677
5.0093
5.24766
5.44075
5.55588
5.63802
5.66468
5.64404
5.67213
5.67501
5.59536
5.43782
3.50768
1.34627
1.0076
1.00004
1
1
1
1
1
1
1
1
1
0.247133
1.1341
1.89399
2.56698
3.30215
3.9116
4.34421
4.7577
5.03622
5.26872
5.44405
5.54534
5.58923
5.59681
5.64007
5.62168
5.55157
4.90386
2.19918
1.06459
1.0006
1
1
1
1
1
1
1
1
1
0.22386
0.78925
1.39786
2.03506
2.54902
3.26281
3.72467
4.19967
4.55051
4.87646
5.11897
5.3233
5.44902
5.51228
5.56709
5.63563
5.58971
5.41295
3.62379
1.38343
1.00866
1.00005
1
1
1
1
1
1
1
1
0.249194
0.597186
0.98313
1.61076
2.1255
2.64176
3.21611
3.61094
4.08868
4.41442
4.73612
5.01943
5.21382
5.35638
5.45688
5.58275
5.63094
5.45034
4.63154
2.10687
1.05859
1.00052
1
1
1
1
1
1
1
1
0.33408
0.558419
0.730963
1.17499
1.76942
2.15789
2.7499
3.17426
3.61287
3.97901
4.35287
4.638
4.92188
5.13164
5.28588
5.46844
5.58459
5.40257
5.27464
3.34552
1.28594
1.00498
1.00002
1
1
1
1
1
1
1
0.42058
0.534505
0.640969
0.915422
1.41626
1.86661
2.26955
2.7865
3.14142
3.59716
3.93727
4.25486
4.59502
4.84017
5.06267
5.29757
5.47521
5.35797
5.34667
4.44579
1.8985
1.03728
1.00027
1
1
1
1
1
1
1
0.486404
0.495042
0.568969
0.815295
1.14259
1.61115
1.90878
2.4245
2.81045
3.21448
3.54852
3.93203
4.22573
4.53415
4.8295
5.05934
5.30467
5.30388
5.30098
4.89547
2.79189
1.16619
1.00214
1.00001
1
1
1
1
1
1
0.558709
0.464305
0.480196
0.731815
0.967952
1.37846
1.73193
2.05495
2.51139
2.85061
3.25198
3.60259
3.8914
4.25069
4.54987
4.81906
5.08163
5.17787
5.24288
5.16921
4.03215
1.58607
1.01677
1.00009
1
1
1
1
1
1
0.594456
0.459555
0.431991
0.635338
0.827695
1.14997
1.5583
1.79577
2.23576
2.57522
2.97075
3.26807
3.62646
3.94402
4.24612
4.60188
4.8048
5.00017
5.17412
5.19025
4.58191
2.32191
1.08215
1.00078
1
1
1
1
1
1
0.611377
0.46369
0.4368
0.59281
0.743279
0.94684
1.35944
1.66714
1.9411
2.32451
2.66465
3.00357
3.35954
3.62983
4.00414
4.33843
4.56078
4.79906
5.03858
5.15488
4.86474
3.26452
1.29179
1.00485
1.00002
1
1
1
1
1
0.613233
0.473498
0.451277
0.566448
0.697111
0.859125
1.14692
1.52016
1.73955
2.11461
2.40454
2.78228
3.07978
3.39764
3.77266
4.05663
4.34861
4.55949
4.83332
5.05927
4.99331
3.96414
1.74106
1.02621
1.00015
1
1
1
1
1
0.602984
0.485112
0.464764
0.529323
0.644466
0.824606
0.965573
1.34701
1.62944
1.89627
2.2098
2.54967
2.84893
3.19825
3.50083
3.83612
4.1068
4.34384
4.63757
4.91661
4.99613
4.56538
2.4003
1.10129
1.00102
1
1
1
1
1
0.59867
0.505144
0.481813
0.491758
0.574749
0.781147
0.916429
1.1676
1.49929
1.71851
2.04505
2.31303
2.64852
2.98224
3.24801
3.63296
3.8668
4.15413
4.43253
4.71309
4.93699
4.80139
3.31784
1.31665
1.00567
1.00002
1
1
1
1
0.600794
0.532463
0.502001
0.481716
0.505117
0.706788
0.887203
1.00679
1.34307
1.59546
1.8771
2.14211
2.45879
2.73948
3.07886
3.39064
3.67835
3.94436
4.20114
4.49316
4.81252
4.77756
3.95646
1.77022
1.02695
1.00015
1
1
1
1
0.596988
0.554702
0.52273
0.485385
0.486662
0.611104
0.827923
0.966696
1.18168
1.47099
1.691
1.99277
2.26733
2.5525
2.91837
3.15157
3.50104
3.72936
4.01403
4.3162
4.6502
4.72832
4.24829
2.30746
1.09295
1.00084
1
1
1
1
0.580077
0.565902
0.541266
0.493451
0.486954
0.557931
0.757022
0.946972
1.07863
1.3588
1.58685
1.85578
2.11245
2.40381
2.72903
3.00384
3.29769
3.55054
3.85789
4.12701
4.44967
4.66415
4.49767
2.91569
1.23615
1.00377
1.00001
1
1
1
0.561848
0.567856
0.553428
0.502987
0.491924
0.547823
0.669518
0.893167
1.03334
1.25196
1.49569
1.72649
1.9814
2.26741
2.5108
2.86713
3.06902
3.39264
3.68412
3.93274
4.26947
4.57727
4.55716
3.70214
1.57448
1.01576
1.00008
1
1
1
0.554959
0.566586
0.555851
0.513761
0.500867
0.547189
0.588827
0.801469
0.984582
1.13304
1.39214
1.59752
1.8525
2.11246
2.36478
2.70769
2.93024
3.23363
3.4869
3.78649
4.11258
4.44463
4.54195
3.98805
2.07005
1.05925
1.00042
1
1
1
0.556627
0.56389
0.552481
0.518502
0.511042
0.545833
0.572211
0.699113
0.918116
1.06217
1.27027
1.4833
1.71173
1.9631
2.25878
2.50857
2.81339
3.04622
3.32876
3.65131
3.92304
4.26503
4.4769
4.15284
2.50094
1.14667
1.00178
1.00001
1
1
0.559783
0.560323
0.544701
0.519603
0.52137
0.544364
0.570063
0.652289
0.850671
1.01996
1.17455
1.39946
1.60245
1.85349
2.15046
2.36632
2.68281
2.89547
3.20863
3.49353
3.72435
4.09826
4.38559
4.2909
3.09671
1.32208
1.00621
1.00003
1
1
0.564634
0.557495
0.541461
0.520484
0.521908
0.534519
0.561643
0.646145
0.780916
0.972652
1.12036
1.33277
1.53261
1.75887
2.00762
2.26404
2.51556
2.77904
3.07931
3.30918
3.59463
3.94707
4.29485
4.30585
3.60959
1.66392
1.02212
1.00012
1
1
0.566336
0.555896
0.541656
0.521692
0.517348
0.521684
0.54607
0.63517
0.712293
0.903116
1.06268
1.2396
1.44931
1.66783
1.87626
2.16188
2.36069
2.66283
2.92236
3.17658
3.47961
3.75666
4.14246
4.28703
3.76198
2.03507
1.06405
1.00049
1
1
0.563847
0.555395
0.544629
0.526446
0.514538
0.509362
0.52567
0.612538
0.685757
0.805391
0.996187
1.13865
1.35476
1.56552
1.79502
2.03417
2.26019
2.5406
2.78044
3.08027
3.33556
3.58759
3.98016
4.22417
3.93664
2.42288
1.13973
1.0017
1.00001
1
0.557861
0.554987
0.552054
0.533916
0.517329
0.503625
0.515659
0.590588
0.671738
0.763231
0.93736
1.09658
1.27195
1.48655
1.72159
1.91276
2.16917
2.39184
2.67521
2.97025
3.17714
3.47707
3.83837
4.13328
4.06751
2.9802
1.30002
1.00546
1.00002
1
0.547054
0.552321
0.561411
0.541759
0.521985
0.501755
0.513639
0.571089
0.65659
0.758744
0.894875
1.05872
1.21988
1.41229
1.64335
1.83503
2.07298
2.28121
2.57318
2.82734
3.07367
3.36359
3.67193
4.04399
4.06497
3.26776
1.55111
1.01726
1.00008
1
0.537627
0.547908
0.56437
0.548905
0.528529
0.501211
0.509487
0.544627
0.627786
0.740311
0.850084
1.0138
1.16864
1.34921
1.53583
1.75921
1.95043
2.19797
2.46261
2.68348
2.99064
3.22022
3.51841
3.93516
4.03718
3.46432
1.81289
1.04198
1.00028
1
0.535076
0.543829
0.563182
0.553721
0.536248
0.503027
0.5072
0.524764
0.575126
0.696663
0.799453
0.940309
1.10066
1.27295
1.44563
1.67952
1.86392
2.11613
2.33162
2.59542
2.89364
3.10303
3.42277
3.81881
3.97386
3.71472
2.18483
1.09127
1.00088
1
0.535009
0.541575
0.560331
0.555066
0.539617
0.508494
0.507832
0.52415
0.547906
0.648288
0.764483
0.88057
1.03999
1.21314
1.38971
1.57457
1.79219
2.01922
2.24101
2.51657
2.76036
3.02125
3.31618
3.68099
3.91659
3.79878
2.5985
1.19742
1.00282
1.00001
0.537405
0.54057
0.555007
0.554452
0.539926
0.51891
0.512377
0.527455
0.548086
0.628187
0.741113
0.861029
1.00648
1.16697
1.34526
1.49734
1.72564
1.92104
2.16757
2.42566
2.6411
2.9363
3.17252
3.51587
3.85818
3.79457
2.82861
1.34319
1.00796
1.00003
0.541147
0.540275
0.546643
0.550378
0.537997
0.524986
0.516087
0.525149
0.542652
0.611483
0.716937
0.837485
0.973065
1.12059
1.29881
1.44891
1.64799
1.85108
2.09146
2.30649
2.56573
2.84102
3.03984
3.40047
3.7882
3.77397
3.08623
1.52491
1.01806
1.0001
0.541815
0.54113
0.53939
0.544412
0.533825
0.525417
0.514617
0.515301
0.529229
0.587556
0.678061
0.801329
0.927543
1.07101
1.2199
1.3972
1.54944
1.78272
1.99781
2.21948
2.49338
2.7176
2.96755
3.29917
3.70027
3.75365
3.38419
1.81312
1.04132
1.00029
0.539771
0.540195
0.536604
0.542031
0.532231
0.525454
0.512297
0.508433
0.518606
0.566808
0.633353
0.748575
0.873718
1.01456
1.15385
1.3386
1.49685
1.71544
1.91437
2.15353
2.40939
2.62142
2.89806
3.16024
3.57488
3.7376
3.4477
2.08328
1.08791
1.00086
0.535547
0.537614
0.535432
0.541692
0.532751
0.527269
0.51299
0.507844
0.517814
0.56594
0.624546
0.723383
0.845868
0.978938
1.11271
1.26826
1.45328
1.63121
1.85179
2.08732
2.29719
2.55631
2.8109
3.02864
3.45437
3.70605
3.49496
2.30631
1.1523
1.00214
0.530082
0.53458
0.534259
0.542429
0.535055
0.53027
0.514102
0.505747
0.516099
0.561904
0.617363
0.707819
0.821741
0.945458
1.08333
1.21884
1.41022
1.57657
1.79189
2.00246
2.21589
2.48918
2.6977
2.96313
3.34725
3.65344
3.55156
2.62773
1.2589
1.00513
0.527094
0.531105
0.532867
0.543735
0.537265
0.53229
0.51237
0.497353
0.507947
0.547549
0.600896
0.686679
0.794136
0.910571
1.04808
1.17821
1.35058
1.53177
1.72476
1.9167
2.15773
2.40554
2.62075
2.89983
3.21949
3.59038
3.55993
2.86781
1.41531
1.0122
0.526439
0.5286
0.53138
0.542398
0.537107
0.533312
0.511233
0.492868
0.500107
0.525595
0.569977
0.652873
0.751341
0.865553
0.987674
1.13448
1.27908
1.48215
1.65326
1.86171
2.09874
2.30261
2.56383
2.81017
3.09777
3.51287
3.55171
2.97651
1.58306
1.02535
0.527821
0.52741
0.528523
0.538888
0.536479
0.533929
0.512364
0.493369
0.499647
0.517549
0.549107
0.628755
0.724084
0.835913
0.952387
1.0942
1.2398
1.42608
1.60573
1.80867
2.02456
2.23738
2.49981
2.70383
3.01521
3.42775
3.53155
3.11322
1.77375
1.048
0.530858
0.527103
0.525102
0.533399
0.535647
0.533504
0.516319
0.497363
0.500793
0.517425
0.544105
0.617926
0.707567
0.814937
0.928585
1.05739
1.20622
1.36397
1.55442
1.75244
1.93801
2.1805
2.41829
2.6366
2.93478
3.32397
3.49058
3.26643
2.00499
1.08806
0.535268
0.526726
0.523694
0.530579
0.534623
0.532139
0.517758
0.501093
0.502672
0.517828
0.543498
0.615092
0.699871
0.80329
0.915028
1.03615
1.18739
1.33159
1.5185
1.71186
1.88901
2.13984
2.36005
2.59979
2.87452
3.24733
3.45957
3.32076
2.20272
1.12965
0.543057
0.526237
0.522451
0.529543
0.533457
0.531013
0.517961
0.50266
0.503378
0.517151
0.542031
0.611817
0.693314
0.793449
0.903957
1.02251
1.1752
1.3153
1.49687
1.67266
1.87199
2.11249
2.3235
2.57559
2.83543
3.21269
3.4449
3.32783
2.29878
1.16746
0.555794
0.525695
0.521128
0.528467
0.531708
0.529502
0.517737
0.502668
0.50286
0.513907
0.536896
0.604642
0.683257
0.780175
0.890971
1.00493
1.1595
1.30267
1.47761
1.64479
1.86057
2.08472
2.28435
2.54437
2.79307
3.16913
3.42544
3.31395
2.33806
1.20925
0.565467
0.52587
0.519904
0.526983
0.529115
0.527303
0.516863
0.502169
0.50104
0.50618
0.527914
0.595167
0.672146
0.765081
0.877687
0.985817
1.13896
1.28679
1.45323
1.62332
1.83875
2.05631
2.26312
2.50604
2.73068
3.10711
3.40073
3.2883
2.40593
1.25494
0.578615
0.52677
0.518656
0.525676
0.526903
0.524763
0.515391
0.501883
0.499037
0.499707
0.517266
0.583663
0.658198
0.746125
0.857645
0.969414
1.10918
1.26401
1.41602
1.59881
1.80675
2.00798
2.24068
2.46539
2.67288
3.05587
3.37587
3.29466
2.52585
1.31778
0.589343
0.528721
0.517836
0.524618
0.525671
0.521765
0.514295
0.502166
0.498333
0.499294
0.515497
0.575161
0.642692
0.727409
0.830511
0.953353
1.07274
1.2394
1.3846
1.57905
1.7752
1.95339
2.20532
2.42771
2.6527
3.00254
3.34183
3.30178
2.65755
1.40314
0.598193
0.532974
0.517955
0.524111
0.524541
0.519017
0.513277
0.502572
0.498021
0.499514
0.515989
0.569984
0.628752
0.713029
0.807655
0.934223
1.06054
1.22325
1.36781
1.55294
1.74729
1.93495
2.16898
2.38007
2.61822
2.94391
3.31108
3.28533
2.74328
1.50426
0.614217
0.540693
0.518667
0.523173
0.523682
0.518102
0.513583
0.502915
0.497131
0.50013
0.515743
0.568716
0.624599
0.710552
0.804591
0.92716
1.05881
1.20847
1.35362
1.5213
1.7085
1.911
2.13649
2.32993
2.57211
2.87332
3.27861
3.27937
2.80169
1.61868
0.63496
0.55163
0.519984
0.521943
0.523099
0.518077
0.514251
0.503398
0.496334
0.500347
0.515835
0.569671
0.624714
0.71109
0.804645
0.91965
1.04542
1.18408
1.33114
1.49507
1.65712
1.87328
2.09453
2.29856
2.5271
2.8123
3.22839
3.2843
2.86871
1.75648
0.659505
0.566559
0.523202
0.521067
0.522281
0.517742
0.51391
0.503156
0.494514
0.495286
0.510619
0.564973
0.617796
0.702266
0.793419
0.900742
1.02146
1.15018
1.30055
1.46516
1.63272
1.84035
2.03071
2.26327
2.48106
2.75756
3.16128
3.28265
2.91524
1.91286
0.686089
0.585273
0.526866
0.52045
0.520659
0.516652
0.512804
0.50146
0.488215
0.48521
0.499371
0.550711
0.601906
0.682571
0.772677
0.875805
1.0021
1.12189
1.27709
1.42851
1.61098
1.8091
1.99142
2.22106
2.43257
2.69666
3.09466
3.26227
2.96422
2.0922
0.704574
0.604769
0.533749
0.517878
0.518141
0.515786
0.51269
0.500487
0.48548
0.483542
0.494822
0.536061
0.583581
0.658751
0.747395
0.845819
0.972386
1.09875
1.2447
1.40448
1.57809
1.75401
1.95938
2.17825
2.37035
2.64167
3.01758
3.22222
3.02575
2.29768
0.712381
0.618215
0.543977
0.514586
0.515422
0.515849
0.514362
0.501533
0.48628
0.484908
0.495256
0.531851
0.574377
0.649886
0.732952
0.833224
0.951058
1.08066
1.20678
1.37365
1.54583
1.70561
1.92173
2.11414
2.3279
2.58309
2.93546
3.17632
3.04234
2.52209
0.721212
0.630183
0.556916
0.514406
0.512723
0.51577
0.515566
0.504256
0.487701
0.486212
0.496433
0.531544
0.572593
0.648461
0.728076
0.828428
0.938492
1.0654
1.19014
1.34232
1.49834
1.6749
1.87182
2.06673
2.29013
2.51064
2.86741
3.14256
3.04104
2.77003
0.73485
0.646836
0.574923
0.516402
0.510924
0.514424
0.515243
0.504405
0.487089
0.484758
0.494211
0.526142
0.565102
0.639951
0.715352
0.81505
0.919939
1.03834
1.1672
1.30844
1.46093
1.64326
1.81359
2.02949
2.23756
2.44945
2.78698
3.09725
3.03703
3.03185
0.74838
0.668118
0.600336
0.523848
0.510827
0.51082
0.512079
0.502067
0.483683
0.479639
0.487048
0.511694
0.545714
0.616959
0.690242
0.784083
0.892809
1.00433
1.13497
1.26657
1.42598
1.5967
1.77363
1.97801
2.16856
2.39038
2.70276
3.04015
3.0426
3.29615
0.771338
0.694179
0.627392
0.537314
0.511796
0.507106
0.506313
0.498279
0.4813
0.475762
0.482272
0.501459
0.531132
0.600912
0.672392
0.763211
0.866365
0.976805
1.09989
1.23587
1.38804
1.54546
1.73256
1.91653
2.11292
2.3216
2.61224
2.97513
3.06134
3.5612
0.803619
0.726469
0.657154
0.556155
0.514424
0.505574
0.502682
0.496057
0.480058
0.473346
0.479015
0.495886
0.526338
0.595087
0.662883
0.751787
0.845199
0.953884
1.06801
1.20581
1.34657
1.50432
1.68049
1.86348
2.0607
2.25796
2.52379
2.89574
3.09441
3.82576
0.828792
0.757096
0.688304
0.580273
0.519215
0.50481
0.500941
0.494749
0.478556
0.470826
0.474996
0.488945
0.521102
0.588504
0.651516
0.73867
0.825821
0.926684
1.0392
1.1691
1.30726
1.46148
1.62498
1.8088
1.99816
2.19233
2.43726
2.80652
3.13598
4.08982
0.86042
0.792163
0.720068
0.608773
0.528005
0.503796
0.498599
0.492728
0.477426
0.468166
0.471268
0.481271
0.51067
0.576052
0.635403
0.720562
0.806649
0.900786
1.0115
1.13514
1.26962
1.41505
1.57414
1.75233
1.9393
2.13151
2.35799
2.71311
3.1877
4.34556
0.869038
0.824052
0.755643
0.639911
0.541872
0.502095
0.495852
0.490589
0.476748
0.465334
0.46763
0.47605
0.50406
0.562234
0.617507
0.700696
0.785751
0.878634
0.983647
1.103
1.23101
1.37093
1.52392
1.69387
1.88021
2.0669
2.27828
2.6182
3.20586
4.60396
0.861336
0.854576
0.791562
0.681947
0.564739
0.503012
0.492971
0.487942
0.475417
0.462716
0.464174
0.469766
0.497374
0.550446
0.602763
0.68156
0.760699
0.854243
0.955008
1.06738
1.19055
1.32762
1.47651
1.64082
1.82129
2.00072
2.19678
2.52787
3.23681
4.83661
0.845514
0.872758
0.817756
0.731823
0.605381
0.509446
0.489562
0.484148
0.472723
0.459465
0.460394
0.464706
0.490513
0.538033
0.587113
0.663007
0.73629
0.82484
0.923492
1.03172
1.14825
1.28135
1.42664
1.58579
1.75851
1.93404
2.11566
2.44184
3.25619
5.07234
0.827987
0.861406
0.820546
0.774858
0.663585
0.530744
0.490223
0.480714
0.470744
0.457527
0.456876
0.461656
0.484459
0.524705
0.571189
0.644405
0.712288
0.797283
0.890204
0.99645
1.10797
1.23459
1.37386
1.52603
1.69118
1.86253
2.03949
2.36865
3.24541
5.2544
0.811672
0.839231
0.828576
0.807588
0.721923
0.571137
0.495489
0.478014
0.469568
0.456894
0.453924
0.458331
0.477971
0.512905
0.555513
0.625452
0.690077
0.772934
0.859009
0.960587
1.06887
1.18907
1.32152
1.46711
1.62712
1.79306
1.96268
2.29822
3.2801
5.4341
0.813787
0.821269
0.832359
0.816742
0.762744
0.633246
0.512909
0.478579
0.468466
0.455568
0.450813
0.454605
0.469894
0.498845
0.539729
0.607345
0.66756
0.748643
0.830692
0.924927
1.02897
1.14479
1.26992
1.40896
1.56296
1.72538
1.89136
2.23795
3.27827
5.5211
0.824913
0.812069
0.826855
0.817566
0.798341
0.70543
0.549986
0.482113
0.466039
0.453613
0.447273
0.448812
0.459191
0.485708
0.524239
0.587675
0.644501
0.723653
0.800518
0.891076
0.990057
1.1006
1.22105
1.35288
1.49902
1.65444
1.8188
2.18727
3.28754
5.60364
0.83805
0.812122
0.815378
0.812648
0.796892
0.751035
0.621139
0.500272
0.46601
0.450529
0.442005
0.441689
0.452305
0.472994
0.507948
0.567179
0.620224
0.696328
0.768687
0.854921
0.949583
1.05479
1.17011
1.29577
1.43484
1.58431
1.74751
2.1483
3.30543
5.59043
0.845681
0.817956
0.806
0.802353
0.794021
0.789169
0.697985
0.540198
0.469365
0.446698
0.437028
0.43819
0.446925
0.461348
0.495883
0.549498
0.599345
0.673825
0.740334
0.822528
0.913766
1.01374
1.12382
1.24433
1.37722
1.52142
1.68731
2.11959
3.292
5.51653
0.835365
0.817199
0.798854
0.790568
0.789655
0.784369
0.742145
0.640789
0.511478
0.449521
0.428779
0.430113
0.43351
0.441707
0.476129
0.518674
0.565467
0.635767
0.694026
0.770675
0.855005
0.946155
1.04802
1.15926
1.28181
1.41849
1.59593
2.11458
3.27262
5.34272
)
;

boundaryField
{
    inlet
    {
        type            fixedValue;
        value           uniform 1;
    }
    outlet
    {
        type            zeroGradient;
    }
    airfoil
    {
        type            zeroGradient;
    }
    top
    {
        type            symmetryPlane;
    }
    bottom
    {
        type            symmetryPlane;
    }
    defaultFaces
    {
        type            empty;
    }
}


// ************************************************************************* //
